% Version 1.00
%
%freq[Hz];re:Trc1_S21;im:Trc1_S21;re:Trc2_S12;im:Trc2_S12;
2.480000000000000E+009,1.312602544203401E-003,-1.464274682803080E-004,1.381686539389193E-003,-1.305779587710276E-004,
2.480033333333334E+009,1.381730078719556E-003,-9.856856922851875E-005,1.416027545928955E-003,-1.739268336677924E-004,
2.480066666666667E+009,1.410688157193363E-003,-1.570582389831543E-004,1.340094604529440E-003,-1.474354503443465E-004,
2.480100000000000E+009,1.376081723719835E-003,-1.973008620552719E-004,1.326534897089005E-003,-2.027683076448739E-004,
2.480133333333334E+009,1.296589965932071E-003,-2.985475875902921E-004,1.320925191976130E-003,-1.946634292835370E-004,
2.480166666666667E+009,1.333507243543863E-003,-2.840788511093706E-004,1.302646123804152E-003,-3.523264022078365E-004,
2.480200000000000E+009,1.323637436144054E-003,-3.593329165596515E-004,1.305388519540429E-003,-2.848230942618102E-004,
2.480233333333334E+009,1.332834246568382E-003,-3.785354201681912E-004,1.328879850916565E-003,-3.491624083835632E-004,
2.480266666666667E+009,1.288677914999425E-003,-4.173497145529836E-004,1.325582969002426E-003,-4.232527862768620E-004,
2.480300000000000E+009,1.333394902758300E-003,-4.475821042433381E-004,1.253592083230615E-003,-4.828112723771483E-004,
2.480333333333334E+009,1.276445342227817E-003,-5.105789750814438E-004,1.275269547477365E-003,-5.285502993501723E-004,
2.480366666666667E+009,1.234719762578607E-003,-5.327512626536191E-004,1.281136646866798E-003,-5.231235409155488E-004,
2.480400000000000E+009,1.239548553712666E-003,-5.604691687040031E-004,1.226258696988225E-003,-5.460138781927526E-004,
2.480433333333334E+009,1.242271973751485E-003,-5.736058810725808E-004,1.223064959049225E-003,-6.577821332029998E-004,
2.480466666666667E+009,1.244641724042594E-003,-6.162835634313524E-004,1.223230035975575E-003,-6.588534452021122E-004,
2.480500000000000E+009,1.153950113803148E-003,-6.460549193434417E-004,1.254605129361153E-003,-6.613491568714380E-004,
2.480533333333334E+009,1.199611113406718E-003,-6.750284228473902E-004,1.148001058027148E-003,-6.719969678670168E-004,
2.480566666666667E+009,1.153507619164884E-003,-6.827550823800266E-004,1.153156976215541E-003,-7.169202435761690E-004,
2.480600000000000E+009,1.087405602447689E-003,-7.704744348302484E-004,1.152850687503815E-003,-7.934573222883046E-004,
2.480633333333334E+009,1.053453888744116E-003,-7.829330861568451E-004,1.133951009251177E-003,-7.852060953155160E-004,
2.480666666666667E+009,1.079496811144054E-003,-8.494581561535597E-004,1.116902218200266E-003,-8.165790350176394E-004,
2.480700000000000E+009,1.066978788003326E-003,-8.074963116087019E-004,1.050733146257699E-003,-8.576258551329374E-004,
2.480733333333334E+009,1.042814343236387E-003,-8.499719551764429E-004,9.967065416276455E-004,-8.146003237925470E-004,
2.480766666666667E+009,9.943437762558460E-004,-8.546213502995670E-004,1.001004013232887E-003,-9.131960105150938E-004,
2.480800000000000E+009,1.008256571367383E-003,-9.803237626329064E-004,9.984527714550495E-004,-9.368329192511737E-004,
2.480833333333334E+009,1.038737478666008E-003,-9.254824253730476E-004,9.790199110284448E-004,-9.419624111615121E-004,
2.480866666666667E+009,9.578042663633823E-004,-1.011093612760305E-003,9.464151808060706E-004,-9.834630182012916E-004,
2.480900000000000E+009,8.850540034472942E-004,-9.922005701810122E-004,9.501011227257550E-004,-9.743511909618974E-004,
2.480933333333334E+009,9.025966282933950E-004,-1.015553134493530E-003,9.097469155676663E-004,-9.968952508643270E-004,
2.480966666666667E+009,8.781393989920616E-004,-1.075224136002362E-003,8.766100509092212E-004,-1.039057853631675E-003,
2.481000000000000E+009,8.271373808383942E-004,-1.047791563905776E-003,8.789408020675182E-004,-1.066754339262843E-003,
2.481033333333334E+009,7.848190143704414E-004,-1.038387767039239E-003,7.632137858308852E-004,-1.063900999724865E-003,
2.481066666666667E+009,7.935118046589196E-004,-1.093825441785157E-003,7.359581068158150E-004,-1.142699853517115E-003,
2.481100000000000E+009,7.429005927406251E-004,-1.149712945334613E-003,7.379551534540951E-004,-1.113952836021781E-003,
2.481133333333334E+009,6.984583451412618E-004,-1.182949636131525E-003,7.571628084406257E-004,-1.126765972003341E-003,
2.481166666666667E+009,6.760694668628275E-004,-1.192296971566975E-003,7.195477373898029E-004,-1.157598686404526E-003,
2.481200000000000E+009,6.216422189027071E-004,-1.159343053586781E-003,5.769049748778343E-004,-1.168557093478739E-003,
2.481233333333334E+009,6.095861317589879E-004,-1.206845743581653E-003,6.311160977929831E-004,-1.212796196341515E-003,
2.481266666666667E+009,5.998805863782764E-004,-1.204445841722190E-003,5.987567128613591E-004,-1.235165167599917E-003,
2.481300000000000E+009,5.610351799987257E-004,-1.198167563416064E-003,5.592131055891514E-004,-1.230614841915667E-003,
2.481333333333334E+009,5.320236668922007E-004,-1.270594191737473E-003,4.709315835498273E-004,-1.294035464525223E-003,
2.481366666666667E+009,4.321426677051932E-004,-1.209148671478033E-003,5.345950485207140E-004,-1.250939094461501E-003,
2.481400000000000E+009,4.471202555578202E-004,-1.245879568159580E-003,4.221119161229581E-004,-1.256946939975023E-003,
2.481433333333334E+009,4.145306593272835E-004,-1.282190438359976E-003,3.960895410273224E-004,-1.277050119824708E-003,
2.481466666666667E+009,4.189446335658431E-004,-1.284498604945839E-003,3.910863597411662E-004,-1.307840459048748E-003,
2.481500000000000E+009,3.664263349492103E-004,-1.276715891435742E-003,3.358599497005343E-004,-1.287460094317794E-003,
2.481533333333334E+009,2.932755451183766E-004,-1.271971268579364E-003,2.768372651189566E-004,-1.277460251003504E-003,
2.481566666666667E+009,2.948358014691621E-004,-1.310751074925065E-003,2.975259267259389E-004,-1.305262325331569E-003,
2.481600000000000E+009,2.584082831162959E-004,-1.326823723502457E-003,2.134163369191811E-004,-1.270536216907203E-003,
2.481633333333334E+009,1.789605594240129E-004,-1.299009774811566E-003,1.916607725434005E-004,-1.290295505896211E-003,
2.481666666666667E+009,2.176809357479215E-004,-1.403120579198003E-003,1.811051333788782E-004,-1.328245038166642E-003,
2.481700000000000E+009,8.956937381299213E-005,-1.348924124613404E-003,1.226059102918953E-004,-1.337698427960277E-003,
2.481733333333334E+009,4.140199234825559E-005,-1.358302775770426E-003,6.006675175740384E-005,-1.314184861257672E-003,
2.481766666666667E+009,3.412603109609336E-005,-1.351681770756841E-003,1.150093794421991E-005,-1.319884671829641E-003,
2.481800000000000E+009,-8.147693733917549E-006,-1.317192683927715E-003,1.602808652023668E-006,-1.372311031445861E-003,
2.481833333333334E+009,-7.391207327600569E-005,-1.321164309047163E-003,-7.474669109797105E-005,-1.337705878540874E-003,
2.481866666666667E+009,-7.268662739079446E-005,-1.325438497588038E-003,-7.924965029815212E-005,-1.332694082520902E-003,
2.481900000000000E+009,-1.227205939358100E-004,-1.289043575525284E-003,-1.354319829260930E-004,-1.348582329228520E-003,
2.481933333333334E+009,-1.655270025366917E-004,-1.316844951361418E-003,-1.811683032428846E-004,-1.370698912069202E-003,
2.481966666666667E+009,-1.876847090898082E-004,-1.274239039048553E-003,-2.373401512159035E-004,-1.353050698526204E-003,
2.482000000000000E+009,-2.725345839280635E-004,-1.334326458163559E-003,-2.299356565345079E-004,-1.344163669273257E-003,
2.482033333333334E+009,-2.481795963831246E-004,-1.325413002632558E-003,-3.065665950998664E-004,-1.308152335695922E-003,
2.482066666666667E+009,-3.918214060831815E-004,-1.311666797846556E-003,-3.575405571609736E-004,-1.314044347964227E-003,
2.482100000000000E+009,-3.236451302655041E-004,-1.284491503611207E-003,-3.806607564911246E-004,-1.321639749221504E-003,
2.482133333333334E+009,-4.043596563860774E-004,-1.315674046054483E-003,-3.751646436285228E-004,-1.329841907136142E-003,
2.482166666666667E+009,-3.899431321769953E-004,-1.276388415135443E-003,-4.067580448463559E-004,-1.301566255278885E-003,
2.482200000000000E+009,-4.640443657990545E-004,-1.330841099843383E-003,-4.392441769596189E-004,-1.283586374484003E-003,
2.482233333333334E+009,-4.750142979901284E-004,-1.261119730770588E-003,-5.035159992985427E-004,-1.261452911421657E-003,
2.482266666666667E+009,-4.521575465332717E-004,-1.230009831488133E-003,-5.158769781701267E-004,-1.252721063792706E-003,
2.482300000000000E+009,-5.275246803648770E-004,-1.227504690177739E-003,-5.487588932737708E-004,-1.247783424332738E-003,
2.482333333333334E+009,-5.336988251656294E-004,-1.202261424623430E-003,-5.912528722546995E-004,-1.179557060822845E-003,
2.482366666666667E+009,-6.657616468146443E-004,-1.207036664709449E-003,-6.111310212872922E-004,-1.203739317134023E-003,
2.482400000000000E+009,-6.214649765752256E-004,-1.155246631242335E-003,-5.980662535876036E-004,-1.187511836178601E-003,
2.482433333333334E+009,-6.941035389900208E-004,-1.185867120511830E-003,-6.347097805701196E-004,-1.132543664425612E-003,
2.482466666666667E+009,-7.383343763649464E-004,-1.187297515571117E-003,-6.819141563028097E-004,-1.141922548413277E-003,
2.482500000000000E+009,-6.495486595667899E-004,-1.076241722330451E-003,-7.269312627613545E-004,-1.117745647206903E-003,
2.482533333333334E+009,-7.625687867403030E-004,-1.114296028390527E-003,-7.845216314308345E-004,-1.117438776418567E-003,
2.482566666666667E+009,-7.743254536762834E-004,-1.106470706872642E-003,-7.958877831697464E-004,-1.066257944330573E-003,
2.482600000000000E+009,-7.991137099452317E-004,-1.021941425278783E-003,-8.051850018091500E-004,-1.030890503898263E-003,
2.482633333333334E+009,-8.381484076380730E-004,-1.025383709929884E-003,-8.216454880312085E-004,-1.024700235575438E-003,
2.482666666666667E+009,-8.533838554285467E-004,-1.034365617670119E-003,-8.539457921870053E-004,-1.038512564264238E-003,
2.482700000000000E+009,-9.208244737237692E-004,-1.007268670946360E-003,-8.768313564360142E-004,-9.189448901452124E-004,
2.482733333333334E+009,-8.699072641320527E-004,-9.956965222954750E-004,-9.056141134351492E-004,-9.598766919225454E-004,
2.482766666666667E+009,-9.775406215339899E-004,-9.558740421198309E-004,-9.647583938203752E-004,-9.075687266886234E-004,
2.482800000000000E+009,-9.567978559061885E-004,-9.739030501805246E-004,-9.310509776696563E-004,-9.164942312054336E-004,
2.482833333333334E+009,-9.720271918922663E-004,-8.875928469933569E-004,-9.879916906356812E-004,-9.055729606188834E-004,
2.482866666666667E+009,-9.708866127766669E-004,-9.064506739377976E-004,-9.245424298569560E-004,-8.459743112325668E-004,
2.482900000000000E+009,-1.018764916807413E-003,-8.640812593512237E-004,-1.075172680430114E-003,-8.455120841972530E-004,
2.482933333333334E+009,-1.005369587801397E-003,-8.290288387797773E-004,-1.078281435184181E-003,-8.176827686838806E-004,
2.482966666666667E+009,-1.068342826329172E-003,-7.536946795880795E-004,-1.066363183781505E-003,-7.382865296676755E-004,
2.483000000000000E+009,-1.077378401532769E-003,-8.048185263760388E-004,-1.069514080882072E-003,-7.558948709629476E-004,
2.483033333333334E+009,-1.076080137863755E-003,-7.441303459927440E-004,-1.074322964996100E-003,-6.941144238226116E-004,
2.483066666666667E+009,-1.072940533049405E-003,-7.113708998076618E-004,-1.099793706089258E-003,-6.968737579882145E-004,
2.483100000000000E+009,-1.154763624072075E-003,-6.875270046293736E-004,-1.108546974137425E-003,-6.566991214640439E-004,
2.483133333333334E+009,-1.110509852878749E-003,-6.323707639239729E-004,-1.183075481094420E-003,-6.209343555383384E-004,
2.483166666666667E+009,-1.158100203610957E-003,-5.495723453350365E-004,-1.180508057586849E-003,-5.903154378756881E-004,
2.483200000000000E+009,-1.173980999737978E-003,-4.620508116204292E-004,-1.159394858404994E-003,-5.361758521758020E-004,
2.483233333333334E+009,-1.173626165837050E-003,-5.263737984932959E-004,-1.202015322633088E-003,-5.258448072709143E-004,
2.483266666666667E+009,-1.184823922812939E-003,-4.295079852454364E-004,-1.207484514452517E-003,-4.084269749000669E-004,
2.483300000000000E+009,-1.230286317877471E-003,-4.511013103183359E-004,-1.274963142350316E-003,-4.690070636570454E-004,
2.483333333333334E+009,-1.232714159414172E-003,-4.118687356822193E-004,-1.283245743252337E-003,-3.713375481311232E-004,
2.483366666666667E+009,-1.277241157367826E-003,-4.185321740806103E-004,-1.306965132243931E-003,-3.748456074390560E-004,
2.483400000000000E+009,-1.258347299881280E-003,-3.224167739972472E-004,-1.282098353840411E-003,-3.251991001889110E-004,
2.483433333333334E+009,-1.341185765340924E-003,-3.088743251282722E-004,-1.274720067158341E-003,-2.635146374814212E-004,
2.483466666666667E+009,-1.295247115194798E-003,-2.590330841485411E-004,-1.302571501582861E-003,-2.770512946881354E-004,
2.483500000000000E+009,-1.244484446942806E-003,-2.518863184377551E-004,-1.345650525763631E-003,-1.742408494465053E-004,
2.483533333333334E+009,-1.270659966394305E-003,-2.249658864457160E-004,-1.309667597524822E-003,-1.827181404223666E-004,
2.483566666666667E+009,-1.319291302934289E-003,-1.945675030583516E-004,-1.333771389909089E-003,-1.746151829138398E-004,
2.483600000000000E+009,-1.319708768278360E-003,-1.321310992352665E-004,-1.324121491052210E-003,-1.555086055304855E-004,
2.483633333333334E+009,-1.318521914072335E-003,-5.153216261533089E-005,-1.310873543843627E-003,-5.940850314800628E-005,
2.483666666666667E+009,-1.307285740040243E-003,-3.188553091604263E-005,-1.313389511778951E-003,1.076876014849404E-005,
2.483700000000000E+009,-1.352086430415511E-003,-5.923593926127069E-005,-1.263971673324704E-003,-1.739606705086771E-005,
2.483733333333334E+009,-1.284664031118155E-003,-4.988063301425427E-005,-1.259658369235694E-003,-4.648493995773606E-005,
2.483766666666667E+009,-1.276261522434652E-003,9.862501610768959E-005,-1.312751905061305E-003,2.365067484788597E-005,
2.483800000000000E+009,-1.319406321272254E-003,1.188723181257956E-004,-1.255137845873833E-003,1.125497510656714E-004,
2.483833333333334E+009,-1.279597985558212E-003,1.390569668728858E-004,-1.304538571275771E-003,1.206426604767330E-004,
2.483866666666667E+009,-1.332771847955883E-003,2.042795240413398E-004,-1.312586362473667E-003,2.090643974952400E-004,
2.483900000000000E+009,-1.279958640225232E-003,2.199114824179560E-004,-1.323747681453824E-003,1.560474338475615E-004,
2.483933333333334E+009,-1.301302225328982E-003,2.274155558552593E-004,-1.285095699131489E-003,2.284720103489235E-004,
2.483966666666667E+009,-1.270852633751929E-003,2.794507890939713E-004,-1.275711343623698E-003,2.398821670794860E-004,
2.484000000000000E+009,-1.328556099906564E-003,3.017368144355714E-004,-1.256309915333986E-003,2.765358658507466E-004,
2.484033333333334E+009,-1.288745086640120E-003,2.463755081407726E-004,-1.303124241530895E-003,2.952989016193897E-004,
2.484066666666667E+009,-1.271130284294486E-003,3.348549071233720E-004,-1.297314767725766E-003,3.263058315496892E-004,
2.484100000000000E+009,-1.252695336006582E-003,3.882017626892775E-004,-1.302503165788949E-003,3.908327489625663E-004,
2.484133333333334E+009,-1.193884527310729E-003,3.813753137364984E-004,-1.262934063561261E-003,3.639787028077990E-004,
2.484166666666667E+009,-1.250442699529231E-003,4.337864229455590E-004,-1.189630595035851E-003,4.260834539309144E-004,
2.484200000000000E+009,-1.230098423548043E-003,4.637892125174403E-004,-1.197880483232439E-003,4.622617561835796E-004,
2.484233333333334E+009,-1.230025198310614E-003,5.035907379351556E-004,-1.245901687070727E-003,5.542636499740183E-004,
2.484266666666667E+009,-1.208497094921768E-003,4.974801559001207E-004,-1.162071246653795E-003,5.350476712919772E-004,
2.484300000000000E+009,-1.153326709754765E-003,5.415919004008174E-004,-1.183215063065291E-003,5.798264755867422E-004,
2.484333333333334E+009,-1.157130231149495E-003,5.962059949524701E-004,-1.143392524681985E-003,6.135081057436764E-004,
2.484366666666667E+009,-1.183568267151713E-003,6.001305300742388E-004,-1.136512961238623E-003,5.761918146163225E-004,
2.484400000000000E+009,-1.138465595431626E-003,6.511008832603693E-004,-1.089040306396782E-003,6.751563632860780E-004,
2.484433333333334E+009,-1.088390476070344E-003,6.878869608044624E-004,-1.042582676745951E-003,6.853901431895793E-004,
2.484466666666667E+009,-1.070239930413663E-003,7.184044225141406E-004,-1.079289126209915E-003,7.166591240093112E-004,
2.484500000000000E+009,-1.071837497875094E-003,7.456796593032777E-004,-1.066764467395842E-003,7.253123912960291E-004,
2.484533333333334E+009,-1.049406593665481E-003,7.632756023667753E-004,-1.064448617398739E-003,7.329901563934982E-004,
2.484566666666667E+009,-1.036857720464468E-003,7.902605575509369E-004,-1.013640314340591E-003,7.932885200716555E-004,
2.484600000000000E+009,-1.024163328111172E-003,7.872377173043788E-004,-1.046806457452476E-003,8.579496643505991E-004,
2.484633333333334E+009,-1.024901866912842E-003,8.059626561589539E-004,-1.001137541607022E-003,8.601812296546996E-004,
2.484666666666667E+009,-9.283556137233973E-004,9.146448574028909E-004,-9.322849800810218E-004,8.971288916654885E-004,
2.484700000000000E+009,-8.794702007435262E-004,9.315693168900907E-004,-8.802278898656368E-004,9.198219631798565E-004,
2.484733333333334E+009,-9.504872723482549E-004,9.171817800961435E-004,-8.543499279767275E-004,9.253469179384410E-004,
2.484766666666667E+009,-8.439518278464675E-004,9.820987470448017E-004,-8.809113060124219E-004,9.368128376081586E-004,
2.484800000000000E+009,-8.096887031570077E-004,9.393732761964202E-004,-8.456462528556585E-004,9.332999470643699E-004,
2.484833333333334E+009,-8.331585559062660E-004,9.850662900134921E-004,-8.036179351620376E-004,1.018932554870844E-003,
2.484866666666667E+009,-7.909634732641280E-004,1.023348886519671E-003,-7.516220794059336E-004,1.054253429174423E-003,
2.484900000000000E+009,-7.262809085659683E-004,1.036113477312028E-003,-7.701507420279086E-004,1.092311809770763E-003,
2.484933333333334E+009,-7.621414843015373E-004,1.058045076206327E-003,-7.245637243613601E-004,1.095005311071873E-003,
2.484966666666667E+009,-7.637861999683082E-004,1.064081676304340E-003,-7.105824188329279E-004,1.129464944824576E-003,
2.485000000000000E+009,-6.793831707909703E-004,1.097160857170820E-003,-6.818939000368118E-004,1.087006297893822E-003,
2.485033333333334E+009,-6.416707765311003E-004,1.181312836706638E-003,-5.685217911377549E-004,1.096897292882204E-003,
2.485066666666667E+009,-6.130415713414550E-004,1.139872591011226E-003,-5.503709544427693E-004,1.161676715128124E-003,
2.485100000000000E+009,-5.858107469975948E-004,1.174183795228601E-003,-5.224347696639597E-004,1.224042382091284E-003,
2.485133333333334E+009,-5.348650738596916E-004,1.154820318333805E-003,-5.411620950326324E-004,1.143551780842245E-003,
2.485166666666667E+009,-4.650539194699377E-004,1.163445762358606E-003,-5.014793132431805E-004,1.180294319055975E-003,
2.485200000000000E+009,-4.761925956699997E-004,1.221471349708736E-003,-4.417865420691669E-004,1.157963648438454E-003,
2.485233333333334E+009,-4.804670170415193E-004,1.175140496343374E-003,-3.979221801273525E-004,1.254521310329437E-003,
2.485266666666667E+009,-4.210535553283989E-004,1.228833687491715E-003,-4.057932528667152E-004,1.228037988767028E-003,
2.485300000000000E+009,-3.702073590829969E-004,1.256132032722235E-003,-3.584308142308146E-004,1.251336769200862E-003,
2.485333333333334E+009,-3.208589623682201E-004,1.210911665111780E-003,-3.351235354784876E-004,1.251296605914831E-003,
2.485366666666667E+009,-2.834325714502484E-004,1.211195136420429E-003,-2.967527543660253E-004,1.247587380930781E-003,
2.485400000000000E+009,-3.363141731824726E-004,1.305232290178537E-003,-2.833145845215768E-004,1.266253180801868E-003,
2.485433333333334E+009,-2.397617936367169E-004,1.255651819519699E-003,-2.289633412146941E-004,1.248460263013840E-003,
2.485466666666667E+009,-2.343586093047634E-004,1.248403452336788E-003,-1.999389060074464E-004,1.290451269596815E-003,
2.485500000000000E+009,-2.177472779294476E-004,1.299835974350572E-003,-1.744141045492142E-004,1.276287832297385E-003,
2.485533333333334E+009,-1.615119836060330E-004,1.283063204027712E-003,-1.258069241885096E-004,1.285171718336642E-003,
2.485566666666667E+009,-8.343012450495735E-005,1.241062418557704E-003,-5.501140185515396E-005,1.308837789110839E-003,
2.485600000000000E+009,-5.717739259125665E-005,1.313384855166078E-003,-2.320975727343466E-005,1.250775530934334E-003,
2.485633333333334E+009,-1.253527716471581E-005,1.302545308135450E-003,-8.772703586146236E-005,1.345181139186025E-003,
2.485666666666667E+009,-3.876577102346346E-005,1.308743027038872E-003,-5.453675839817151E-006,1.309346407651901E-003,
2.485700000000000E+009,-2.762000622169580E-005,1.316195237450302E-003,8.081179657892790E-006,1.251035952009261E-003,
2.485733333333334E+009,7.511990406783298E-005,1.270617241971195E-003,5.103439252707176E-005,1.251465524546802E-003,
2.485766666666667E+009,7.020498014753684E-005,1.336272922344506E-003,5.512652933248319E-005,1.329132704995573E-003,
2.485800000000000E+009,9.778310777619481E-005,1.334976404905319E-003,1.166065121651627E-004,1.236832700669766E-003,
2.485833333333334E+009,1.119235457736068E-004,1.301008742302656E-003,1.251046633115038E-004,1.246555475518107E-003,
2.485866666666667E+009,1.624427095521241E-004,1.264340244233608E-003,2.175293484469876E-004,1.262613805010915E-003,
2.485900000000000E+009,2.101092541124672E-004,1.253620721399784E-003,2.267736126668751E-004,1.288391533307731E-003,
2.485933333333334E+009,2.793334133457393E-004,1.292535918764770E-003,2.992622903548181E-004,1.293843961320818E-003,
2.485966666666667E+009,2.954115625470877E-004,1.272045774385333E-003,3.616384638007730E-004,1.300593838095665E-003,
2.486000000000000E+009,3.536629665177316E-004,1.241445308551192E-003,2.508169272914529E-004,1.260346383787692E-003,
2.486033333333334E+009,3.508182999212295E-004,1.204472850076854E-003,3.802846767939627E-004,1.282610814087093E-003,
2.486066666666667E+009,3.916999266948551E-004,1.212237402796745E-003,3.399728448130190E-004,1.231818576343358E-003,
2.486100000000000E+009,3.923430922441185E-004,1.224282197654247E-003,4.199952818453312E-004,1.199660007841885E-003,
2.486133333333334E+009,4.044272063765675E-004,1.169705647043884E-003,4.129316657781601E-004,1.223518745973706E-003,
2.486166666666667E+009,5.011429311707616E-004,1.264593098312616E-003,4.806864308193326E-004,1.199474674649537E-003,
2.486200000000000E+009,5.490651237778366E-004,1.205017673783004E-003,4.653856740333140E-004,1.199149293825030E-003,
2.486233333333334E+009,5.137422704137862E-004,1.181435305625200E-003,5.175334517844021E-004,1.140955137088895E-003,
2.486266666666667E+009,5.571665824390948E-004,1.174392993561924E-003,5.763570079579949E-004,1.114478800445795E-003,
2.486300000000000E+009,6.243425305001438E-004,1.069446909241378E-003,6.549668614752591E-004,1.145058660767973E-003,
2.486333333333334E+009,5.565159954130650E-004,1.118334592320025E-003,6.432863883674145E-004,1.122619374655187E-003,
2.486366666666667E+009,6.438728305511177E-004,1.090578152798116E-003,6.503747426904738E-004,1.110390527173877E-003,
2.486400000000000E+009,7.372158579528332E-004,1.069898949936032E-003,7.401837501674891E-004,1.088841119781137E-003,
2.486433333333334E+009,7.546240813098848E-004,1.071602338925004E-003,6.953616393730044E-004,1.028885832056403E-003,
2.486466666666667E+009,7.558078505098820E-004,9.960901224985719E-004,7.683699950575829E-004,1.047271303832531E-003,
2.486500000000000E+009,7.091456209309399E-004,1.000115647912026E-003,8.316936437040567E-004,9.485203190706670E-004,
2.486533333333334E+009,8.116956450976431E-004,9.614325244911015E-004,7.995269261300564E-004,1.001956756226718E-003,
2.486566666666667E+009,8.333108271472156E-004,9.283786057494581E-004,8.707080851309001E-004,9.390225750394166E-004,
2.486600000000000E+009,8.752802968956530E-004,9.657043847255409E-004,9.061098098754883E-004,9.798535611480475E-004,
2.486633333333334E+009,8.765399106778204E-004,8.686996297910810E-004,9.335350478067994E-004,9.542063926346600E-004,
2.486666666666667E+009,9.209656855091453E-004,8.785419631749392E-004,9.683698881417513E-004,8.988523040898144E-004,
2.486700000000000E+009,9.474367252551019E-004,8.486313163302839E-004,9.648339473642409E-004,8.350610150955617E-004,
2.486733333333334E+009,9.882678277790546E-004,8.718103053979576E-004,9.661237709224224E-004,8.624473703093827E-004,
2.486766666666667E+009,9.576853481121361E-004,8.823207463137806E-004,9.687021374702454E-004,7.887234096415341E-004,
2.486800000000000E+009,9.949636878445745E-004,7.497309707105160E-004,1.007532817311585E-003,7.667011232115328E-004,
2.486833333333334E+009,1.043089083395898E-003,7.236740202642977E-004,1.013480359688401E-003,7.705723983235657E-004,
2.486866666666667E+009,1.022363663651049E-003,7.508746348321438E-004,1.025049132294953E-003,6.686740671284497E-004,
2.486900000000000E+009,1.099075889214873E-003,6.948877708055079E-004,1.069212099537253E-003,6.855524261482060E-004,
2.486933333333334E+009,1.096155610866845E-003,6.276998319663107E-004,1.074848696589470E-003,6.589348777197301E-004,
2.486966666666667E+009,1.087227487005293E-003,6.590369739569724E-004,1.136737642809749E-003,6.079021841287613E-004,
2.487000000000000E+009,1.104274648241699E-003,6.152005516923964E-004,1.116055063903332E-003,6.309282034635544E-004,
2.487033333333334E+009,1.189368427731097E-003,5.593799287453294E-004,1.131245982833207E-003,5.559421260841191E-004,
2.487066666666667E+009,1.165696652606130E-003,5.907409940846264E-004,1.108729513362050E-003,5.362469237297773E-004,
2.487100000000000E+009,1.106805633753538E-003,5.334519664756954E-004,1.158021623268724E-003,5.287367966957390E-004,
2.487133333333334E+009,1.185216358862817E-003,5.164009635336697E-004,1.189595321193337E-003,4.711157816927880E-004,
2.487166666666667E+009,1.159577164798975E-003,4.654385265894234E-004,1.207612105645239E-003,4.363364423625171E-004,
2.487200000000000E+009,1.172965508885682E-003,4.533680330496281E-004,1.181119470857084E-003,4.292727389838547E-004,
2.487233333333334E+009,1.254839356988668E-003,3.520232858136296E-004,1.241769641637802E-003,3.574851725716144E-004,
2.487266666666667E+009,1.209607929922640E-003,3.725141868926585E-004,1.287568360567093E-003,3.783747088164091E-004,
2.487300000000000E+009,1.221480779349804E-003,3.203867527190596E-004,1.233076443895698E-003,3.279154771007597E-004,
2.487333333333334E+009,1.278831274248660E-003,3.348550235386938E-004,1.215304480865598E-003,3.198649210389704E-004,
2.487366666666667E+009,1.260860939510167E-003,2.923105494119227E-004,1.291300519369543E-003,2.911546034738421E-004,
2.487400000000000E+009,1.248550368472934E-003,2.691251575015485E-004,1.219574245624244E-003,2.315147721674293E-004,
2.487433333333334E+009,1.295318594202399E-003,2.368615241721273E-004,1.190184382721782E-003,1.484651002101600E-004,
2.487466666666667E+009,1.311365049332380E-003,1.937604247359559E-004,1.266325940378010E-003,1.958890788955614E-004,
2.487500000000000E+009,1.262841746211052E-003,1.349165831925347E-004,1.289760111831129E-003,1.567599829286337E-004,
2.487533333333334E+009,1.263808226212859E-003,1.370077807223424E-004,1.270088716410101E-003,1.458581682527438E-004,
2.487566666666667E+009,1.265874481759965E-003,7.966733392095193E-005,1.261110184714198E-003,2.941538332379423E-005,
2.487600000000000E+009,1.248742337338626E-003,5.593976675299928E-005,1.322574098594487E-003,2.974088056362234E-005,
2.487633333333334E+009,1.251787645742297E-003,1.898306436487474E-007,1.235278556123376E-003,1.331982457486447E-005,
2.487666666666667E+009,1.288593048229814E-003,-6.115649739513174E-005,1.233269227668643E-003,-2.748837141552940E-005,
2.487700000000000E+009,1.329618506133556E-003,-6.697103526676074E-005,1.301063690334559E-003,-1.095402112696320E-004,
2.487733333333334E+009,1.236769603565335E-003,-1.466768298996612E-004,1.252837711945176E-003,-1.073814855772071E-004,
2.487766666666667E+009,1.267947140149772E-003,-1.231369242304936E-004,1.299189752899110E-003,-1.080648362403736E-004,
2.487800000000000E+009,1.313739805482328E-003,-1.895049790618941E-004,1.234116381965578E-003,-2.572912198957056E-004,
2.487833333333334E+009,1.210431102663279E-003,-1.824540959205478E-004,1.246037892997265E-003,-1.814341230783612E-004,
2.487866666666667E+009,1.268323161639273E-003,-2.362554514547810E-004,1.223858096636832E-003,-2.778434136416763E-004,
2.487900000000000E+009,1.216530567035079E-003,-2.420078235445544E-004,1.215275959111750E-003,-3.133463324047625E-004,
2.487933333333334E+009,1.251004985533655E-003,-3.155333106406033E-004,1.230099354870617E-003,-3.282284014858306E-004,
2.487966666666667E+009,1.222618040628731E-003,-2.945345477201045E-004,1.211274298839271E-003,-3.649951540865004E-004,
2.488000000000000E+009,1.179197686724365E-003,-4.055886529386044E-004,1.250315457582474E-003,-3.814220544882119E-004,
2.488033333333334E+009,1.221422571688891E-003,-4.125259001739323E-004,1.203579944558442E-003,-4.147302242927253E-004,
2.488066666666667E+009,1.192630967125297E-003,-5.102966679260135E-004,1.182510517537594E-003,-4.031978314742446E-004,
2.488100000000000E+009,1.157379243522883E-003,-4.966933629475534E-004,1.153558376245201E-003,-4.730590444523841E-004,
2.488133333333334E+009,1.157976221293211E-003,-5.119029083289206E-004,1.117087202146649E-003,-5.589174106717110E-004,
2.488166666666667E+009,1.161897322162986E-003,-5.507781170308590E-004,1.094766543246806E-003,-5.274124559946358E-004,
2.488200000000000E+009,1.133935758844018E-003,-5.979630514048040E-004,1.116584870032966E-003,-5.627694772556424E-004,
2.488233333333334E+009,1.070237718522549E-003,-6.282428512349725E-004,1.137896440923214E-003,-5.998641136102378E-004,
2.488266666666667E+009,1.098035834729672E-003,-5.778038757853210E-004,1.067670877091587E-003,-6.868243799544871E-004,
2.488300000000000E+009,1.042641815729439E-003,-6.107403314672411E-004,1.048371312208474E-003,-6.978762685321271E-004,
2.488333333333334E+009,1.041988842189312E-003,-6.919800653122366E-004,1.059216563589871E-003,-6.923695327714086E-004,
2.488366666666667E+009,1.033204374834895E-003,-6.892646197229624E-004,1.007488928735256E-003,-7.290921639651060E-004,
2.488400000000000E+009,9.905864717438817E-004,-7.425546064041555E-004,1.020885538309813E-003,-7.341856253333390E-004,
2.488433333333334E+009,9.474897524341941E-004,-7.596909999847412E-004,9.463868918828666E-004,-7.902539800852537E-004,
2.488466666666667E+009,9.510959498584271E-004,-7.574246847070754E-004,9.625739185139537E-004,-8.514345390722156E-004,
2.488500000000000E+009,8.901565452106297E-004,-8.357960032299161E-004,9.741721441969276E-004,-8.396822959184647E-004,
2.488533333333334E+009,9.656488546170294E-004,-8.299447945319116E-004,8.884048438630998E-004,-8.554888190701604E-004,
2.488566666666667E+009,8.632923709228635E-004,-8.599993307143450E-004,8.927716407924891E-004,-9.011271758936346E-004,
2.488600000000000E+009,8.787505212239921E-004,-8.738795295357704E-004,9.014452225528657E-004,-8.856711792759597E-004,
2.488633333333334E+009,9.099388844333589E-004,-9.412552462890744E-004,8.831113809719682E-004,-9.286600979976356E-004,
2.488666666666667E+009,7.863340433686972E-004,-9.163380018435419E-004,8.375066681765020E-004,-9.075883426703513E-004,
2.488700000000000E+009,8.355271420441568E-004,-9.509985684417188E-004,8.172284578904510E-004,-9.614295559003949E-004,
2.488733333333334E+009,7.579418597742915E-004,-9.980825707316399E-004,7.397053996101022E-004,-1.000663032755256E-003,
2.488766666666667E+009,7.523820386268199E-004,-1.011230051517487E-003,7.665581069886684E-004,-1.014634268358350E-003,
2.488800000000000E+009,7.470581331290305E-004,-1.005129772238433E-003,7.447565440088511E-004,-1.065853750333190E-003,
2.488833333333334E+009,7.046871469356120E-004,-1.059696427546442E-003,7.184879505075514E-004,-1.060531358234584E-003,
2.488866666666667E+009,7.173257763497531E-004,-1.085470197722316E-003,6.519870948977768E-004,-1.066533732227981E-003,
2.488900000000000E+009,6.673447205685079E-004,-1.083877170458436E-003,6.635197205469012E-004,-1.069770194590092E-003,
2.488933333333334E+009,6.761619588360190E-004,-1.118781510740519E-003,6.120569305494428E-004,-1.092987367883325E-003,
2.488966666666667E+009,5.773525917902589E-004,-1.128378906287253E-003,6.063437904231250E-004,-1.074322848580778E-003,
2.489000000000000E+009,5.942038842476904E-004,-1.163430162705481E-003,5.320959608070552E-004,-1.133454730734229E-003,
2.489033333333334E+009,5.048274761065841E-004,-1.109605072997510E-003,5.330396816134453E-004,-1.190472859889269E-003,
2.489066666666667E+009,4.904678789898753E-004,-1.136588281951845E-003,5.175790865905583E-004,-1.170563744381070E-003,
2.489100000000000E+009,4.393303534016013E-004,-1.171339536085725E-003,4.948059213347733E-004,-1.161456806585193E-003,
2.489133333333334E+009,4.569428274407983E-004,-1.197480596601963E-003,4.473357112146914E-004,-1.222843653522432E-003,
2.489166666666667E+009,4.342929751146585E-004,-1.186996814794838E-003,4.160311655141413E-004,-1.207958790473640E-003,
2.489200000000000E+009,2.984182792715728E-004,-1.232970622368157E-003,3.904887416865677E-004,-1.208560657687485E-003,
2.489233333333334E+009,3.487328067421913E-004,-1.231694943271577E-003,2.845611015800387E-004,-1.194985234178603E-003,
2.489266666666667E+009,3.326357400510460E-004,-1.176952733658254E-003,3.444887697696686E-004,-1.226108288392425E-003,
2.489300000000000E+009,2.453153429087251E-004,-1.199807738885284E-003,3.234498144593090E-004,-1.235846430063248E-003,
2.489333333333334E+009,2.279838954564184E-004,-1.248966087587178E-003,2.249608514830470E-004,-1.210958231240511E-003,
2.489366666666667E+009,1.652604405535385E-004,-1.277411356568337E-003,1.934515748871490E-004,-1.293136621825397E-003,
2.489400000000000E+009,1.498857454862446E-004,-1.199288642965257E-003,1.645803131395951E-004,-1.244842191226780E-003,
2.489433333333334E+009,1.536190684419125E-004,-1.279924414120615E-003,1.502517843618989E-004,-1.256963587366045E-003,
2.489466666666667E+009,8.119836275000125E-005,-1.247033709660173E-003,7.628489402122796E-005,-1.269024447537959E-003,
2.489500000000000E+009,3.412978185224347E-005,-1.258296892046928E-003,5.841458551003598E-005,-1.226036925800145E-003,
2.489533333333334E+009,-1.224615971295862E-005,-1.255658804439008E-003,-1.481865729147103E-005,-1.254254253581166E-003,
2.489566666666667E+009,-6.287761061685160E-005,-1.259080483578146E-003,-2.667135595402215E-005,-1.302976859733462E-003,
2.489600000000000E+009,-3.513570118229836E-005,-1.293860492296517E-003,-6.100140672060661E-005,-1.221993821673095E-003,
2.489633333333334E+009,-9.702175884740427E-005,-1.174646662548184E-003,-1.268369087483734E-004,-1.288028433918953E-003,
2.489666666666667E+009,-1.306138874497265E-004,-1.300335861742497E-003,-9.288222645409405E-005,-1.286059967242181E-003,
2.489700000000000E+009,-1.201928098453209E-004,-1.216692151501775E-003,-2.065118314931169E-004,-1.248884131200612E-003,
2.489733333333334E+009,-2.100239507853985E-004,-1.256742631085217E-003,-2.466158475726843E-004,-1.220143167302012E-003,
2.489766666666667E+009,-2.053902717307210E-004,-1.216964796185494E-003,-2.311606804141775E-004,-1.194725395180285E-003,
2.489800000000000E+009,-2.773424785118550E-004,-1.198990154080093E-003,-2.029973838943988E-004,-1.190002076327801E-003,
2.489833333333334E+009,-3.406958712730557E-004,-1.220957958139479E-003,-3.158566833008081E-004,-1.201571780256927E-003,
2.489866666666667E+009,-3.306625003460795E-004,-1.173493219539523E-003,-3.151959099341184E-004,-1.153531251475215E-003,
2.489900000000000E+009,-3.413150261621922E-004,-1.169992261566222E-003,-3.248059656471014E-004,-1.204372732900083E-003,
2.489933333333334E+009,-3.880053700413555E-004,-1.126303570345044E-003,-3.796553646679968E-004,-1.169211231172085E-003,
2.489966666666667E+009,-3.905991616193205E-004,-1.188262016512454E-003,-4.748698265757412E-004,-1.182932057417929E-003,
2.490000000000000E+009,-4.665069573093206E-004,-1.173879136331379E-003,-5.070421611890197E-004,-1.126029877923429E-003,
2.490033333333334E+009,-5.297319148667157E-004,-1.051569473929703E-003,-4.850023251492530E-004,-1.137449755333364E-003,
2.490066666666667E+009,-5.671384278684855E-004,-1.088185701519251E-003,-5.261673359200358E-004,-1.092340564355254E-003,
2.490100000000000E+009,-5.660607712343335E-004,-1.107522984966636E-003,-5.462461267597973E-004,-1.114703831262887E-003,
2.490133333333334E+009,-5.050304462201893E-004,-1.076087006367743E-003,-5.980108398944140E-004,-1.106085255742073E-003,
2.490166666666667E+009,-6.300896056927741E-004,-1.063970965333283E-003,-5.441754474304617E-004,-1.066076336428523E-003,
2.490200000000000E+009,-5.986955366097391E-004,-1.039599534124136E-003,-5.944532458670437E-004,-1.067799865268171E-003,
2.490233333333334E+009,-7.085221586748958E-004,-1.030463841743767E-003,-6.061793537810445E-004,-1.027530641295016E-003,
2.490266666666667E+009,-6.824057199992240E-004,-9.952273685485125E-004,-7.283887243829668E-004,-1.042098505422473E-003,
2.490300000000000E+009,-7.475832826457918E-004,-1.039949362166226E-003,-7.526761037297547E-004,-1.011376036331058E-003,
2.490333333333334E+009,-7.895395974628627E-004,-9.471016237512231E-004,-7.960994844324887E-004,-9.887318592518568E-004,
2.490366666666667E+009,-7.778694271109998E-004,-1.007049111649394E-003,-8.415780030190945E-004,-9.911134839057922E-004,
2.490400000000000E+009,-8.240835741162300E-004,-9.395686793141067E-004,-7.835023570805788E-004,-9.559287573210895E-004,
2.490433333333334E+009,-7.521738298237324E-004,-9.066248312592506E-004,-8.330278797075152E-004,-9.442911250516772E-004,
2.490466666666667E+009,-8.138971752487123E-004,-8.487318409606814E-004,-8.549817721359432E-004,-8.999787969514728E-004,
2.490500000000000E+009,-8.779845666140318E-004,-8.714651921764016E-004,-8.516882662661374E-004,-8.831941522657871E-004,
2.490533333333334E+009,-8.641433669254184E-004,-8.719828329049051E-004,-9.191084536723793E-004,-8.783589582890272E-004,
2.490566666666667E+009,-9.455355466343463E-004,-8.339163032360375E-004,-9.033312089741230E-004,-8.546710014343262E-004,
2.490600000000000E+009,-9.420540882274509E-004,-7.285854080691934E-004,-9.792509954422712E-004,-7.971515296958387E-004,
2.490633333333334E+009,-9.830837370827794E-004,-8.014568011276424E-004,-9.505406487733126E-004,-8.419461082667112E-004,
2.490666666666667E+009,-1.005247584544122E-003,-7.597734220325947E-004,-9.778665844351053E-004,-6.863463786430657E-004,
2.490700000000000E+009,-9.811867494136095E-004,-7.192138000391424E-004,-1.026509329676628E-003,-7.180686807259917E-004,
2.490733333333334E+009,-1.023433520458639E-003,-6.357140373438597E-004,-1.007863902486861E-003,-6.914835539646447E-004,
2.490766666666667E+009,-1.015521236695349E-003,-7.163538830354810E-004,-1.064079930074513E-003,-6.786464946344495E-004,
2.490800000000000E+009,-1.042888266965747E-003,-6.427962798625231E-004,-1.047805999405682E-003,-6.732205511070788E-004,
2.490833333333334E+009,-1.031847437843680E-003,-6.652783486060798E-004,-1.056364271789789E-003,-6.106056389398873E-004,
2.490866666666667E+009,-1.077884226106107E-003,-5.466577713377774E-004,-1.131188939325512E-003,-5.647545913234353E-004,
2.490900000000000E+009,-1.135156489908695E-003,-5.751223070546985E-004,-1.086359377950430E-003,-5.264565115794540E-004,
2.490933333333334E+009,-1.117856474593282E-003,-5.531599745154381E-004,-1.135130412876606E-003,-5.295144510455430E-004,
2.490966666666667E+009,-1.094229402951896E-003,-5.076082306914032E-004,-1.124376663938165E-003,-4.976047202944756E-004,
2.491000000000000E+009,-1.167867332696915E-003,-4.952239105477929E-004,-1.189413014799357E-003,-4.312048840802163E-004,
2.491033333333334E+009,-1.091534388251603E-003,-4.418974858708680E-004,-1.161889522336423E-003,-4.038299666717649E-004,
2.491066666666667E+009,-1.111072138883174E-003,-4.074319440405816E-004,-1.111212768591940E-003,-4.064511158503592E-004,
2.491100000000000E+009,-1.165762892924249E-003,-3.789303300436586E-004,-1.166607020422816E-003,-3.573021967895329E-004,
2.491133333333334E+009,-1.174407429061830E-003,-3.285969723947346E-004,-1.212408184073865E-003,-3.526988730300218E-004,
2.491166666666667E+009,-1.212997478432953E-003,-2.323436783626676E-004,-1.186257461085916E-003,-2.616879646666348E-004,
2.491200000000000E+009,-1.136937527917326E-003,-2.727484679780901E-004,-1.171845477074385E-003,-2.145200560335070E-004,
2.491233333333334E+009,-1.193240052089095E-003,-2.268843818455935E-004,-1.111821853555739E-003,-2.122459554811940E-004,
2.491266666666667E+009,-1.202049083076417E-003,-1.725738111417741E-004,-1.160158775746822E-003,-1.696997351245955E-004,
2.491300000000000E+009,-1.197794568724930E-003,-1.387656666338444E-004,-1.145039568655193E-003,-1.111879319068976E-004,
2.491333333333334E+009,-1.123174442909658E-003,-1.561810058774427E-004,-1.223355298861861E-003,-1.373184932162985E-004,
2.491366666666667E+009,-1.157478080131114E-003,-1.047079276759177E-004,-1.125079113990068E-003,-9.469303040532395E-005,
2.491400000000000E+009,-1.178610487841070E-003,-3.597539398469962E-005,-1.180645776912570E-003,-3.593635483412072E-005,
2.491433333333334E+009,-1.190759707242250E-003,4.718416676041670E-005,-1.160321757197380E-003,-5.525815140572377E-005,
2.491466666666667E+009,-1.187881920486689E-003,4.682421058532782E-005,-1.115053426474333E-003,-5.115370640851324E-006,
2.491500000000000E+009,-1.183948130346835E-003,4.021514178020880E-005,-1.181410625576973E-003,2.747536200331524E-005,
2.491533333333334E+009,-1.164105371572077E-003,4.330770389060490E-005,-1.149711548350751E-003,6.041362939868122E-005,
2.491566666666667E+009,-1.151685370132327E-003,7.284352614078671E-005,-1.167857437394559E-003,8.855754276737571E-005,
2.491600000000000E+009,-1.153792487457395E-003,1.223803265020251E-004,-1.225152984261513E-003,1.648237812332809E-004,
2.491633333333334E+009,-1.152098877355456E-003,1.093615719582886E-004,-1.198020530864596E-003,1.550319284433499E-004,
2.491666666666667E+009,-1.175470184534788E-003,2.208982041338459E-004,-1.187419868074358E-003,1.655402738833800E-004,
2.491700000000000E+009,-1.154914149083197E-003,3.035113622900099E-004,-1.174992881715298E-003,2.568016643635929E-004,
2.491733333333334E+009,-1.104617491364479E-003,2.645411004777998E-004,-1.122981426306069E-003,2.471804327797145E-004,
2.491766666666667E+009,-1.136368606239557E-003,3.038347931578755E-004,-1.117237959988415E-003,3.219834470655769E-004,
2.491800000000000E+009,-1.187239540740848E-003,3.053553518839181E-004,-1.130775199271739E-003,3.327774466015399E-004,
2.491833333333334E+009,-1.155401463620365E-003,3.529738460201770E-004,-1.167409354820848E-003,3.953116829507053E-004,
2.491866666666667E+009,-1.118022017180920E-003,3.973737184423953E-004,-1.087364973500371E-003,3.981362096965313E-004,
2.491900000000000E+009,-1.117857405915856E-003,3.983365604653955E-004,-1.125734183005989E-003,4.453609290067107E-004,
2.491933333333334E+009,-1.060217036865652E-003,4.530888691078872E-004,-1.113316160626710E-003,4.821888578590006E-004,
2.491966666666667E+009,-1.134521677158773E-003,4.569480079226196E-004,-1.089489902369678E-003,5.473910132423043E-004,
2.492000000000000E+009,-1.049896935001016E-003,5.365086835809052E-004,-1.065089832991362E-003,5.352763691917062E-004,
2.492033333333334E+009,-1.026843674480915E-003,5.513054784387350E-004,-1.073693158105016E-003,5.639105220325291E-004,
2.492066666666667E+009,-1.018988201394677E-003,5.393480532802641E-004,-1.079106354154646E-003,5.513972137123346E-004,
2.492100000000000E+009,-1.030214480124414E-003,5.815073382109404E-004,-1.031486201100051E-003,6.145450170151889E-004,
2.492133333333334E+009,-9.896571282297373E-004,6.729195592924953E-004,-1.011944492347539E-003,5.876435898244381E-004,
2.492166666666667E+009,-1.045082346536219E-003,6.236462504602969E-004,-9.570285328663886E-004,6.585215451195836E-004,
2.492200000000000E+009,-1.044526812620461E-003,6.786625017412007E-004,-9.854071540758014E-004,6.880438304506242E-004,
2.492233333333334E+009,-9.853244991973043E-004,6.904547917656601E-004,-9.433449595235288E-004,6.586995441466570E-004,
2.492266666666667E+009,-8.756939205341041E-004,7.329348591156304E-004,-9.240453364327550E-004,7.396549917757511E-004,
2.492300000000000E+009,-9.536641300655901E-004,7.389240199699998E-004,-8.665852947160602E-004,7.426711381413043E-004,
2.492333333333334E+009,-8.866639691404998E-004,7.916308240965009E-004,-8.773538284003735E-004,7.541016093455255E-004,
2.492366666666667E+009,-8.507443126291037E-004,7.515974575653672E-004,-8.633688557893038E-004,7.962928502820432E-004,
2.492400000000000E+009,-8.629849762655795E-004,8.439358789473772E-004,-8.614930557087064E-004,8.157389238476753E-004,
2.492433333333334E+009,-8.016806677915156E-004,8.638754952698946E-004,-7.680472335778177E-004,8.294467115774751E-004,
2.492466666666667E+009,-8.111302740871906E-004,8.695916621945798E-004,-7.674439693801105E-004,8.535499800927937E-004,
2.492500000000000E+009,-8.110026828944683E-004,8.963534492067993E-004,-7.713127997703850E-004,8.603041060268879E-004,
2.492533333333334E+009,-6.883853930048645E-004,8.887855801731348E-004,-7.454706938005984E-004,8.834738400764763E-004,
2.492566666666667E+009,-6.712918402627111E-004,9.231196017935872E-004,-6.625847308896482E-004,9.097819565795362E-004,
2.492600000000000E+009,-7.144893170334399E-004,9.573190473020077E-004,-6.691928138025105E-004,8.915558573789895E-004,
2.492633333333334E+009,-6.889976793900132E-004,9.470020886510611E-004,-6.419481942430139E-004,9.391345665790141E-004,
2.492666666666667E+009,-6.725438870489597E-004,9.825497400015593E-004,-6.212575826793909E-004,9.600069024600089E-004,
2.492700000000000E+009,-5.617298302240670E-004,9.665956022217870E-004,-6.109905662015081E-004,9.865029715001583E-004,
2.492733333333334E+009,-5.518686957657337E-004,1.025371486321092E-003,-5.389844882301986E-004,9.784470312297344E-004,
2.492766666666667E+009,-5.759379710070789E-004,9.808315662667155E-004,-5.595803959295154E-004,1.023025368340313E-003,
2.492800000000000E+009,-4.724172758869827E-004,1.019529066979885E-003,-5.471632466651499E-004,1.016042311675847E-003,
2.492833333333334E+009,-4.567031282931566E-004,1.059925882145762E-003,-4.448103136382997E-004,1.035293797031045E-003,
2.492866666666667E+009,-4.588188894558698E-004,1.033376785926521E-003,-4.174555651843548E-004,1.080735353752971E-003,
2.492900000000000E+009,-4.203691787552089E-004,1.030518906190991E-003,-4.655594239011407E-004,1.034062937833369E-003,
2.492933333333334E+009,-3.815591626334935E-004,1.087433076463640E-003,-3.256211930420250E-004,1.059243222698569E-003,
2.492966666666667E+009,-3.019263676833361E-004,1.076000509783626E-003,-3.249229339417070E-004,1.057371264323592E-003,
2.493000000000000E+009,-3.882150049321353E-004,1.007671584375203E-003,-3.454546967986971E-004,1.058059046044946E-003,
2.493033333333334E+009,-3.836045798379928E-004,1.004433259367943E-003,-3.420777211431414E-004,1.056267297826707E-003,
2.493066666666667E+009,-3.204404783900827E-004,1.073181978426874E-003,-3.311072650831193E-004,1.055479398928583E-003,
2.493100000000000E+009,-3.117265587206930E-004,1.052375650033355E-003,-2.027328882832080E-004,1.017871778458357E-003,
2.493133333333334E+009,-1.867576793301851E-004,1.025009900331497E-003,-2.558400738053024E-004,1.099126646295190E-003,
2.493166666666667E+009,-2.439411327941343E-004,1.038560178130865E-003,-1.711068034637719E-004,1.053317100740969E-003,
2.493200000000000E+009,-1.367388322250918E-004,1.029827282764018E-003,-1.476752076996490E-004,1.079208101145923E-003,
2.493233333333334E+009,-1.199331236421131E-004,1.043117837980390E-003,-9.731264435686171E-005,1.023575081489980E-003,
2.493266666666667E+009,-1.245493913302198E-004,1.035093097016215E-003,-1.760965678840876E-004,1.098930602893233E-003,
2.493300000000000E+009,-8.765060192672536E-005,1.080139190889895E-003,-7.734641258139163E-005,1.078516477718949E-003,
2.493333333333334E+009,-2.736385613388848E-005,1.086944015696645E-003,-3.701497917063534E-005,1.081948634237051E-003,
2.493366666666667E+009,-4.936954064760357E-005,1.047415309585631E-003,2.672702794370707E-005,1.130929216742516E-003,
2.493400000000000E+009,-1.041242376231821E-005,1.144498586654663E-003,4.824646111956099E-006,1.067930599674583E-003,
2.493433333333334E+009,4.841668487642892E-005,1.124167116358876E-003,6.988214590819553E-005,1.092186896130443E-003,
2.493466666666667E+009,2.083838626276702E-005,1.089452998712659E-003,3.676399501273409E-005,1.076623215340078E-003,
2.493500000000000E+009,1.091709709726274E-004,1.107479794882238E-003,1.324077020399272E-004,1.074798870831728E-003,
2.493533333333334E+009,1.548062427900732E-004,1.112742931582034E-003,5.510586925083771E-005,1.039690221659839E-003,
2.493566666666667E+009,1.350738311884925E-004,1.059321337379515E-003,1.610277686268091E-004,1.107287127524614E-003,
2.493600000000000E+009,1.618901296751574E-004,1.031384337693453E-003,1.508669665781781E-004,1.048572245053947E-003,
2.493633333333334E+009,1.866259262897074E-004,1.066649099811912E-003,2.395086194155738E-004,1.100219436921179E-003,
2.493666666666667E+009,2.134452806785703E-004,1.049274113029242E-003,2.199470181949437E-004,1.087494427338243E-003,
2.493700000000000E+009,2.691502450034022E-004,1.032105996273458E-003,2.652887778822333E-004,1.065325108356774E-003,
2.493733333333334E+009,3.597295726649463E-004,1.040986157022417E-003,3.024916804861277E-004,1.090065343305469E-003,
2.493766666666667E+009,3.128635580651462E-004,1.080135931260884E-003,3.007644263561815E-004,1.029792590998113E-003,
2.493800000000000E+009,3.497132274787873E-004,1.032894477248192E-003,3.616961766965687E-004,1.012675929814577E-003,
2.493833333333334E+009,3.272445464972407E-004,1.072633429430425E-003,3.547084052115679E-004,1.072147395461798E-003,
2.493866666666667E+009,3.688890428747982E-004,9.449099306948483E-004,3.756133082788438E-004,9.471131488680840E-004,
2.493900000000000E+009,4.150519962422550E-004,9.432869264855981E-004,3.998980391770601E-004,9.488490759395063E-004,
2.493933333333334E+009,4.560287343338132E-004,9.858401026576757E-004,4.225014708936214E-004,1.009169849567115E-003,
2.493966666666667E+009,4.571791214402765E-004,9.883488528430462E-004,4.641681443899870E-004,9.940689196810126E-004,
2.494000000000000E+009,4.575743805617094E-004,9.206714457832277E-004,4.964182735420764E-004,9.302824619226158E-004,
2.494033333333334E+009,4.759067669510841E-004,9.370389161631465E-004,5.303177167661488E-004,9.475281694903970E-004,
2.494066666666667E+009,5.665502976626158E-004,9.288591681979597E-004,5.338159971870482E-004,8.879569941200316E-004,
2.494100000000000E+009,5.531915812753141E-004,8.714402792975307E-004,5.287027452141047E-004,9.165967931039631E-004,
2.494133333333334E+009,5.734739825129509E-004,9.294799529016018E-004,5.899437819607556E-004,9.029638022184372E-004,
2.494166666666667E+009,6.017591222189367E-004,8.418195648118854E-004,6.709104636684060E-004,8.458637166768313E-004,
2.494200000000000E+009,6.239389767870307E-004,8.495901129208505E-004,6.269842269830406E-004,7.918399642221630E-004,
2.494233333333334E+009,6.818216061219573E-004,8.473022608086467E-004,6.157502648420632E-004,7.980853551998735E-004,
2.494266666666667E+009,6.867738557048142E-004,7.682224386371672E-004,7.202093256637454E-004,7.833561394363642E-004,
2.494300000000000E+009,6.987083470448852E-004,8.038674131967127E-004,6.771861808374524E-004,7.547551649622619E-004,
2.494333333333334E+009,6.801213603466749E-004,8.003714610822499E-004,7.244222215376794E-004,8.101285202428699E-004,
2.494366666666667E+009,7.306748302653432E-004,7.820284226909280E-004,7.370280218310654E-004,7.178792729973793E-004,
2.494400000000000E+009,7.455787272192538E-004,7.211763877421618E-004,7.585777202621102E-004,7.059780182316899E-004,
2.494433333333334E+009,7.611789042130113E-004,7.582798134535551E-004,7.818933227099478E-004,7.095176842994988E-004,
2.494466666666667E+009,7.888022810220718E-004,6.675462354905903E-004,7.174804923124611E-004,6.253680330701172E-004,
2.494500000000000E+009,7.420236943289638E-004,6.337126833386719E-004,8.145757019519806E-004,6.758557865396142E-004,
2.494533333333334E+009,7.326526101678610E-004,6.100433529354632E-004,7.607482257299125E-004,6.199234048835933E-004,
2.494566666666667E+009,7.750484510324895E-004,6.134830764494836E-004,8.227291982620955E-004,5.915052606724203E-004,
2.494600000000000E+009,8.209675434045494E-004,6.124528590589762E-004,7.829297683201730E-004,6.047603092156351E-004,
2.494633333333334E+009,8.317093015648425E-004,6.151246489025652E-004,8.455233764834702E-004,5.663156625814736E-004,
2.494666666666667E+009,8.234375272877514E-004,5.732145509682596E-004,8.235195418819785E-004,5.507387686520815E-004,
2.494700000000000E+009,7.886833627708256E-004,5.287868552841246E-004,8.092217613011599E-004,4.891318967565894E-004,
2.494733333333334E+009,9.368803584948182E-004,5.655807326547802E-004,8.622042369097471E-004,5.012206383980811E-004,
2.494766666666667E+009,8.816309273242950E-004,4.929438000544906E-004,9.067872888408601E-004,4.644093860406429E-004,
2.494800000000000E+009,8.926961454562843E-004,5.254657589830458E-004,9.329891763627529E-004,4.463055229280144E-004,
2.494833333333334E+009,8.906344883143902E-004,4.203833232168108E-004,9.072890388779342E-004,4.668030305765569E-004,
2.494866666666667E+009,9.256160119548440E-004,4.172809713054448E-004,8.771458524279296E-004,3.880126168951392E-004,
2.494900000000000E+009,9.035892435349524E-004,3.433485399000347E-004,9.590126574039459E-004,3.624530800152570E-004,
2.494933333333334E+009,9.792222408577800E-004,3.500559250824153E-004,9.615793242119253E-004,3.782435669563711E-004,
2.494966666666667E+009,9.534817072562873E-004,3.028358914889395E-004,9.266131091862917E-004,3.048272628802806E-004,
2.495000000000000E+009,9.644447709433734E-004,3.087383229285479E-004,9.387206519022584E-004,3.137997409794480E-004,
2.495033333333334E+009,9.672957821749151E-004,2.697608142625541E-004,9.700373047962785E-004,3.069684025831521E-004,
2.495066666666667E+009,9.553551208227873E-004,2.263731439597905E-004,9.816385572776198E-004,2.658724552020431E-004,
2.495100000000000E+009,9.389822953380644E-004,1.833984424592927E-004,1.014046720229089E-003,2.417057694401592E-004,
2.495133333333334E+009,9.679580689407885E-004,1.958510838449001E-004,1.028660917654634E-003,1.835615985328332E-004,
2.495166666666667E+009,9.651652653701603E-004,1.947874989127740E-004,9.943264303728938E-004,1.599413517396897E-004,
2.495200000000000E+009,9.363871067762375E-004,1.687498443061486E-004,1.055743428878486E-003,1.301445881836116E-004,
2.495233333333334E+009,9.959423914551735E-004,1.456128520658240E-004,1.026733894832432E-003,1.210263799293898E-004,
2.495266666666667E+009,1.029052771627903E-003,1.322329189861193E-004,9.804052533581853E-004,6.103692430770025E-005,
2.495300000000000E+009,1.018200302496553E-003,8.260845061158761E-005,1.009989297017455E-003,5.792946467408910E-005,
2.495333333333334E+009,9.756226791068912E-004,1.040224015014246E-004,1.018868060782552E-003,4.704577077063732E-005,
2.495366666666667E+009,1.033958164043725E-003,6.045002010068856E-005,9.719620575197041E-004,4.543076283880509E-005,
2.495400000000000E+009,1.014881767332554E-003,3.604952507885173E-005,9.845325257629156E-004,-2.517560096748639E-005,
2.495433333333334E+009,1.005326746962965E-003,-3.526645741658285E-005,9.669868741184473E-004,-4.492267180467024E-005,
2.495466666666667E+009,9.981500916182995E-004,-6.835662588855485E-006,9.738100925460458E-004,-6.263398972805589E-005,
2.495500000000000E+009,9.859944693744183E-004,-1.017248869175091E-004,1.025825040414929E-003,-7.247996836667880E-005,
2.495533333333334E+009,9.528790251351893E-004,-1.012697903206572E-004,9.899288415908814E-004,-1.197297460748814E-004,
2.495566666666667E+009,9.882256854325533E-004,-1.042678413796239E-004,9.831759380176663E-004,-1.574540947331116E-004,
2.495600000000000E+009,1.037751790136099E-003,-1.347201468888670E-004,1.001231023110449E-003,-2.154859248548746E-004,
2.495633333333334E+009,9.775504004210234E-004,-2.040689723799005E-004,9.788416791707277E-004,-1.929027785081416E-004,
2.495666666666667E+009,9.245586115866900E-004,-1.943659881362692E-004,9.968954836949706E-004,-2.157301205443218E-004,
2.495700000000000E+009,9.048890788108110E-004,-2.632118994370103E-004,9.469470824114978E-004,-2.733559522312135E-004,
2.495733333333334E+009,9.284638799726963E-004,-2.359382488066331E-004,9.116426808759570E-004,-2.334896853426471E-004,
2.495766666666667E+009,9.817754616960883E-004,-2.982982841785997E-004,9.423564188182354E-004,-2.651030663400888E-004,
2.495800000000000E+009,9.334593778476119E-004,-2.706164959818125E-004,9.299126104451716E-004,-3.072128747589886E-004,
2.495833333333334E+009,9.188780095428228E-004,-3.138607135042548E-004,9.674318716861308E-004,-3.347039164509624E-004,
2.495866666666667E+009,9.162958012893796E-004,-3.229905269108713E-004,8.791884756647050E-004,-3.295506758149713E-004,
2.495900000000000E+009,9.051133529283106E-004,-3.878173010889441E-004,8.565110038034618E-004,-3.959612513426691E-004,
2.495933333333334E+009,8.978219702839851E-004,-3.975642030127347E-004,8.872003527358174E-004,-4.015903396066278E-004,
2.495966666666667E+009,9.362121345475316E-004,-3.946407814510167E-004,8.907625451683998E-004,-4.432542191352695E-004,
2.496000000000000E+009,8.476642542518675E-004,-4.233802610542625E-004,8.533393847756088E-004,-4.247455508448184E-004,
2.496033333333334E+009,7.977633504197002E-004,-4.776753776241094E-004,8.280796464532614E-004,-4.645482986234129E-004,
2.496066666666667E+009,8.343580993823707E-004,-4.547181888483465E-004,8.162090671248734E-004,-4.437686293385923E-004,
2.496100000000000E+009,8.049376192502677E-004,-4.909258568659425E-004,8.318868349306285E-004,-4.637083038687706E-004,
2.496133333333334E+009,8.406847482547164E-004,-4.703981103375554E-004,7.847261149436235E-004,-4.991314490325749E-004,
2.496166666666667E+009,7.993908948265016E-004,-4.483206430450082E-004,8.186788763850927E-004,-4.538021748885512E-004,
2.496200000000000E+009,8.295942679978907E-004,-4.764089244417846E-004,8.746892563067377E-004,-5.242671468295157E-004,
2.496233333333334E+009,8.446758729405701E-004,-5.781365907751024E-004,7.466187234967947E-004,-5.502790445461869E-004,
2.496266666666667E+009,7.733145612291992E-004,-4.780936287716031E-004,7.883066427893937E-004,-5.501252016983926E-004,
2.496300000000000E+009,7.330329972319305E-004,-5.560111603699625E-004,6.779770483262837E-004,-5.677941953763366E-004,
2.496333333333334E+009,7.567650754936039E-004,-5.294523434713483E-004,7.075681351125240E-004,-5.416330532170832E-004,
2.496366666666667E+009,7.021245546638966E-004,-6.005172035656869E-004,6.590677658095956E-004,-5.802394007332623E-004,
2.496400000000000E+009,6.809598999097943E-004,-6.149774417281151E-004,7.746722549200058E-004,-6.511307437904179E-004,
2.496433333333334E+009,7.145947311073542E-004,-6.561728077940643E-004,6.431302754208446E-004,-6.292755133472383E-004,
2.496466666666667E+009,6.268215365707874E-004,-6.699476507492364E-004,6.280579837039113E-004,-7.363621843978763E-004,
2.496500000000000E+009,5.956438835710287E-004,-6.663651438429952E-004,6.754276691935957E-004,-6.794590735808015E-004,
2.496533333333334E+009,5.634779809042811E-004,-7.062373915687203E-004,6.118352175690234E-004,-6.850502104498446E-004,
2.496566666666667E+009,5.449317395687103E-004,-7.565419073216617E-004,5.845981067977846E-004,-7.077160407789052E-004,
2.496600000000000E+009,5.477594677358866E-004,-7.982273236848414E-004,5.741365021094680E-004,-7.583199185319245E-004,
2.496633333333334E+009,5.362459341995418E-004,-7.579766679555178E-004,5.001193494535983E-004,-7.592602050863206E-004,
2.496666666666667E+009,4.990529268980026E-004,-7.682654540985823E-004,4.546605923678726E-004,-7.272664806805551E-004,
2.496700000000000E+009,5.690801772288978E-004,-8.297096937894821E-004,4.930755239911377E-004,-7.887041429057717E-004,
2.496733333333334E+009,4.523290845099837E-004,-8.167659398168325E-004,5.225382046774030E-004,-8.131098002195358E-004,
2.496766666666667E+009,5.403144168667495E-004,-7.787421927787364E-004,4.270325298421085E-004,-8.500725962221623E-004,
2.496800000000000E+009,4.292917728889734E-004,-8.646831265650690E-004,3.868676139973104E-004,-8.372474694624543E-004,
2.496833333333334E+009,4.590179305523634E-004,-8.508298778906465E-004,3.919852315448225E-004,-8.737991447560489E-004,
2.496866666666667E+009,3.836231480818242E-004,-8.287635864689946E-004,4.125847481191158E-004,-8.539236150681973E-004,
2.496900000000000E+009,3.717273648362607E-004,-8.412788738496602E-004,3.725983842741698E-004,-8.847042918205261E-004,
2.496933333333334E+009,3.955729480367154E-004,-9.374804212711752E-004,3.217958437744528E-004,-9.021324221976101E-004,
2.496966666666667E+009,3.290461609140039E-004,-8.637107675895095E-004,3.262941609136760E-004,-9.048247011378408E-004,
2.497000000000000E+009,3.359621041454375E-004,-8.644938352517784E-004,2.685835352167487E-004,-8.742286590859294E-004,
2.497033333333334E+009,3.317136433906853E-004,-8.406956330873072E-004,3.301615652162582E-004,-8.943252614699304E-004,
2.497066666666667E+009,2.639039303176105E-004,-9.403841104358435E-004,3.380121779628098E-004,-9.523643529973924E-004,
2.497100000000000E+009,2.680294273886830E-004,-9.190652635879815E-004,2.071744820568711E-004,-8.543318836018443E-004,
2.497133333333334E+009,2.051691117230803E-004,-8.709800313226879E-004,2.144794707419351E-004,-9.506944334134460E-004,
2.497166666666667E+009,1.950426230905578E-004,-8.973330841399729E-004,1.878674665931612E-004,-9.352958877570927E-004,
2.497200000000000E+009,1.725530310068280E-004,-8.629470248706639E-004,1.562304241815582E-004,-9.084290941245854E-004,
2.497233333333334E+009,1.273451780434698E-004,-9.434885578230023E-004,1.403575006406754E-004,-9.366647573187947E-004,
2.497266666666667E+009,1.383621565764770E-004,-9.016472031362355E-004,9.822107676882297E-005,-9.263529209420085E-004,
2.497300000000000E+009,7.403091876767576E-005,-9.358276147395372E-004,1.241857535205782E-004,-9.143544011749327E-004,
2.497333333333334E+009,8.040507964324206E-005,-9.006746113300324E-004,1.114511978812516E-004,-9.497140999883413E-004,
2.497366666666667E+009,7.919870404293761E-005,-9.384300792589784E-004,1.004855876090005E-004,-8.686339715495706E-004,
2.497400000000000E+009,7.755497790640220E-005,-9.708489524200559E-004,9.617210707801860E-006,-9.007643093355000E-004,
2.497433333333334E+009,2.376923293923028E-005,-9.499171283096075E-004,5.016555633119424E-007,-9.584657964296639E-004,
2.497466666666667E+009,2.264872273372021E-005,-9.511580574326217E-004,1.954508843482472E-005,-9.233856690116227E-004,
2.497500000000000E+009,-4.461723437998444E-005,-9.258989593945444E-004,-5.393626270233654E-005,-9.431844810023904E-004,
2.497533333333334E+009,-2.562027293606661E-005,-9.554064599797130E-004,-4.367846850072965E-005,-9.438470005989075E-004,
2.497566666666667E+009,-8.769550186116248E-005,-9.181423811241984E-004,-7.359436858678237E-005,-9.230343275703490E-004,
2.497600000000000E+009,-8.251816325355321E-005,-9.775977814570069E-004,-8.562775474274531E-005,-9.437997359782457E-004,
2.497633333333334E+009,-8.688003435963765E-005,-9.284826810471714E-004,-1.309542130911723E-004,-9.363676654174924E-004,
2.497666666666667E+009,-1.631074119359255E-004,-9.312406182289124E-004,-1.456238824175671E-004,-9.063122561201453E-004,
2.497700000000000E+009,-1.662775030126795E-004,-8.849634905345738E-004,-1.528233406133950E-004,-8.850396843627095E-004,
2.497733333333334E+009,-1.247829059138894E-004,-8.864416740834713E-004,-1.704204478301108E-004,-8.924765861593187E-004,
2.497766666666667E+009,-1.082238013623282E-004,-9.017598931677640E-004,-1.675665844231844E-004,-9.164679213427007E-004,
2.497800000000000E+009,-2.130806969944388E-004,-8.863284601829946E-004,-1.647975877858698E-004,-9.297493379563093E-004,
2.497833333333334E+009,-1.861884229583666E-004,-8.949331240728498E-004,-2.208987425547093E-004,-8.429931476712227E-004,
2.497866666666667E+009,-2.065714215859771E-004,-9.139147005043924E-004,-2.578679996076971E-004,-8.894229540601373E-004,
2.497900000000000E+009,-2.753635635599494E-004,-8.597680716775358E-004,-2.943315485026687E-004,-8.250201935879886E-004,
2.497933333333334E+009,-2.538086555432528E-004,-8.285335497930646E-004,-3.243720566388220E-004,-8.948019240051508E-004,
2.497966666666667E+009,-3.313609631732106E-004,-8.205872727558017E-004,-3.019837313331664E-004,-8.392907911911607E-004,
2.498000000000000E+009,-3.516961878631264E-004,-8.217161521315575E-004,-3.398454573471099E-004,-8.372293668799102E-004,
2.498033333333334E+009,-4.230325866956264E-004,-8.616503328084946E-004,-3.849855565931648E-004,-8.376014884561300E-004,
2.498066666666667E+009,-4.255206149537116E-004,-7.723811431787908E-004,-4.054253513459116E-004,-7.711971411481500E-004,
2.498100000000000E+009,-3.893859975505620E-004,-7.795310229994357E-004,-4.321300657466054E-004,-8.164569735527039E-004,
2.498133333333334E+009,-4.565137496683747E-004,-7.778969011269510E-004,-4.289131029509008E-004,-7.914556190371513E-004,
2.498166666666667E+009,-4.985597915947437E-004,-7.771967793814838E-004,-4.219475376885384E-004,-7.652917993254960E-004,
2.498200000000000E+009,-4.602236149366945E-004,-7.610332104377449E-004,-5.181930027902126E-004,-7.478930056095123E-004,
2.498233333333334E+009,-4.681358695961535E-004,-7.679713889956474E-004,-5.142523441463709E-004,-7.422189228236675E-004,
2.498266666666667E+009,-5.106062744744122E-004,-7.469780975952745E-004,-5.803867243230343E-004,-7.163529517129064E-004,
2.498300000000000E+009,-5.332684959284961E-004,-7.709520868957043E-004,-5.276320734992623E-004,-7.237764657475054E-004,
2.498333333333334E+009,-5.518023972399533E-004,-7.133094477467239E-004,-5.746342940256000E-004,-7.275309762917459E-004,
2.498366666666667E+009,-6.005812902003527E-004,-7.512170122936368E-004,-5.458893720060587E-004,-7.111658342182636E-004,
2.498400000000000E+009,-6.021768203936517E-004,-6.355468067340553E-004,-5.961735732853413E-004,-7.051296997815371E-004,
2.498433333333334E+009,-6.409212364815176E-004,-6.292958860285580E-004,-6.430548382923007E-004,-6.376990932039917E-004,
2.498466666666667E+009,-6.174569716677070E-004,-6.538527668453753E-004,-6.568746757693589E-004,-6.905803456902504E-004,
2.498500000000000E+009,-6.256218184717000E-004,-6.557967863045633E-004,-6.491576205007732E-004,-6.381458370015025E-004,
2.498533333333334E+009,-6.889893556945026E-004,-6.233362364582717E-004,-6.327187875285745E-004,-6.174922455102205E-004,
2.498566666666667E+009,-6.929127848707140E-004,-6.157994503155351E-004,-6.825730088166893E-004,-5.934404325671494E-004,
2.498600000000000E+009,-7.163856062106788E-004,-5.867750151082873E-004,-7.190884789451957E-004,-5.334813613444567E-004,
2.498633333333334E+009,-7.324681500904262E-004,-5.909686442464590E-004,-6.804568693041802E-004,-5.977636319585145E-004,
2.498666666666667E+009,-7.160960230976343E-004,-5.417282809503377E-004,-7.076706970110536E-004,-5.445919232442975E-004,
2.498700000000000E+009,-7.786220521666110E-004,-4.783156909979880E-004,-7.682291907258332E-004,-5.400748341344297E-004,
2.498733333333334E+009,-7.441085181199014E-004,-5.089230253361166E-004,-7.614768110215664E-004,-4.892286378890276E-004,
2.498766666666667E+009,-7.523205713368952E-004,-4.938672063872218E-004,-7.726391777396202E-004,-4.730846558231860E-004,
2.498800000000000E+009,-7.527217385359108E-004,-4.821631300728768E-004,-7.543219835497439E-004,-5.177945131435990E-004,
2.498833333333334E+009,-7.934938184916973E-004,-4.517579218372703E-004,-7.308371714316309E-004,-4.160462121944875E-004,
2.498866666666667E+009,-7.942676893435419E-004,-3.850399807561189E-004,-8.159907301887870E-004,-4.748607461806387E-004,
2.498900000000000E+009,-8.631136151961982E-004,-3.625275567173958E-004,-7.666900637559593E-004,-3.929325903300196E-004,
2.498933333333334E+009,-8.210164378397167E-004,-3.939927846658975E-004,-8.414014591835439E-004,-3.748397866729647E-004,
2.498966666666667E+009,-8.432299946434796E-004,-3.397864056751132E-004,-7.764449692331255E-004,-3.968874225392938E-004,
2.499000000000000E+009,-8.181348093785346E-004,-3.393021179363132E-004,-8.070262265391648E-004,-3.107776283286512E-004,
2.499033333333334E+009,-8.543973672203720E-004,-3.132343117613345E-004,-8.301928755827248E-004,-3.309939929749817E-004,
2.499066666666667E+009,-8.161638979800046E-004,-2.763913362286985E-004,-8.380301296710968E-004,-2.830875455401838E-004,
2.499100000000000E+009,-8.744531660340726E-004,-2.502446877770126E-004,-8.680621976964176E-004,-2.952715440187603E-004,
2.499133333333334E+009,-8.414868498221040E-004,-2.994080714415759E-004,-8.271964034065604E-004,-2.283382491441444E-004,
2.499166666666667E+009,-8.326446986757219E-004,-3.129916149191558E-004,-8.493431378155947E-004,-2.133605739800260E-004,
2.499200000000000E+009,-8.990625501610339E-004,-1.792224065866321E-004,-8.433355833403766E-004,-2.005634596571326E-004,
2.499233333333334E+009,-8.384669781662524E-004,-1.826463703764603E-004,-8.835312910377979E-004,-1.766702480381355E-004,
2.499266666666667E+009,-8.861661772243679E-004,-1.754943077685311E-004,-8.655724232085049E-004,-1.997109793592244E-004,
2.499300000000000E+009,-8.576724212616682E-004,-1.759693259373307E-004,-8.617884013801813E-004,-2.214900887338445E-004,
2.499333333333334E+009,-8.534519001841545E-004,-1.592019252711907E-004,-9.571024565957487E-004,-1.688997290330008E-004,
2.499366666666667E+009,-9.160583722405136E-004,-2.193204418290407E-004,-9.070815285667777E-004,-1.540621015010402E-004,
2.499400000000000E+009,-9.057142888195813E-004,-1.517661294201389E-004,-8.859198424033821E-004,-1.102749374695122E-004,
2.499433333333334E+009,-9.249342256225646E-004,-1.191203482449055E-004,-8.564311428926885E-004,-8.924806752474979E-005,
2.499466666666667E+009,-8.795157773420215E-004,-4.614825593307614E-005,-8.734847651794553E-004,-6.072418545954861E-005,
2.499500000000000E+009,-9.163952199742198E-004,-6.716696225339547E-005,-9.247612906619906E-004,-2.647501241881400E-005,
2.499533333333334E+009,-8.791349828243256E-004,-6.444856990128756E-005,-9.009490022435784E-004,-3.099765308434144E-005,
2.499566666666667E+009,-8.922784472815692E-004,-3.592401753849117E-006,-9.338772506453097E-004,-2.471672269166447E-005,
2.499600000000000E+009,-9.011554066091776E-004,4.345422712503932E-005,-9.042382589541376E-004,1.503011026215972E-005,
2.499633333333334E+009,-9.170863195322454E-004,8.535943197784945E-005,-9.116121800616384E-004,1.070483558578417E-004,
2.499666666666667E+009,-8.711812552064657E-004,6.833439692854881E-005,-8.688017260283232E-004,1.260425779037178E-004,
2.499700000000000E+009,-8.687640074640513E-004,1.183664207928814E-004,-9.050291264429689E-004,1.620229886611924E-004,
2.499733333333334E+009,-9.165422525256872E-004,9.272102033719420E-005,-8.554675150662661E-004,1.245816529262811E-004,
2.499766666666667E+009,-7.977593922987580E-004,1.827685628086329E-004,-8.739245822653174E-004,8.179876749636605E-005,
2.499800000000000E+009,-8.678010781295598E-004,1.716057740850374E-004,-8.235953864641488E-004,1.765226770658046E-004,
2.499833333333334E+009,-8.605577750131488E-004,1.973363396245986E-004,-8.741174824535847E-004,2.215457207057625E-004,
2.499866666666667E+009,-8.357356418855488E-004,2.609104558359832E-004,-8.484174613840878E-004,2.324501256225631E-004,
2.499900000000000E+009,-8.577707922086120E-004,2.777693734969944E-004,-8.171451627276838E-004,2.533812948968262E-004,
2.499933333333334E+009,-8.657010621391237E-004,2.159991563530639E-004,-8.285024086944759E-004,3.181967476848513E-004,
2.499966666666667E+009,-8.465949213132262E-004,2.759294002316892E-004,-8.378758793696761E-004,2.552940568421036E-004,
2.500000000000000E+009,-8.495809743180871E-004,3.386524622328579E-004,-7.963232928887010E-004,3.078362788073719E-004,
