% Version 1.00
%
%freq[Hz];re:Trc1_S21;im:Trc1_S21;re:Trc2_S12;im:Trc2_S12;
2.480000000000000E+009,1.413237303495407E-003,-9.422496805200353E-005,1.337967230938375E-003,-1.764277985785157E-004,
2.480033333333334E+009,1.326131634414196E-003,-1.465264358557761E-004,1.337233930826187E-003,-9.743318514665589E-005,
2.480066666666667E+009,1.309444895014167E-003,-2.026653673965484E-004,1.312490785494447E-003,-1.865945378085598E-004,
2.480100000000000E+009,1.324070850387216E-003,-1.844024955062196E-004,1.364291529171169E-003,-2.614856057334691E-004,
2.480133333333334E+009,1.371565042063594E-003,-2.308302937308326E-004,1.331134233623743E-003,-2.538650878705084E-004,
2.480166666666667E+009,1.310354797169566E-003,-3.142393543384969E-004,1.323059899732471E-003,-2.572771918494254E-004,
2.480200000000000E+009,1.302387448959053E-003,-3.267700376454741E-004,1.320927171036601E-003,-3.201167855877429E-004,
2.480233333333334E+009,1.287572202272713E-003,-3.323128039482981E-004,1.332223881036043E-003,-3.854022943414748E-004,
2.480266666666667E+009,1.287286402657628E-003,-4.301424487493932E-004,1.260382006876171E-003,-3.820374549832195E-004,
2.480300000000000E+009,1.261154189705849E-003,-5.218160804361105E-004,1.278795185498893E-003,-4.232920764479786E-004,
2.480333333333334E+009,1.264602760784328E-003,-4.573028127197176E-004,1.285103964619339E-003,-4.159495583735406E-004,
2.480366666666667E+009,1.237611402757466E-003,-5.380813381634653E-004,1.283838995732367E-003,-4.529094439931214E-004,
2.480400000000000E+009,1.226417720317841E-003,-5.348632112145424E-004,1.296219299547374E-003,-5.173812969587743E-004,
2.480433333333334E+009,1.235172967426479E-003,-5.816744524054229E-004,1.199324498884380E-003,-5.809892318211496E-004,
2.480466666666667E+009,1.181510626338422E-003,-6.418854463845491E-004,1.247482607141137E-003,-5.607593338936567E-004,
2.480500000000000E+009,1.161695807240903E-003,-5.833731265738607E-004,1.125124399550259E-003,-6.572168204002082E-004,
2.480533333333334E+009,1.173770288005471E-003,-6.694342009723187E-004,1.138539169915021E-003,-6.377614918164909E-004,
2.480566666666667E+009,1.186946174129844E-003,-6.757188821211457E-004,1.175482058897615E-003,-6.787372985854745E-004,
2.480600000000000E+009,1.094928360544145E-003,-7.391494582407177E-004,1.156633603386581E-003,-7.097892230376601E-004,
2.480633333333334E+009,1.068358891643584E-003,-7.293261005543172E-004,1.099764253012836E-003,-7.447935058735311E-004,
2.480666666666667E+009,1.075914944522083E-003,-7.906052633188665E-004,1.088796998374164E-003,-7.957321940921247E-004,
2.480700000000000E+009,1.033343025483191E-003,-7.628636667504907E-004,1.084527233615518E-003,-8.550277561880648E-004,
2.480733333333334E+009,1.039926311932504E-003,-8.875061175785959E-004,1.043402939103544E-003,-8.830077131278813E-004,
2.480766666666667E+009,1.020428957417607E-003,-8.826478733681142E-004,1.019580988213420E-003,-8.931877091526985E-004,
2.480800000000000E+009,1.012339373119175E-003,-8.679545135237277E-004,9.956790599972010E-004,-9.115452994592488E-004,
2.480833333333334E+009,9.861598955467343E-004,-9.178256150335074E-004,9.328189771622419E-004,-9.766547009348869E-004,
2.480866666666667E+009,9.064592304639518E-004,-9.680785005912185E-004,9.523524204269052E-004,-9.416955872438848E-004,
2.480900000000000E+009,9.402290452271700E-004,-9.511934476904571E-004,9.095753193832934E-004,-9.734199265949428E-004,
2.480933333333334E+009,9.421944268979132E-004,-1.030727638863027E-003,9.105449425987899E-004,-1.016859663650394E-003,
2.480966666666667E+009,8.755522430874407E-004,-1.071116072125733E-003,9.407335310243070E-004,-1.029804931022227E-003,
2.481000000000000E+009,8.617545827291906E-004,-1.047296100296080E-003,8.420947124250233E-004,-1.069437945261598E-003,
2.481033333333334E+009,7.956631598062813E-004,-1.117358915507793E-003,7.547661662101746E-004,-1.081349095329642E-003,
2.481066666666667E+009,7.480566855520010E-004,-1.099867396987975E-003,7.552019087597728E-004,-1.157390768639743E-003,
2.481100000000000E+009,7.032869616523385E-004,-1.118052168749273E-003,7.344584446400404E-004,-1.175746554508805E-003,
2.481133333333334E+009,7.281205616891384E-004,-1.229522749781609E-003,6.948176305741072E-004,-1.144703361205757E-003,
2.481166666666667E+009,6.813336513005197E-004,-1.162451575510204E-003,6.563280476257205E-004,-1.144269481301308E-003,
2.481200000000000E+009,6.360679399222136E-004,-1.240358105860651E-003,5.939743714407086E-004,-1.196993514895439E-003,
2.481233333333334E+009,5.857078358530998E-004,-1.271769404411316E-003,5.907818558625877E-004,-1.269691856577992E-003,
2.481266666666667E+009,5.553513183258474E-004,-1.257473719306290E-003,5.431923782452941E-004,-1.243356964550912E-003,
2.481300000000000E+009,5.156680126674473E-004,-1.271200017072260E-003,5.403973045758903E-004,-1.270129694603384E-003,
2.481333333333334E+009,4.609938478097320E-004,-1.298267976380885E-003,5.192707176320255E-004,-1.239298260770738E-003,
2.481366666666667E+009,4.874670412391424E-004,-1.322063500992954E-003,4.794622363988310E-004,-1.278884010389447E-003,
2.481400000000000E+009,4.316492122597992E-004,-1.270232489332557E-003,3.970455145463347E-004,-1.320688752457500E-003,
2.481433333333334E+009,4.139288503210992E-004,-1.284422818571329E-003,3.580522025004029E-004,-1.299116760492325E-003,
2.481466666666667E+009,3.014947287738323E-004,-1.245950930751860E-003,3.904354525730014E-004,-1.317041111178696E-003,
2.481500000000000E+009,3.070367965847254E-004,-1.369953271932900E-003,3.218427009414882E-004,-1.313998945988715E-003,
2.481533333333334E+009,2.970330533571541E-004,-1.352090854197741E-003,2.916250959970057E-004,-1.304775709286332E-003,
2.481566666666667E+009,2.575073158368468E-004,-1.317813643254340E-003,2.743889635894448E-004,-1.352362800389528E-003,
2.481600000000000E+009,2.197717694798484E-004,-1.357878907583654E-003,2.073900395771489E-004,-1.357920933514834E-003,
2.481633333333334E+009,1.615399960428476E-004,-1.343174721114337E-003,1.856123562902212E-004,-1.343607786111534E-003,
2.481666666666667E+009,1.685174356680363E-004,-1.312807900831103E-003,1.911214494612068E-004,-1.366148353554308E-003,
2.481700000000000E+009,1.273348170798272E-004,-1.342818024568260E-003,1.150035604950972E-004,-1.353037427179515E-003,
2.481733333333334E+009,6.613721052417532E-005,-1.386160147376359E-003,1.052339939633384E-004,-1.300540869124234E-003,
2.481766666666667E+009,1.187598718388472E-005,-1.266819424927235E-003,9.806045454752166E-006,-1.332222367636859E-003,
2.481800000000000E+009,2.329144808754791E-005,-1.379217137582600E-003,-4.527781129581854E-006,-1.370379235595465E-003,
2.481833333333334E+009,5.747422164859017E-006,-1.368769095279276E-003,2.213884499724372E-006,-1.329571823589504E-003,
2.481866666666667E+009,-8.635812991997227E-005,-1.371764228679240E-003,-4.765348421642557E-005,-1.398057094775140E-003,
2.481900000000000E+009,-9.847847832133994E-005,-1.299818977713585E-003,-1.174328499473631E-004,-1.314005930908024E-003,
2.481933333333334E+009,-1.171007024822757E-004,-1.319962320849299E-003,-1.539878576295450E-004,-1.342282630503178E-003,
2.481966666666667E+009,-1.636514207348228E-004,-1.301381387747824E-003,-1.153869161498733E-004,-1.301733660511673E-003,
2.482000000000000E+009,-1.627908059163019E-004,-1.369135221466422E-003,-2.338367921765894E-004,-1.339585403911769E-003,
2.482033333333334E+009,-2.205777273047715E-004,-1.343432581052184E-003,-2.346098772250116E-004,-1.370297162793577E-003,
2.482066666666667E+009,-2.610940719023347E-004,-1.322524389252067E-003,-2.934025542344898E-004,-1.305386656895280E-003,
2.482100000000000E+009,-3.276149800512940E-004,-1.335950801149011E-003,-3.136334125883877E-004,-1.301683601923287E-003,
2.482133333333334E+009,-3.394384984858334E-004,-1.296175527386367E-003,-3.346572048030794E-004,-1.307605416513979E-003,
2.482166666666667E+009,-3.487733774818480E-004,-1.282909070141614E-003,-4.255879903212190E-004,-1.241066493093967E-003,
2.482200000000000E+009,-3.933522675652057E-004,-1.283202436752617E-003,-4.147627623751760E-004,-1.255741459317505E-003,
2.482233333333334E+009,-3.775070072151721E-004,-1.225169515237212E-003,-4.463413497433066E-004,-1.310655381530523E-003,
2.482266666666667E+009,-4.689489142037928E-004,-1.192101393826306E-003,-4.677695396821946E-004,-1.254984992556274E-003,
2.482300000000000E+009,-4.646662273444235E-004,-1.198920770548284E-003,-5.136177642270923E-004,-1.205410109832883E-003,
2.482333333333334E+009,-5.542503204196692E-004,-1.222492544911802E-003,-5.316396127454937E-004,-1.257505384273827E-003,
2.482366666666667E+009,-5.551209906116128E-004,-1.217767712660134E-003,-6.133196293376386E-004,-1.195281511172652E-003,
2.482400000000000E+009,-6.007289630360901E-004,-1.149572781287134E-003,-6.309174350462854E-004,-1.165196066722274E-003,
2.482433333333334E+009,-6.387768080458045E-004,-1.154323108494282E-003,-6.584715447388589E-004,-1.140573294833303E-003,
2.482466666666667E+009,-7.034693844616413E-004,-1.188098336569965E-003,-7.051776628941298E-004,-1.154629979282618E-003,
2.482500000000000E+009,-7.113074534572661E-004,-1.118775806389749E-003,-6.909285439178348E-004,-1.140229054726660E-003,
2.482533333333334E+009,-7.033006404526532E-004,-1.120826345868409E-003,-7.501606596633792E-004,-1.115932944230735E-003,
2.482566666666667E+009,-8.168561616912484E-004,-1.071669510565698E-003,-7.672071224078536E-004,-1.113854232244194E-003,
2.482600000000000E+009,-8.280142210423946E-004,-1.047803554683924E-003,-8.583156741224229E-004,-1.059228321537376E-003,
2.482633333333334E+009,-8.237358997575939E-004,-1.030795974656940E-003,-8.302340866066515E-004,-1.036921166814864E-003,
2.482666666666667E+009,-8.981293649412692E-004,-9.966577636078000E-004,-8.304346119984984E-004,-9.682263480499387E-004,
2.482700000000000E+009,-8.944857399910688E-004,-9.826915338635445E-004,-8.562450530007482E-004,-9.235619218088687E-004,
2.482733333333334E+009,-8.998338598757982E-004,-9.601791971363127E-004,-9.076918358914554E-004,-9.182901121675968E-004,
2.482766666666667E+009,-9.347664890810847E-004,-9.122028131969273E-004,-9.808990871533752E-004,-9.640731150284410E-004,
2.482800000000000E+009,-9.873432572931051E-004,-8.582859882153571E-004,-9.950631065294147E-004,-9.284041589125991E-004,
2.482833333333334E+009,-1.023954711854458E-003,-8.703527273610234E-004,-1.038482063449919E-003,-8.568732300773263E-004,
2.482866666666667E+009,-9.957238798961043E-004,-8.747386164031923E-004,-1.040566712617874E-003,-8.345850510522723E-004,
2.482900000000000E+009,-1.015629968605936E-003,-8.339879568666220E-004,-1.066162367351353E-003,-8.121161372400820E-004,
2.482933333333334E+009,-1.037671696394682E-003,-7.585386047139764E-004,-1.044978271238506E-003,-7.832171395421028E-004,
2.482966666666667E+009,-1.059548230841756E-003,-7.599706877954304E-004,-1.064763986505568E-003,-7.551776943728328E-004,
2.483000000000000E+009,-1.113230595365167E-003,-7.156522478908300E-004,-1.166517729870975E-003,-7.026918465271592E-004,
2.483033333333334E+009,-1.114032929763198E-003,-6.968688685446978E-004,-1.113997190259397E-003,-6.872914382256568E-004,
2.483066666666667E+009,-1.109694014303386E-003,-7.105024415068328E-004,-1.117326435633004E-003,-6.346735754050314E-004,
2.483100000000000E+009,-1.162418164312840E-003,-5.980136338621378E-004,-1.171267940662801E-003,-6.306301220320165E-004,
2.483133333333334E+009,-1.125518232584000E-003,-6.002823356539011E-004,-1.202658517286181E-003,-6.149451946839690E-004,
2.483166666666667E+009,-1.189819653518498E-003,-6.288069998845458E-004,-1.193919219076634E-003,-5.526327295228839E-004,
2.483200000000000E+009,-1.189149916172028E-003,-5.499830003827810E-004,-1.210065558552742E-003,-5.190445808693767E-004,
2.483233333333334E+009,-1.254852977581322E-003,-5.084900767542422E-004,-1.199991093017161E-003,-4.986413405276835E-004,
2.483266666666667E+009,-1.226757303811610E-003,-5.098222754895687E-004,-1.244389452040196E-003,-4.847424279432744E-004,
2.483300000000000E+009,-1.226947642862797E-003,-4.221614799462259E-004,-1.310820342041552E-003,-4.561439563985914E-004,
2.483333333333334E+009,-1.266145613044500E-003,-4.299089487176389E-004,-1.208991976454854E-003,-4.492337757255882E-004,
2.483366666666667E+009,-1.282588345929980E-003,-4.287284973543137E-004,-1.250517321750522E-003,-3.663205134216696E-004,
2.483400000000000E+009,-1.231919974088669E-003,-3.499318554531783E-004,-1.308121136389673E-003,-3.359757538419217E-004,
2.483433333333334E+009,-1.264904392883182E-003,-3.022450546268374E-004,-1.281765173189342E-003,-3.422448353376240E-004,
2.483466666666667E+009,-1.305584679357708E-003,-2.712346904445440E-004,-1.250125700607896E-003,-3.215350152458996E-004,
2.483500000000000E+009,-1.256206189282239E-003,-2.889634633902460E-004,-1.286391052417457E-003,-2.844454720616341E-004,
2.483533333333334E+009,-1.276721246540546E-003,-1.768101938068867E-004,-1.276987022720277E-003,-2.412701724097133E-004,
2.483566666666667E+009,-1.284593949094415E-003,-2.195613487856463E-004,-1.297035836614668E-003,-1.670650672167540E-004,
2.483600000000000E+009,-1.270400825887919E-003,-1.385734358336777E-004,-1.304584089666605E-003,-1.043548909365200E-004,
2.483633333333334E+009,-1.263340003788471E-003,-1.363353512715548E-004,-1.302915741689503E-003,-1.307230413658544E-004,
2.483666666666667E+009,-1.327853300608695E-003,-7.806917710695416E-005,-1.274524489417672E-003,-1.033457228913903E-004,
2.483700000000000E+009,-1.287659630179405E-003,-8.192946552298963E-005,-1.310873427428305E-003,-2.130333814420737E-005,
2.483733333333334E+009,-1.250583329237998E-003,-7.932904554763809E-005,-1.309367828071117E-003,-2.083398840113659E-006,
2.483766666666667E+009,-1.274686190299690E-003,-1.087868142235493E-007,-1.336344284936786E-003,-1.118952422984876E-005,
2.483800000000000E+009,-1.357284840196371E-003,8.722112397663295E-005,-1.262307749129832E-003,4.416594674694352E-005,
2.483833333333334E+009,-1.272119930945337E-003,3.762593405554071E-005,-1.300956937484443E-003,1.040566057781689E-004,
2.483866666666667E+009,-1.316870562732220E-003,1.507530105300248E-004,-1.310810213908553E-003,1.768917572917417E-004,
2.483900000000000E+009,-1.342309289611876E-003,1.297094422625378E-004,-1.300985459238291E-003,1.371133985230699E-004,
2.483933333333334E+009,-1.283825491555035E-003,1.933606108650565E-004,-1.274749170988798E-003,1.974018814507872E-004,
2.483966666666667E+009,-1.270368462428451E-003,1.858162577264011E-004,-1.278986106626689E-003,1.826723018893972E-004,
2.484000000000000E+009,-1.237512915395200E-003,2.637764264363796E-004,-1.249557361006737E-003,2.872719778679311E-004,
2.484033333333334E+009,-1.240805839188397E-003,2.843831607606262E-004,-1.276326249353588E-003,3.231067967135459E-004,
2.484066666666667E+009,-1.218663877807558E-003,3.171866992488504E-004,-1.261879573576152E-003,3.432955709286034E-004,
2.484100000000000E+009,-1.259585027582943E-003,4.033668374177069E-004,-1.249598688445985E-003,3.901156887877733E-004,
2.484133333333334E+009,-1.230048481374979E-003,4.533533065114170E-004,-1.273203175514936E-003,4.103493120055646E-004,
2.484166666666667E+009,-1.240366720594466E-003,4.919671919196844E-004,-1.218991470523179E-003,4.377601144369692E-004,
2.484200000000000E+009,-1.255379640497267E-003,4.658758407458663E-004,-1.222438178956509E-003,4.356106510385871E-004,
2.484233333333334E+009,-1.221382408402860E-003,5.212941905483604E-004,-1.195680117234588E-003,4.927086993120611E-004,
2.484266666666667E+009,-1.194379408843815E-003,5.883687408640981E-004,-1.192059600725770E-003,6.076348363421857E-004,
2.484300000000000E+009,-1.140761771239340E-003,5.721983616240323E-004,-1.131190336309373E-003,5.668520461767912E-004,
2.484333333333334E+009,-1.149111078120768E-003,6.176831084303558E-004,-1.077233464457095E-003,6.040286971256137E-004,
2.484366666666667E+009,-1.119328662753105E-003,6.243193638511002E-004,-1.120737637393177E-003,7.009782129898667E-004,
2.484400000000000E+009,-1.133956247940660E-003,6.600597407668829E-004,-1.151365810073912E-003,6.525043863803148E-004,
2.484433333333334E+009,-1.115803024731576E-003,6.982254562899470E-004,-1.078157802112401E-003,7.459817570634186E-004,
2.484466666666667E+009,-1.111413817852736E-003,7.467157556675375E-004,-1.061100512742996E-003,7.753226091153920E-004,
2.484500000000000E+009,-1.023763441480696E-003,7.354187546297908E-004,-1.029427978210151E-003,7.514276076108217E-004,
2.484533333333334E+009,-1.013635424897075E-003,7.462081848643720E-004,-1.043129013851285E-003,8.115401724353433E-004,
2.484566666666667E+009,-1.017508329823613E-003,8.201228920370340E-004,-1.013647415675223E-003,9.014075039885938E-004,
2.484600000000000E+009,-9.628895786590874E-004,8.764142985455692E-004,-9.906609775498509E-004,8.376205223612487E-004,
2.484633333333334E+009,-9.205956594087184E-004,8.333030273206532E-004,-9.059912408702076E-004,9.114600834436715E-004,
2.484666666666667E+009,-9.513652767054737E-004,9.153859573416412E-004,-9.145963704213500E-004,8.847122662700713E-004,
2.484700000000000E+009,-9.116668370552361E-004,9.114048443734646E-004,-9.146224474534392E-004,9.274406475014985E-004,
2.484733333333334E+009,-8.670660899952054E-004,9.548299130983651E-004,-9.038263233378530E-004,9.348884341306984E-004,
2.484766666666667E+009,-8.280525216832757E-004,9.373237844556570E-004,-8.505536825396121E-004,9.055859991349280E-004,
2.484800000000000E+009,-8.310252451337874E-004,9.813425131142139E-004,-8.161586592905223E-004,9.850921342149377E-004,
2.484833333333334E+009,-7.871516281738877E-004,9.668528218753636E-004,-7.853794959373772E-004,1.036406494677067E-003,
2.484866666666667E+009,-8.504940196871758E-004,1.011342159472406E-003,-8.168719941750169E-004,1.093586790375412E-003,
2.484900000000000E+009,-8.321080822497606E-004,1.034298911690712E-003,-7.439287146553397E-004,1.007228973321617E-003,
2.484933333333334E+009,-7.870306726545095E-004,1.052876119501889E-003,-7.427010568790138E-004,1.022036303766072E-003,
2.484966666666667E+009,-7.107045385055244E-004,1.052683335728943E-003,-6.313124904409051E-004,1.122841495089233E-003,
2.485000000000000E+009,-6.550431717187166E-004,1.126077258959413E-003,-7.388445083051920E-004,1.103962305933237E-003,
2.485033333333334E+009,-6.857475964352489E-004,1.106342533603311E-003,-6.542186602018774E-004,1.079813810065389E-003,
2.485066666666667E+009,-6.368830217979848E-004,1.137191080488265E-003,-6.484997575171292E-004,1.092529157176614E-003,
2.485100000000000E+009,-5.847042775712907E-004,1.168357790447772E-003,-5.751627613790333E-004,1.155374222435057E-003,
2.485133333333334E+009,-5.874031339772046E-004,1.138710184022784E-003,-5.644307238981128E-004,1.121941488236189E-003,
2.485166666666667E+009,-5.800644285045564E-004,1.142900087870657E-003,-5.797114572487772E-004,1.149123185314238E-003,
2.485200000000000E+009,-4.830535908695310E-004,1.174892182461917E-003,-4.789730592165142E-004,1.151270815171301E-003,
2.485233333333334E+009,-4.975416813977063E-004,1.213308307342231E-003,-4.757966380566359E-004,1.188395079225302E-003,
2.485266666666667E+009,-4.541797097772360E-004,1.208715140819550E-003,-4.191099433228374E-004,1.237130491062999E-003,
2.485300000000000E+009,-4.021522181574255E-004,1.186480047181249E-003,-4.129262815695256E-004,1.210361369885504E-003,
2.485333333333334E+009,-3.739437961485237E-004,1.222076360136271E-003,-3.254096955060959E-004,1.269749831408262E-003,
2.485366666666667E+009,-3.836827236227691E-004,1.239577773958445E-003,-3.012870438396931E-004,1.224266830831766E-003,
2.485400000000000E+009,-3.075079002883285E-004,1.231867587193847E-003,-3.153948637191206E-004,1.222317921929061E-003,
2.485433333333334E+009,-2.087921166094020E-004,1.244797138497233E-003,-2.556275867391378E-004,1.270659849978983E-003,
2.485466666666667E+009,-2.195355191361159E-004,1.280121156014502E-003,-2.212441322626546E-004,1.309014041908085E-003,
2.485500000000000E+009,-1.441084168618545E-004,1.264507533051074E-003,-1.693312806310132E-004,1.300382078625262E-003,
2.485533333333334E+009,-1.337440626230091E-004,1.279957708902657E-003,-1.460538042010739E-004,1.285928301513195E-003,
2.485566666666667E+009,-1.283065212192014E-004,1.265666447579861E-003,-1.374119747197256E-004,1.278919051401317E-003,
2.485600000000000E+009,-1.266917679458857E-004,1.300955074839294E-003,-9.656915790401399E-005,1.270735287107527E-003,
2.485633333333334E+009,-7.250399357872084E-005,1.307107857428491E-003,-1.013381097436650E-005,1.316000241786242E-003,
2.485666666666667E+009,1.277741102967411E-005,1.320715877227485E-003,-1.566789433127269E-005,1.305765938013792E-003,
2.485700000000000E+009,-8.324718692165334E-006,1.257329946383834E-003,-4.241315764375031E-005,1.305775018408895E-003,
2.485733333333334E+009,6.957994628464803E-005,1.289010280743241E-003,7.016359450062737E-005,1.285627135075629E-003,
2.485766666666667E+009,7.527758862124756E-005,1.278043491765857E-003,1.097895801649429E-004,1.269520726054907E-003,
2.485800000000000E+009,1.593219931237400E-004,1.291392720304430E-003,1.705710310488939E-004,1.301065087318420E-003,
2.485833333333334E+009,2.062729327008128E-004,1.300667994655669E-003,1.890707062557340E-004,1.274478156119585E-003,
2.485866666666667E+009,1.843176723923534E-004,1.281694276258349E-003,2.140671713277698E-004,1.255225390195847E-003,
2.485900000000000E+009,1.883285731310025E-004,1.252002082765102E-003,1.821802725316957E-004,1.262350939214230E-003,
2.485933333333334E+009,2.486666489858180E-004,1.252835034392774E-003,2.585977781563997E-004,1.189221045933664E-003,
2.485966666666667E+009,3.515278804115951E-004,1.245288993231952E-003,3.395790699869394E-004,1.187696703709662E-003,
2.486000000000000E+009,3.679639485199004E-004,1.207983121275902E-003,3.456136328168213E-004,1.207092078402638E-003,
2.486033333333334E+009,3.773666394408792E-004,1.216482836753130E-003,3.924719349015504E-004,1.185746514238417E-003,
2.486066666666667E+009,4.395192663650960E-004,1.191620947793126E-003,4.270347999408841E-004,1.158937229774892E-003,
2.486100000000000E+009,4.815826541744173E-004,1.157784368842840E-003,4.437323077581823E-004,1.180988154374063E-003,
2.486133333333334E+009,4.555593186523765E-004,1.169486902654171E-003,4.730513610411435E-004,1.149701187387109E-003,
2.486166666666667E+009,4.777459544129670E-004,1.195322489365935E-003,5.159847787581384E-004,1.186040928587318E-003,
2.486200000000000E+009,5.446362774819136E-004,1.167807844467461E-003,5.853123730048537E-004,1.188270282000303E-003,
2.486233333333334E+009,5.927726160734892E-004,1.141821732744575E-003,5.527161993086338E-004,1.184165710583329E-003,
2.486266666666667E+009,5.797839257866144E-004,1.102968119084835E-003,5.952863721176982E-004,1.137615297921002E-003,
2.486300000000000E+009,6.637678598053753E-004,1.178395934402943E-003,6.406175089068711E-004,1.159455860033631E-003,
2.486333333333334E+009,6.677938508801162E-004,1.109932200051844E-003,6.326409638859332E-004,1.082802424207330E-003,
2.486366666666667E+009,6.412014481611550E-004,1.084743882529438E-003,6.753809866495431E-004,1.070869737304747E-003,
2.486400000000000E+009,7.499527418985963E-004,1.085003605112433E-003,6.924635381437838E-004,1.033756881952286E-003,
2.486433333333334E+009,7.753978716209531E-004,9.963969932869077E-004,7.409580284729600E-004,1.040362636558712E-003,
2.486466666666667E+009,7.743708556517959E-004,1.073369057849050E-003,7.693370571359992E-004,1.064022420905531E-003,
2.486500000000000E+009,7.255299133248627E-004,1.028356608003378E-003,8.132861694321036E-004,1.042433665134013E-003,
2.486533333333334E+009,8.174943504855037E-004,9.516793070361018E-004,7.714282255619764E-004,1.008510007523000E-003,
2.486566666666667E+009,8.473915513604879E-004,1.045012031681836E-003,8.131226059049368E-004,9.576344164088368E-004,
2.486600000000000E+009,8.748982218094170E-004,9.246110566891730E-004,8.317360770888627E-004,9.683765820227563E-004,
2.486633333333334E+009,8.586545591242611E-004,9.685178520157933E-004,8.466166327707470E-004,8.902847766876221E-004,
2.486666666666667E+009,8.747620158828795E-004,8.996167453005910E-004,8.825116674415767E-004,9.204763919115067E-004,
2.486700000000000E+009,8.618769352324307E-004,8.602701127529144E-004,9.437440894544125E-004,8.698705933056772E-004,
2.486733333333334E+009,9.933674009516835E-004,8.309370605275035E-004,9.033390670083463E-004,8.539287955500186E-004,
2.486766666666667E+009,9.688297868706286E-004,8.094794466160238E-004,9.458626154810190E-004,8.476508664898574E-004,
2.486800000000000E+009,9.763190755620599E-004,8.078715763986111E-004,9.635236347094178E-004,8.070503245107830E-004,
2.486833333333334E+009,9.742416441440582E-004,8.114663651213050E-004,1.014481182210147E-003,7.471987046301365E-004,
2.486866666666667E+009,9.923592442646623E-004,7.702976581640542E-004,1.063303323462606E-003,7.184699061326683E-004,
2.486900000000000E+009,1.074827276170254E-003,7.504796376451850E-004,1.000343821942806E-003,7.232925854623318E-004,
2.486933333333334E+009,1.097241532988846E-003,6.523655029013753E-004,1.049676793627441E-003,6.782576674595475E-004,
2.486966666666667E+009,1.127240015193820E-003,6.658266647718847E-004,1.044162549078465E-003,6.292916950769723E-004,
2.487000000000000E+009,1.144131412729621E-003,6.168990512378514E-004,1.135197468101978E-003,6.383942090906203E-004,
2.487033333333334E+009,1.080321613699198E-003,6.067571812309325E-004,1.154558965936303E-003,5.433487240225077E-004,
2.487066666666667E+009,1.125548151321709E-003,5.619460134766996E-004,1.169439754448831E-003,5.513061769306660E-004,
2.487100000000000E+009,1.144976820796728E-003,5.133323138579726E-004,1.095072133466601E-003,5.102196591906250E-004,
2.487133333333334E+009,1.145156216807663E-003,4.832759150303900E-004,1.214809599332511E-003,4.803510382771492E-004,
2.487166666666667E+009,1.182260573841631E-003,4.041245556436479E-004,1.197666977532208E-003,4.469547711778432E-004,
2.487200000000000E+009,1.167757436633110E-003,4.198630631435663E-004,1.226112013682723E-003,4.672422073781490E-004,
2.487233333333334E+009,1.178644713945687E-003,3.864595491904765E-004,1.138951396569610E-003,3.898536378983408E-004,
2.487266666666667E+009,1.212834729813039E-003,4.015856538899243E-004,1.217398210428655E-003,3.233179158996791E-004,
2.487300000000000E+009,1.271454617381096E-003,3.520602185744792E-004,1.228208770044148E-003,3.333482600282878E-004,
2.487333333333334E+009,1.192082767374814E-003,3.323034034110606E-004,1.273112138733268E-003,2.667419321369380E-004,
2.487366666666667E+009,1.229495974257588E-003,3.011153894476593E-004,1.276173279620707E-003,2.521209244150668E-004,
2.487400000000000E+009,1.254324102774262E-003,2.069725305773318E-004,1.234173309057951E-003,1.894141460070387E-004,
2.487433333333334E+009,1.311939791776240E-003,1.669898920226842E-004,1.253503607586026E-003,1.505922264186665E-004,
2.487466666666667E+009,1.263888669200242E-003,8.116114622680470E-005,1.229951158165932E-003,9.507810318609700E-005,
2.487500000000000E+009,1.279503339901567E-003,1.471696305088699E-004,1.296246075071394E-003,1.329173101112247E-004,
2.487533333333334E+009,1.223536673933268E-003,9.954343113349751E-005,1.279740012250841E-003,8.495035581290722E-005,
2.487566666666667E+009,1.243272214196622E-003,8.550090569769964E-005,1.242784899659455E-003,4.870106204180047E-005,
2.487600000000000E+009,1.200117170810700E-003,-3.176905738655478E-005,1.285883947275579E-003,2.142110361091909E-006,
2.487633333333334E+009,1.309552928432822E-003,-6.465810292866081E-005,1.214639632962644E-003,-4.250491474522278E-005,
2.487666666666667E+009,1.266772509552538E-003,-7.891682616900653E-005,1.221552374772728E-003,-6.488931103376672E-005,
2.487700000000000E+009,1.276406110264361E-003,-8.209316001739353E-005,1.209988608025014E-003,-7.472860306734219E-005,
2.487733333333334E+009,1.256083953194320E-003,-9.372970816912130E-005,1.284986501559615E-003,-8.461546531179920E-005,
2.487766666666667E+009,1.297024777159095E-003,-1.774853444658220E-004,1.300534000620246E-003,-1.452116848668084E-004,
2.487800000000000E+009,1.271281391382217E-003,-1.880952768260613E-004,1.274505862966180E-003,-2.543049631640315E-004,
2.487833333333334E+009,1.185925677418709E-003,-3.014075628016144E-004,1.249773777090013E-003,-2.405128034297377E-004,
2.487866666666667E+009,1.200473634526134E-003,-2.944130101241171E-004,1.262658974155784E-003,-2.569154312368482E-004,
2.487900000000000E+009,1.219091704115272E-003,-2.827593707479537E-004,1.233935239724815E-003,-2.697643649298698E-004,
2.487933333333334E+009,1.258897711522877E-003,-2.958208206109703E-004,1.200469210743904E-003,-3.652308078017086E-004,
2.487966666666667E+009,1.243171049281955E-003,-3.752531483769417E-004,1.233310671523213E-003,-3.501195751596242E-004,
2.488000000000000E+009,1.201394246891141E-003,-3.742238623090088E-004,1.187334186397493E-003,-3.687629068735987E-004,
2.488033333333334E+009,1.226567779667676E-003,-4.078671336174011E-004,1.160062383860350E-003,-4.490539431571960E-004,
2.488066666666667E+009,1.171627780422568E-003,-4.682960861828178E-004,1.153368968516588E-003,-4.434032889548689E-004,
2.488100000000000E+009,1.209240523166955E-003,-4.680256824940443E-004,1.227648346684873E-003,-4.936275072395802E-004,
2.488133333333334E+009,1.166858826763928E-003,-5.540422862395644E-004,1.163642271421850E-003,-4.987097345292568E-004,
2.488166666666667E+009,1.049824873916805E-003,-4.985211999155581E-004,1.159496023319662E-003,-5.171442171558738E-004,
2.488200000000000E+009,1.116900122724474E-003,-6.171157001517713E-004,1.156201004050672E-003,-5.739342304877937E-004,
2.488233333333334E+009,1.105415751226246E-003,-6.398985278792679E-004,1.189889269880951E-003,-6.328643648885191E-004,
2.488266666666667E+009,1.123679801821709E-003,-6.505713099613786E-004,1.134046819061041E-003,-6.216839537955821E-004,
2.488300000000000E+009,1.044191303662956E-003,-6.535658030770719E-004,1.066313590854406E-003,-6.765101570636034E-004,
2.488333333333334E+009,1.107216929085553E-003,-6.915582343935967E-004,1.013982109725475E-003,-6.663561798632145E-004,
2.488366666666667E+009,1.050595310516655E-003,-7.335856207646430E-004,1.081305090337992E-003,-6.749568274244666E-004,
2.488400000000000E+009,1.044680597260594E-003,-7.927480037324131E-004,1.012619002722204E-003,-7.198928506113589E-004,
2.488433333333334E+009,1.052791252732277E-003,-7.186842267401516E-004,1.045193988829851E-003,-7.832666160538793E-004,
2.488466666666667E+009,9.744993294589222E-004,-8.423944236710668E-004,9.524605120532215E-004,-8.069298346526921E-004,
2.488500000000000E+009,9.603393264114857E-004,-7.804907509125769E-004,9.647501865401864E-004,-7.845307118259370E-004,
2.488533333333334E+009,1.004196936264634E-003,-7.867559324949980E-004,9.536860161460936E-004,-8.352420409210026E-004,
2.488566666666667E+009,9.685427066870034E-004,-8.449297165498138E-004,9.734101477079094E-004,-8.265733486041427E-004,
2.488600000000000E+009,8.922209381125867E-004,-9.371362393721938E-004,8.755325688980520E-004,-9.141099289990962E-004,
2.488633333333334E+009,9.237611666321755E-004,-9.345071157440543E-004,8.764610392972827E-004,-9.312435868196189E-004,
2.488666666666667E+009,8.848768193274736E-004,-9.704836993478239E-004,8.792708395048976E-004,-9.473276440985501E-004,
2.488700000000000E+009,8.007570286281407E-004,-9.403068106621504E-004,8.045215508900583E-004,-9.932521497830749E-004,
2.488733333333334E+009,7.715582614764571E-004,-1.011019456200302E-003,7.774053956381977E-004,-9.652128210291266E-004,
2.488766666666667E+009,7.926076650619507E-004,-9.908406063914299E-004,8.002460235729814E-004,-1.037784270010889E-003,
2.488800000000000E+009,7.598942029289901E-004,-1.088677672669292E-003,7.849492249079049E-004,-1.056231209076941E-003,
2.488833333333334E+009,6.654612370766699E-004,-1.069159479811788E-003,6.854641251266003E-004,-1.045157085172832E-003,
2.488866666666667E+009,6.971234106458724E-004,-1.064491108991206E-003,6.705029518343508E-004,-1.073765219189227E-003,
2.488900000000000E+009,6.359021062962711E-004,-1.066582277417183E-003,6.396474782377482E-004,-1.097705331631005E-003,
2.488933333333334E+009,5.666012293659151E-004,-1.166156027466059E-003,6.088301888667047E-004,-1.095839543268085E-003,
2.488966666666667E+009,5.789790302515030E-004,-1.134536461904645E-003,5.649668746627867E-004,-1.124492962844670E-003,
2.489000000000000E+009,5.130388890393078E-004,-1.128090778365731E-003,5.398849025368691E-004,-1.128435367718339E-003,
2.489033333333334E+009,4.804134659934789E-004,-1.125257578678429E-003,4.823339695576578E-004,-1.167921931482852E-003,
2.489066666666667E+009,4.955441690981388E-004,-1.124556991271675E-003,4.402226186357439E-004,-1.128361793234944E-003,
2.489100000000000E+009,4.741000593639910E-004,-1.181220868602395E-003,4.985608975403011E-004,-1.143995323218405E-003,
2.489133333333334E+009,3.407299809623510E-004,-1.168010639958084E-003,3.699708322528750E-004,-1.188570749945939E-003,
2.489166666666667E+009,3.366655146237463E-004,-1.209546811878681E-003,3.741635300684720E-004,-1.189621281810105E-003,
2.489200000000000E+009,3.802960272878408E-004,-1.174128381535411E-003,3.380420093890280E-004,-1.194456475786865E-003,
2.489233333333334E+009,3.856464463751763E-004,-1.168745337054133E-003,3.062656614929438E-004,-1.185706700198352E-003,
2.489266666666667E+009,2.561203727964312E-004,-1.157494960352778E-003,3.136087325401604E-004,-1.201499602757394E-003,
2.489300000000000E+009,2.303014189237729E-004,-1.238178228959441E-003,2.635544515214860E-004,-1.237157499417663E-003,
2.489333333333334E+009,1.991040044231340E-004,-1.241865684278309E-003,2.116920077241957E-004,-1.305253710597754E-003,
2.489366666666667E+009,1.033248263411224E-004,-1.227753469720483E-003,1.543150719953701E-004,-1.226244145072997E-003,
2.489400000000000E+009,1.419983163941652E-004,-1.225897925905883E-003,1.377740554744378E-004,-1.243316917680204E-003,
2.489433333333334E+009,1.206706219818443E-004,-1.253269263543189E-003,1.265056926058605E-004,-1.269031083211303E-003,
2.489466666666667E+009,3.857440606225282E-005,-1.283283578231931E-003,5.506136949406937E-005,-1.267069950699806E-003,
2.489500000000000E+009,6.180631316965446E-005,-1.224569394253194E-003,5.552775292017032E-006,-1.217338722199202E-003,
2.489533333333334E+009,-1.527938547951635E-005,-1.233314513228834E-003,-5.154079190106131E-005,-1.277173170819879E-003,
2.489566666666667E+009,-3.743677007150836E-005,-1.227662665769458E-003,-8.795547182671726E-005,-1.261725323274732E-003,
2.489600000000000E+009,-7.598458614666015E-005,-1.303510740399361E-003,-5.167139534023590E-005,-1.279893098399043E-003,
2.489633333333334E+009,-1.053090454661287E-004,-1.224083593115211E-003,-9.739884262671694E-005,-1.223838538862765E-003,
2.489666666666667E+009,-9.929869702318683E-005,-1.276532188057900E-003,-1.697372499620542E-004,-1.259177341125906E-003,
2.489700000000000E+009,-1.964755501830950E-004,-1.255922019481659E-003,-1.939216163009405E-004,-1.241012592799962E-003,
2.489733333333334E+009,-2.308480179635808E-004,-1.263319398276508E-003,-1.928120764205232E-004,-1.234938623383641E-003,
2.489766666666667E+009,-2.478045353200287E-004,-1.230814727023244E-003,-2.203389594797045E-004,-1.260985271073878E-003,
2.489800000000000E+009,-2.543553418945521E-004,-1.200455706566572E-003,-2.402453392278403E-004,-1.261380268260837E-003,
2.489833333333334E+009,-2.671546244528145E-004,-1.270231674425304E-003,-2.874165948014706E-004,-1.214249990880489E-003,
2.489866666666667E+009,-2.971727808471769E-004,-1.198278623633087E-003,-2.944325387943536E-004,-1.218340010382235E-003,
2.489900000000000E+009,-3.439098945818842E-004,-1.175826881080866E-003,-3.559613833203912E-004,-1.202000537887216E-003,
2.489933333333334E+009,-4.196504596620798E-004,-1.212586183100939E-003,-3.905697958543897E-004,-1.193363452330232E-003,
2.489966666666667E+009,-4.249229968991131E-004,-1.222260762006044E-003,-3.988283569924533E-004,-1.218923251144588E-003,
2.490000000000000E+009,-4.397938610054553E-004,-1.128353527747095E-003,-4.268697521183640E-004,-1.201881561428309E-003,
2.490033333333334E+009,-4.852230777032673E-004,-1.113871345296502E-003,-5.049659521318972E-004,-1.135476864874363E-003,
2.490066666666667E+009,-5.151008372195065E-004,-1.130243763327599E-003,-5.341374198906124E-004,-1.171492971479893E-003,
2.490100000000000E+009,-5.506169982254505E-004,-1.109806937165558E-003,-5.436344072222710E-004,-1.143387169577181E-003,
2.490133333333334E+009,-5.707577220164239E-004,-1.075080945156515E-003,-5.593738751485944E-004,-1.104429597035050E-003,
2.490166666666667E+009,-5.631068488582969E-004,-1.077852211892605E-003,-5.993612576276064E-004,-1.096750609576702E-003,
2.490200000000000E+009,-6.331899203360081E-004,-1.090012025088072E-003,-6.125899963080883E-004,-1.119646942242980E-003,
2.490233333333334E+009,-6.614294252358377E-004,-1.048462698236108E-003,-6.414152448996902E-004,-1.070244819857180E-003,
2.490266666666667E+009,-7.017480675131083E-004,-1.023996737785637E-003,-7.252863724716008E-004,-1.046656863763928E-003,
2.490300000000000E+009,-6.758900708518922E-004,-1.068934798240662E-003,-7.390052778646350E-004,-1.084696967154741E-003,
2.490333333333334E+009,-7.643162971362472E-004,-1.033954322338104E-003,-7.097838097251952E-004,-9.470858494751155E-004,
2.490366666666667E+009,-7.430894183926284E-004,-9.593068389222026E-004,-7.864867220632732E-004,-9.044744074344635E-004,
2.490400000000000E+009,-7.574196788482368E-004,-9.475697879679501E-004,-8.067875751294196E-004,-9.507425711490214E-004,
2.490433333333334E+009,-8.396147750318050E-004,-9.237280464731157E-004,-8.408236317336559E-004,-8.922329288907349E-004,
2.490466666666667E+009,-8.246569777838886E-004,-8.744710357859731E-004,-8.714822470210493E-004,-8.734556613489986E-004,
2.490500000000000E+009,-9.170285775326192E-004,-8.679308812133968E-004,-8.443443221040070E-004,-8.429443114437163E-004,
2.490533333333334E+009,-9.366862941533327E-004,-8.379223872907460E-004,-8.633825345896184E-004,-8.542925934307277E-004,
2.490566666666667E+009,-9.087076177820563E-004,-8.014006889425218E-004,-9.580129990354180E-004,-8.079761173576117E-004,
2.490600000000000E+009,-9.669708088040352E-004,-7.799608283676207E-004,-9.196061873808503E-004,-7.826297078281641E-004,
2.490633333333334E+009,-9.951808024197817E-004,-7.513980381190777E-004,-9.041833691298962E-004,-7.355291745625436E-004,
2.490666666666667E+009,-9.830592898651958E-004,-6.902708555571735E-004,-9.586825617589057E-004,-6.993551505729556E-004,
2.490700000000000E+009,-9.715454652905464E-004,-6.610658019781113E-004,-9.984207572415471E-004,-7.280632853507996E-004,
2.490733333333334E+009,-9.556051809340715E-004,-6.934235570952296E-004,-1.016279449686408E-003,-6.342874257825315E-004,
2.490766666666667E+009,-9.951539104804397E-004,-6.321123219095171E-004,-9.800964035093784E-004,-6.464129546657205E-004,
2.490800000000000E+009,-1.047407975420356E-003,-6.000243593007326E-004,-1.060586771927774E-003,-5.605582846328616E-004,
2.490833333333334E+009,-1.057140063494444E-003,-5.149143398739398E-004,-1.064528361894190E-003,-6.003386224620044E-004,
2.490866666666667E+009,-1.096119871363044E-003,-5.423399270512164E-004,-1.121337991207838E-003,-5.625751800835133E-004,
2.490900000000000E+009,-1.091809477657080E-003,-5.240712198428810E-004,-1.123184803873301E-003,-5.083854775875807E-004,
2.490933333333334E+009,-1.097535248845816E-003,-4.943706444464624E-004,-1.145716058090329E-003,-5.118958069942892E-004,
2.490966666666667E+009,-1.145822927355766E-003,-4.753145040012896E-004,-1.184893772006035E-003,-3.671509330160916E-004,
2.491000000000000E+009,-1.100420486181974E-003,-4.169619642198086E-004,-1.125657232478261E-003,-4.331416566856206E-004,
2.491033333333334E+009,-1.126933493651450E-003,-4.121195524930954E-004,-1.143020344898105E-003,-4.053247394040227E-004,
2.491066666666667E+009,-1.194483833387494E-003,-3.809455956798047E-004,-1.183259766548872E-003,-3.742123953998089E-004,
2.491100000000000E+009,-1.168283168226481E-003,-3.049036895390600E-004,-1.183834508992732E-003,-3.295236092526466E-004,
2.491133333333334E+009,-1.165539142675698E-003,-3.265917184762657E-004,-1.178746810182929E-003,-3.118270542472601E-004,
2.491166666666667E+009,-1.176291028968990E-003,-2.420634409645572E-004,-1.177569152787328E-003,-2.765012031886727E-004,
2.491200000000000E+009,-1.179430051706731E-003,-2.985740720760077E-004,-1.159905921667814E-003,-2.793267485685647E-004,
2.491233333333334E+009,-1.187013462185860E-003,-2.237451844848692E-004,-1.220518141053617E-003,-2.114171074936166E-004,
2.491266666666667E+009,-1.168888295069337E-003,-1.824954961193726E-004,-1.208324916660786E-003,-2.077832759823650E-004,
2.491300000000000E+009,-1.198316691443324E-003,-1.541370729682967E-004,-1.113633625209332E-003,-1.526737469248474E-004,
2.491333333333334E+009,-1.197806210257113E-003,-1.521760568721220E-004,-1.210751477628946E-003,-1.291454973397777E-004,
2.491366666666667E+009,-1.157770166173577E-003,-1.162606858997606E-004,-1.203961553983390E-003,-4.656207966036163E-005,
2.491400000000000E+009,-1.125340349972248E-003,-1.442255961592309E-005,-1.230572466738522E-003,-4.383419582154602E-005,
2.491433333333334E+009,-1.191879156976938E-003,-3.334843859192915E-005,-1.196992234326899E-003,-4.181198164587840E-005,
2.491466666666667E+009,-1.186650479212403E-003,2.348877387703396E-005,-1.206418266519904E-003,2.927172681665979E-005,
2.491500000000000E+009,-1.249799504876137E-003,1.227130414918065E-004,-1.236341544426978E-003,4.351362440502271E-005,
2.491533333333334E+009,-1.159395556896925E-003,1.047074547386728E-004,-1.260348013602197E-003,6.919692532392219E-005,
2.491566666666667E+009,-1.137811341322959E-003,7.219651160994545E-005,-1.211498747579753E-003,1.349338417639956E-004,
2.491600000000000E+009,-1.208215602673590E-003,1.158287341240794E-004,-1.153346383944154E-003,1.375887950416654E-004,
2.491633333333334E+009,-1.224289881065488E-003,1.293308596359566E-004,-1.210444723255932E-003,1.933352177729830E-004,
2.491666666666667E+009,-1.170387724414468E-003,2.241811598651111E-004,-1.134675578214228E-003,1.973594771698117E-004,
2.491700000000000E+009,-1.114852027967572E-003,1.775753480615094E-004,-1.156751997768879E-003,2.174468827433884E-004,
2.491733333333334E+009,-1.158860162831843E-003,2.111392095685005E-004,-1.154149184003472E-003,2.568708732724190E-004,
2.491766666666667E+009,-1.117845647968352E-003,2.981713332701474E-004,-1.076557440683246E-003,3.104397910647094E-004,
2.491800000000000E+009,-1.151627628132701E-003,2.892812481150031E-004,-1.170745817944408E-003,3.038182039745152E-004,
2.491833333333334E+009,-1.119326218031347E-003,3.121626505162567E-004,-1.137810410000384E-003,3.511406830511987E-004,
2.491866666666667E+009,-1.183787593618035E-003,3.400852729100734E-004,-1.095664105378091E-003,4.041956854052842E-004,
2.491900000000000E+009,-1.115473336540163E-003,4.543142567854375E-004,-1.123284804634750E-003,3.966592485085130E-004,
2.491933333333334E+009,-1.145782414823771E-003,4.819856258109212E-004,-1.133512938395143E-003,4.412755079101771E-004,
2.491966666666667E+009,-1.094571780413389E-003,4.766095371451229E-004,-1.059656613506377E-003,4.754649125970900E-004,
2.492000000000000E+009,-1.046411693096161E-003,5.291660199873149E-004,-1.030890736728907E-003,4.848625103477389E-004,
2.492033333333334E+009,-1.010484760627151E-003,5.356309702619910E-004,-1.031756750307977E-003,5.294647999107838E-004,
2.492066666666667E+009,-1.049054437316954E-003,5.066723097115755E-004,-1.037156558595598E-003,5.850470624864101E-004,
2.492100000000000E+009,-1.001099124550819E-003,5.796036566607654E-004,-1.017499715089798E-003,5.581340519711375E-004,
2.492133333333334E+009,-9.653916349634528E-004,6.375720840878785E-004,-1.022466574795544E-003,6.628207629546523E-004,
2.492166666666667E+009,-9.493917459622026E-004,6.480941083282232E-004,-9.200762142427266E-004,6.850020145066083E-004,
2.492200000000000E+009,-9.671327425166965E-004,7.274387171491981E-004,-9.106608922593296E-004,6.708017317578197E-004,
2.492233333333334E+009,-8.881058311089873E-004,6.442766753025353E-004,-8.490513428114355E-004,6.427069893106818E-004,
2.492266666666667E+009,-8.881942485459149E-004,7.167271687649190E-004,-9.461359004490078E-004,7.394879939965904E-004,
2.492300000000000E+009,-8.635174017399550E-004,7.352140382863581E-004,-8.929303148761392E-004,7.376663270406425E-004,
2.492333333333334E+009,-8.648171206004918E-004,7.154497434385121E-004,-8.388690766878426E-004,7.521640509366989E-004,
2.492366666666667E+009,-8.680732571519911E-004,7.926304824650288E-004,-8.764514932408929E-004,7.871179841458798E-004,
2.492400000000000E+009,-7.954817847348750E-004,8.175545954145491E-004,-8.358918712474406E-004,7.843463099561632E-004,
2.492433333333334E+009,-7.673926884308457E-004,8.112140349112451E-004,-8.100672857835889E-004,8.722902275621891E-004,
2.492466666666667E+009,-8.089614566415548E-004,8.152507944032550E-004,-7.603486883454025E-004,8.351126452907920E-004,
2.492500000000000E+009,-7.517017656937242E-004,8.309237891808152E-004,-7.454953156411648E-004,8.449653978459537E-004,
2.492533333333334E+009,-6.577938911505044E-004,8.915819344110787E-004,-6.748008891008794E-004,8.150212233886123E-004,
2.492566666666667E+009,-7.143307011574507E-004,8.860483649186790E-004,-6.967224180698395E-004,9.186801034957171E-004,
2.492600000000000E+009,-6.528641679324210E-004,9.382899152114987E-004,-6.891220109537244E-004,9.210652788169682E-004,
2.492633333333334E+009,-6.489009829238057E-004,9.068180806934834E-004,-5.796903278678656E-004,9.224396781064570E-004,
2.492666666666667E+009,-6.023573805578053E-004,9.605097002349794E-004,-5.884410347789526E-004,9.319070959463716E-004,
2.492700000000000E+009,-5.475575453601778E-004,9.772086050361395E-004,-6.763633573427796E-004,9.932685643434525E-004,
2.492733333333334E+009,-5.961027345620096E-004,9.544019121676683E-004,-5.993092781864107E-004,1.024413155391812E-003,
2.492766666666667E+009,-5.510385963134468E-004,1.021208241581917E-003,-5.795244360342622E-004,1.009512576274574E-003,
2.492800000000000E+009,-5.361988442018628E-004,1.001307740807533E-003,-5.282730562612414E-004,1.048353035002947E-003,
2.492833333333334E+009,-4.765568301081657E-004,1.035237801261246E-003,-5.166368209756911E-004,1.002129400148988E-003,
2.492866666666667E+009,-4.813187406398356E-004,1.078387722373009E-003,-4.480141215026379E-004,1.039981492795050E-003,
2.492900000000000E+009,-4.429353284649551E-004,1.045208307914436E-003,-4.355719138402492E-004,1.060909708030522E-003,
2.492933333333334E+009,-4.396370204631239E-004,1.072902698069811E-003,-3.860783763229847E-004,1.061734044924378E-003,
2.492966666666667E+009,-3.935233980882913E-004,1.077498309314251E-003,-3.906773927155882E-004,1.033022301271558E-003,
2.493000000000000E+009,-3.403408918529749E-004,1.083757961168885E-003,-3.346285084262490E-004,1.057304209098220E-003,
2.493033333333334E+009,-2.705197839532048E-004,1.134093850851059E-003,-3.169662377331406E-004,1.107743242755532E-003,
2.493066666666667E+009,-2.503099094610661E-004,1.120450440794230E-003,-2.840851666405797E-004,1.115117454901338E-003,
2.493100000000000E+009,-2.163264871342108E-004,1.107428688555956E-003,-2.839225344359875E-004,1.107288640923798E-003,
2.493133333333334E+009,-2.560590510256589E-004,1.063037547282875E-003,-2.690320252440870E-004,1.058620051480830E-003,
2.493166666666667E+009,-1.926535042002797E-004,1.120559172704816E-003,-1.902786170830950E-004,1.097249216400087E-003,
2.493200000000000E+009,-1.883394725155085E-004,1.119721797294915E-003,-1.415926235495135E-004,1.085367170162499E-003,
2.493233333333334E+009,-2.036576188402250E-004,1.119938446208835E-003,-1.204788495670073E-004,1.072932849638164E-003,
2.493266666666667E+009,-1.225567539222539E-004,1.101254601962864E-003,-1.210233604069799E-004,1.162538770586252E-003,
2.493300000000000E+009,-1.261991419596598E-004,1.163642155006528E-003,-8.795910980552435E-005,1.125146518461406E-003,
2.493333333333334E+009,-4.565394556266256E-005,1.095136743970215E-003,-6.869442586321384E-005,1.141293556429446E-003,
2.493366666666667E+009,-1.624726064619608E-005,1.150557422079146E-003,-4.000339322374202E-005,1.099310931749642E-003,
2.493400000000000E+009,-1.511689606559230E-005,1.097950618714094E-003,-4.225748489261605E-005,1.108675845898688E-003,
2.493433333333334E+009,4.744010948343203E-005,1.088240765966475E-003,7.147163705667481E-005,1.109042321331799E-003,
2.493466666666667E+009,1.047783734975383E-004,1.090643927454948E-003,7.840635953471065E-005,1.089855679310858E-003,
2.493500000000000E+009,6.351670890580863E-005,1.101715373806655E-003,6.309879972832277E-005,1.103649614378810E-003,
2.493533333333334E+009,1.712359808152542E-004,1.130157615989447E-003,1.345141354249790E-004,1.079735578969121E-003,
2.493566666666667E+009,1.360767491860315E-004,1.087759737856686E-003,1.138494044425897E-004,1.062460010871291E-003,
2.493600000000000E+009,1.541308447485790E-004,1.027588732540608E-003,1.993314217543230E-004,1.120664528571069E-003,
2.493633333333334E+009,2.546644536778331E-004,1.086863107047975E-003,2.250987599836662E-004,1.085304887965322E-003,
2.493666666666667E+009,2.399757795501500E-004,9.823770960792899E-004,2.479923132341355E-004,1.022874726913869E-003,
2.493700000000000E+009,2.877292863558978E-004,1.068487763404846E-003,2.448659506626427E-004,1.026473939418793E-003,
2.493733333333334E+009,3.332005289848894E-004,9.894744725897908E-004,3.124808135908097E-004,1.040168688632548E-003,
2.493766666666667E+009,3.182202635798603E-004,9.865132160484791E-004,2.493048668839037E-004,9.734578779898584E-004,
2.493800000000000E+009,3.108926466666162E-004,1.018830342218280E-003,3.116046136710793E-004,1.016615540720522E-003,
2.493833333333334E+009,3.595765738282353E-004,9.807528695091605E-004,3.158085455652326E-004,1.003390643745661E-003,
2.493866666666667E+009,3.521345788612962E-004,9.882390731945634E-004,3.726018767338246E-004,9.530941606499255E-004,
2.493900000000000E+009,4.113480972591788E-004,9.886838961392641E-004,4.109018773306161E-004,9.918004507198930E-004,
2.493933333333334E+009,4.430163535289466E-004,9.382510907016695E-004,4.218427056912333E-004,9.868068154901266E-004,
2.493966666666667E+009,5.005373968742788E-004,9.258816135115922E-004,4.765513876918703E-004,9.292961913160980E-004,
2.494000000000000E+009,4.812414699699730E-004,9.345164871774614E-004,4.302163433749229E-004,9.363046265207231E-004,
2.494033333333334E+009,4.772190004587174E-004,9.082542383112013E-004,5.113061051815748E-004,9.370279149152339E-004,
2.494066666666667E+009,5.813210154883564E-004,8.889738237485290E-004,5.425743293017149E-004,9.083457989618182E-004,
2.494100000000000E+009,5.785785033367574E-004,9.065330959856510E-004,5.958520341664553E-004,8.884980343282223E-004,
2.494133333333334E+009,5.499828839674592E-004,8.728586835786700E-004,5.948157049715519E-004,8.809054852463305E-004,
2.494166666666667E+009,5.618019495159388E-004,9.032478556036949E-004,6.299623055383563E-004,8.333771256729960E-004,
2.494200000000000E+009,6.531281978823245E-004,8.492414490319789E-004,5.987696349620819E-004,8.210719679482281E-004,
2.494233333333334E+009,6.536556757055223E-004,8.026720024645329E-004,7.014863658696413E-004,8.081567939370871E-004,
2.494266666666667E+009,6.945505156181753E-004,8.653279510326684E-004,6.265751435421407E-004,8.124967571347952E-004,
2.494300000000000E+009,6.528576486743987E-004,7.866863161325455E-004,7.291569490917027E-004,7.755406550131738E-004,
2.494333333333334E+009,7.058231858536601E-004,8.041653782129288E-004,7.359439041465521E-004,7.489767158403993E-004,
2.494366666666667E+009,7.576224743388593E-004,7.010932313278318E-004,7.820323226042092E-004,7.545830449089408E-004,
2.494400000000000E+009,7.256195531226695E-004,7.410924881696701E-004,7.426338270306587E-004,7.107482524588704E-004,
2.494433333333334E+009,7.611835026182234E-004,6.943465559743345E-004,7.826475775800645E-004,7.422923808917403E-004,
2.494466666666667E+009,8.165659382939339E-004,7.024728110991418E-004,8.092726930044591E-004,6.812451756559312E-004,
2.494500000000000E+009,7.751106750220060E-004,6.756124203093350E-004,8.413283503614366E-004,7.482661167159677E-004,
2.494533333333334E+009,8.191260858438909E-004,6.257549975998700E-004,8.039461681619287E-004,6.743138656020165E-004,
2.494566666666667E+009,8.585713803768158E-004,6.821796996518970E-004,7.962747476994991E-004,5.908785969950259E-004,
2.494600000000000E+009,8.641669992357492E-004,6.167423562146723E-004,8.657932048663497E-004,5.465072463266552E-004,
2.494633333333334E+009,8.226060890592635E-004,5.857903161086142E-004,8.916717488318682E-004,5.492615746334195E-004,
2.494666666666667E+009,9.110878454521298E-004,5.969556514173746E-004,8.655681158415973E-004,5.758652696385980E-004,
2.494700000000000E+009,8.397439960390329E-004,5.470830947160721E-004,8.842792012728751E-004,5.154975806362927E-004,
2.494733333333334E+009,8.686451474204660E-004,4.642667481675744E-004,9.080381132662296E-004,5.353313172236085E-004,
2.494766666666667E+009,8.961290586739779E-004,4.992891917936504E-004,8.730075787752867E-004,5.100275157019496E-004,
2.494800000000000E+009,9.119939641095698E-004,4.495698667597026E-004,9.391186176799238E-004,4.761323216371238E-004,
2.494833333333334E+009,8.931408519856632E-004,4.749306244775653E-004,9.092483669519424E-004,4.267640179023147E-004,
2.494866666666667E+009,9.394875960424542E-004,3.754713980015367E-004,9.674136526882649E-004,4.109184374101460E-004,
2.494900000000000E+009,9.534791461192071E-004,4.242452851030976E-004,9.689892176538706E-004,3.774362558033317E-004,
2.494933333333334E+009,1.020112191326916E-003,3.451295779086649E-004,9.567158413119614E-004,3.897355636581779E-004,
2.494966666666667E+009,9.727107244543731E-004,3.501057217363268E-004,9.582042694091797E-004,3.206323890481144E-004,
2.495000000000000E+009,9.764989372342825E-004,2.748045080807060E-004,9.501513559371233E-004,3.404452581889927E-004,
2.495033333333334E+009,9.952402906492353E-004,3.138713655062020E-004,9.517869912087917E-004,2.349513524677604E-004,
2.495066666666667E+009,9.321257821284235E-004,2.171072846977040E-004,9.948031511157751E-004,2.307164977537468E-004,
2.495100000000000E+009,9.531805990263820E-004,2.417554351268336E-004,1.002116128802300E-003,2.282046771142632E-004,
2.495133333333334E+009,9.775148937478662E-004,2.570546930655837E-004,9.843398584052920E-004,2.238471934106201E-004,
2.495166666666667E+009,9.549895185045898E-004,1.733112003421411E-004,9.969723178073764E-004,1.693015947239474E-004,
2.495200000000000E+009,9.989155223593116E-004,1.054697931976989E-004,9.968169033527374E-004,1.558171206852421E-004,
2.495233333333334E+009,9.354816866107285E-004,1.535135525045916E-004,1.047932193614543E-003,1.178452585008927E-004,
2.495266666666667E+009,9.628963889554143E-004,2.381189187872224E-005,9.645221289247274E-004,1.027372854878195E-004,
2.495300000000000E+009,9.709819569252431E-004,7.290099892998114E-005,9.743527625687420E-004,3.468112845439464E-005,
2.495333333333334E+009,9.935535490512848E-004,8.998907287605107E-005,9.823306463658810E-004,4.102599632460624E-005,
2.495366666666667E+009,9.162602946162224E-004,7.869819819461554E-005,9.222818771377206E-004,2.493917418178171E-005,
2.495400000000000E+009,9.575849398970604E-004,6.389684858731926E-005,9.256073390133679E-004,-6.728991138515994E-006,
2.495433333333334E+009,9.568564710207284E-004,-9.497895007370971E-006,9.607264655642211E-004,-1.473503562010592E-005,
2.495466666666667E+009,9.370913030579686E-004,-1.614721077203285E-005,9.472280507907271E-004,1.227127268066397E-005,
2.495500000000000E+009,9.427368640899658E-004,-3.448602001299150E-005,9.582257480360568E-004,-3.583126454032026E-005,
2.495533333333334E+009,9.753187187016010E-004,-6.759328971384093E-005,9.883348830044270E-004,-1.414004218531773E-004,
2.495566666666667E+009,1.002696575596929E-003,-1.156542566604912E-004,9.760669199749827E-004,-9.495676931692287E-005,
2.495600000000000E+009,9.179557091556490E-004,-1.401819899911061E-004,9.516233694739640E-004,-1.554334157845005E-004,
2.495633333333334E+009,9.443674935027957E-004,-1.393588900100440E-004,8.790119900368154E-004,-1.868494582595304E-004,
2.495666666666667E+009,1.010118634440005E-003,-2.072110510198399E-004,8.870715391822159E-004,-2.187082864111289E-004,
2.495700000000000E+009,1.014955923892558E-003,-2.200681628892198E-004,9.106362122111023E-004,-2.183795004384592E-004,
2.495733333333334E+009,9.687782148830593E-004,-2.840210509020835E-004,9.682209347374737E-004,-2.009138552239165E-004,
2.495766666666667E+009,9.615640155971050E-004,-2.196892746724188E-004,8.642636821605265E-004,-2.705012157093734E-004,
2.495800000000000E+009,9.298016666434705E-004,-3.177078906446695E-004,9.552181581966579E-004,-2.804249816108495E-004,
2.495833333333334E+009,8.867870783433318E-004,-3.191526047885418E-004,9.211457218043506E-004,-3.322137345094234E-004,
2.495866666666667E+009,9.519865270704031E-004,-3.369116457179189E-004,8.942402200773358E-004,-3.727509174495935E-004,
2.495900000000000E+009,8.991272770799696E-004,-3.912457032129169E-004,8.452365873381496E-004,-3.738584346137941E-004,
2.495933333333334E+009,8.718158933334053E-004,-3.963115741498768E-004,8.707880042493343E-004,-3.884098550770432E-004,
2.495966666666667E+009,8.429790032096207E-004,-4.405610088724643E-004,8.941699052229524E-004,-4.105058033019304E-004,
2.496000000000000E+009,8.717531454749405E-004,-4.293377860449255E-004,8.399420767091215E-004,-4.308176576159895E-004,
2.496033333333334E+009,8.638352737762034E-004,-4.310092190280557E-004,8.103954605758190E-004,-4.751649685204029E-004,
2.496066666666667E+009,8.350588032044470E-004,-4.561060050036758E-004,8.469078456982970E-004,-5.352786974981427E-004,
2.496100000000000E+009,8.376954938285053E-004,-5.598057177849114E-004,7.851699483580887E-004,-4.966106498613954E-004,
2.496133333333334E+009,8.341524517163634E-004,-5.096071399748325E-004,8.366024121642113E-004,-5.027281586080790E-004,
2.496166666666667E+009,7.569589652121067E-004,-5.739213083870709E-004,8.094771183095872E-004,-5.087403114885092E-004,
2.496200000000000E+009,7.958246860653162E-004,-5.068100290372968E-004,7.720266585238278E-004,-5.911029293201864E-004,
2.496233333333334E+009,7.214003708213568E-004,-5.673053092323244E-004,7.630327017977834E-004,-5.675030406564474E-004,
2.496266666666667E+009,7.765219779685140E-004,-5.905425059609115E-004,7.079895585775375E-004,-6.132886046543717E-004,
2.496300000000000E+009,7.047714898362756E-004,-6.037577986717224E-004,7.712693768553436E-004,-6.064753397367895E-004,
2.496333333333334E+009,7.538372883573175E-004,-6.356094381771982E-004,7.130095618776977E-004,-6.526173674501479E-004,
2.496366666666667E+009,7.092874730005860E-004,-6.570704863406718E-004,7.175513892434537E-004,-6.094807758927345E-004,
2.496400000000000E+009,6.760617834515870E-004,-6.578953471034765E-004,6.863014423288405E-004,-6.655775941908360E-004,
2.496433333333334E+009,6.394733791239560E-004,-6.669161375612021E-004,6.467077182605863E-004,-7.306854822672904E-004,
2.496466666666667E+009,6.407124456018210E-004,-7.032274152152240E-004,6.115867872722447E-004,-6.929533556103706E-004,
2.496500000000000E+009,6.593915168195963E-004,-7.119039655663073E-004,6.353283533826470E-004,-7.739005377516151E-004,
2.496533333333334E+009,6.006435723975301E-004,-7.079737260937691E-004,6.557223969139159E-004,-7.398187881335616E-004,
2.496566666666667E+009,6.270043668337166E-004,-6.681056111119688E-004,6.113406270742416E-004,-7.403769996017218E-004,
2.496600000000000E+009,5.971406935714185E-004,-7.897160830907524E-004,5.924282013438642E-004,-7.969466969370842E-004,
2.496633333333334E+009,5.783092929050326E-004,-7.571729947812855E-004,5.487793823704124E-004,-7.951308507472277E-004,
2.496666666666667E+009,4.925585235469043E-004,-8.367807604372501E-004,4.966811393387616E-004,-7.537735509686172E-004,
2.496700000000000E+009,5.245509091764689E-004,-7.968202116899192E-004,5.143768503330648E-004,-8.178592543117702E-004,
2.496733333333334E+009,4.952160525135696E-004,-7.915099849924445E-004,5.087301833555102E-004,-8.508327300660312E-004,
2.496766666666667E+009,4.999426892027259E-004,-8.126464090310037E-004,4.585361166391522E-004,-8.668358786962926E-004,
2.496800000000000E+009,4.493307496886700E-004,-7.342580938711762E-004,4.625727888196707E-004,-8.206896600313485E-004,
2.496833333333334E+009,3.968800592701882E-004,-8.460454992018640E-004,3.981755871791393E-004,-8.345194510184228E-004,
2.496866666666667E+009,4.212840285617858E-004,-8.286719676107168E-004,3.583625366445631E-004,-8.138067787513137E-004,
2.496900000000000E+009,3.581038617994636E-004,-8.140105055645108E-004,3.562395577318966E-004,-8.218356524594128E-004,
2.496933333333334E+009,4.206328594591469E-004,-8.532332722097635E-004,3.946152282878757E-004,-8.292006677947938E-004,
2.496966666666667E+009,3.758983802981675E-004,-8.204276091419160E-004,3.608270490076393E-004,-8.781346259638667E-004,
2.497000000000000E+009,3.970684192609042E-004,-8.304844959639013E-004,3.870254149660468E-004,-8.213737746700645E-004,
2.497033333333334E+009,3.286269784439355E-004,-8.832381572574377E-004,3.512256662361324E-004,-8.612826932221651E-004,
2.497066666666667E+009,3.401360008865595E-004,-9.120203321799636E-004,2.934572403319180E-004,-8.557245600968599E-004,
2.497100000000000E+009,2.930506598204374E-004,-8.908229065127671E-004,2.831084711942822E-004,-8.880973909981549E-004,
2.497133333333334E+009,2.740839845500886E-004,-8.293144637718797E-004,2.089456393150613E-004,-8.916943334043026E-004,
2.497166666666667E+009,2.517830580472946E-004,-8.738606120459735E-004,2.559993881732225E-004,-8.663892513141036E-004,
2.497200000000000E+009,1.882356009446085E-004,-8.613422396592796E-004,1.504280808148906E-004,-8.804920362308621E-004,
2.497233333333334E+009,2.079059340758249E-004,-9.467539493925870E-004,1.552541507408023E-004,-8.994768140837550E-004,
2.497266666666667E+009,7.306129555217922E-005,-9.185429080389440E-004,9.610356937628239E-005,-9.213830344378948E-004,
2.497300000000000E+009,1.104410766856745E-004,-9.323486592620611E-004,8.833505125949159E-005,-9.813117794692516E-004,
2.497333333333334E+009,7.409894897136837E-005,-8.963710279203951E-004,1.061692018993199E-004,-8.842701790854335E-004,
2.497366666666667E+009,4.105567131773569E-005,-8.748464751988649E-004,6.678520003333688E-005,-8.454847265966237E-004,
2.497400000000000E+009,1.128752701333724E-004,-9.562805644236505E-004,5.541669452213682E-006,-9.151294361799955E-004,
2.497433333333334E+009,-1.307152069784934E-005,-9.173273574560881E-004,1.725821493891999E-005,-8.801947114989162E-004,
2.497466666666667E+009,8.310231010000280E-007,-9.543169289827347E-004,-3.307414226583205E-005,-9.650642168708146E-004,
2.497500000000000E+009,-3.988064054283314E-005,-9.299273369833827E-004,-8.959845581557602E-005,-9.067542850971222E-004,
2.497533333333334E+009,-9.699977090349421E-005,-9.218993945978582E-004,-7.405540236504749E-005,-9.030291112139821E-004,
2.497566666666667E+009,-6.126239895820618E-005,-9.780768305063248E-004,-9.757169755175710E-005,-9.060351294465363E-004,
2.497600000000000E+009,-9.813025098992512E-005,-9.144244831986725E-004,-8.417135541094467E-005,-8.640779415145516E-004,
2.497633333333334E+009,-1.446758396923542E-004,-9.304895065724850E-004,-1.381771580781788E-004,-9.107179939746857E-004,
2.497666666666667E+009,-1.802346960175782E-004,-9.149102261289954E-004,-8.502920536557213E-005,-8.949124021455646E-004,
2.497700000000000E+009,-1.830500987125561E-004,-8.458197698928416E-004,-1.942567032529041E-004,-9.070092928595841E-004,
2.497733333333334E+009,-1.516262564109638E-004,-9.385268203914166E-004,-2.152223169105128E-004,-9.421638678759337E-004,
2.497766666666667E+009,-2.310982090421021E-004,-8.497000671923161E-004,-2.280914632137865E-004,-9.050662047229707E-004,
2.497800000000000E+009,-1.950373698491603E-004,-8.743675425648689E-004,-2.402612153673545E-004,-8.662572945468128E-004,
2.497833333333334E+009,-2.593164972495288E-004,-8.885069401003420E-004,-2.842615649569780E-004,-9.183989604935050E-004,
2.497866666666667E+009,-2.815716143231839E-004,-9.060752927325666E-004,-2.632740652188659E-004,-8.730311528779566E-004,
2.497900000000000E+009,-2.359382051508874E-004,-8.653596160002053E-004,-2.931504568550736E-004,-8.600478176958859E-004,
2.497933333333334E+009,-3.263882244937122E-004,-8.629806106910110E-004,-3.500519960653037E-004,-8.615403785370290E-004,
2.497966666666667E+009,-3.695961495395750E-004,-8.545081363990903E-004,-3.853131202049553E-004,-8.567862678319216E-004,
2.498000000000000E+009,-3.656611661426723E-004,-8.324391674250364E-004,-3.931013634428382E-004,-8.612329256720841E-004,
2.498033333333334E+009,-3.979780885856599E-004,-8.792696171440184E-004,-4.302927991375327E-004,-8.269144454970956E-004,
2.498066666666667E+009,-4.336468991823494E-004,-7.968856953084469E-004,-3.452058881521225E-004,-8.147896151058376E-004,
2.498100000000000E+009,-4.197567759547383E-004,-7.778002182021737E-004,-4.406385996844620E-004,-8.128679473884404E-004,
2.498133333333334E+009,-4.195150104351342E-004,-7.988637662492693E-004,-4.137853975407779E-004,-8.322511566802859E-004,
2.498166666666667E+009,-5.192296812310815E-004,-7.729324861429632E-004,-5.107406759634614E-004,-7.408052333630621E-004,
2.498200000000000E+009,-5.418476066552103E-004,-7.568402797915041E-004,-4.387763037811965E-004,-7.660702103748918E-004,
2.498233333333334E+009,-4.890045966021717E-004,-7.606592262163758E-004,-5.634716362692416E-004,-7.696675020270050E-004,
2.498266666666667E+009,-5.204256158322096E-004,-7.425587391480804E-004,-5.373443127609789E-004,-7.516709156334400E-004,
2.498300000000000E+009,-5.543609731830657E-004,-7.546580745838583E-004,-5.384326796047390E-004,-7.546651177108288E-004,
2.498333333333334E+009,-5.845544510520995E-004,-7.154193008318543E-004,-5.675260908901691E-004,-7.452006102539599E-004,
2.498366666666667E+009,-6.144194630905986E-004,-6.941470783203840E-004,-5.923866410739720E-004,-6.990051479078829E-004,
2.498400000000000E+009,-5.816718330606818E-004,-6.808126927353442E-004,-5.624193581752479E-004,-6.479764124378562E-004,
2.498433333333334E+009,-5.703397910110652E-004,-7.074312306940556E-004,-5.605819751508534E-004,-6.418604170903564E-004,
2.498466666666667E+009,-5.856482312083244E-004,-6.586179370060563E-004,-5.726612871512771E-004,-6.218881462700665E-004,
2.498500000000000E+009,-6.472892710007727E-004,-6.675580516457558E-004,-6.601234199479222E-004,-6.886252667754889E-004,
2.498533333333334E+009,-6.289156735874713E-004,-6.302354158833623E-004,-6.224638200365007E-004,-6.727009313181043E-004,
2.498566666666667E+009,-6.270606536418200E-004,-6.659026257693768E-004,-6.725544808432460E-004,-6.058375001884997E-004,
2.498600000000000E+009,-6.488283979706466E-004,-6.193981971591711E-004,-7.008040556684136E-004,-6.399895646609366E-004,
2.498633333333334E+009,-7.084134849719703E-004,-6.345093715935946E-004,-6.895103142596781E-004,-6.182506913319230E-004,
2.498666666666667E+009,-6.558070308528841E-004,-5.964133888483048E-004,-6.985036889091134E-004,-5.762915825471282E-004,
2.498700000000000E+009,-6.841215072199702E-004,-5.734083242714405E-004,-6.986888474784792E-004,-6.066240021027625E-004,
2.498733333333334E+009,-7.554251351393759E-004,-5.441119428724051E-004,-7.207084563560784E-004,-5.561438156291843E-004,
2.498766666666667E+009,-7.536036428064108E-004,-5.053249769844115E-004,-6.969276582822204E-004,-4.954247269779444E-004,
2.498800000000000E+009,-7.469191332347691E-004,-4.904788220301271E-004,-7.822543266229332E-004,-4.501112271100283E-004,
2.498833333333334E+009,-7.798445876687765E-004,-4.550456651486456E-004,-8.056254591792822E-004,-4.593335324898362E-004,
2.498866666666667E+009,-7.467099349014461E-004,-4.460809286683798E-004,-7.791558164171875E-004,-3.752536140382290E-004,
2.498900000000000E+009,-7.610745960846543E-004,-4.178094968665391E-004,-7.821157923899591E-004,-3.554530558176339E-004,
2.498933333333334E+009,-7.896888419054449E-004,-3.693666658364236E-004,-8.084001019597054E-004,-4.160595417488366E-004,
2.498966666666667E+009,-8.075171499513090E-004,-3.710391756612808E-004,-8.673459524288774E-004,-3.519279998727143E-004,
2.499000000000000E+009,-8.156276890076697E-004,-3.705466806422919E-004,-8.271171245723963E-004,-3.336643858347088E-004,
2.499033333333334E+009,-8.207401842810214E-004,-3.676330379676074E-004,-8.012676844373345E-004,-3.593156579881907E-004,
2.499066666666667E+009,-8.339831256307662E-004,-3.263479447923601E-004,-8.343466324731708E-004,-2.666800573933870E-004,
2.499100000000000E+009,-8.977441466413438E-004,-3.089401288889349E-004,-9.037139243446291E-004,-2.643904881551862E-004,
2.499133333333334E+009,-8.477350347675383E-004,-2.961207064799964E-004,-9.381488198414445E-004,-2.957575488835573E-004,
2.499166666666667E+009,-8.068247698247433E-004,-2.547676558606327E-004,-8.876263163983822E-004,-2.141149889212102E-004,
2.499200000000000E+009,-8.740660850889981E-004,-2.044432185357437E-004,-8.571689832024276E-004,-2.392141759628430E-004,
2.499233333333334E+009,-8.579799323342741E-004,-2.775444008875638E-004,-8.670199895277619E-004,-2.330518909730017E-004,
2.499266666666667E+009,-9.163653594441712E-004,-2.015770151047036E-004,-9.319275850430131E-004,-1.669811608735472E-004,
2.499300000000000E+009,-8.647554786875844E-004,-1.143710614996962E-004,-8.763903169892728E-004,-1.521735393907875E-004,
2.499333333333334E+009,-8.720110636204481E-004,-1.366690994473174E-004,-8.803964010439813E-004,-1.414639991708100E-004,
2.499366666666667E+009,-9.240345098078251E-004,-5.660382157657296E-005,-9.231744916178286E-004,-5.631971362163313E-005,
2.499400000000000E+009,-8.514723740518093E-004,-7.690123311476782E-005,-9.420448332093656E-004,-9.521132597001270E-005,
2.499433333333334E+009,-9.164634393528104E-004,-6.957610457902774E-005,-9.061325690709055E-004,-6.369185575749725E-005,
2.499466666666667E+009,-8.862194954417646E-004,-1.258544853044441E-005,-9.258035570383072E-004,-4.379189704195596E-005,
2.499500000000000E+009,-9.173196158371866E-004,-1.559911106596701E-005,-9.178239270113409E-004,2.126881099684397E-006,
2.499533333333334E+009,-9.112539119087160E-004,-2.227685581601691E-005,-9.022296871989965E-004,3.864973041345365E-005,
2.499566666666667E+009,-9.229488205164671E-004,4.858815736952238E-005,-9.045143378898501E-004,1.168175731436350E-005,
2.499600000000000E+009,-8.581884321756661E-004,8.492666529491544E-005,-8.982540457509458E-004,6.399058474926278E-005,
2.499633333333334E+009,-9.181483765132725E-004,8.080237603280693E-005,-8.966415771283209E-004,9.508982475381345E-005,
2.499666666666667E+009,-8.666377980262041E-004,1.233074435731396E-004,-8.810717845335603E-004,1.212130227941088E-004,
2.499700000000000E+009,-8.679616148583591E-004,1.277248084079474E-004,-9.550073300488293E-004,1.415140432072803E-004,
2.499733333333334E+009,-8.411135640926659E-004,2.067868772428483E-004,-8.617927087470889E-004,1.191576666315086E-004,
2.499766666666667E+009,-8.261164766736329E-004,1.841532794060186E-004,-9.273989126086235E-004,1.523320534033701E-004,
2.499800000000000E+009,-9.036811534315348E-004,2.343551605008543E-004,-8.983827428892255E-004,1.813060807762668E-004,
2.499833333333334E+009,-9.059853618964553E-004,1.893789303721860E-004,-8.999730926007032E-004,1.607004523975775E-004,
2.499866666666667E+009,-9.172620484605432E-004,2.410505694570020E-004,-8.536598179489374E-004,2.471964689902961E-004,
2.499900000000000E+009,-8.815219043754041E-004,2.318748884135857E-004,-8.370630675926805E-004,2.069021138595417E-004,
2.499933333333334E+009,-8.606545161455870E-004,2.747792459558696E-004,-8.742507779970765E-004,2.495203807484359E-004,
2.499966666666667E+009,-7.788395741954446E-004,2.536284737288952E-004,-8.642898174002767E-004,3.155278682243079E-004,
2.500000000000000E+009,-8.147574844770134E-004,3.037476271856576E-004,-8.717359742149711E-004,2.974861417897046E-004,
