% Version 1.00
%
%freq[Hz];re:Trc1_S21;im:Trc1_S21;re:Trc2_S12;im:Trc2_S12;
2.480000000000000E+009,1.368040335364640E-003,-1.451746211387217E-004,1.386140938848257E-003,-1.101304951589555E-004,
2.480033333333334E+009,1.318092574365437E-003,-1.766564528224990E-004,1.360070542432368E-003,-2.101413992932066E-004,
2.480066666666667E+009,1.402725465595722E-003,-1.859468757174909E-004,1.305214362218976E-003,-1.922541123349220E-004,
2.480100000000000E+009,1.339594600722194E-003,-2.258345048176125E-004,1.292326604016125E-003,-2.310019044671208E-004,
2.480133333333334E+009,1.292212633416057E-003,-2.787322155199945E-004,1.366233685985208E-003,-2.194783883169293E-004,
2.480166666666667E+009,1.383732887916267E-003,-3.356830275151879E-004,1.364143332466483E-003,-3.079109010286629E-004,
2.480200000000000E+009,1.391405588947237E-003,-3.214097523596138E-004,1.292248838581145E-003,-2.898079110309482E-004,
2.480233333333334E+009,1.300713745877147E-003,-3.583816578611732E-004,1.352193648926914E-003,-4.036118043586612E-004,
2.480266666666667E+009,1.260673860087991E-003,-4.281890869606286E-004,1.282618031837046E-003,-4.117523494642228E-004,
2.480300000000000E+009,1.338754897005856E-003,-3.864571335725486E-004,1.301715965382755E-003,-4.114534822292626E-004,
2.480333333333334E+009,1.226117019541562E-003,-4.749427607748658E-004,1.237277756445110E-003,-4.301243170630187E-004,
2.480366666666667E+009,1.257316675037146E-003,-5.157317500561476E-004,1.317863585427404E-003,-5.435041384771466E-004,
2.480400000000000E+009,1.283053541556001E-003,-5.557183758355677E-004,1.242650207132101E-003,-5.308355321176350E-004,
2.480433333333334E+009,1.231363625265658E-003,-5.687768571078777E-004,1.203473075293005E-003,-5.820056539960206E-004,
2.480466666666667E+009,1.228850451298058E-003,-6.409279303625226E-004,1.226947642862797E-003,-6.056422716937959E-004,
2.480500000000000E+009,1.193697215057910E-003,-5.767430993728340E-004,1.213109353557229E-003,-6.136955344118178E-004,
2.480533333333334E+009,1.223286031745374E-003,-6.769251776859164E-004,1.156521611846983E-003,-6.260578520596027E-004,
2.480566666666667E+009,1.143784262239933E-003,-6.735129863955081E-004,1.148056471720338E-003,-7.249353220686317E-004,
2.480600000000000E+009,1.114206272177398E-003,-7.261940045282245E-004,1.140824635513127E-003,-6.668742862530053E-004,
2.480633333333334E+009,1.147655537351966E-003,-7.638536044396460E-004,1.116895349696279E-003,-7.566366111859679E-004,
2.480666666666667E+009,1.143262721598148E-003,-8.223177865147591E-004,1.081076217815280E-003,-7.406239164993167E-004,
2.480700000000000E+009,1.079422305338085E-003,-8.168144267983735E-004,1.081877155229449E-003,-8.160293800756335E-004,
2.480733333333334E+009,1.016974914819002E-003,-8.715264848433435E-004,1.071416307240725E-003,-8.292417624033988E-004,
2.480766666666667E+009,1.056454493664205E-003,-8.428732980974019E-004,1.088761258870363E-003,-9.017327101901174E-004,
2.480800000000000E+009,1.022971118800342E-003,-9.245245018973947E-004,9.671910083852708E-004,-8.870457531884313E-004,
2.480833333333334E+009,9.671644074842334E-004,-9.035658440552652E-004,1.012690016068518E-003,-9.162964997813106E-004,
2.480866666666667E+009,9.591765701770783E-004,-9.704586118459702E-004,9.606247767806053E-004,-9.688762947916985E-004,
2.480900000000000E+009,9.092986001633108E-004,-9.400306735187769E-004,9.328585001640022E-004,-1.013501896522939E-003,
2.480933333333334E+009,9.081431780941784E-004,-1.048034173436463E-003,8.853714680299163E-004,-9.918726282194257E-004,
2.480966666666667E+009,8.410007576458156E-004,-1.059856731444597E-003,8.611062658019364E-004,-1.048792735673487E-003,
2.481000000000000E+009,7.878062315285206E-004,-1.059578731656075E-003,8.398019708693028E-004,-1.073663705028594E-003,
2.481033333333334E+009,8.060072432272136E-004,-1.129472395405173E-003,8.408240973949432E-004,-1.084383693523705E-003,
2.481066666666667E+009,7.411249098367989E-004,-1.106905285269022E-003,7.254034862853587E-004,-1.198073965497315E-003,
2.481100000000000E+009,7.040488417260349E-004,-1.168203190900385E-003,7.312898524105549E-004,-1.175648998469114E-003,
2.481133333333334E+009,6.937938160263002E-004,-1.149021787568927E-003,7.117562345229089E-004,-1.208292320370674E-003,
2.481166666666667E+009,6.353351636789739E-004,-1.147101051174104E-003,6.751979817636311E-004,-1.175888697616756E-003,
2.481200000000000E+009,6.213107262738049E-004,-1.161948894150555E-003,6.479086005128920E-004,-1.209885114803910E-003,
2.481233333333334E+009,5.932507338002324E-004,-1.204532571136951E-003,5.580756114795804E-004,-1.220251549966633E-003,
2.481266666666667E+009,5.800236831419170E-004,-1.271507819183171E-003,5.795371253043413E-004,-1.225263695232570E-003,
2.481300000000000E+009,5.540044512599707E-004,-1.230500405654311E-003,5.130039644427598E-004,-1.217425568029285E-003,
2.481333333333334E+009,5.410021403804421E-004,-1.296336529776454E-003,5.080897826701403E-004,-1.253694528713822E-003,
2.481366666666667E+009,4.625209257937968E-004,-1.334412838332355E-003,4.459794436115772E-004,-1.260064309462905E-003,
2.481400000000000E+009,4.985830746591091E-004,-1.285990583710372E-003,4.512290179263800E-004,-1.254496746696532E-003,
2.481433333333334E+009,3.497736179269850E-004,-1.316666253842413E-003,4.123798862565309E-004,-1.318041468039155E-003,
2.481466666666667E+009,3.298497758805752E-004,-1.367023796774447E-003,3.544503997545689E-004,-1.292600529268384E-003,
2.481500000000000E+009,2.551845100242645E-004,-1.316012931056321E-003,3.007641062140465E-004,-1.298481249250472E-003,
2.481533333333334E+009,2.475876826792955E-004,-1.318319584243000E-003,2.784200769383460E-004,-1.317616319283843E-003,
2.481566666666667E+009,2.046391746262088E-004,-1.302773482166231E-003,2.846181741915643E-004,-1.324945595115423E-003,
2.481600000000000E+009,1.222473947564140E-004,-1.276930212043226E-003,1.692782097961754E-004,-1.347620040178299E-003,
2.481633333333334E+009,2.148923522327095E-004,-1.333943568170071E-003,1.589323510415852E-004,-1.330765197053552E-003,
2.481666666666667E+009,1.909969141706824E-004,-1.333535648882389E-003,1.851619308581576E-004,-1.329461345449090E-003,
2.481700000000000E+009,1.515150361228734E-004,-1.328457379713655E-003,1.330467785010114E-004,-1.360206981189549E-003,
2.481733333333334E+009,1.142947512562387E-004,-1.288264407776296E-003,1.099412402254529E-004,-1.369587611407042E-003,
2.481766666666667E+009,6.577419117093086E-005,-1.366284093819559E-003,5.687847078661434E-005,-1.343867043033242E-003,
2.481800000000000E+009,-6.905296686454676E-006,-1.288537634536624E-003,-2.274065627716482E-005,-1.325363991782069E-003,
2.481833333333334E+009,-3.449690484558232E-005,-1.328217214904726E-003,-2.059265716525260E-005,-1.324810669757426E-003,
2.481866666666667E+009,-8.126285683829337E-005,-1.320394105277956E-003,-7.754960824968293E-005,-1.321452669799328E-003,
2.481900000000000E+009,-1.032994550769217E-004,-1.371358986943960E-003,-1.449318078812212E-004,-1.366973505355418E-003,
2.481933333333334E+009,-1.281775766983628E-004,-1.265762839466333E-003,-1.547038700664416E-004,-1.347200013697147E-003,
2.481966666666667E+009,-1.519379584351555E-004,-1.296894159168005E-003,-1.899439957924187E-004,-1.340495189651847E-003,
2.482000000000000E+009,-1.716741389827803E-004,-1.281058881431818E-003,-1.952621678356081E-004,-1.352155115455389E-003,
2.482033333333334E+009,-2.134217065759003E-004,-1.271957182325423E-003,-2.846077841240913E-004,-1.334548112936318E-003,
2.482066666666667E+009,-2.793277089949697E-004,-1.286535989493132E-003,-2.742648648563772E-004,-1.306233345530927E-003,
2.482100000000000E+009,-3.067511424887925E-004,-1.249670051038265E-003,-3.277641953900456E-004,-1.299521536566317E-003,
2.482133333333334E+009,-3.387012984603643E-004,-1.256880583241582E-003,-3.203387605026364E-004,-1.323232543654740E-003,
2.482166666666667E+009,-4.024899972137064E-004,-1.260587829165161E-003,-3.979458415415138E-004,-1.301485812291503E-003,
2.482200000000000E+009,-4.299743741285056E-004,-1.222979975864291E-003,-4.356694116722792E-004,-1.294382382184267E-003,
2.482233333333334E+009,-4.749847576022148E-004,-1.194207114167512E-003,-4.366310895420611E-004,-1.285465899854899E-003,
2.482266666666667E+009,-5.084322765469551E-004,-1.211968366988003E-003,-4.900845815427601E-004,-1.270311069674790E-003,
2.482300000000000E+009,-5.680276663042605E-004,-1.190369133837521E-003,-4.696888499893248E-004,-1.239716657437384E-003,
2.482333333333334E+009,-5.921786068938673E-004,-1.192126423120499E-003,-5.384603282436729E-004,-1.231123576872051E-003,
2.482366666666667E+009,-5.467171431519091E-004,-1.191967632621527E-003,-5.642212927341461E-004,-1.173096825368702E-003,
2.482400000000000E+009,-6.030881777405739E-004,-1.171118230558932E-003,-6.160477059893310E-004,-1.187270157970488E-003,
2.482433333333334E+009,-6.256658234633505E-004,-1.133809797465801E-003,-6.275788764469326E-004,-1.225847168825567E-003,
2.482466666666667E+009,-6.539853638969362E-004,-1.182941021397710E-003,-6.757808150723577E-004,-1.147376489825547E-003,
2.482500000000000E+009,-6.333099445328116E-004,-1.092475955374539E-003,-7.708955672569573E-004,-1.136495498940349E-003,
2.482533333333334E+009,-7.507253903895617E-004,-1.075207022950053E-003,-7.704630261287093E-004,-1.126249553635716E-003,
2.482566666666667E+009,-7.883303333073854E-004,-1.088312594220042E-003,-8.032859768718481E-004,-1.107250107452273E-003,
2.482600000000000E+009,-7.953047170303762E-004,-1.054646330885589E-003,-8.072618511505425E-004,-1.070892438292503E-003,
2.482633333333334E+009,-8.639214211143553E-004,-1.088217366486788E-003,-8.492814959026873E-004,-1.086320378817618E-003,
2.482666666666667E+009,-8.192192763090134E-004,-1.031414489261806E-003,-8.990456699393690E-004,-9.910580702126026E-004,
2.482700000000000E+009,-8.478492381982505E-004,-1.002729171887040E-003,-9.048193460330367E-004,-9.542162297293544E-004,
2.482733333333334E+009,-9.280573576688767E-004,-9.667996782809496E-004,-9.739564266055822E-004,-9.146262309513986E-004,
2.482766666666667E+009,-9.705119300633669E-004,-9.008556953631342E-004,-9.521940955892205E-004,-8.669788367114961E-004,
2.482800000000000E+009,-9.820822160691023E-004,-8.756155148148537E-004,-1.005264115519822E-003,-8.950021583586931E-004,
2.482833333333334E+009,-9.817890822887421E-004,-8.932891068980098E-004,-1.027076155878604E-003,-8.596967672929168E-004,
2.482866666666667E+009,-1.024692202918232E-003,-8.255298016592860E-004,-1.014015055261552E-003,-8.465391001664102E-004,
2.482900000000000E+009,-1.015622168779373E-003,-8.037723600864410E-004,-1.060553593561053E-003,-8.459373493678868E-004,
2.482933333333334E+009,-1.051650033332408E-003,-8.505842997692525E-004,-1.122817979194224E-003,-7.564086699858308E-004,
2.482966666666667E+009,-1.082248752936721E-003,-7.108886493369937E-004,-1.142866094596684E-003,-7.292727823369205E-004,
2.483000000000000E+009,-1.089664991013706E-003,-6.953197298571467E-004,-1.043919124640524E-003,-7.008488755673170E-004,
2.483033333333334E+009,-1.120876055210829E-003,-7.085773977451026E-004,-1.144006964750588E-003,-6.660324870608747E-004,
2.483066666666667E+009,-1.126268994994462E-003,-6.797654205001891E-004,-1.152640441432595E-003,-6.451756926253438E-004,
2.483100000000000E+009,-1.134952181018889E-003,-6.082978215999901E-004,-1.160289626568556E-003,-6.047475035302341E-004,
2.483133333333334E+009,-1.234364812262356E-003,-5.834221374243498E-004,-1.196329831145704E-003,-6.350044277496636E-004,
2.483166666666667E+009,-1.172047457657754E-003,-6.224902463145554E-004,-1.230688299983740E-003,-5.848621367476881E-004,
2.483200000000000E+009,-1.211256603710353E-003,-5.396263441070914E-004,-1.223642146214843E-003,-5.398104549385607E-004,
2.483233333333334E+009,-1.189169241115451E-003,-5.486145382747054E-004,-1.216520089656115E-003,-5.137092084623873E-004,
2.483266666666667E+009,-1.230728346854448E-003,-4.469703417271376E-004,-1.217179116792977E-003,-4.861625784542412E-004,
2.483300000000000E+009,-1.293990993872285E-003,-4.362859763205051E-004,-1.276825787499547E-003,-4.622680135071278E-004,
2.483333333333334E+009,-1.231993315741420E-003,-4.840223118662834E-004,-1.270409906283021E-003,-4.212782077956945E-004,
2.483366666666667E+009,-1.315929810516536E-003,-3.879577270708978E-004,-1.272197347134352E-003,-3.648985002655536E-004,
2.483400000000000E+009,-1.270192791707814E-003,-3.705766284838319E-004,-1.277694362215698E-003,-3.408554766792804E-004,
2.483433333333334E+009,-1.305363606661558E-003,-3.201469662599266E-004,-1.286690705455840E-003,-3.085721109528095E-004,
2.483466666666667E+009,-1.270249602384865E-003,-3.047707723453641E-004,-1.269813627004623E-003,-2.817701897583902E-004,
2.483500000000000E+009,-1.273640664294362E-003,-2.687864762265235E-004,-1.289313309825957E-003,-2.646526554599404E-004,
2.483533333333334E+009,-1.310527441091836E-003,-2.269378601340577E-004,-1.302827731706202E-003,-2.094299125019461E-004,
2.483566666666667E+009,-1.331182313151658E-003,-1.686266186879948E-004,-1.319425064139068E-003,-1.664166047703475E-004,
2.483600000000000E+009,-1.318571274168789E-003,-1.515274780103937E-004,-1.284413971006870E-003,-1.264958991669118E-004,
2.483633333333334E+009,-1.312597305513918E-003,-1.372817641822621E-004,-1.306099933572114E-003,-1.222359569510445E-004,
2.483666666666667E+009,-1.229564077220857E-003,-1.524457329651341E-004,-1.312837121076882E-003,-6.423842569347471E-005,
2.483700000000000E+009,-1.281761680729687E-003,-6.562873750226572E-005,-1.271691638976336E-003,-8.338372936123051E-006,
2.483733333333334E+009,-1.268468215130270E-003,-1.413343397871358E-005,-1.295279711484909E-003,6.726244464516640E-006,
2.483766666666667E+009,-1.292566186748445E-003,4.197606176603586E-005,-1.296843867748976E-003,1.780817342478258E-006,
2.483800000000000E+009,-1.232210197485983E-003,6.412635411834344E-005,-1.293917302973568E-003,8.970982162281871E-005,
2.483833333333334E+009,-1.319414353929460E-003,2.748191218415741E-005,-1.300208503380418E-003,1.079084468074143E-004,
2.483866666666667E+009,-1.332519692368805E-003,1.593653141753748E-004,-1.325107878074050E-003,1.646221789997071E-004,
2.483900000000000E+009,-1.323185279034078E-003,1.742152380757034E-004,-1.258861739188433E-003,1.595828798599541E-004,
2.483933333333334E+009,-1.303131459280849E-003,2.211497339885682E-004,-1.322213560342789E-003,1.786834618542343E-004,
2.483966666666667E+009,-1.246537314727902E-003,1.970629382412881E-004,-1.328796148300171E-003,2.133107773261145E-004,
2.484000000000000E+009,-1.318657421506941E-003,3.135565493721515E-004,-1.303593395277858E-003,2.479018003214151E-004,
2.484033333333334E+009,-1.272247871384025E-003,2.987144980579615E-004,-1.303053693845868E-003,3.126765368506312E-004,
2.484066666666667E+009,-1.284459256567061E-003,3.495981509331614E-004,-1.259055803529918E-003,3.369038458913565E-004,
2.484100000000000E+009,-1.277687493711710E-003,3.836027171928436E-004,-1.276417868211865E-003,3.916017885785550E-004,
2.484133333333334E+009,-1.195141347125173E-003,3.411850193515420E-004,-1.219767727889121E-003,4.063192754983902E-004,
2.484166666666667E+009,-1.235377159900963E-003,4.544935072772205E-004,-1.254397910088301E-003,4.387543012853712E-004,
2.484200000000000E+009,-1.219036988914013E-003,4.988858709111810E-004,-1.243721577338874E-003,4.903008812107146E-004,
2.484233333333334E+009,-1.191510003991425E-003,5.822904058732092E-004,-1.240141340531409E-003,5.376463523134589E-004,
2.484266666666667E+009,-1.172316959127784E-003,5.673966370522976E-004,-1.170590985566378E-003,5.664749769493938E-004,
2.484300000000000E+009,-1.136743347160518E-003,6.165935774333775E-004,-1.202289480715990E-003,6.045266636647284E-004,
2.484333333333334E+009,-1.116977422498167E-003,6.658799829892814E-004,-1.100428053177893E-003,6.486080237664282E-004,
2.484366666666667E+009,-1.134879537858069E-003,6.626066751778126E-004,-1.076805521734059E-003,6.248532445169985E-004,
2.484400000000000E+009,-1.151683740317822E-003,6.782970158383250E-004,-1.133989542722702E-003,7.347581558860838E-004,
2.484433333333334E+009,-1.080307294614613E-003,6.818999536335468E-004,-1.145416172221303E-003,7.296342519111931E-004,
2.484466666666667E+009,-9.845060994848609E-004,7.139942608773708E-004,-1.084830379113555E-003,7.375656859949231E-004,
2.484500000000000E+009,-1.058355439454317E-003,7.652962813153863E-004,-1.055708271451294E-003,8.148786146193743E-004,
2.484533333333334E+009,-1.002725795842707E-003,7.812464027665556E-004,-1.030909479595721E-003,7.412933045998216E-004,
2.484566666666667E+009,-8.854045299813151E-004,8.390100556425750E-004,-9.924047626554966E-004,8.054814534261823E-004,
2.484600000000000E+009,-9.900163859128952E-004,8.604652248322964E-004,-9.958947775885463E-004,8.678643498569727E-004,
2.484633333333334E+009,-9.323436534032226E-004,8.732714341022074E-004,-9.456943953409791E-004,8.847768185660243E-004,
2.484666666666667E+009,-8.560915011912584E-004,8.981046848930419E-004,-9.290858870372176E-004,9.311903268098831E-004,
2.484700000000000E+009,-8.789753192104399E-004,9.466338669881225E-004,-8.699957979843020E-004,9.337028022855520E-004,
2.484733333333334E+009,-8.896793588064611E-004,9.222958469763398E-004,-8.803218952380121E-004,9.265417465940118E-004,
2.484766666666667E+009,-8.677750593051314E-004,1.001638011075556E-003,-8.326419629156590E-004,9.894233662635088E-004,
2.484800000000000E+009,-8.594122482463718E-004,9.619771735742688E-004,-8.501003612764180E-004,1.015933114103973E-003,
2.484833333333334E+009,-8.205999038182199E-004,1.009185099974275E-003,-7.803982007317245E-004,1.065236516296864E-003,
2.484866666666667E+009,-7.749068900011480E-004,1.017803326249123E-003,-7.533176103606820E-004,1.040258561260998E-003,
2.484900000000000E+009,-7.937582558952272E-004,1.077718683518469E-003,-7.094868342392147E-004,1.091435551643372E-003,
2.484933333333334E+009,-7.025891100056469E-004,1.070831087417901E-003,-7.677807589061558E-004,1.060902257449925E-003,
2.484966666666667E+009,-7.375027053058147E-004,1.129043754190207E-003,-7.186263683252037E-004,1.062438357621431E-003,
2.485000000000000E+009,-6.999056204222143E-004,1.137776416726410E-003,-6.828501936979592E-004,1.128767966292799E-003,
2.485033333333334E+009,-6.483877659775317E-004,1.169496914371848E-003,-6.481697782874107E-004,1.110956887714565E-003,
2.485066666666667E+009,-6.348970346152782E-004,1.164501765742898E-003,-5.871939356438816E-004,1.138929626904428E-003,
2.485100000000000E+009,-6.292365724220872E-004,1.176978694275022E-003,-6.002805894240737E-004,1.169641851447523E-003,
2.485133333333334E+009,-5.207852809689939E-004,1.212342176586390E-003,-5.632334505207837E-004,1.134139718487859E-003,
2.485166666666667E+009,-5.659340531565249E-004,1.212824950926006E-003,-5.181077867746353E-004,1.105004455894232E-003,
2.485200000000000E+009,-5.242521874606609E-004,1.145342248491943E-003,-4.866580420639366E-004,1.224854029715061E-003,
2.485233333333334E+009,-4.481981741264463E-004,1.174535369500518E-003,-4.858280590269715E-004,1.242898753844202E-003,
2.485266666666667E+009,-4.156397772021592E-004,1.169148250482976E-003,-4.650036280509085E-004,1.219703466631472E-003,
2.485300000000000E+009,-3.981583577115089E-004,1.179783605039120E-003,-3.978837339673191E-004,1.177159952931106E-003,
2.485333333333334E+009,-4.194776702206582E-004,1.201440813019872E-003,-3.374770749360323E-004,1.201011240482330E-003,
2.485366666666667E+009,-3.825011372100562E-004,1.206186483614147E-003,-3.030331281479448E-004,1.253557275049388E-003,
2.485400000000000E+009,-2.918443351518363E-004,1.248594140633941E-003,-2.266703959321603E-004,1.236132462508977E-003,
2.485433333333334E+009,-2.779407659545541E-004,1.223505707457662E-003,-2.919044636655599E-004,1.255661947652698E-003,
2.485466666666667E+009,-2.491271297913045E-004,1.259588054381311E-003,-2.022906555794179E-004,1.292821951210499E-003,
2.485500000000000E+009,-1.911398139782250E-004,1.283112331293523E-003,-1.816394360503182E-004,1.239415956661105E-003,
2.485533333333334E+009,-1.377537846565247E-004,1.256554503925145E-003,-2.511919301468879E-004,1.289528096094728E-003,
2.485566666666667E+009,-1.584764104336500E-004,1.313273678533733E-003,-1.610098843229935E-004,1.345102442428470E-003,
2.485600000000000E+009,-8.561456343159080E-005,1.342746778391302E-003,-7.243326399475336E-005,1.265549217350781E-003,
2.485633333333334E+009,-6.956201832508668E-005,1.277148607186973E-003,-1.137407616624842E-005,1.329388585872948E-003,
2.485666666666667E+009,5.019340733269928E-006,1.301006996072829E-003,-9.624181075196248E-006,1.285128528252244E-003,
2.485700000000000E+009,3.816844400716946E-005,1.258566859178245E-003,2.117994699801784E-005,1.309843151830137E-003,
2.485733333333334E+009,-2.190057239204180E-005,1.242716214619577E-003,5.216827776166610E-005,1.332070329226553E-003,
2.485766666666667E+009,1.078567584045231E-004,1.251486828550696E-003,1.733883254928514E-004,1.292972126975656E-003,
2.485800000000000E+009,1.429633121006191E-004,1.265011611394584E-003,9.718019282445312E-005,1.284893718548119E-003,
2.485833333333334E+009,1.639883848838508E-004,1.256598159670830E-003,2.062344865407795E-004,1.285594771616161E-003,
2.485866666666667E+009,2.168731443816796E-004,1.287884777411819E-003,2.155547117581591E-004,1.232566544786096E-003,
2.485900000000000E+009,2.853777259588242E-004,1.248615444637835E-003,2.468638413120061E-004,1.238653552718461E-003,
2.485933333333334E+009,2.786330005619675E-004,1.245143357664347E-003,2.707862586248666E-004,1.247541280463338E-003,
2.485966666666667E+009,3.604303637985140E-004,1.272261026315391E-003,3.015160036738962E-004,1.171433250419796E-003,
2.486000000000000E+009,3.674866457004100E-004,1.249352353625000E-003,3.815821546595544E-004,1.237401273101568E-003,
2.486033333333334E+009,3.986034716945142E-004,1.214634277857840E-003,3.841680008918047E-004,1.179548678919673E-003,
2.486066666666667E+009,4.169007588643581E-004,1.183957559987903E-003,4.084215324837714E-004,1.206891727633774E-003,
2.486100000000000E+009,4.142672987654805E-004,1.202667364850640E-003,4.171895270701498E-004,1.227848231792450E-003,
2.486133333333334E+009,4.650068876799196E-004,1.159835257567465E-003,5.032758926972747E-004,1.168776536360383E-003,
2.486166666666667E+009,4.807331424672157E-004,1.178902457468212E-003,5.167780327610672E-004,1.179373008199036E-003,
2.486200000000000E+009,4.875053127761930E-004,1.154294935986400E-003,5.327978869900107E-004,1.154575962573290E-003,
2.486233333333334E+009,6.164754158817232E-004,1.135246013291180E-003,6.277716602198780E-004,1.122797024436295E-003,
2.486266666666667E+009,5.820360966026783E-004,1.142350025475025E-003,5.887578008696437E-004,1.141640008427203E-003,
2.486300000000000E+009,6.200554198585451E-004,1.102204085327685E-003,6.536601576954126E-004,1.130351214669645E-003,
2.486333333333334E+009,6.696705822832882E-004,1.063193660229445E-003,6.185566890053451E-004,1.148633076809347E-003,
2.486366666666667E+009,6.410482455976307E-004,1.092034392058849E-003,6.593976286239922E-004,1.085761468857527E-003,
2.486400000000000E+009,7.102107047103345E-004,1.127637922763825E-003,6.728698499500752E-004,1.047067344188690E-003,
2.486433333333334E+009,7.656189263798297E-004,1.064989948645234E-003,7.804986671544612E-004,1.046643592417240E-003,
2.486466666666667E+009,6.948212976567447E-004,1.051942934282124E-003,8.133962401188910E-004,1.056202570907772E-003,
2.486500000000000E+009,7.931077270768583E-004,1.033587846904993E-003,7.661406416445971E-004,9.929251391440630E-004,
2.486533333333334E+009,8.079308900050819E-004,1.013846485875547E-003,8.535707602277398E-004,9.799102554097772E-004,
2.486566666666667E+009,8.960433187894523E-004,1.030724146403372E-003,8.329586707986891E-004,1.017966773360968E-003,
2.486600000000000E+009,9.185083908960223E-004,9.794400539249182E-004,8.800409268587828E-004,9.424563031643629E-004,
2.486633333333334E+009,8.598925778642297E-004,9.251811425201595E-004,8.501426782459021E-004,9.462146554142237E-004,
2.486666666666667E+009,9.398118127137423E-004,8.512981585226953E-004,8.991493959911168E-004,8.907913579605520E-004,
2.486700000000000E+009,9.402958094142377E-004,8.923048153519630E-004,8.997924160212278E-004,9.042329038493335E-004,
2.486733333333334E+009,9.745885035954416E-004,8.338039042428136E-004,9.646755061112344E-004,8.684688364155591E-004,
2.486766666666667E+009,9.868260240182281E-004,8.139560814015567E-004,9.934947593137622E-004,8.081333944573999E-004,
2.486800000000000E+009,9.965433273464441E-004,8.287720265798271E-004,9.610151755623519E-004,7.715077954344451E-004,
2.486833333333334E+009,1.046148012392223E-003,7.214347715489566E-004,9.750985191203654E-004,8.008348522707820E-004,
2.486866666666667E+009,1.053603482432663E-003,7.262134458869696E-004,1.056509907357395E-003,7.278156117536128E-004,
2.486900000000000E+009,1.080613234080374E-003,7.229683105833828E-004,1.079559442587197E-003,7.635004585608840E-004,
2.486933333333334E+009,1.060208189301193E-003,6.762927514500916E-004,1.076430315151811E-003,7.055274327285588E-004,
2.486966666666667E+009,1.069312216714025E-003,6.500875460915268E-004,1.094840699806809E-003,6.912999670021236E-004,
2.487000000000000E+009,1.116224448196590E-003,6.241005030460656E-004,1.090161502361298E-003,6.155192386358976E-004,
2.487033333333334E+009,1.194467651657760E-003,6.071747629903257E-004,1.178882317617536E-003,5.841930396854878E-004,
2.487066666666667E+009,1.142237684689462E-003,5.591539666056633E-004,1.197064178995788E-003,5.339364288374782E-004,
2.487100000000000E+009,1.191899413242936E-003,5.486139561980963E-004,1.164726796559990E-003,5.041939439252019E-004,
2.487133333333334E+009,1.148188603110611E-003,5.191331729292870E-004,1.141454558819532E-003,4.903663066215813E-004,
2.487166666666667E+009,1.188323134556413E-003,4.735756374429911E-004,1.139639061875641E-003,4.022287612315267E-004,
2.487200000000000E+009,1.154455821961165E-003,4.132624599151313E-004,1.178909093141556E-003,4.611954209394753E-004,
2.487233333333334E+009,1.236709300428629E-003,4.362958134151995E-004,1.225466956384480E-003,3.745687426999211E-004,
2.487266666666667E+009,1.212116680108011E-003,3.655373875517398E-004,1.271987333893776E-003,3.810410562437028E-004,
2.487300000000000E+009,1.192372525110841E-003,3.107251250185072E-004,1.297107781283557E-003,2.958668919745833E-004,
2.487333333333334E+009,1.254506991244853E-003,2.749954292085022E-004,1.260639633983374E-003,2.852229517884553E-004,
2.487366666666667E+009,1.257286057807505E-003,2.817763015627861E-004,1.278845244087279E-003,2.488539321348071E-004,
2.487400000000000E+009,1.266725128516555E-003,2.674799470696598E-004,1.229097950272262E-003,1.445528469048441E-004,
2.487433333333334E+009,1.266049686819315E-003,1.709108910290524E-004,1.244369661435485E-003,1.413973659509793E-004,
2.487466666666667E+009,1.248341635800898E-003,9.117746958509088E-005,1.232451177202165E-003,1.594192726770416E-004,
2.487500000000000E+009,1.269740052521229E-003,9.671827865531668E-005,1.267193001694977E-003,9.985034557757899E-005,
2.487533333333334E+009,1.259332755580545E-003,7.276496762642637E-005,1.230462687090039E-003,1.313753309659660E-004,
2.487566666666667E+009,1.248841872438788E-003,4.886843453277834E-005,1.237494638189673E-003,5.111520295031369E-005,
2.487600000000000E+009,1.311632222495973E-003,4.121261372347362E-005,1.204332918860018E-003,-2.926580236817244E-005,
2.487633333333334E+009,1.312397769652307E-003,-1.364600302622421E-005,1.304892939515412E-003,-7.821924373274669E-005,
2.487666666666667E+009,1.290001790039241E-003,-3.975197978434153E-005,1.212399569340050E-003,-5.072359999758191E-005,
2.487700000000000E+009,1.257863827049732E-003,-8.887005242286250E-005,1.242664176970720E-003,-1.133550904341973E-004,
2.487733333333334E+009,1.235440024174750E-003,-7.299376011360437E-005,1.201523351483047E-003,-1.047383266268298E-004,
2.487766666666667E+009,1.290332293137908E-003,-1.570870808791369E-004,1.245703198947012E-003,-1.720366999506950E-004,
2.487800000000000E+009,1.230547786690295E-003,-2.093834627885371E-004,1.223467639647424E-003,-1.873159926617518E-004,
2.487833333333334E+009,1.245265593752265E-003,-2.857592189684510E-004,1.301277545280755E-003,-1.999823143705726E-004,
2.487866666666667E+009,1.231141970492899E-003,-2.929467009380460E-004,1.187455607578158E-003,-2.834153128787875E-004,
2.487900000000000E+009,1.262228470295668E-003,-3.586808452382684E-004,1.248513348400593E-003,-3.211577131878585E-004,
2.487933333333334E+009,1.271319692023099E-003,-3.227416309528053E-004,1.189411268569529E-003,-3.248334687668830E-004,
2.487966666666667E+009,1.199515769258142E-003,-3.859480493701994E-004,1.213146373629570E-003,-3.392866929061711E-004,
2.488000000000000E+009,1.148388604633510E-003,-4.061104555148631E-004,1.191909657791257E-003,-3.949036763515323E-004,
2.488033333333334E+009,1.252620248124003E-003,-4.037965554744005E-004,1.196351600810885E-003,-3.900737210642546E-004,
2.488066666666667E+009,1.166897010989487E-003,-4.759770527016372E-004,1.195199438370764E-003,-4.609811585396528E-004,
2.488100000000000E+009,1.145821996033192E-003,-4.929705755785108E-004,1.144486130215228E-003,-4.727430641651154E-004,
2.488133333333334E+009,1.221565878950059E-003,-5.405605770647526E-004,1.194576732814312E-003,-4.808136727660894E-004,
2.488166666666667E+009,1.139567582868040E-003,-5.259444005787373E-004,1.109304372221232E-003,-5.241124890744686E-004,
2.488200000000000E+009,1.190356793813407E-003,-5.316240130923688E-004,1.170202507637441E-003,-5.290794651955366E-004,
2.488233333333334E+009,1.103200833313167E-003,-6.550998077727854E-004,1.119418768212199E-003,-6.100771133787930E-004,
2.488266666666667E+009,1.099086133763194E-003,-5.849135923199356E-004,1.100670080631971E-003,-5.987419281154871E-004,
2.488300000000000E+009,1.119308406487107E-003,-6.551264086738229E-004,1.063063624314964E-003,-6.556835141964257E-004,
2.488333333333334E+009,1.066251192241907E-003,-6.880255532450974E-004,1.069205114617944E-003,-7.225667359307408E-004,
2.488366666666667E+009,1.022578333504498E-003,-6.803485448472202E-004,1.028275582939386E-003,-7.544513791799545E-004,
2.488400000000000E+009,1.018256298266351E-003,-7.942527881823480E-004,1.054760417900980E-003,-7.518843631260097E-004,
2.488433333333334E+009,1.040642033331096E-003,-7.659492548555136E-004,1.050759921781719E-003,-7.987071294337511E-004,
2.488466666666667E+009,9.857405675575137E-004,-7.629041792824864E-004,9.923699544742703E-004,-7.982875104062259E-004,
2.488500000000000E+009,9.344121790491045E-004,-8.473224006593227E-004,9.346771985292435E-004,-8.414537296630442E-004,
2.488533333333334E+009,9.614275186322630E-004,-8.210861124098301E-004,9.158329921774566E-004,-8.464316488243640E-004,
2.488566666666667E+009,9.195519378408790E-004,-8.707311353646219E-004,9.084228659048677E-004,-8.083329303190112E-004,
2.488600000000000E+009,9.206670802086592E-004,-8.708021487109363E-004,8.974024094641209E-004,-9.425412863492966E-004,
2.488633333333334E+009,8.655898272991180E-004,-8.993335068225861E-004,8.648390648886561E-004,-9.062620811164379E-004,
2.488666666666667E+009,8.315353188663721E-004,-9.113901178352535E-004,8.223543991334736E-004,-9.205758688040078E-004,
2.488700000000000E+009,8.205755730159581E-004,-9.216383914463222E-004,8.082780987024307E-004,-9.650440770201385E-004,
2.488733333333334E+009,7.660391274839640E-004,-9.731634636409581E-004,8.125368622131646E-004,-9.487098432146013E-004,
2.488766666666667E+009,8.237616857513785E-004,-9.882283629849553E-004,7.427395903505385E-004,-1.008807797916234E-003,
2.488800000000000E+009,7.514824392274022E-004,-9.977727895602584E-004,7.824118947610259E-004,-1.050682156346738E-003,
2.488833333333334E+009,7.198583916760981E-004,-1.037388574331999E-003,6.783579592593014E-004,-1.030823448672891E-003,
2.488866666666667E+009,6.883163005113602E-004,-1.079021254554391E-003,6.734696798957884E-004,-1.083143288269639E-003,
2.488900000000000E+009,6.222711526788771E-004,-1.115830731578171E-003,6.375009543262422E-004,-1.123134512454271E-003,
2.488933333333334E+009,6.113949930295348E-004,-1.054271939210594E-003,6.097886944189668E-004,-1.123164081946015E-003,
2.488966666666667E+009,5.271874833852053E-004,-1.101603033021092E-003,5.411095335148275E-004,-1.136793289333582E-003,
2.489000000000000E+009,5.165657494217157E-004,-1.167270354926586E-003,4.766935307998210E-004,-1.140392385423183E-003,
2.489033333333334E+009,5.012115580029786E-004,-1.157001126557589E-003,5.300838965922594E-004,-1.142281456850469E-003,
2.489066666666667E+009,4.438959877006710E-004,-1.155384117737413E-003,4.678129917010665E-004,-1.187343150377274E-003,
2.489100000000000E+009,4.227879981044680E-004,-1.145779155194759E-003,3.893330285791308E-004,-1.177590806037188E-003,
2.489133333333334E+009,4.178122908342630E-004,-1.162584638223052E-003,4.425047372933477E-004,-1.174924196675420E-003,
2.489166666666667E+009,4.019183397758752E-004,-1.179349143058062E-003,3.405268653295934E-004,-1.220698934048414E-003,
2.489200000000000E+009,3.578749892767519E-004,-1.258528092876077E-003,3.048942307941616E-004,-1.205395790748298E-003,
2.489233333333334E+009,2.978965349029750E-004,-1.143029425293207E-003,3.087650402449071E-004,-1.185179920867086E-003,
2.489266666666667E+009,2.712020359467715E-004,-1.257387571968138E-003,2.997812989633530E-004,-1.219167024828494E-003,
2.489300000000000E+009,2.515142550691962E-004,-1.233113347552717E-003,2.129661297658458E-004,-1.199544523842633E-003,
2.489333333333334E+009,2.221123868366703E-004,-1.205261913128197E-003,2.395625342614949E-004,-1.228585839271545E-003,
2.489366666666667E+009,2.021007821895182E-004,-1.218964462168515E-003,1.641494309296832E-004,-1.209405483677983E-003,
2.489400000000000E+009,1.507329434389249E-004,-1.220789272338152E-003,1.306606864091009E-004,-1.296956208534539E-003,
2.489433333333334E+009,9.120910544879735E-005,-1.255173468962312E-003,1.115153863793239E-004,-1.199709367938340E-003,
2.489466666666667E+009,4.056615216541104E-005,-1.237726537510753E-003,2.156179834855720E-005,-1.281218370422721E-003,
2.489500000000000E+009,4.978261586074950E-006,-1.282817567698658E-003,3.105974974459969E-005,-1.204885891638696E-003,
2.489533333333334E+009,-1.018940383801237E-005,-1.258670934475958E-003,1.280972992390161E-005,-1.249237335287035E-003,
2.489566666666667E+009,8.879559572960716E-006,-1.281138043850660E-003,6.924254557816312E-005,-1.233477029018104E-003,
2.489600000000000E+009,-1.140033127740026E-004,-1.239719800651074E-003,-8.561253343941644E-005,-1.265552826225758E-003,
2.489633333333334E+009,-7.570847810711712E-005,-1.261835684999824E-003,-5.339857671060599E-005,-1.260938472114503E-003,
2.489666666666667E+009,-1.534696348244324E-004,-1.246504019945860E-003,-1.190885159303434E-004,-1.264982740394771E-003,
2.489700000000000E+009,-1.508257410023361E-004,-1.212742645293474E-003,-1.768310175975785E-004,-1.277511822991073E-003,
2.489733333333334E+009,-1.522750098956749E-004,-1.235228963196278E-003,-1.560501987114549E-004,-1.226715743541718E-003,
2.489766666666667E+009,-2.253385609947145E-004,-1.240469166077673E-003,-1.975729537662119E-004,-1.247145934030414E-003,
2.489800000000000E+009,-3.338284732308239E-004,-1.175448182038963E-003,-2.538316766731441E-004,-1.256145420484245E-003,
2.489833333333334E+009,-3.149311232846230E-004,-1.172925694845617E-003,-2.993711677845568E-004,-1.251086941920221E-003,
2.489866666666667E+009,-3.006655024364591E-004,-1.216317643411458E-003,-3.248292487114668E-004,-1.249633147381246E-003,
2.489900000000000E+009,-3.407707554288209E-004,-1.171379815787077E-003,-3.355658554937691E-004,-1.188389724120498E-003,
2.489933333333334E+009,-3.762321139220148E-004,-1.206103595905006E-003,-3.704339032992721E-004,-1.208346104249358E-003,
2.489966666666667E+009,-3.900948504451662E-004,-1.144898822531104E-003,-4.066795518156141E-004,-1.171872019767761E-003,
2.490000000000000E+009,-4.079775826539844E-004,-1.125116716139019E-003,-4.430743865668774E-004,-1.240499317646027E-003,
2.490033333333334E+009,-5.215969868004322E-004,-1.143652247264981E-003,-4.721289151348174E-004,-1.201240462251008E-003,
2.490066666666667E+009,-5.746289389207959E-004,-1.192048774100840E-003,-5.555858951993287E-004,-1.150995958596468E-003,
2.490100000000000E+009,-5.696963053196669E-004,-1.166368834674358E-003,-5.740654887631536E-004,-1.135986414737999E-003,
2.490133333333334E+009,-5.438522784970701E-004,-1.097698695957661E-003,-6.091587129049003E-004,-1.075779320672154E-003,
2.490166666666667E+009,-6.025821203365922E-004,-1.109529868699610E-003,-5.784791428595781E-004,-1.112048164941371E-003,
2.490200000000000E+009,-6.151180714368820E-004,-1.135764876380563E-003,-5.989519413560629E-004,-1.069798716343939E-003,
2.490233333333334E+009,-6.534139974974096E-004,-1.045598764903843E-003,-6.383369327522814E-004,-1.020959811285138E-003,
2.490266666666667E+009,-6.426674081012607E-004,-1.033130683936179E-003,-7.726087351329625E-004,-1.015462097711861E-003,
2.490300000000000E+009,-7.324999896809459E-004,-1.077087945304811E-003,-7.036323659121990E-004,-9.759427048265934E-004,
2.490333333333334E+009,-7.933782762847841E-004,-1.003379467874765E-003,-7.301449659280479E-004,-1.008293009363115E-003,
2.490366666666667E+009,-8.163281599991024E-004,-9.490693337284029E-004,-7.519188802689314E-004,-9.721207898110151E-004,
2.490400000000000E+009,-7.504525128751993E-004,-9.900174336507917E-004,-8.782928925938904E-004,-9.142114431597292E-004,
2.490433333333334E+009,-8.179536671377718E-004,-9.582747588865459E-004,-8.337895851582289E-004,-9.297772776335478E-004,
2.490466666666667E+009,-7.973280153237283E-004,-8.753897855058312E-004,-8.648802759125829E-004,-9.282411192543805E-004,
2.490500000000000E+009,-9.095627465285361E-004,-9.030613000504673E-004,-8.664632914587855E-004,-8.456107461825013E-004,
2.490533333333334E+009,-8.746480452828109E-004,-8.400027290917933E-004,-8.972720825113356E-004,-8.324918453581631E-004,
2.490566666666667E+009,-9.679861250333488E-004,-8.421253878623247E-004,-8.850883459672332E-004,-8.067720918916166E-004,
2.490600000000000E+009,-9.448431083001196E-004,-7.803579792380333E-004,-9.596757008694112E-004,-8.346085669472814E-004,
2.490633333333334E+009,-1.016261521726847E-003,-7.752822712063789E-004,-9.306063293479383E-004,-7.549439324066043E-004,
2.490666666666667E+009,-9.644106030464172E-004,-7.240660488605499E-004,-9.949189843609929E-004,-6.909280200488865E-004,
2.490700000000000E+009,-9.855461539700627E-004,-6.823181174695492E-004,-9.566458757035434E-004,-6.837772089056671E-004,
2.490733333333334E+009,-9.984315838664770E-004,-7.277451804839075E-004,-1.040679053403437E-003,-6.750512984581292E-004,
2.490766666666667E+009,-1.010214909911156E-003,-6.635087775066495E-004,-9.907609783113003E-004,-6.910013617016375E-004,
2.490800000000000E+009,-1.047031139023602E-003,-5.591920926235616E-004,-1.046734163537622E-003,-6.053122342564166E-004,
2.490833333333334E+009,-1.014237059280276E-003,-5.884628626517952E-004,-1.088272896595299E-003,-5.571260116994381E-004,
2.490866666666667E+009,-1.052302424795926E-003,-5.972128710709512E-004,-1.069432240910828E-003,-5.170531221665442E-004,
2.490900000000000E+009,-1.069707795977593E-003,-5.011767498217523E-004,-1.113579026423395E-003,-5.100587732158601E-004,
2.490933333333334E+009,-1.088067307136953E-003,-4.851458070334047E-004,-1.104524126276374E-003,-4.773724067490548E-004,
2.490966666666667E+009,-1.129205571487546E-003,-4.782498581334949E-004,-1.131948200054467E-003,-4.493788001127541E-004,
2.491000000000000E+009,-1.084967167116702E-003,-3.697896318044514E-004,-1.097034895792604E-003,-3.730268217623234E-004,
2.491033333333334E+009,-1.170043135061860E-003,-4.018552135676146E-004,-1.164240995422006E-003,-3.933552652597427E-004,
2.491066666666667E+009,-1.186694251373410E-003,-3.813415241893381E-004,-1.210918999277055E-003,-3.295905771665275E-004,
2.491100000000000E+009,-1.154512166976929E-003,-3.714690101332963E-004,-1.215563039295375E-003,-3.471061645541340E-004,
2.491133333333334E+009,-1.178601174615324E-003,-2.827511925715953E-004,-1.168445800431073E-003,-3.558520402293652E-004,
2.491166666666667E+009,-1.138394814915955E-003,-3.029117651749402E-004,-1.207025954499841E-003,-2.528863260522485E-004,
2.491200000000000E+009,-1.169490627944470E-003,-2.775210014078766E-004,-1.206591608934104E-003,-2.489709004294127E-004,
2.491233333333334E+009,-1.173019176349044E-003,-2.113588561769575E-004,-1.191262970678508E-003,-2.387111308053136E-004,
2.491266666666667E+009,-1.196638564579189E-003,-1.807599328458309E-004,-1.221609534695745E-003,-1.749426446622238E-004,
2.491300000000000E+009,-1.243928563781083E-003,-1.642248098505661E-004,-1.176691963337362E-003,-1.211302223964594E-004,
2.491333333333334E+009,-1.190887414850295E-003,-6.921692693140358E-005,-1.215092372149229E-003,-1.588715676916763E-004,
2.491366666666667E+009,-1.178950653411448E-003,-8.515626541338861E-005,-1.157866325229406E-003,-1.076143526006490E-004,
2.491400000000000E+009,-1.211542170494795E-003,-5.887576844543219E-005,-1.211607130244374E-003,-5.144553142599762E-005,
2.491433333333334E+009,-1.246930216439068E-003,-4.614165300154127E-005,-1.218092860653997E-003,-3.942633338738233E-005,
2.491466666666667E+009,-1.211769063957036E-003,-1.168330163636711E-005,-1.183338928967714E-003,2.737693102972116E-005,
2.491500000000000E+009,-1.220608246512711E-003,6.586570088984445E-005,-1.197100384160876E-003,9.250646144209895E-006,
2.491533333333334E+009,-1.166114932857454E-003,6.365289300447330E-005,-1.150320866145194E-003,6.634205783484504E-005,
2.491566666666667E+009,-1.203166670165956E-003,1.413758873241022E-004,-1.167734852060676E-003,1.551745808683336E-004,
2.491600000000000E+009,-1.155363162979484E-003,1.807788648875430E-004,-1.209149020723999E-003,1.378152664983645E-004,
2.491633333333334E+009,-1.189668895676732E-003,1.639787951717153E-004,-1.190448645502329E-003,1.434562873328105E-004,
2.491666666666667E+009,-1.166055444628000E-003,1.767139910953119E-004,-1.205029431730509E-003,1.733385724946857E-004,
2.491700000000000E+009,-1.087093725800514E-003,2.504079602658749E-004,-1.191560295410454E-003,2.172892855014652E-004,
2.491733333333334E+009,-1.127399387769401E-003,2.896016230806708E-004,-1.181091647595167E-003,2.635963319335133E-004,
2.491766666666667E+009,-1.126109040342271E-003,2.788242709357292E-004,-1.121636480093002E-003,3.096782311331481E-004,
2.491800000000000E+009,-1.143550383858383E-003,2.725398226175457E-004,-1.179018407128751E-003,3.214700554963201E-004,
2.491833333333334E+009,-1.126884832046926E-003,3.433912352193147E-004,-1.137319137342274E-003,3.580728953238577E-004,
2.491866666666667E+009,-1.154867815785110E-003,4.071631992701441E-004,-1.110762823373079E-003,3.778007230721414E-004,
2.491900000000000E+009,-1.064202166162431E-003,4.169227904640138E-004,-1.080290530808270E-003,4.199476970825344E-004,
2.491933333333334E+009,-1.102225622162223E-003,4.266358155291528E-004,-1.110268174670637E-003,4.395527357701212E-004,
2.491966666666667E+009,-1.116749714128673E-003,4.563223628792912E-004,-1.087599433958530E-003,4.805884091183543E-004,
2.492000000000000E+009,-1.063287607394159E-003,4.643197171390057E-004,-1.046857680194080E-003,4.866056260652840E-004,
2.492033333333334E+009,-1.054433058016002E-003,5.062487907707691E-004,-1.052348641678691E-003,5.812823656015098E-004,
2.492066666666667E+009,-1.039619208313525E-003,5.569575587287545E-004,-1.017304370179772E-003,6.568703684024513E-004,
2.492100000000000E+009,-1.032441155984998E-003,5.719884647987783E-004,-1.019383431412280E-003,6.192091386765242E-004,
2.492133333333334E+009,-9.733955375850201E-004,6.055845879018307E-004,-1.001943717710674E-003,6.096856086514890E-004,
2.492166666666667E+009,-9.563372586853802E-004,6.227768608368933E-004,-9.430918726138771E-004,6.943144253455102E-004,
2.492200000000000E+009,-9.441587608307600E-004,6.694871117360890E-004,-8.751159766688943E-004,6.675110198557377E-004,
2.492233333333334E+009,-9.352976921945810E-004,7.131572929210961E-004,-9.628528496250510E-004,6.881362060084939E-004,
2.492266666666667E+009,-8.849426521919668E-004,6.776911905035377E-004,-8.271053666248918E-004,7.240322884172201E-004,
2.492300000000000E+009,-8.915731450542808E-004,7.041063508950174E-004,-8.843036484904587E-004,6.863258313387632E-004,
2.492333333333334E+009,-8.590355282649398E-004,6.591964047402144E-004,-8.760962518863380E-004,7.045737002044916E-004,
2.492366666666667E+009,-8.108451147563756E-004,7.547062123194337E-004,-8.702403283677995E-004,7.722645532339811E-004,
2.492400000000000E+009,-8.286354714073241E-004,7.551874150522053E-004,-8.297070744447410E-004,8.151899091899395E-004,
2.492433333333334E+009,-7.834428688511252E-004,8.499922114424408E-004,-7.602453697472811E-004,7.846869411878288E-004,
2.492466666666667E+009,-7.702223956584930E-004,8.514847140759230E-004,-7.439533947035670E-004,7.960745133459568E-004,
2.492500000000000E+009,-7.493475568480790E-004,8.744579390622675E-004,-6.992696435190737E-004,9.038288844749332E-004,
2.492533333333334E+009,-7.633292698301375E-004,8.745287195779383E-004,-7.009145920164883E-004,8.517879177816212E-004,
2.492566666666667E+009,-6.956725264899433E-004,9.194235899485648E-004,-7.079410715959966E-004,9.007000480778515E-004,
2.492600000000000E+009,-6.620662752538919E-004,9.375633671879768E-004,-7.143641705624759E-004,8.874079212546349E-004,
2.492633333333334E+009,-5.844744737260044E-004,9.486814378760755E-004,-6.829865160398185E-004,9.548368398100138E-004,
2.492666666666667E+009,-6.567484815604985E-004,9.684891556389630E-004,-6.249311263673008E-004,9.921288583427668E-004,
2.492700000000000E+009,-6.634075543843210E-004,9.553659474477172E-004,-5.801332881674171E-004,9.932285174727440E-004,
2.492733333333334E+009,-5.930549814365804E-004,9.862447623163462E-004,-5.782345542684197E-004,9.829144692048430E-004,
2.492766666666667E+009,-5.709017277695239E-004,9.558125166222453E-004,-6.192511646077037E-004,1.018830342218280E-003,
2.492800000000000E+009,-5.299821496009827E-004,1.017232891172171E-003,-5.340419593267143E-004,9.754241909831762E-004,
2.492833333333334E+009,-4.692450456786901E-004,1.029214588925242E-003,-5.024576094001532E-004,1.069458900019527E-003,
2.492866666666667E+009,-4.831815022043884E-004,1.030890969559550E-003,-4.229640762787312E-004,1.079839887097478E-003,
2.492900000000000E+009,-4.548261931631714E-004,1.049938495270908E-003,-4.564594128169119E-004,1.070110592991114E-003,
2.492933333333334E+009,-4.261560679879040E-004,1.081840018741787E-003,-3.699974913615733E-004,1.068742712959647E-003,
2.492966666666667E+009,-3.838642442133278E-004,1.062970957718790E-003,-3.229251306038350E-004,1.031611231155694E-003,
2.493000000000000E+009,-3.815841046161950E-004,1.088061369955540E-003,-3.576373273972422E-004,1.105091301724315E-003,
2.493033333333334E+009,-3.088410885538906E-004,1.114351558499038E-003,-3.315573849249631E-004,1.126729417592287E-003,
2.493066666666667E+009,-2.775175380520523E-004,1.095182960852981E-003,-3.007237974088639E-004,1.087450655177236E-003,
2.493100000000000E+009,-2.672191476449370E-004,1.091011799871922E-003,-2.919512335211039E-004,1.109127304516733E-003,
2.493133333333334E+009,-2.896107034757733E-004,1.049813930876553E-003,-2.073658251902089E-004,1.133206766098738E-003,
2.493166666666667E+009,-1.939766370924190E-004,1.068306155502796E-003,-2.246180374640971E-004,1.049738610163331E-003,
2.493200000000000E+009,-1.739902945701033E-004,1.075395965017378E-003,-2.015791251324117E-004,1.113701961003244E-003,
2.493233333333334E+009,-1.858264731708914E-004,1.110803219489753E-003,-1.586318103363738E-004,1.103473128750920E-003,
2.493266666666667E+009,-1.135891725425609E-004,1.138307969085872E-003,-7.161329995142296E-005,1.040417002514005E-003,
2.493300000000000E+009,-8.473117486573756E-005,1.091340556740761E-003,-7.733145321253687E-005,1.102674053981900E-003,
2.493333333333334E+009,-5.632936154142954E-005,1.133431796915829E-003,-3.817378092207946E-005,1.090337522327900E-003,
2.493366666666667E+009,2.074118492600974E-005,1.068793935701251E-003,-4.847816671826877E-005,1.073794672265649E-003,
2.493400000000000E+009,-2.137335468432866E-005,1.109145930968225E-003,6.543976951434161E-007,1.110501470975578E-003,
2.493433333333334E+009,6.339210085570812E-005,1.128667965531349E-003,3.503458719933406E-005,1.082041533663869E-003,
2.493466666666667E+009,8.654684643261135E-005,1.138710533268750E-003,9.589020191924647E-005,1.040856004692614E-003,
2.493500000000000E+009,1.240390411112458E-004,1.077560125850141E-003,8.755338058108464E-005,1.091068959794939E-003,
2.493533333333334E+009,4.197694943286479E-005,1.074547762982547E-003,5.601476004812866E-005,1.039826544001699E-003,
2.493566666666667E+009,1.113022153731436E-004,1.059756963513792E-003,1.277721166843548E-004,1.081548980437219E-003,
2.493600000000000E+009,1.884989469544962E-004,1.087960321456194E-003,2.024399000220001E-004,1.056969747878611E-003,
2.493633333333334E+009,1.679071137914434E-004,1.051806961186230E-003,1.942866947501898E-004,1.090147765353322E-003,
2.493666666666667E+009,1.760391023708507E-004,9.869636269286275E-004,1.913645974127576E-004,1.011121901683509E-003,
2.493700000000000E+009,2.658170997165144E-004,1.015680376440287E-003,2.911269257310778E-004,1.014952198602259E-003,
2.493733333333334E+009,2.998187264893204E-004,1.038775197230279E-003,2.835007035173476E-004,1.014952431432903E-003,
2.493766666666667E+009,3.305527206975967E-004,9.704342810437083E-004,3.023108583875001E-004,1.000778633169830E-003,
2.493800000000000E+009,3.805908781941980E-004,1.012933440506458E-003,3.707800060510635E-004,1.016255235299468E-003,
2.493833333333334E+009,3.797294921241701E-004,1.017426140606403E-003,3.676237538456917E-004,9.749322780407965E-004,
2.493866666666667E+009,3.729817981366068E-004,9.567212546244264E-004,4.552030877675861E-004,9.425889584235847E-004,
2.493900000000000E+009,4.330367373768240E-004,9.704127442091703E-004,4.482000367715955E-004,9.897586423903704E-004,
2.493933333333334E+009,4.051320720463991E-004,9.723336552269757E-004,4.411013796925545E-004,9.580585174262524E-004,
2.493966666666667E+009,4.578786902129650E-004,9.353369241580367E-004,4.750592925120145E-004,9.328480227850378E-004,
2.494000000000000E+009,4.937590565532446E-004,9.131858241744340E-004,4.724069149233401E-004,9.433904779143632E-004,
2.494033333333334E+009,4.927486879751086E-004,9.232023730874062E-004,5.217374418862164E-004,9.483504109084606E-004,
2.494066666666667E+009,5.374656757339835E-004,8.844043477438390E-004,5.269167013466358E-004,9.153689607046545E-004,
2.494100000000000E+009,5.657798610627651E-004,8.959785918705165E-004,5.593639216385782E-004,8.802571683190763E-004,
2.494133333333334E+009,5.548779154196382E-004,9.283620165660977E-004,5.832471069879830E-004,9.088435908779502E-004,
2.494166666666667E+009,6.248125573620200E-004,8.747381507419050E-004,6.126507651060820E-004,9.331891196779907E-004,
2.494200000000000E+009,6.480774609372020E-004,8.659985614940524E-004,5.931440391577780E-004,8.439327357336879E-004,
2.494233333333334E+009,5.889054154977202E-004,8.315343293361366E-004,6.057192222215235E-004,8.419960504397750E-004,
2.494266666666667E+009,6.018975982442498E-004,8.633378311060369E-004,6.841120775789022E-004,8.084260043688119E-004,
2.494300000000000E+009,7.383681368082762E-004,7.750661461614072E-004,7.172970217652619E-004,7.841977057978511E-004,
2.494333333333334E+009,7.339082658290863E-004,7.871828856877983E-004,6.701495731249452E-004,7.237371173687279E-004,
2.494366666666667E+009,6.901614833623171E-004,7.489097188226879E-004,7.342275930568576E-004,7.855982403270900E-004,
2.494400000000000E+009,7.175757782533765E-004,6.681313388980925E-004,7.616064976900816E-004,7.989510195329785E-004,
2.494433333333334E+009,7.251364877447486E-004,7.192331831902266E-004,7.663079304620624E-004,7.209695759229362E-004,
2.494466666666667E+009,8.221039315685630E-004,7.149507873691618E-004,7.907420513220131E-004,7.299258140847087E-004,
2.494500000000000E+009,8.080081897787750E-004,6.981436745263636E-004,7.663929718546569E-004,6.493677501566708E-004,
2.494533333333334E+009,8.223889162763953E-004,6.821218994446099E-004,7.942464435473084E-004,6.875511608086526E-004,
2.494566666666667E+009,8.404891705140472E-004,6.510979146696627E-004,8.588323835283518E-004,6.080491002649069E-004,
2.494600000000000E+009,8.245102944783866E-004,6.416412652470172E-004,8.763759979046881E-004,6.297691725194454E-004,
2.494633333333334E+009,8.535256492905319E-004,5.958965630270541E-004,8.321644854731858E-004,5.949162296019495E-004,
2.494666666666667E+009,9.225980611518025E-004,5.320996860973537E-004,8.694133721292019E-004,5.703429924324155E-004,
2.494700000000000E+009,8.367318660020828E-004,4.947428242303431E-004,8.754115551710129E-004,5.543066072277725E-004,
2.494733333333334E+009,8.889930322766304E-004,5.312340217642486E-004,9.268291178159416E-004,5.096785607747734E-004,
2.494766666666667E+009,8.661139290779829E-004,5.212608957663178E-004,9.133424027822912E-004,5.537566612474620E-004,
2.494800000000000E+009,9.237682097591460E-004,4.157416406087577E-004,9.088318329304457E-004,4.836260923184454E-004,
2.494833333333334E+009,9.421795839443803E-004,4.484416276682168E-004,8.623298490419984E-004,4.391970287542790E-004,
2.494866666666667E+009,8.970718481577933E-004,4.349203081801534E-004,9.627508698031306E-004,4.136781790293753E-004,
2.494900000000000E+009,9.428370394743979E-004,4.092348390258849E-004,9.568965760990977E-004,4.097640339750797E-004,
2.494933333333334E+009,8.969601476565003E-004,2.982157748192549E-004,9.100412135012448E-004,3.164841327816248E-004,
2.494966666666667E+009,9.128175443038344E-004,3.520613245200366E-004,9.132453124038875E-004,3.059025038965046E-004,
2.495000000000000E+009,9.040222503244877E-004,2.979151322506368E-004,9.214932215400040E-004,3.221199440304190E-004,
2.495033333333334E+009,9.737082291394472E-004,2.925542939919978E-004,9.539132588542998E-004,2.699680044315755E-004,
2.495066666666667E+009,9.557328885421157E-004,2.892017655540258E-004,9.239618084393442E-004,2.794680185616016E-004,
2.495100000000000E+009,9.239514474757016E-004,2.749306731857359E-004,9.203413501381874E-004,2.485008153598756E-004,
2.495133333333334E+009,9.236212354153395E-004,2.573863603174686E-004,9.899503784254193E-004,2.175696718040854E-004,
2.495166666666667E+009,9.785740403458476E-004,1.851893757702783E-004,9.387844474986196E-004,2.206172357546166E-004,
2.495200000000000E+009,9.327905718237162E-004,1.335124397883192E-004,9.612233261577785E-004,1.941502996487543E-004,
2.495233333333334E+009,9.874987881630659E-004,1.787407527444884E-004,9.635803871788085E-004,1.313489192398265E-004,
2.495266666666667E+009,9.735538042150438E-004,1.488577836425975E-004,1.046575605869293E-003,1.080347647075541E-004,
2.495300000000000E+009,1.010930049233139E-003,1.129742959165014E-004,9.848977206274867E-004,7.497522165067494E-005,
2.495333333333334E+009,9.999155299738050E-004,1.190366456285119E-004,9.800888365134597E-004,7.796584395691752E-005,
2.495366666666667E+009,9.557575685903430E-004,2.493517240509391E-005,9.659732459113002E-004,4.779256778419949E-005,
2.495400000000000E+009,9.688551072031260E-004,3.077383553318214E-006,9.698471985757351E-004,-1.200575206894428E-005,
2.495433333333334E+009,9.503220790065825E-004,-5.531798160518520E-005,9.774373611435294E-004,-5.017508374294266E-005,
2.495466666666667E+009,1.005924190394580E-003,-5.512443385669030E-005,9.740588720887899E-004,-1.031319261528552E-004,
2.495500000000000E+009,1.025917590595782E-003,-7.358353468589485E-005,1.019065966829658E-003,-9.686526027508080E-005,
2.495533333333334E+009,9.856555843725801E-004,-7.448037649737671E-005,9.874412789940834E-004,-1.076992630260065E-004,
2.495566666666667E+009,9.588052635081112E-004,-1.061659640981816E-004,9.732811013236642E-004,-1.008716862997972E-004,
2.495600000000000E+009,9.337488445453346E-004,-1.539940712973476E-004,9.838070254772902E-004,-1.665667950874195E-004,
2.495633333333334E+009,9.756170911714435E-004,-2.101426653098315E-004,9.598699980415404E-004,-2.091208880301565E-004,
2.495666666666667E+009,9.518341394141316E-004,-2.090899797622114E-004,9.703306131996214E-004,-2.332210133317858E-004,
2.495700000000000E+009,9.578470489941537E-004,-1.592669577803463E-004,9.458860149607062E-004,-2.395474002696574E-004,
2.495733333333334E+009,9.615752496756613E-004,-2.561065193731338E-004,9.563990752212703E-004,-2.518415276426822E-004,
2.495766666666667E+009,9.157045860774815E-004,-2.610839146655053E-004,9.094699635170400E-004,-2.182526950491592E-004,
2.495800000000000E+009,9.332837071269751E-004,-2.939554979093373E-004,9.456498082727194E-004,-3.385211457498372E-004,
2.495833333333334E+009,9.160232730209827E-004,-3.166720562148839E-004,9.186498355120421E-004,-3.290082968305796E-004,
2.495866666666667E+009,8.644518675282598E-004,-3.306142752990127E-004,8.997089462354779E-004,-3.235929762013257E-004,
2.495900000000000E+009,8.755128947086632E-004,-3.940087335649878E-004,9.267206187359989E-004,-3.177371399942786E-004,
2.495933333333334E+009,8.734362199902535E-004,-3.816805256064981E-004,8.961417479440570E-004,-3.555058792699128E-004,
2.495966666666667E+009,8.211840176954866E-004,-3.577252500690520E-004,9.096465655602515E-004,-3.493868862278760E-004,
2.496000000000000E+009,8.851078455336392E-004,-4.793529515154660E-004,8.643678738735616E-004,-4.309034266043454E-004,
2.496033333333334E+009,8.786173420958221E-004,-4.390129179228097E-004,8.566002943553031E-004,-4.753754474222660E-004,
2.496066666666667E+009,8.705845684744418E-004,-4.879078769590706E-004,8.142591104842722E-004,-5.091435159556568E-004,
2.496100000000000E+009,8.539294358342886E-004,-5.411735037341714E-004,8.366348338313401E-004,-4.793063853867352E-004,
2.496133333333334E+009,8.479593088850379E-004,-5.635126144625247E-004,8.092403877526522E-004,-5.296951276250184E-004,
2.496166666666667E+009,7.573525072075427E-004,-5.545075400732458E-004,8.072509081102908E-004,-5.068074679002166E-004,
2.496200000000000E+009,8.051839540712535E-004,-5.848321015946567E-004,8.109883056022227E-004,-5.742272478528321E-004,
2.496233333333334E+009,7.626882288604975E-004,-6.178113399073482E-004,8.219191222451627E-004,-5.915818037465215E-004,
2.496266666666667E+009,7.543368847109377E-004,-5.896651418879628E-004,7.610340835526586E-004,-6.461865268647671E-004,
2.496300000000000E+009,7.604330894537270E-004,-5.870908498764038E-004,7.420999463647604E-004,-6.511624087579548E-004,
2.496333333333334E+009,7.338510476984084E-004,-6.352207274176180E-004,7.730399374850094E-004,-6.266695563681424E-004,
2.496366666666667E+009,7.687591132707894E-004,-6.507071084342897E-004,6.469291984103620E-004,-6.530926912091672E-004,
2.496400000000000E+009,6.680517108179629E-004,-6.895464030094445E-004,6.614231388084590E-004,-6.871197256259620E-004,
2.496433333333334E+009,6.963734631426632E-004,-6.742844707332552E-004,6.765785510651767E-004,-7.246831664815545E-004,
2.496466666666667E+009,6.533586420118809E-004,-6.961085600778461E-004,6.180856144055724E-004,-7.596556679345667E-004,
2.496500000000000E+009,5.858381045982242E-004,-7.298656273633242E-004,5.971411010250449E-004,-6.827912293374538E-004,
2.496533333333334E+009,6.676312186755240E-004,-7.414257852360606E-004,6.085669738240540E-004,-6.814630469307303E-004,
2.496566666666667E+009,5.914948415011168E-004,-7.428395911119878E-004,5.989962373860180E-004,-6.826060707680881E-004,
2.496600000000000E+009,5.616575945168734E-004,-7.554197800345719E-004,5.431991303339601E-004,-7.148146396502852E-004,
2.496633333333334E+009,5.086695891804993E-004,-7.525804103352130E-004,5.907951854169369E-004,-7.408892852254212E-004,
2.496666666666667E+009,5.890032625757158E-004,-7.565331761725247E-004,5.748755065724254E-004,-7.414354477077723E-004,
2.496700000000000E+009,5.461339605972171E-004,-7.480640779249370E-004,5.153673118911684E-004,-7.735653780400753E-004,
2.496733333333334E+009,5.226626526564360E-004,-7.666391902603209E-004,5.691847763955593E-004,-7.899972260929644E-004,
2.496766666666667E+009,4.589124873746187E-004,-7.843631901778281E-004,4.506793338805437E-004,-7.661366835236549E-004,
2.496800000000000E+009,4.655998782254756E-004,-7.757549756206572E-004,4.352739779278636E-004,-7.772375247441232E-004,
2.496833333333334E+009,4.230498743709177E-004,-8.332741563208401E-004,4.175259382463992E-004,-8.219975861720741E-004,
2.496866666666667E+009,4.640248953364790E-004,-7.603230187669396E-004,4.547937714960426E-004,-8.360167848877609E-004,
2.496900000000000E+009,4.088720015715808E-004,-8.640165324322879E-004,3.954463172703981E-004,-8.667202782817185E-004,
2.496933333333334E+009,3.292795154266059E-004,-8.408500580117106E-004,3.496654098853469E-004,-8.309480035677552E-004,
2.496966666666667E+009,3.337508242111653E-004,-8.825971744954586E-004,3.181466599926353E-004,-8.608712814748287E-004,
2.497000000000000E+009,3.212226438336074E-004,-8.716455777175725E-004,3.826786414720118E-004,-8.417067001573741E-004,
2.497033333333334E+009,3.025417681783438E-004,-8.523162687197328E-004,3.577403549570590E-004,-9.010070352815092E-004,
2.497066666666667E+009,2.981886791530997E-004,-8.959084516391158E-004,2.614323166199029E-004,-8.929122122935951E-004,
2.497100000000000E+009,3.023205208592117E-004,-8.739130571484566E-004,1.979305088752881E-004,-8.764042868278921E-004,
2.497133333333334E+009,2.293972793268040E-004,-8.982918807305396E-004,2.425082930130884E-004,-8.847115677781403E-004,
2.497166666666667E+009,1.948808057932183E-004,-9.012063383124769E-004,2.169417421100661E-004,-9.478924912400544E-004,
2.497200000000000E+009,1.627678720979020E-004,-8.904788992367685E-004,1.522876118542627E-004,-9.505278430879116E-004,
2.497233333333334E+009,1.903635857161135E-004,-9.002013830468059E-004,1.347461802652106E-004,-9.212495642714202E-004,
2.497266666666667E+009,1.564981648698449E-004,-9.620100026950240E-004,6.880126602482051E-005,-9.678943897597492E-004,
2.497300000000000E+009,1.138457519118674E-004,-9.123916970565915E-004,1.284997561015189E-004,-9.420714341104031E-004,
2.497333333333334E+009,6.541939364979044E-005,-9.344503632746637E-004,9.383129508933052E-005,-8.948016329668462E-004,
2.497366666666667E+009,8.714960131328553E-005,-9.445836185477674E-004,1.017487447825261E-004,-9.633075678721070E-004,
2.497400000000000E+009,2.374569521634840E-005,-9.200337808579207E-004,2.777731970127206E-005,-9.718010551296175E-004,
2.497433333333334E+009,6.188212864799425E-005,-8.993295487016439E-004,3.323552664369345E-005,-8.982782019302249E-004,
2.497466666666667E+009,-8.258456546172965E-006,-9.237684425897896E-004,-3.310898682684638E-005,-9.429438505321741E-004,
2.497500000000000E+009,-5.899287498323247E-005,-9.422079310752451E-004,-5.203129330766387E-005,-9.107481455430389E-004,
2.497533333333334E+009,-2.962781400128733E-005,-9.291031165048480E-004,-4.703519516624510E-005,-9.426481556147337E-004,
2.497566666666667E+009,-9.309419692726806E-005,-9.141716873273253E-004,-8.260794129455462E-005,-9.349802858196199E-004,
2.497600000000000E+009,-6.838889385107905E-005,-9.013073868118227E-004,-9.193429286824539E-005,-9.088676888495684E-004,
2.497633333333334E+009,-1.256585092050955E-004,-8.942266576923430E-004,-1.690416102064773E-004,-9.212523000314832E-004,
2.497666666666667E+009,-1.734997058520094E-004,-9.162125643342733E-004,-2.085112937493250E-004,-8.910166216082871E-004,
2.497700000000000E+009,-1.604217832209542E-004,-8.874890045262873E-004,-1.645226147957146E-004,-9.126411168836057E-004,
2.497733333333334E+009,-1.245418970938772E-004,-9.058463620021939E-004,-1.289390347665176E-004,-8.763031219132245E-004,
2.497766666666667E+009,-2.137691626558080E-004,-8.603771566413343E-004,-2.401760284556076E-004,-9.056585258804262E-004,
2.497800000000000E+009,-2.456179354339838E-004,-9.156203013844788E-004,-2.827346906997263E-004,-8.856020285747945E-004,
2.497833333333334E+009,-2.339836646569893E-004,-8.246871293522418E-004,-3.096327418461442E-004,-8.437800570391119E-004,
2.497866666666667E+009,-2.933531650342047E-004,-8.667273796163499E-004,-2.502335410099477E-004,-8.244759519584477E-004,
2.497900000000000E+009,-2.869701129384339E-004,-8.732664864510298E-004,-3.256275958847255E-004,-8.693453273735941E-004,
2.497933333333334E+009,-3.551281988620758E-004,-8.390336297452450E-004,-2.915051300078630E-004,-9.040038567036390E-004,
2.497966666666667E+009,-3.547586675267667E-004,-7.976610795594752E-004,-3.912271640729159E-004,-8.135811076499522E-004,
2.498000000000000E+009,-3.466265334282070E-004,-8.454333874396980E-004,-3.326492733322084E-004,-8.012146572582424E-004,
2.498033333333334E+009,-3.647734702099115E-004,-7.791317184455693E-004,-4.131884197704494E-004,-8.054262143559754E-004,
2.498066666666667E+009,-3.852801746688783E-004,-7.780279265716672E-004,-3.753729979507625E-004,-8.102740976028144E-004,
2.498100000000000E+009,-4.008538089692593E-004,-8.533057989552617E-004,-4.176131042186171E-004,-8.338492480106652E-004,
2.498133333333334E+009,-4.373711417429149E-004,-7.528050919063389E-004,-3.949825186282396E-004,-8.281961781904101E-004,
2.498166666666667E+009,-4.335250414442271E-004,-7.711231010034680E-004,-4.807514487765729E-004,-7.624753634445369E-004,
2.498200000000000E+009,-4.300442524254322E-004,-7.936361944302917E-004,-4.711915098596364E-004,-7.875325973145664E-004,
2.498233333333334E+009,-4.553612961899489E-004,-7.458484615199268E-004,-4.737236013170332E-004,-8.117706747725606E-004,
2.498266666666667E+009,-5.092528299428523E-004,-7.701104041188955E-004,-4.906015237793326E-004,-7.553892210125923E-004,
2.498300000000000E+009,-5.198476137593389E-004,-6.997350137680769E-004,-4.779337905347347E-004,-7.804906344972551E-004,
2.498333333333334E+009,-5.780315841548145E-004,-7.718437700532377E-004,-5.106626194901764E-004,-7.812416879460216E-004,
2.498366666666667E+009,-5.294636939652264E-004,-7.339349249377847E-004,-5.215163691900671E-004,-7.473852019757032E-004,
2.498400000000000E+009,-6.048188661225140E-004,-6.949015078134835E-004,-5.502909189090133E-004,-6.912443204782903E-004,
2.498433333333334E+009,-5.805481341667473E-004,-6.895484402775765E-004,-5.816577468067408E-004,-6.178122130222619E-004,
2.498466666666667E+009,-6.508926162496209E-004,-6.088295485824347E-004,-6.473216926679015E-004,-6.519303424283862E-004,
2.498500000000000E+009,-6.341590196825564E-004,-6.119135068729520E-004,-6.567230448126793E-004,-6.796146044507623E-004,
2.498533333333334E+009,-6.664441316388547E-004,-6.645669345743954E-004,-6.215519388206303E-004,-6.407187902368605E-004,
2.498566666666667E+009,-6.873292732052505E-004,-6.720180972479284E-004,-6.700828671455383E-004,-5.950331687927246E-004,
2.498600000000000E+009,-6.914908881299198E-004,-5.935243680141866E-004,-6.939576123841107E-004,-5.755120073445141E-004,
2.498633333333334E+009,-7.226585876196623E-004,-5.554106901399791E-004,-7.526125409640372E-004,-5.741214845329523E-004,
2.498666666666667E+009,-7.160829263739288E-004,-5.745127564296126E-004,-6.585379596799612E-004,-5.275279399938881E-004,
2.498700000000000E+009,-7.622464327141643E-004,-5.970610654912889E-004,-6.945143104530871E-004,-5.106097087264061E-004,
2.498733333333334E+009,-7.418196182698011E-004,-5.127583281137049E-004,-7.512148004025221E-004,-4.813254927285016E-004,
2.498766666666667E+009,-7.517322665080428E-004,-4.806238284800202E-004,-7.818253361620009E-004,-4.914310411550105E-004,
2.498800000000000E+009,-7.657906971871853E-004,-4.253967781551182E-004,-7.752901292406023E-004,-4.428627435117960E-004,
2.498833333333334E+009,-7.935524336062372E-004,-5.034121568314731E-004,-7.691428181715310E-004,-4.876856110058725E-004,
2.498866666666667E+009,-7.851511472836137E-004,-4.767290374729782E-004,-8.307205862365663E-004,-4.130832385271788E-004,
2.498900000000000E+009,-8.312194258905947E-004,-4.520549846347421E-004,-7.889843545854092E-004,-4.121317469980568E-004,
2.498933333333334E+009,-7.689892081543803E-004,-3.680390072986484E-004,-7.810289971530438E-004,-4.539419314824045E-004,
2.498966666666667E+009,-8.293617866002023E-004,-3.668924036901444E-004,-8.717521559447050E-004,-3.848318301606923E-004,
2.499000000000000E+009,-8.180729346349835E-004,-3.489467489998788E-004,-8.352255099453032E-004,-3.486485511530191E-004,
2.499033333333334E+009,-8.033612975850701E-004,-2.838962536770850E-004,-8.321685600094497E-004,-2.931114868260920E-004,
2.499066666666667E+009,-8.877142681740224E-004,-2.988223568536341E-004,-8.352131699211896E-004,-3.326668811496347E-004,
2.499100000000000E+009,-7.997811771929264E-004,-2.599139406811446E-004,-8.380378130823374E-004,-2.452316984999925E-004,
2.499133333333334E+009,-8.947462774813175E-004,-2.537544933147728E-004,-8.910128963179886E-004,-2.720425545703620E-004,
2.499166666666667E+009,-8.609510259702802E-004,-2.294082514708862E-004,-8.108755573630333E-004,-2.486794546712190E-004,
2.499200000000000E+009,-9.014194365590811E-004,-1.849430846050382E-004,-8.742362842895091E-004,-2.265895891468972E-004,
2.499233333333334E+009,-8.527433383278549E-004,-2.010060998145491E-004,-9.161690832115710E-004,-1.924486859934405E-004,
2.499266666666667E+009,-9.105156641453505E-004,-1.663119037402794E-004,-8.761047502048314E-004,-1.911628787638620E-004,
2.499300000000000E+009,-8.451386820524931E-004,-1.727581984596327E-004,-9.047562489286065E-004,-1.211613853229210E-004,
2.499333333333334E+009,-8.896168437786400E-004,-1.211263297591358E-004,-9.001391008496285E-004,-1.227601023856551E-004,
2.499366666666667E+009,-9.392843348905444E-004,-8.188468200387433E-005,-9.184979135170579E-004,-6.439401477109641E-005,
2.499400000000000E+009,-8.522139396518469E-004,-7.825044303899631E-005,-9.126993827521801E-004,-4.291982622817159E-005,
2.499433333333334E+009,-8.466329891234636E-004,-3.488582296995446E-005,-9.235729230567813E-004,-1.059075293596834E-004,
2.499466666666667E+009,-9.170276462100446E-004,-4.688791523221880E-005,-9.432759834453464E-004,-3.827196269412525E-005,
2.499500000000000E+009,-8.950645569711924E-004,6.988496897974983E-005,-9.192050783894956E-004,-1.680997593211941E-005,
2.499533333333334E+009,-9.182762005366385E-004,2.242844493594021E-005,-8.559182751923800E-004,-2.024636245323563E-007,
2.499566666666667E+009,-8.963268483057618E-004,2.722928911680356E-006,-8.724398794583976E-004,5.051802872912958E-005,
2.499600000000000E+009,-9.623191435821354E-004,9.929572115652263E-005,-8.488693856634200E-004,5.146391413290985E-005,
2.499633333333334E+009,-9.010726935230196E-004,7.051492138998583E-005,-9.126246441155672E-004,5.551861613639630E-005,
2.499666666666667E+009,-8.283091010525823E-004,6.946694338694215E-005,-9.234605240635574E-004,7.867131353123114E-005,
2.499700000000000E+009,-8.574379608035088E-004,1.263872254639864E-004,-9.038891294039786E-004,1.013204891933128E-004,
2.499733333333334E+009,-9.219150524586439E-004,1.282968005398288E-004,-8.840461377985776E-004,1.185351648018695E-004,
2.499766666666667E+009,-9.015898103825748E-004,1.554444024804980E-004,-8.741033379919827E-004,1.069887366611511E-004,
2.499800000000000E+009,-8.799054776318371E-004,1.523941027699038E-004,-8.845542324706912E-004,7.398954767268151E-005,
2.499833333333334E+009,-8.595835533924401E-004,1.033608641591854E-004,-8.689703536219895E-004,1.427423994755372E-004,
2.499866666666667E+009,-8.992286748252809E-004,1.858378818724304E-004,-9.615831659175456E-004,1.662388967815787E-004,
2.499900000000000E+009,-9.295229101553559E-004,2.219083107775077E-004,-8.957335958257318E-004,1.981221867026761E-004,
2.499933333333334E+009,-8.590276120230556E-004,2.184629993280396E-004,-8.259722380898893E-004,2.170438237953931E-004,
2.499966666666667E+009,-7.987619028426707E-004,2.401640231255442E-004,-8.878858643583953E-004,3.022118762601167E-004,
2.500000000000000E+009,-8.298004395328462E-004,2.758096379693598E-004,-8.427601424045861E-004,3.194931778125465E-004,
