% Version 1.00
%
%freq[Hz];re:Trc1_S21;im:Trc1_S21;re:Trc2_S12;im:Trc2_S12;
2.480000000000000E+009,1.308739767409861E-003,-1.391516561852768E-004,1.278498908504844E-003,-6.976941222092137E-005,
2.480033333333334E+009,1.403732341714203E-003,-1.513636816525832E-004,1.330252853222191E-003,-1.317378191743046E-004,
2.480066666666667E+009,1.301663927733898E-003,-1.687022449914366E-004,1.318279188126326E-003,-2.383192622801289E-004,
2.480100000000000E+009,1.349782804027200E-003,-2.420337114017457E-004,1.331933424808085E-003,-2.374163159402087E-004,
2.480133333333334E+009,1.380994217470288E-003,-2.528163313400000E-004,1.403619884513319E-003,-3.326451114844531E-004,
2.480166666666667E+009,1.336486195214093E-003,-3.416243707761169E-004,1.365298172459006E-003,-3.262360114604235E-004,
2.480200000000000E+009,1.381880603730679E-003,-3.444725589361042E-004,1.316609443165362E-003,-3.367929020896554E-004,
2.480233333333334E+009,1.363920513540506E-003,-3.874649701174349E-004,1.311797066591680E-003,-4.081070946995169E-004,
2.480266666666667E+009,1.311799627728760E-003,-3.978389722760767E-004,1.280662836506963E-003,-4.803318879567087E-004,
2.480300000000000E+009,1.262469915673137E-003,-4.477598413359374E-004,1.308578299358487E-003,-4.500788345467299E-004,
2.480333333333334E+009,1.270323293283582E-003,-4.467373946681619E-004,1.259290380403400E-003,-4.653976939152926E-004,
2.480366666666667E+009,1.289522740989924E-003,-5.448867450468242E-004,1.224656705744565E-003,-5.482207634486258E-004,
2.480400000000000E+009,1.207931898534298E-003,-5.703442147932947E-004,1.279748626984656E-003,-5.877324729226530E-004,
2.480433333333334E+009,1.224548439495266E-003,-6.226843688637018E-004,1.243771053850651E-003,-5.818365607410669E-004,
2.480466666666667E+009,1.217382028698921E-003,-5.816114135086536E-004,1.220324425958097E-003,-6.603494402952492E-004,
2.480500000000000E+009,1.200630096718669E-003,-6.688747671432793E-004,1.137004932388663E-003,-6.863358430564404E-004,
2.480533333333334E+009,1.207036082632840E-003,-6.869149510748684E-004,1.183500513434410E-003,-7.340917945839465E-004,
2.480566666666667E+009,1.164702931419015E-003,-7.103678071871400E-004,1.158286468125880E-003,-7.599357049912214E-004,
2.480600000000000E+009,1.162952743470669E-003,-6.891884841024876E-004,1.137652317993343E-003,-7.765660411678255E-004,
2.480633333333334E+009,1.082930364646018E-003,-7.760542212054133E-004,1.143764937296510E-003,-7.838419405743480E-004,
2.480666666666667E+009,1.043258584104478E-003,-7.990777958184481E-004,1.143850502558053E-003,-8.057042141444981E-004,
2.480700000000000E+009,1.091195270419121E-003,-8.162867743521929E-004,1.112061901949346E-003,-8.179985452443361E-004,
2.480733333333334E+009,1.031421939842403E-003,-8.099484257400036E-004,1.050413586199284E-003,-8.625117479823530E-004,
2.480766666666667E+009,1.036125002428889E-003,-9.110521059483290E-004,1.014771638438106E-003,-9.143424686044455E-004,
2.480800000000000E+009,9.727271972224116E-004,-8.858980145305395E-004,1.010245759971440E-003,-9.134296560660005E-004,
2.480833333333334E+009,9.476201958023012E-004,-9.029438951984048E-004,9.729774319566786E-004,-9.659295901656151E-004,
2.480866666666667E+009,1.003061537630856E-003,-9.410686325281858E-004,9.523520711809397E-004,-9.469309588894248E-004,
2.480900000000000E+009,8.984812884591520E-004,-9.941409807652235E-004,9.223223314620554E-004,-1.008469262160361E-003,
2.480933333333334E+009,9.337446535937488E-004,-1.003704383037984E-003,9.096828871406615E-004,-9.935641428455710E-004,
2.480966666666667E+009,9.103170596063137E-004,-1.060228096321225E-003,8.616971899755299E-004,-1.075574546121061E-003,
2.481000000000000E+009,8.301903144456446E-004,-1.072604791261256E-003,8.794140303507447E-004,-1.043522381223738E-003,
2.481033333333334E+009,8.245701901614666E-004,-1.045770477503538E-003,8.002909016795456E-004,-1.059465226717293E-003,
2.481066666666667E+009,7.506072870455682E-004,-1.119750435464084E-003,7.983836112543941E-004,-1.100157853215933E-003,
2.481100000000000E+009,7.790989475324750E-004,-1.112725003622472E-003,7.693802472203970E-004,-1.121101086027920E-003,
2.481133333333334E+009,7.315283874049783E-004,-1.086797215975821E-003,6.951462710276246E-004,-1.128854579292238E-003,
2.481166666666667E+009,6.545834476128221E-004,-1.099819550290704E-003,7.095409091562033E-004,-1.123613445088267E-003,
2.481200000000000E+009,6.897678831592202E-004,-1.202896586619318E-003,6.972104893065989E-004,-1.174037461169064E-003,
2.481233333333334E+009,6.108674569986761E-004,-1.168075017631054E-003,5.991997313685715E-004,-1.171044772490859E-003,
2.481266666666667E+009,6.434990209527314E-004,-1.179098500870168E-003,5.714441067539156E-004,-1.176668680272996E-003,
2.481300000000000E+009,5.529815098270774E-004,-1.210056128911674E-003,5.764957750216126E-004,-1.217682962305844E-003,
2.481333333333334E+009,4.788988153450191E-004,-1.189633039757609E-003,5.391605081968010E-004,-1.276509021408856E-003,
2.481366666666667E+009,4.443260258994997E-004,-1.280687167309225E-003,4.905175883322954E-004,-1.232102513313294E-003,
2.481400000000000E+009,4.493340966291726E-004,-1.280006952583790E-003,4.385988868307322E-004,-1.297247246839106E-003,
2.481433333333334E+009,3.981474146712571E-004,-1.229978515766561E-003,4.207859456073493E-004,-1.311245956458151E-003,
2.481466666666667E+009,4.125697305426002E-004,-1.308476901613176E-003,3.340870025567710E-004,-1.362059614621103E-003,
2.481500000000000E+009,3.839071141555905E-004,-1.305051380768418E-003,3.202270891051740E-004,-1.273935427889228E-003,
2.481533333333334E+009,2.631045063026249E-004,-1.352124148979783E-003,3.204776148777455E-004,-1.358731416985393E-003,
2.481566666666667E+009,2.343975793337449E-004,-1.281686476431787E-003,1.943617389770225E-004,-1.347899087704718E-003,
2.481600000000000E+009,2.433897316223010E-004,-1.277872594073415E-003,2.012614859268069E-004,-1.299793133512139E-003,
2.481633333333334E+009,1.456758764106780E-004,-1.341867027804256E-003,1.535143092041835E-004,-1.361533417366445E-003,
2.481666666666667E+009,1.007509636110626E-004,-1.301570446230471E-003,1.492612791480497E-004,-1.301662763580680E-003,
2.481700000000000E+009,9.046382183441892E-005,-1.358179957605898E-003,1.238607947016135E-004,-1.354120904579759E-003,
2.481733333333334E+009,4.373761839815415E-005,-1.357090659439564E-003,2.321957254025620E-005,-1.363051356747747E-003,
2.481766666666667E+009,-3.829606794170104E-005,-1.395846251398325E-003,9.534141099720728E-006,-1.347344601526856E-003,
2.481800000000000E+009,-5.136253662385570E-007,-1.330662402324379E-003,-6.366766683640890E-006,-1.378432498313487E-003,
2.481833333333334E+009,-2.817613494698890E-005,-1.323716598562896E-003,-3.761454354389571E-005,-1.334652537479997E-003,
2.481866666666667E+009,-4.907204129267484E-005,-1.280325115658343E-003,-6.385110464179888E-005,-1.332807238213718E-003,
2.481900000000000E+009,-1.265592873096466E-004,-1.378759159706533E-003,-1.515780459158123E-004,-1.371402409859002E-003,
2.481933333333334E+009,-1.411420380463824E-004,-1.359869143925607E-003,-1.772687828633934E-004,-1.333708525635302E-003,
2.481966666666667E+009,-1.860292977653444E-004,-1.363028888590634E-003,-1.706566545180976E-004,-1.376345637254417E-003,
2.482000000000000E+009,-1.846849772846326E-004,-1.292300294153392E-003,-2.369747526245192E-004,-1.339436392299831E-003,
2.482033333333334E+009,-2.673279959708452E-004,-1.293646404519677E-003,-2.474550565239042E-004,-1.307450700551271E-003,
2.482066666666667E+009,-2.975561656057835E-004,-1.290337298996747E-003,-3.150604607071728E-004,-1.341580413281918E-003,
2.482100000000000E+009,-3.874198882840574E-004,-1.319985720328987E-003,-3.014405083376914E-004,-1.308423117734492E-003,
2.482133333333334E+009,-2.966545871458948E-004,-1.293672132305801E-003,-3.725164278876036E-004,-1.319385948590934E-003,
2.482166666666667E+009,-3.755527432076633E-004,-1.305417623370886E-003,-3.938010195270181E-004,-1.277532428503037E-003,
2.482200000000000E+009,-3.912519605364651E-004,-1.244374085217714E-003,-4.677338583860546E-004,-1.248114276677370E-003,
2.482233333333334E+009,-4.082446394022554E-004,-1.236420124769211E-003,-4.043669905513525E-004,-1.294853049330413E-003,
2.482266666666667E+009,-5.001392564736307E-004,-1.239893143065274E-003,-4.971800372004509E-004,-1.233351067639887E-003,
2.482300000000000E+009,-5.423223483376205E-004,-1.281491946429014E-003,-5.098701221868396E-004,-1.236081938259304E-003,
2.482333333333334E+009,-4.888307885266841E-004,-1.230906578712165E-003,-5.065380828455091E-004,-1.210768125019968E-003,
2.482366666666667E+009,-6.158088217489421E-004,-1.205848762765527E-003,-6.029202486388385E-004,-1.230864902026951E-003,
2.482400000000000E+009,-5.925407749600709E-004,-1.169161405414343E-003,-6.270232843235135E-004,-1.203052466735244E-003,
2.482433333333334E+009,-6.301098037511110E-004,-1.163929933682084E-003,-6.335448124445975E-004,-1.128459931351244E-003,
2.482466666666667E+009,-6.620468338951469E-004,-1.138875260949135E-003,-6.823893054388464E-004,-1.166614936664701E-003,
2.482500000000000E+009,-6.965998327359557E-004,-1.175581011921167E-003,-6.836733664385974E-004,-1.123692956753075E-003,
2.482533333333334E+009,-6.963146734051406E-004,-1.130689051933587E-003,-6.875931285321713E-004,-1.142292865552008E-003,
2.482566666666667E+009,-7.430337136611342E-004,-1.128954114392400E-003,-7.924370584078133E-004,-1.055614906363189E-003,
2.482600000000000E+009,-7.455204031430185E-004,-1.086391857825220E-003,-7.830417016521096E-004,-1.046912628225982E-003,
2.482633333333334E+009,-7.803737535141408E-004,-1.029532286338508E-003,-7.862497586756945E-004,-1.007214887067676E-003,
2.482666666666667E+009,-8.646228234283626E-004,-9.803981520235539E-004,-8.067876915447414E-004,-1.078307977877557E-003,
2.482700000000000E+009,-8.613492245785892E-004,-1.008886378258467E-003,-8.819461800158024E-004,-1.013656728900969E-003,
2.482733333333334E+009,-8.506518788635731E-004,-9.318080265074968E-004,-9.131371043622494E-004,-9.632477886043489E-004,
2.482766666666667E+009,-9.376979433000088E-004,-9.630092536099255E-004,-9.831142378970981E-004,-9.401252027601004E-004,
2.482800000000000E+009,-1.005516154691577E-003,-8.722129277884960E-004,-9.594457806088030E-004,-9.391963831149042E-004,
2.482833333333334E+009,-9.789469186216593E-004,-8.744864608161151E-004,-9.361229022033513E-004,-8.796000038273633E-004,
2.482866666666667E+009,-9.598314063623548E-004,-7.964801625348628E-004,-9.975789580494165E-004,-8.634090772829950E-004,
2.482900000000000E+009,-9.942868491634727E-004,-8.555316599085927E-004,-1.062336377799511E-003,-8.009124430827797E-004,
2.482933333333334E+009,-1.079206587746739E-003,-7.970524020493031E-004,-1.081759575754404E-003,-8.141759899444878E-004,
2.482966666666667E+009,-1.043874770402908E-003,-7.423719507642090E-004,-1.167082926258445E-003,-8.441151585429907E-004,
2.483000000000000E+009,-1.116019207984209E-003,-7.113574538379908E-004,-1.104007824324071E-003,-7.541647646576166E-004,
2.483033333333334E+009,-1.128214644268155E-003,-7.602132973261178E-004,-1.112880883738399E-003,-7.146920543164015E-004,
2.483066666666667E+009,-1.135346596129239E-003,-7.068753475323319E-004,-1.156552112661302E-003,-6.723247934132814E-004,
2.483100000000000E+009,-1.210867194458842E-003,-6.206362158991396E-004,-1.156014506705105E-003,-6.193061708472669E-004,
2.483133333333334E+009,-1.189659582450986E-003,-5.587769555859268E-004,-1.168499235063791E-003,-6.029173382557929E-004,
2.483166666666667E+009,-1.187522779218853E-003,-5.309451953507960E-004,-1.201438484713435E-003,-5.613965331576765E-004,
2.483200000000000E+009,-1.221709302626550E-003,-5.428586155176163E-004,-1.195836230181158E-003,-5.588451167568564E-004,
2.483233333333334E+009,-1.177779631689191E-003,-5.037970840930939E-004,-1.244039973244071E-003,-4.808326193597168E-004,
2.483266666666667E+009,-1.227031461894512E-003,-4.459436750039458E-004,-1.251501846127212E-003,-4.814135027118027E-004,
2.483300000000000E+009,-1.193830743432045E-003,-4.771879757754505E-004,-1.307965954765678E-003,-4.052834992762655E-004,
2.483333333333334E+009,-1.299527590163052E-003,-4.007911484222859E-004,-1.235432107932866E-003,-4.391983966343105E-004,
2.483366666666667E+009,-1.308801467530429E-003,-3.763745771721005E-004,-1.244126702658832E-003,-3.363198775332421E-004,
2.483400000000000E+009,-1.325388788245618E-003,-3.292060573585331E-004,-1.295900903642178E-003,-3.500200982671231E-004,
2.483433333333334E+009,-1.261545345187187E-003,-3.182305372320116E-004,-1.261298428289592E-003,-3.341526607982814E-004,
2.483466666666667E+009,-1.291371649131179E-003,-3.104022471234202E-004,-1.264735357835889E-003,-2.257614542031661E-004,
2.483500000000000E+009,-1.290420885197818E-003,-2.094923838740215E-004,-1.303357537835836E-003,-1.913040177896619E-004,
2.483533333333334E+009,-1.373485196381807E-003,-2.409070148132742E-004,-1.284310244955123E-003,-1.953285391209647E-004,
2.483566666666667E+009,-1.311555621214211E-003,-1.434845762560144E-004,-1.285334699787200E-003,-1.744356850394979E-004,
2.483600000000000E+009,-1.243352657184005E-003,-1.408969401381910E-004,-1.338486792519689E-003,-1.075242180377245E-004,
2.483633333333334E+009,-1.290813437663019E-003,-9.815711382543668E-005,-1.282345037907362E-003,-1.275515678571537E-004,
2.483666666666667E+009,-1.298782532103360E-003,-6.175260205054656E-005,-1.338940812274814E-003,-5.451838660519570E-005,
2.483700000000000E+009,-1.313530490733683E-003,2.907607449742500E-005,-1.355516142211855E-003,-7.939720489957836E-006,
2.483733333333334E+009,-1.315543777309358E-003,-2.073409086733591E-005,-1.325958757661283E-003,8.543720468878746E-005,
2.483766666666667E+009,-1.297337003052235E-003,1.273001362278592E-005,-1.309260260313749E-003,5.924390643485822E-005,
2.483800000000000E+009,-1.299508614465594E-003,1.106864965549903E-005,-1.264688442461193E-003,1.001916680252180E-004,
2.483833333333334E+009,-1.305179670453072E-003,6.818318797741085E-005,-1.286861719563603E-003,5.701827103621326E-005,
2.483866666666667E+009,-1.334246830083430E-003,1.733897661324590E-004,-1.309297978878021E-003,1.604187273187563E-004,
2.483900000000000E+009,-1.271209679543972E-003,1.191910996567458E-004,-1.327545614913106E-003,2.194555563619360E-004,
2.483933333333334E+009,-1.284168101847172E-003,1.944616815308109E-004,-1.306455698795617E-003,2.246766671305522E-004,
2.483966666666667E+009,-1.241354970261455E-003,2.210380625911057E-004,-1.299035386182368E-003,2.100757701555267E-004,
2.484000000000000E+009,-1.258445670828223E-003,2.127659245161340E-004,-1.238810713402927E-003,2.962304279208183E-004,
2.484033333333334E+009,-1.286131679080427E-003,2.596237754914910E-004,-1.275981892831624E-003,3.306216676719487E-004,
2.484066666666667E+009,-1.205985900014639E-003,3.268259169999510E-004,-1.247939537279308E-003,3.318413509987295E-004,
2.484100000000000E+009,-1.254664268344641E-003,3.649411664810032E-004,-1.283561927266419E-003,3.893648390658200E-004,
2.484133333333334E+009,-1.211097231134772E-003,3.738369268830866E-004,-1.282205106690526E-003,4.241127171553671E-004,
2.484166666666667E+009,-1.270655193366110E-003,3.976599546149373E-004,-1.210491638630629E-003,4.494609311223030E-004,
2.484200000000000E+009,-1.180902007035911E-003,4.765191697515547E-004,-1.219093450345099E-003,5.028749583289027E-004,
2.484233333333334E+009,-1.173729891888797E-003,4.599659878294915E-004,-1.229220302775502E-003,4.674430820159614E-004,
2.484266666666667E+009,-1.207318389788270E-003,5.310248234309256E-004,-1.198623096570373E-003,5.032941116951406E-004,
2.484300000000000E+009,-1.201761187985539E-003,5.540208076126874E-004,-1.192754250951111E-003,5.665204953402281E-004,
2.484333333333334E+009,-1.157221384346485E-003,5.819321377202869E-004,-1.167614245787263E-003,6.128539680503309E-004,
2.484366666666667E+009,-1.119736814871430E-003,6.443156162276864E-004,-1.112200785428286E-003,6.254496984183788E-004,
2.484400000000000E+009,-1.098060398362577E-003,6.320645334199071E-004,-1.079948153346777E-003,6.619860650971532E-004,
2.484433333333334E+009,-1.095657120458782E-003,6.670770817436278E-004,-1.156077720224857E-003,6.587246898561716E-004,
2.484466666666667E+009,-1.060896087437868E-003,7.127483841031790E-004,-1.124599482864142E-003,7.187170558609068E-004,
2.484500000000000E+009,-1.061165356077254E-003,7.113304454833269E-004,-1.094831968657672E-003,7.539005018770695E-004,
2.484533333333334E+009,-1.083353650756180E-003,7.652587373740971E-004,-1.076503307558596E-003,8.187597268261015E-004,
2.484566666666667E+009,-1.054669963195920E-003,8.156478288583458E-004,-1.016548369079828E-003,8.156530675478280E-004,
2.484600000000000E+009,-1.023157383315265E-003,8.747985120862722E-004,-9.964589262381196E-004,8.079158142209053E-004,
2.484633333333334E+009,-9.727000142447650E-004,8.028900483623147E-004,-9.868459310382605E-004,9.147086529992521E-004,
2.484666666666667E+009,-9.346654405817390E-004,8.979876292869449E-004,-9.134583524428308E-004,9.317297954112291E-004,
2.484700000000000E+009,-9.510204545222223E-004,8.881217218004167E-004,-8.971093920990825E-004,9.376762900501490E-004,
2.484733333333334E+009,-9.342156699858606E-004,9.456459083594382E-004,-8.587358170188963E-004,9.171662968583405E-004,
2.484766666666667E+009,-8.685520151630044E-004,9.850285714492202E-004,-8.308544638566673E-004,9.809805778786540E-004,
2.484800000000000E+009,-8.200027514249086E-004,9.681496885605156E-004,-8.324761874973774E-004,1.015766523778439E-003,
2.484833333333334E+009,-8.162246667779982E-004,1.028400496579707E-003,-7.760601001791656E-004,9.810129413381219E-004,
2.484866666666667E+009,-7.212286000140011E-004,1.011274405755103E-003,-7.614549831487238E-004,1.028882921673358E-003,
2.484900000000000E+009,-7.761830929666758E-004,1.061223912984133E-003,-7.384675554931164E-004,1.056334469467402E-003,
2.484933333333334E+009,-7.518195779994130E-004,1.048634061589837E-003,-7.149696466512978E-004,1.076510292477906E-003,
2.484966666666667E+009,-7.127430872060359E-004,1.081326860003173E-003,-6.601924542337656E-004,1.100322580896318E-003,
2.485000000000000E+009,-6.585593800991774E-004,1.088332384824753E-003,-6.216783076524735E-004,1.124440343119204E-003,
2.485033333333334E+009,-6.429770728573203E-004,1.165252411738038E-003,-6.667128764092922E-004,1.093294122256339E-003,
2.485066666666667E+009,-5.507478490471840E-004,1.112112076953054E-003,-5.909054307267070E-004,1.087167882360518E-003,
2.485100000000000E+009,-5.817889468744397E-004,1.187086803838611E-003,-5.295194569043815E-004,1.156258163973689E-003,
2.485133333333334E+009,-5.216195713728666E-004,1.190630719065666E-003,-5.034798523411155E-004,1.134913763962686E-003,
2.485166666666667E+009,-5.391145241446793E-004,1.194397453218699E-003,-5.650151288136840E-004,1.183736254461110E-003,
2.485200000000000E+009,-5.362724186852574E-004,1.195193850435317E-003,-4.709066706709564E-004,1.140365959145129E-003,
2.485233333333334E+009,-4.367751535028219E-004,1.214493298903108E-003,-4.491469881031662E-004,1.226066146045923E-003,
2.485266666666667E+009,-3.233044699300081E-004,1.273882226087153E-003,-3.998503671027720E-004,1.164827379398048E-003,
2.485300000000000E+009,-3.857229021377862E-004,1.253226189874113E-003,-3.676883643493056E-004,1.264290185645223E-003,
2.485333333333334E+009,-3.626376565080136E-004,1.285075908526778E-003,-2.856763603631407E-004,1.270927838049829E-003,
2.485366666666667E+009,-3.164474619552493E-004,1.239634701050818E-003,-3.198822378180921E-004,1.264875172637403E-003,
2.485400000000000E+009,-3.388307522982359E-004,1.259019714780152E-003,-2.849451266229153E-004,1.219792990013957E-003,
2.485433333333334E+009,-2.928945177700371E-004,1.265625236555934E-003,-3.025496553163976E-004,1.212984323501587E-003,
2.485466666666667E+009,-2.247645315947011E-004,1.320566749200225E-003,-2.312655706191436E-004,1.313656568527222E-003,
2.485500000000000E+009,-1.930585276568309E-004,1.280868309549987E-003,-2.023386914515868E-004,1.292695757001638E-003,
2.485533333333334E+009,-1.793769624782726E-004,1.231229747645557E-003,-1.831389236031100E-004,1.246301340870559E-003,
2.485566666666667E+009,-1.214501171489246E-004,1.252561807632446E-003,-1.544048136565834E-004,1.264889840967953E-003,
2.485600000000000E+009,-1.053289961419068E-004,1.239362638443708E-003,-7.684772572247312E-005,1.252253074198961E-003,
2.485633333333334E+009,-1.126377464970574E-004,1.290006330236793E-003,-8.265957876574248E-005,1.293699839152396E-003,
2.485666666666667E+009,-5.356212204787880E-005,1.313763787038624E-003,-1.340642029390438E-005,1.270156470127404E-003,
2.485700000000000E+009,2.101296922774054E-005,1.267622108571231E-003,-1.334923763351981E-005,1.317013520747423E-003,
2.485733333333334E+009,2.745279016380664E-005,1.297308830544353E-003,1.143509580288082E-004,1.308370614424348E-003,
2.485766666666667E+009,9.976481123885606E-006,1.237836899235845E-003,1.118940635933541E-004,1.303361263126135E-003,
2.485800000000000E+009,1.050267528626137E-004,1.279995194636285E-003,1.004929872578941E-004,1.275683287531138E-003,
2.485833333333334E+009,1.237966207554564E-004,1.274490030482411E-003,1.642136630835012E-004,1.299150870181620E-003,
2.485866666666667E+009,1.699372078292072E-004,1.245760475285351E-003,2.160079166060314E-004,1.235935371369124E-003,
2.485900000000000E+009,1.768250076565892E-004,1.249171793460846E-003,2.227432269137353E-004,1.297684735618532E-003,
2.485933333333334E+009,2.206913050031290E-004,1.260998775251210E-003,2.723898796830326E-004,1.189427566714585E-003,
2.485966666666667E+009,2.517864631954581E-004,1.230130787007511E-003,3.241130325477570E-004,1.217865850776434E-003,
2.486000000000000E+009,2.964950690511614E-004,1.261411118321121E-003,3.298921801615506E-004,1.207429100759327E-003,
2.486033333333334E+009,3.503439365886152E-004,1.280884258449078E-003,3.628246195148677E-004,1.253687893040478E-003,
2.486066666666667E+009,3.763511776924133E-004,1.241342863067985E-003,3.535148571245372E-004,1.241261721588671E-003,
2.486100000000000E+009,4.180677060503513E-004,1.235609641298652E-003,4.409693356137723E-004,1.196168479509652E-003,
2.486133333333334E+009,4.074691678397358E-004,1.190639450214803E-003,4.533512983471155E-004,1.216183998622000E-003,
2.486166666666667E+009,4.626814625225961E-004,1.134761492721736E-003,5.009797750972211E-004,1.197735662572086E-003,
2.486200000000000E+009,5.028821760788560E-004,1.155519741587341E-003,5.017368239350617E-004,1.182150444947183E-003,
2.486233333333334E+009,5.228992085903883E-004,1.177076366730034E-003,6.306341383606195E-004,1.103073009289801E-003,
2.486266666666667E+009,6.552387494593859E-004,1.166090019978583E-003,5.540532292798162E-004,1.136976410634816E-003,
2.486300000000000E+009,6.362870917655528E-004,1.088238670490682E-003,6.143157952465117E-004,1.077304361388087E-003,
2.486333333333334E+009,6.160352495498955E-004,1.067911973223090E-003,6.946091889403760E-004,1.058470457792282E-003,
2.486366666666667E+009,6.633794982917607E-004,1.085859723389149E-003,7.046257378533483E-004,1.048949896357954E-003,
2.486400000000000E+009,7.077060872688890E-004,1.069178455509245E-003,7.213836070150137E-004,1.016795402392745E-003,
2.486433333333334E+009,7.240314735099673E-004,1.019993331283331E-003,7.185870199464262E-004,9.908420033752918E-004,
2.486466666666667E+009,7.629972533322871E-004,9.707100107334554E-004,7.684927550144494E-004,1.003551529720426E-003,
2.486500000000000E+009,7.880235207267106E-004,1.022100215777755E-003,8.214079425670207E-004,9.516060817986727E-004,
2.486533333333334E+009,8.266358636319637E-004,1.000614371150732E-003,8.571679936721921E-004,1.000627875328064E-003,
2.486566666666667E+009,8.262646733783186E-004,1.004497986286879E-003,8.535581291653216E-004,9.161251946352422E-004,
2.486600000000000E+009,8.790167630650103E-004,9.258469217456877E-004,8.732128189876676E-004,9.201056673191488E-004,
2.486633333333334E+009,8.770141284912825E-004,8.996184333227575E-004,8.514535147696734E-004,8.945137378759682E-004,
2.486666666666667E+009,8.680019527673721E-004,8.913619676604867E-004,8.570576901547611E-004,8.574051898904145E-004,
2.486700000000000E+009,9.205975802615285E-004,8.902486879378557E-004,9.375952649861574E-004,7.859481265768409E-004,
2.486733333333334E+009,1.024588360451162E-003,8.468729211017489E-004,9.717174107208848E-004,8.402492385357618E-004,
2.486766666666667E+009,1.023278222419322E-003,8.449798915535212E-004,1.037705573253334E-003,7.872884743846953E-004,
2.486800000000000E+009,1.012142398394644E-003,7.477086619473994E-004,1.002981327474117E-003,7.805417408235371E-004,
2.486833333333334E+009,1.032276195473969E-003,7.982250535860658E-004,1.032270956784487E-003,7.625643047504127E-004,
2.486866666666667E+009,1.048861653544009E-003,7.404547650367022E-004,1.057260436937213E-003,7.456734892912209E-004,
2.486900000000000E+009,1.089196419343352E-003,7.128447177819908E-004,1.064117648638785E-003,7.292915834113956E-004,
2.486933333333334E+009,1.068999292328954E-003,6.569896941073239E-004,1.074797008186579E-003,7.090684375725687E-004,
2.486966666666667E+009,1.111931516788900E-003,5.971433129161596E-004,1.068425248377025E-003,6.244625546969473E-004,
2.487000000000000E+009,1.141738379374147E-003,6.170325214043260E-004,1.064897165633738E-003,6.167392130009830E-004,
2.487033333333334E+009,1.124676433391869E-003,5.876643117517233E-004,1.185590983368456E-003,6.285601994022727E-004,
2.487066666666667E+009,1.098136533983052E-003,5.776360048912466E-004,1.161217340268195E-003,6.066134083084762E-004,
2.487100000000000E+009,1.156957470811904E-003,5.794363678433001E-004,1.140639535151422E-003,5.320560303516686E-004,
2.487133333333334E+009,1.182655920274556E-003,5.311545100994408E-004,1.162308850325644E-003,5.020183161832392E-004,
2.487166666666667E+009,1.207937253639102E-003,5.041324766352773E-004,1.211884664371610E-003,4.569944867398590E-004,
2.487200000000000E+009,1.192735857330263E-003,4.261054564267397E-004,1.215631607919931E-003,4.182276607025415E-004,
2.487233333333334E+009,1.211931696161628E-003,3.780896659009159E-004,1.212391885928810E-003,4.212071944493800E-004,
2.487266666666667E+009,1.217735232785344E-003,4.030982381664217E-004,1.244126004166901E-003,3.715358616318554E-004,
2.487300000000000E+009,1.215523574501276E-003,3.295505011919886E-004,1.275400049053133E-003,3.367190656717867E-004,
2.487333333333334E+009,1.171266078017652E-003,3.378170949872583E-004,1.241610734723508E-003,3.467715287115425E-004,
2.487366666666667E+009,1.271128887310624E-003,2.929733600467444E-004,1.191297080367804E-003,2.617255959194154E-004,
2.487400000000000E+009,1.276347436942160E-003,2.578797866590321E-004,1.256558578461409E-003,3.096027649007738E-004,
2.487433333333334E+009,1.264265272766352E-003,2.379829675192013E-004,1.288187457248569E-003,1.609469763934612E-004,
2.487466666666667E+009,1.268605818040669E-003,1.906942779896781E-004,1.255685579963028E-003,1.815243012970313E-004,
2.487500000000000E+009,1.283329445868731E-003,1.795841671992093E-004,1.301140873692930E-003,1.738266146276146E-004,
2.487533333333334E+009,1.306256861425936E-003,7.264848682098091E-005,1.295405672863126E-003,9.799409599509090E-005,
2.487566666666667E+009,1.261451281607151E-003,8.589976641815156E-005,1.326299738138914E-003,8.699021418578923E-005,
2.487600000000000E+009,1.299717929214239E-003,3.571254637790844E-005,1.296282629482448E-003,5.472781413118355E-005,
2.487633333333334E+009,1.327112782746553E-003,6.365489753079601E-006,1.301187556236982E-003,2.634344309626613E-005,
2.487666666666667E+009,1.295690773986280E-003,-2.273854806844611E-005,1.227820641361177E-003,-6.359841063385829E-005,
2.487700000000000E+009,1.290440093725920E-003,-5.161650915397331E-005,1.287161023356021E-003,-7.174416532507166E-005,
2.487733333333334E+009,1.286900485865772E-003,-1.364418858429417E-004,1.274997252039611E-003,-1.511592854512855E-004,
2.487766666666667E+009,1.291574793867767E-003,-1.522548845969141E-004,1.246896106749773E-003,-1.672716753091663E-004,
2.487800000000000E+009,1.302017481066287E-003,-1.764234330039471E-004,1.260574208572507E-003,-1.698216801742092E-004,
2.487833333333334E+009,1.330324215814471E-003,-2.264603972434998E-004,1.263118349015713E-003,-2.019724925048649E-004,
2.487866666666667E+009,1.262666541151702E-003,-2.845350827556104E-004,1.281203003600240E-003,-2.801287919282913E-004,
2.487900000000000E+009,1.236573792994022E-003,-2.975274983327836E-004,1.199916587211192E-003,-3.067682846449316E-004,
2.487933333333334E+009,1.176983932964504E-003,-3.239275538362563E-004,1.215817057527602E-003,-3.479398728813976E-004,
2.487966666666667E+009,1.202860730700195E-003,-3.722155815921724E-004,1.227265456691384E-003,-3.892971726600081E-004,
2.488000000000000E+009,1.202356885187328E-003,-4.038596525788307E-004,1.232983428053558E-003,-4.482701770029962E-004,
2.488033333333334E+009,1.170919393189251E-003,-4.615574434865266E-004,1.202640589326620E-003,-4.078801721334457E-004,
2.488066666666667E+009,1.157787861302495E-003,-5.224866326898336E-004,1.234315684996545E-003,-4.776809655595571E-004,
2.488100000000000E+009,1.138867228291929E-003,-4.905117093585432E-004,1.176895457319915E-003,-5.027523729950190E-004,
2.488133333333334E+009,1.052682753652334E-003,-5.558684933930636E-004,1.110732322558761E-003,-4.945903783664107E-004,
2.488166666666667E+009,1.113747013732791E-003,-5.886906292289496E-004,1.105792238377035E-003,-5.577330011874437E-004,
2.488200000000000E+009,1.114157494157553E-003,-6.260104710236192E-004,1.101683941669762E-003,-6.440754514187574E-004,
2.488233333333334E+009,1.080343150533736E-003,-6.169808912090957E-004,1.085261697880924E-003,-6.182325305417180E-004,
2.488266666666667E+009,1.099792192690074E-003,-6.814516964368522E-004,1.054523163475096E-003,-6.148355314508081E-004,
2.488300000000000E+009,1.028012484312058E-003,-6.591749261133373E-004,1.041881041601300E-003,-6.931346724741161E-004,
2.488333333333334E+009,1.054423279128969E-003,-7.278820266947150E-004,1.013559289276600E-003,-7.203303975984454E-004,
2.488366666666667E+009,1.065256539732218E-003,-7.563555263914168E-004,1.047787955030799E-003,-7.254409720189869E-004,
2.488400000000000E+009,1.037361449562013E-003,-7.624874706380069E-004,9.849037742242217E-004,-7.778743747621775E-004,
2.488433333333334E+009,9.529404924251139E-004,-7.721331203356385E-004,9.759652311913669E-004,-8.671188843436539E-004,
2.488466666666667E+009,9.166845702566207E-004,-8.401429513469338E-004,9.295361232943833E-004,-7.268059416674078E-004,
2.488500000000000E+009,9.932304965332151E-004,-8.162884041666985E-004,9.791232878342271E-004,-7.937011541798711E-004,
2.488533333333334E+009,9.853857336565852E-004,-8.972469368018210E-004,9.439151035621762E-004,-8.360770298168063E-004,
2.488566666666667E+009,8.975391392596066E-004,-8.221974712796509E-004,9.097647271119058E-004,-8.915470680221915E-004,
2.488600000000000E+009,9.184672380797565E-004,-9.779767133295536E-004,9.158146567642689E-004,-8.948152535595000E-004,
2.488633333333334E+009,8.963684667833149E-004,-9.382076095789671E-004,9.058214491233230E-004,-9.809231851249933E-004,
2.488666666666667E+009,8.826393750496209E-004,-9.941729949787259E-004,8.435997297056019E-004,-9.214938036166132E-004,
2.488700000000000E+009,8.011462050490081E-004,-8.851020247675479E-004,7.974835461936891E-004,-9.140046313405037E-004,
2.488733333333334E+009,7.712923688814044E-004,-1.024895813316107E-003,8.096288656815887E-004,-9.538548765704036E-004,
2.488766666666667E+009,7.177757215686142E-004,-9.194032754749060E-004,7.409027894027531E-004,-1.024818746373057E-003,
2.488800000000000E+009,7.524440879933536E-004,-1.002149190753698E-003,7.152638863772154E-004,-9.911826346069574E-004,
2.488833333333334E+009,6.920893210917711E-004,-1.029707142151892E-003,7.305737817659974E-004,-1.046633813530207E-003,
2.488866666666667E+009,6.736819632351399E-004,-1.058630179613829E-003,7.416747976094484E-004,-1.108851050958037E-003,
2.488900000000000E+009,6.591254496015608E-004,-1.096257241442800E-003,6.563537172041833E-004,-1.108826720155776E-003,
2.488933333333334E+009,5.818394711241126E-004,-1.137405633926392E-003,6.258339271880686E-004,-1.087136683054268E-003,
2.488966666666667E+009,6.187176913954318E-004,-1.090278499759734E-003,5.303690559230745E-004,-1.120579545386136E-003,
2.489000000000000E+009,5.762447253800929E-004,-1.136528095230460E-003,5.787033587694168E-004,-1.103724353015423E-003,
2.489033333333334E+009,5.513920914381743E-004,-1.117842388339341E-003,5.477364175021648E-004,-1.165186986327171E-003,
2.489066666666667E+009,5.307171959429979E-004,-1.168422866612673E-003,5.043324781581760E-004,-1.207013032399118E-003,
2.489100000000000E+009,4.158856172580272E-004,-1.170951640233398E-003,4.511550941970199E-004,-1.163733890280128E-003,
2.489133333333334E+009,4.354070115368813E-004,-1.177380559965968E-003,4.377712321002036E-004,-1.150876167230308E-003,
2.489166666666667E+009,3.581845958251506E-004,-1.243129838258028E-003,3.551921981852502E-004,-1.264827209524810E-003,
2.489200000000000E+009,3.234685573261231E-004,-1.196938799694181E-003,3.481922904029489E-004,-1.203073305077851E-003,
2.489233333333334E+009,2.910647017415613E-004,-1.193519565276802E-003,3.042316820938140E-004,-1.198864192701876E-003,
2.489266666666667E+009,3.021219454240054E-004,-1.181298750452697E-003,2.806669799610972E-004,-1.200492144562304E-003,
2.489300000000000E+009,2.407930442132056E-004,-1.228587119840086E-003,2.433268819004297E-004,-1.186904264613986E-003,
2.489333333333334E+009,1.690067292656750E-004,-1.214846735820174E-003,2.199839946115390E-004,-1.235803589224815E-003,
2.489366666666667E+009,1.625828735996038E-004,-1.254229573532939E-003,1.913805172080174E-004,-1.220054924488068E-003,
2.489400000000000E+009,1.505864493083209E-004,-1.196169992908835E-003,1.756147830747068E-004,-1.200942089781165E-003,
2.489433333333334E+009,1.000568154267967E-004,-1.282768440432847E-003,1.226772001245990E-004,-1.287692342884839E-003,
2.489466666666667E+009,7.961587107274681E-005,-1.182358362711966E-003,1.187299403682118E-005,-1.214683521538973E-003,
2.489500000000000E+009,2.786138975352515E-005,-1.237343880347908E-003,4.764255936606787E-005,-1.267329556867480E-003,
2.489533333333334E+009,2.252093690913171E-005,-1.264688442461193E-003,5.184824476600625E-005,-1.248236279934645E-003,
2.489566666666667E+009,-3.592430743992736E-007,-1.261310186237097E-003,-1.152114418800920E-005,-1.247513922862709E-003,
2.489600000000000E+009,-7.294200622709468E-005,-1.218017074279487E-003,-9.212490112986416E-005,-1.258658012375236E-003,
2.489633333333334E+009,-5.011752364225686E-005,-1.247992506250739E-003,-1.179807732114568E-004,-1.217554556205869E-003,
2.489666666666667E+009,-6.595652666874230E-005,-1.253291033208370E-003,-1.540562370792031E-004,-1.218804507516325E-003,
2.489700000000000E+009,-1.246524479938671E-004,-1.243009814061225E-003,-1.408500538673252E-004,-1.235155155882239E-003,
2.489733333333334E+009,-1.261050056200475E-004,-1.282401033677161E-003,-2.424815465928987E-004,-1.236407668329775E-003,
2.489766666666667E+009,-2.444613492116332E-004,-1.188170164823532E-003,-2.708588435780257E-004,-1.178295584395528E-003,
2.489800000000000E+009,-3.372592909727246E-004,-1.190303708426654E-003,-2.907192974817008E-004,-1.207397668622434E-003,
2.489833333333334E+009,-3.009370702784509E-004,-1.158489030785859E-003,-3.269542648922652E-004,-1.235882751643658E-003,
2.489866666666667E+009,-2.999481803271920E-004,-1.223067753016949E-003,-3.566645318642259E-004,-1.190078211948276E-003,
2.489900000000000E+009,-3.596534661483020E-004,-1.124170492403209E-003,-3.538561868481338E-004,-1.234143273904920E-003,
2.489933333333334E+009,-4.486877005547285E-004,-1.178013742901385E-003,-3.948331577703357E-004,-1.153864548541606E-003,
2.489966666666667E+009,-4.241819551680237E-004,-1.168937887996435E-003,-4.600870888680220E-004,-1.140882610343397E-003,
2.490000000000000E+009,-5.036548245698214E-004,-1.113835722208023E-003,-4.144371487200260E-004,-1.149211544543505E-003,
2.490033333333334E+009,-4.715101968031377E-004,-1.112711033783853E-003,-4.566407587844878E-004,-1.093702507205308E-003,
2.490066666666667E+009,-4.950437578372657E-004,-1.099726534448564E-003,-5.640119779855013E-004,-1.150458352640271E-003,
2.490100000000000E+009,-5.580596043728292E-004,-1.128474832512438E-003,-5.347547703422606E-004,-1.089620869606733E-003,
2.490133333333334E+009,-5.182073218747973E-004,-1.153969322331250E-003,-5.676966393366456E-004,-1.092164893634617E-003,
2.490166666666667E+009,-5.777771584689617E-004,-1.057871733792126E-003,-6.348027964122593E-004,-1.138534513302147E-003,
2.490200000000000E+009,-6.222981028258801E-004,-1.085047959350050E-003,-6.763224955648184E-004,-1.065062708221376E-003,
2.490233333333334E+009,-6.749815074726939E-004,-1.051266677677631E-003,-6.490325322374702E-004,-1.074976171366870E-003,
2.490266666666667E+009,-7.034648442640901E-004,-1.015136018395424E-003,-6.711803143844008E-004,-1.012922497466207E-003,
2.490300000000000E+009,-7.114959298633039E-004,-9.895461844280362E-004,-7.066056714393199E-004,-1.003664801828563E-003,
2.490333333333334E+009,-7.527656271122396E-004,-9.861822472885251E-004,-7.694766973145306E-004,-1.056188251823187E-003,
2.490366666666667E+009,-7.428270764648914E-004,-9.765746071934700E-004,-7.348326034843922E-004,-9.763199486769736E-004,
2.490400000000000E+009,-7.987963617779315E-004,-9.862551232799888E-004,-8.123429142870009E-004,-9.520829189568758E-004,
2.490433333333334E+009,-8.292771526612341E-004,-9.300666279159486E-004,-8.436099742539227E-004,-9.009468485601246E-004,
2.490466666666667E+009,-8.327498799189925E-004,-9.032444213517010E-004,-8.016938809305430E-004,-9.291504393331707E-004,
2.490500000000000E+009,-8.858389337547123E-004,-8.902361732907593E-004,-8.576989639550448E-004,-8.706179214641452E-004,
2.490533333333334E+009,-8.797543705441058E-004,-9.078151197172701E-004,-8.748492691665888E-004,-8.718157187104225E-004,
2.490566666666667E+009,-9.076031856238842E-004,-8.193866233341396E-004,-9.329780004918575E-004,-8.255050634033978E-004,
2.490600000000000E+009,-9.797628736123443E-004,-7.705535390414298E-004,-9.724930860102177E-004,-8.051757467910647E-004,
2.490633333333334E+009,-9.771793847903609E-004,-7.783557521179318E-004,-9.409728809259832E-004,-8.065381553024054E-004,
2.490666666666667E+009,-9.843267034739256E-004,-7.380476454272866E-004,-9.959234157577157E-004,-7.704733870923519E-004,
2.490700000000000E+009,-1.012429827824235E-003,-6.923213950358331E-004,-9.874741081148386E-004,-7.178267696872354E-004,
2.490733333333334E+009,-9.658369817771018E-004,-7.244076114147902E-004,-1.029951032251120E-003,-6.769120809622109E-004,
2.490766666666667E+009,-1.075136824510992E-003,-6.639865459874272E-004,-1.057244022376835E-003,-7.063703960739076E-004,
2.490800000000000E+009,-1.083047012798488E-003,-5.797335761599243E-004,-1.044240314513445E-003,-6.265934789553285E-004,
2.490833333333334E+009,-1.053234213031828E-003,-6.294368649832904E-004,-1.119940774515271E-003,-5.857002106495202E-004,
2.490866666666667E+009,-1.072279643267393E-003,-5.804614047519863E-004,-1.100383349694312E-003,-5.776210455223918E-004,
2.490900000000000E+009,-1.088079414330423E-003,-5.049568135291338E-004,-1.119698863476515E-003,-5.479851388372481E-004,
2.490933333333334E+009,-1.145445159636438E-003,-4.705690080299974E-004,-1.126610557548702E-003,-4.925536341033876E-004,
2.490966666666667E+009,-1.163969398476183E-003,-5.258233868516982E-004,-1.178328879177570E-003,-4.427274107001722E-004,
2.491000000000000E+009,-1.199686783365905E-003,-4.250520141795278E-004,-1.141469809226692E-003,-4.294298705644906E-004,
2.491033333333334E+009,-1.149107934907079E-003,-3.789478796534240E-004,-1.145445625297725E-003,-4.025016096420586E-004,
2.491066666666667E+009,-1.166651141829789E-003,-3.414453822188079E-004,-1.176570658572018E-003,-3.750180185306817E-004,
2.491100000000000E+009,-1.106391428038478E-003,-3.285483981017023E-004,-1.200868282467127E-003,-3.212084411643446E-004,
2.491133333333334E+009,-1.103564747609198E-003,-3.096644359175116E-004,-1.162697910331190E-003,-3.061478782910854E-004,
2.491166666666667E+009,-1.177025726065040E-003,-2.854898921214044E-004,-1.189694856293500E-003,-2.840427623596042E-004,
2.491200000000000E+009,-1.138151390478015E-003,-2.186061610700563E-004,-1.178321661427617E-003,-2.359628851991147E-004,
2.491233333333334E+009,-1.221272163093090E-003,-2.097391115967184E-004,-1.149561139754951E-003,-2.262129273731262E-004,
2.491266666666667E+009,-1.172578893601894E-003,-1.700016873655841E-004,-1.219107536599040E-003,-1.921088260132819E-004,
2.491300000000000E+009,-1.149713294580579E-003,-1.127372088376433E-004,-1.150163239799440E-003,-1.725061447359622E-004,
2.491333333333334E+009,-1.196517958305776E-003,-1.595013745827600E-004,-1.194328302517533E-003,-9.373551438329741E-005,
2.491366666666667E+009,-1.179236569441855E-003,-4.777486537932418E-005,-1.213757554069161E-003,-7.141875539673492E-005,
2.491400000000000E+009,-1.146105467341840E-003,-3.407200711080805E-005,-1.199188292957842E-003,-1.035977129504317E-005,
2.491433333333334E+009,-1.159684034064412E-003,-5.750712080043741E-005,-1.158519764430821E-003,-2.897493686759844E-005,
2.491466666666667E+009,-1.183346263132989E-003,-6.003908310958650E-006,-1.182171166874468E-003,3.341024057590403E-005,
2.491500000000000E+009,-1.190274721011519E-003,7.393487067020033E-006,-1.211543683893979E-003,3.280335658928379E-005,
2.491533333333334E+009,-1.189182978123426E-003,9.720047819428146E-005,-1.197086879983544E-003,1.009688276099041E-004,
2.491566666666667E+009,-1.147216302342713E-003,1.192284471471794E-004,-1.174996024928987E-003,1.150592870544642E-004,
2.491600000000000E+009,-1.155087025836110E-003,9.108350786846131E-005,-1.186064560897648E-003,1.370907266391441E-004,
2.491633333333334E+009,-1.163498847745359E-003,1.994568010559306E-004,-1.205155160278082E-003,1.560407254146412E-004,
2.491666666666667E+009,-1.167695852927864E-003,2.431721804896370E-004,-1.190709066577256E-003,2.353992167627439E-004,
2.491700000000000E+009,-1.158810104243457E-003,2.531578065827489E-004,-1.163994078524411E-003,2.771011204458773E-004,
2.491733333333334E+009,-1.178654609248042E-003,2.787498233374208E-004,-1.163565088063479E-003,2.404877159278840E-004,
2.491766666666667E+009,-1.116852858103812E-003,2.913318749051541E-004,-1.162259490229189E-003,2.749631821643561E-004,
2.491800000000000E+009,-1.132942968979478E-003,3.090768004767597E-004,-1.136226812377572E-003,3.196187608409673E-004,
2.491833333333334E+009,-1.112571335397661E-003,3.652065643109381E-004,-1.114807440899313E-003,3.696567437145859E-004,
2.491866666666667E+009,-1.098204753361642E-003,3.993304562754929E-004,-1.126099261455238E-003,3.959288296755403E-004,
2.491900000000000E+009,-1.123448251746595E-003,4.346715577412397E-004,-1.138831721618772E-003,4.117782227694988E-004,
2.491933333333334E+009,-1.049024402163923E-003,4.301161970943213E-004,-1.085991971194744E-003,4.333903489168733E-004,
2.491966666666667E+009,-1.087934826500714E-003,5.127601325511932E-004,-1.123494701460004E-003,5.090969498269260E-004,
2.492000000000000E+009,-1.040663686580956E-003,4.691559588536620E-004,-1.077206106856465E-003,5.101964343339205E-004,
2.492033333333334E+009,-1.063809497281909E-003,5.378241185098887E-004,-1.043471856974065E-003,4.877090104855597E-004,
2.492066666666667E+009,-1.028652768582106E-003,5.489704781211913E-004,-9.922324679791927E-004,5.424479022622109E-004,
2.492100000000000E+009,-1.020081923343241E-003,5.882504046894610E-004,-1.010329695418477E-003,5.762436776421964E-004,
2.492133333333334E+009,-1.013244618661702E-003,6.011865916661918E-004,-1.035326276905835E-003,5.922996206209064E-004,
2.492166666666667E+009,-9.753800695762038E-004,6.533569539897144E-004,-1.004555262625217E-003,6.543108611367643E-004,
2.492200000000000E+009,-9.427098557353020E-004,6.785634323023260E-004,-9.783962741494179E-004,6.276090280152857E-004,
2.492233333333334E+009,-8.907337905839086E-004,6.768129533156753E-004,-9.528130758553743E-004,6.770757026970387E-004,
2.492266666666667E+009,-9.475471451878548E-004,7.023633224889636E-004,-9.235225152224302E-004,7.352629327215254E-004,
2.492300000000000E+009,-9.023121092468500E-004,7.358834845945239E-004,-8.857461507432163E-004,7.390201790258288E-004,
2.492333333333334E+009,-9.118441957980394E-004,7.780173909850419E-004,-8.774766465649009E-004,7.894007721915841E-004,
2.492366666666667E+009,-8.667237707413733E-004,7.632698398083448E-004,-8.652223041281104E-004,7.918451447039843E-004,
2.492400000000000E+009,-8.293309947475791E-004,7.512380834668875E-004,-8.410402806475759E-004,8.570335339754820E-004,
2.492433333333334E+009,-8.341364446096122E-004,8.264820207841694E-004,-8.044643909670413E-004,8.271545520983636E-004,
2.492466666666667E+009,-7.804804481565952E-004,8.435558411292732E-004,-7.486407412216067E-004,8.340513450093567E-004,
2.492500000000000E+009,-7.682513096369803E-004,8.813479798845947E-004,-7.965832483023405E-004,8.725671214051545E-004,
2.492533333333334E+009,-6.985222571529448E-004,8.943863795138896E-004,-7.439760956913233E-004,9.480339358560741E-004,
2.492566666666667E+009,-7.793417316861451E-004,9.051158558577299E-004,-7.103599491529167E-004,9.256429038941860E-004,
2.492600000000000E+009,-6.455041002482176E-004,9.143224451690912E-004,-6.650176364928484E-004,9.438258130103350E-004,
2.492633333333334E+009,-6.239871727302671E-004,9.458214626647532E-004,-6.252403836697340E-004,9.318951051682234E-004,
2.492666666666667E+009,-5.695605650544167E-004,9.736329666338861E-004,-6.427509943023324E-004,9.445714531466365E-004,
2.492700000000000E+009,-5.774309975095093E-004,9.284230181947351E-004,-5.771928117610514E-004,9.435093961656094E-004,
2.492733333333334E+009,-5.287390085868537E-004,1.020850148051977E-003,-5.630814121104777E-004,9.711554157547653E-004,
2.492766666666667E+009,-5.481486441567540E-004,9.684346150606871E-004,-5.127837648615241E-004,9.478255524300039E-004,
2.492800000000000E+009,-5.199310835450888E-004,9.823894361034036E-004,-5.542880389839411E-004,9.934743866324425E-004,
2.492833333333334E+009,-4.575994098559022E-004,9.569916292093694E-004,-5.174606340005994E-004,9.707605349831283E-004,
2.492866666666667E+009,-4.415270814206451E-004,1.008183113299310E-003,-4.621917032636702E-004,1.019036979414523E-003,
2.492900000000000E+009,-4.852822748944163E-004,1.005682977847755E-003,-4.225148295518011E-004,1.013841712847352E-003,
2.492933333333334E+009,-3.436336119193584E-004,9.945917408913374E-004,-3.870055661536753E-004,1.024519675411284E-003,
2.492966666666667E+009,-3.351770283188671E-004,1.072589540854096E-003,-3.975465660914779E-004,1.004213350825012E-003,
2.493000000000000E+009,-3.482353640720248E-004,1.045167795382440E-003,-3.326181322336197E-004,1.037316862493753E-003,
2.493033333333334E+009,-3.182324871886522E-004,1.077049411833286E-003,-2.626209170557559E-004,1.071910955943167E-003,
2.493066666666667E+009,-2.690291439648718E-004,1.046082586981356E-003,-2.623273758217692E-004,1.080363057553768E-003,
2.493100000000000E+009,-2.435535861877725E-004,1.094047096557915E-003,-2.537712862249464E-004,1.047128345817328E-003,
2.493133333333334E+009,-2.669576206244528E-004,1.081357593648136E-003,-2.525351592339575E-004,1.089059049263597E-003,
2.493166666666667E+009,-2.589089272078127E-004,1.062548486515880E-003,-1.811582769732922E-004,1.101548201404512E-003,
2.493200000000000E+009,-2.001701504923403E-004,1.032704254612327E-003,-1.692161022219807E-004,1.105796778574586E-003,
2.493233333333334E+009,-1.305175828747451E-004,1.082782517187297E-003,-1.241741265403107E-004,1.101232715882361E-003,
2.493266666666667E+009,-7.219016697490588E-005,1.116588711738586E-003,-9.411187056684867E-005,1.119938562624157E-003,
2.493300000000000E+009,-1.036392714013346E-004,1.067788107320666E-003,-8.262284973170608E-005,1.120385597459972E-003,
2.493333333333334E+009,-4.989079388906248E-005,1.113192876800895E-003,-5.846384010510519E-005,1.186938723549247E-003,
2.493366666666667E+009,-2.442781624267809E-005,1.123097143135965E-003,-2.414117079752032E-005,1.081319293007255E-003,
2.493400000000000E+009,1.472950498282444E-005,1.092958031222224E-003,-1.268079813598888E-005,1.066472730599344E-003,
2.493433333333334E+009,6.583322101505473E-005,1.070894766598940E-003,3.970821126131341E-005,1.132808974944055E-003,
2.493466666666667E+009,5.352105654310435E-005,1.118255779147148E-003,8.246643119491637E-005,1.058178371749818E-003,
2.493500000000000E+009,1.329281221842393E-004,1.117444131523371E-003,1.006380989565514E-004,1.093659317120910E-003,
2.493533333333334E+009,9.648292325437069E-005,1.072265324182808E-003,1.301257725572214E-004,1.041145646013320E-003,
2.493566666666667E+009,1.962404057849199E-004,1.084805931895971E-003,1.410349796060473E-004,1.116622006520629E-003,
2.493600000000000E+009,9.666333062341437E-005,1.105571631342173E-003,2.119210839737207E-004,1.073514926247299E-003,
2.493633333333334E+009,2.366830012761056E-004,1.055145519785583E-003,2.768740232568234E-004,1.093634637072682E-003,
2.493666666666667E+009,2.104783197864890E-004,1.021928736008704E-003,2.275469159940258E-004,1.070120604708791E-003,
2.493700000000000E+009,2.508577017579228E-004,1.062075025402010E-003,2.276260056532919E-004,1.068507321178913E-003,
2.493733333333334E+009,3.070207312703133E-004,1.036388683132827E-003,3.056810237467289E-004,1.071542850695550E-003,
2.493766666666667E+009,2.583773457445204E-004,1.044473960064352E-003,3.062848118133843E-004,1.032370724715293E-003,
2.493800000000000E+009,2.655004209373146E-004,1.033565145917237E-003,3.302622644696385E-004,1.047284575179219E-003,
2.493833333333334E+009,3.338900860399008E-004,1.027332153171301E-003,3.624314267653972E-004,1.069038873538375E-003,
2.493866666666667E+009,4.164869314990938E-004,1.008551800623536E-003,3.867204359266907E-004,1.008177525363863E-003,
2.493900000000000E+009,3.589404805097729E-004,9.902288438752294E-004,4.472094296943396E-004,9.957855800166726E-004,
2.493933333333334E+009,4.658828256651759E-004,1.032005297020078E-003,4.869960248470306E-004,9.839799022302032E-004,
2.493966666666667E+009,4.908226546831429E-004,9.206114336848259E-004,4.655793891288340E-004,9.675764595158398E-004,
2.494000000000000E+009,4.955912590958178E-004,9.896032279357314E-004,5.032796179875732E-004,9.433723171241581E-004,
2.494033333333334E+009,5.763189401477575E-004,9.296882199123502E-004,5.532922223210335E-004,8.970465278252959E-004,
2.494066666666667E+009,5.206608911976218E-004,9.242921369150281E-004,4.738131538033485E-004,8.858995279297233E-004,
2.494100000000000E+009,6.324806599877775E-004,9.210111456923187E-004,5.946213495917618E-004,8.716537849977613E-004,
2.494133333333334E+009,5.881141987629235E-004,8.647580398246646E-004,6.097970763221383E-004,8.290086989291012E-004,
2.494166666666667E+009,5.995307583361864E-004,8.537417743355036E-004,5.933672073297203E-004,8.425489650107920E-004,
2.494200000000000E+009,6.186251412145793E-004,8.220695308409631E-004,6.612776196561754E-004,8.008177392184734E-004,
2.494233333333334E+009,6.161355995573103E-004,8.289032266475260E-004,6.477328715845943E-004,8.017204236239195E-004,
2.494266666666667E+009,6.033755489625037E-004,8.166753686964512E-004,6.140293553471565E-004,7.848216919228435E-004,
2.494300000000000E+009,6.835625390522182E-004,7.733100792393088E-004,6.294348859228194E-004,8.045001886785030E-004,
2.494333333333334E+009,6.516053690575063E-004,7.946261903271079E-004,6.396224489435554E-004,8.154380484484136E-004,
2.494366666666667E+009,7.001165067777038E-004,7.552299066446722E-004,6.864620954729617E-004,7.455850136466324E-004,
2.494400000000000E+009,8.079258259385824E-004,7.000581827014685E-004,7.323460304178298E-004,7.395224529318512E-004,
2.494433333333334E+009,7.487828261218965E-004,7.219596882350743E-004,7.578937220387161E-004,7.291131769306958E-004,
2.494466666666667E+009,7.483644876629114E-004,6.796981906518340E-004,7.431986159645021E-004,6.939555169083178E-004,
2.494500000000000E+009,7.803909247741103E-004,6.858811830170453E-004,7.629404426552355E-004,7.058055489324033E-004,
2.494533333333334E+009,8.030405151657760E-004,6.327988812699914E-004,7.903072983026505E-004,6.049294024705887E-004,
2.494566666666667E+009,7.930276915431023E-004,6.041715387254953E-004,8.383949170820415E-004,6.587640964426100E-004,
2.494600000000000E+009,8.518040995113552E-004,6.221424555405974E-004,8.710397523827851E-004,6.084616761654615E-004,
2.494633333333334E+009,8.261115872301161E-004,5.547117325477302E-004,8.972943760454655E-004,5.706536467187107E-004,
2.494666666666667E+009,8.609929354861379E-004,5.269603570923209E-004,8.679089369252324E-004,4.948891000822187E-004,
2.494700000000000E+009,8.941802079789341E-004,5.365334218367934E-004,8.689927053637803E-004,5.130321951583028E-004,
2.494733333333334E+009,8.780282805673778E-004,5.108730983920395E-004,8.790816646069288E-004,5.242229672148824E-004,
2.494766666666667E+009,8.496152586303651E-004,4.994024639017880E-004,9.079743758775294E-004,4.716939874924719E-004,
2.494800000000000E+009,9.209309937432408E-004,4.601777472998947E-004,9.336827788501978E-004,4.598494851961732E-004,
2.494833333333334E+009,8.976749377325177E-004,4.642403509933502E-004,8.934843353927136E-004,4.056186007801443E-004,
2.494866666666667E+009,9.767543524503708E-004,4.329340008553118E-004,9.434191742911935E-004,4.256675601936877E-004,
2.494900000000000E+009,9.597142925485969E-004,3.623160882852972E-004,9.425982134416699E-004,3.240129735786468E-004,
2.494933333333334E+009,9.773256024345756E-004,3.601818752940744E-004,9.643192752264440E-004,3.330992185510695E-004,
2.494966666666667E+009,9.598262840881944E-004,3.383459697943181E-004,9.333236375823617E-004,3.384334268048406E-004,
2.495000000000000E+009,9.685790864750743E-004,3.120768524240702E-004,1.016840338706970E-003,3.211227885913104E-004,
2.495033333333334E+009,9.703336399979889E-004,2.963338920380920E-004,9.798823157325387E-004,2.234823914477602E-004,
2.495066666666667E+009,9.657796472311020E-004,2.160979784093797E-004,9.445794858038425E-004,1.813690032577142E-004,
2.495100000000000E+009,9.676385088823736E-004,2.291914424858987E-004,1.001298078335822E-003,2.389759465586394E-004,
2.495133333333334E+009,1.046722987666726E-003,2.066766028292477E-004,1.007938408292830E-003,1.745985064189881E-004,
2.495166666666667E+009,9.615350863896310E-004,2.175893459934741E-004,1.013374188914895E-003,1.378731103613973E-004,
2.495200000000000E+009,9.979319293051958E-004,1.634327054489404E-004,9.836349636316299E-004,2.049582399195060E-004,
2.495233333333334E+009,9.825679007917643E-004,1.567473664181307E-004,9.829822229221463E-004,1.630412152735516E-004,
2.495266666666667E+009,1.001349533908069E-003,7.878164615249261E-005,9.961304021999240E-004,1.056982218869962E-004,
2.495300000000000E+009,9.713509352877736E-004,4.799991074833088E-005,1.021293690428138E-003,9.282697283197194E-005,
2.495333333333334E+009,9.783703135326505E-004,4.459604679141194E-005,1.003081095404923E-003,5.399115616455674E-005,
2.495366666666667E+009,1.013072207570076E-003,2.706698433030397E-005,1.044255914166570E-003,-2.914961623901036E-005,
2.495400000000000E+009,1.003922545351088E-003,3.404433300602250E-005,9.998265886679292E-004,-7.620430551469326E-005,
2.495433333333334E+009,1.004979829303920E-003,-2.177222995669581E-006,1.022134209051728E-003,-2.678126656974200E-005,
2.495466666666667E+009,1.004003337584436E-003,-5.044811769039370E-005,1.023176009766758E-003,-5.703352144337259E-005,
2.495500000000000E+009,9.322240366600454E-004,-8.933666686061770E-005,9.994473075494170E-004,-9.203102672472596E-005,
2.495533333333334E+009,1.002643606625497E-003,-9.170181147055700E-005,9.333471534773707E-004,-7.283670856850222E-005,
2.495566666666667E+009,9.440322755835950E-004,-1.064905154635198E-004,9.356655064038932E-004,-1.090582882170565E-004,
2.495600000000000E+009,9.736093925312161E-004,-1.428765244781971E-004,9.480971493758261E-004,-1.334225817117840E-004,
2.495633333333334E+009,9.517802391201258E-004,-1.783712068572640E-004,9.219133644364774E-004,-2.207368524977937E-004,
2.495666666666667E+009,9.977276204153895E-004,-2.086060267174617E-004,1.002423348836601E-003,-2.515180094633251E-004,
2.495700000000000E+009,9.630611748434603E-004,-2.108593180309981E-004,9.402922005392611E-004,-2.601358864922077E-004,
2.495733333333334E+009,9.624165832065046E-004,-2.505956217646599E-004,9.548750822432339E-004,-2.633594849612564E-004,
2.495766666666667E+009,9.717033244669437E-004,-2.171435771742836E-004,9.343608398921788E-004,-2.747839025687426E-004,
2.495800000000000E+009,8.766685496084392E-004,-2.589968498796225E-004,9.295649360865355E-004,-2.580558066256344E-004,
2.495833333333334E+009,9.126047953031957E-004,-2.715751761570573E-004,8.924311841838062E-004,-3.344504802953452E-004,
2.495866666666667E+009,9.275919874198735E-004,-2.648889494594187E-004,8.882416877895594E-004,-2.801448281388730E-004,
2.495900000000000E+009,8.670432725921273E-004,-3.177958424203098E-004,8.921459084376693E-004,-3.487202047836036E-004,
2.495933333333334E+009,9.089831146411598E-004,-3.135768347419798E-004,8.826489211060107E-004,-3.550722030922771E-004,
2.495966666666667E+009,9.071232634596527E-004,-3.651610168162733E-004,8.563321898691356E-004,-4.178922972641885E-004,
2.496000000000000E+009,8.554321248084307E-004,-3.952878178097308E-004,9.058889118023217E-004,-4.291253571864218E-004,
2.496033333333334E+009,8.736144518479705E-004,-4.167577426414937E-004,7.976188790053129E-004,-4.199300310574472E-004,
2.496066666666667E+009,8.309367112815380E-004,-3.892703680321574E-004,8.141376310959458E-004,-5.027628503739834E-004,
2.496100000000000E+009,8.016026113182306E-004,-4.945838591083884E-004,8.419416844844818E-004,-4.747968632727861E-004,
2.496133333333334E+009,8.456895011477172E-004,-5.199916777200997E-004,7.842237828299403E-004,-5.087078898213804E-004,
2.496166666666667E+009,7.836355362087488E-004,-5.691607366316021E-004,7.947215344756842E-004,-5.325676174834371E-004,
2.496200000000000E+009,7.710448116995394E-004,-5.147237679921091E-004,7.708261837251484E-004,-5.498293903656304E-004,
2.496233333333334E+009,7.721756701357663E-004,-5.874768830835819E-004,7.648279424756765E-004,-5.893975030630827E-004,
2.496266666666667E+009,7.470654672943056E-004,-5.522792343981564E-004,7.486611139029265E-004,-6.252146558836103E-004,
2.496300000000000E+009,7.166236755438149E-004,-6.445720209740102E-004,7.127593853510916E-004,-6.020088912919164E-004,
2.496333333333334E+009,7.618179079145193E-004,-6.903325556777418E-004,6.932019023224711E-004,-6.782789132557809E-004,
2.496366666666667E+009,6.831843638792634E-004,-6.622296641580761E-004,7.437320891767740E-004,-6.198431365191937E-004,
2.496400000000000E+009,6.499442388303578E-004,-6.241840310394764E-004,6.743734702467918E-004,-7.233083597384393E-004,
2.496433333333334E+009,7.079032366164029E-004,-7.141331443563104E-004,6.868727505207062E-004,-6.675368058495224E-004,
2.496466666666667E+009,6.453279638662934E-004,-7.152680191211402E-004,6.249917787499726E-004,-6.855893298052251E-004,
2.496500000000000E+009,6.392229697667062E-004,-6.435348768718541E-004,6.434722454287112E-004,-7.368537480942905E-004,
2.496533333333334E+009,5.886946455575526E-004,-6.917662685737014E-004,6.120627513155341E-004,-7.765366462990642E-004,
2.496566666666667E+009,5.883624544367194E-004,-7.624677964486182E-004,5.785790854133666E-004,-7.326903869397938E-004,
2.496600000000000E+009,5.665606586262584E-004,-7.278634584508836E-004,5.836521741002798E-004,-8.178538992069662E-004,
2.496633333333334E+009,5.011375178582966E-004,-7.406083750538528E-004,5.811911541968584E-004,-7.554151816293597E-004,
2.496666666666667E+009,5.320862983353436E-004,-7.977017667144537E-004,5.460908869281411E-004,-7.798008155077696E-004,
2.496700000000000E+009,5.042923148721457E-004,-7.568264263682067E-004,4.562205867841840E-004,-7.845784421078861E-004,
2.496733333333334E+009,4.672879003919661E-004,-8.272267878055573E-004,4.802258918061853E-004,-8.144658058881760E-004,
2.496766666666667E+009,4.260114219505340E-004,-8.140470017679036E-004,5.172598757781088E-004,-8.488366729579866E-004,
2.496800000000000E+009,4.263757145963609E-004,-8.700120379216969E-004,4.662098363041878E-004,-7.890942506492138E-004,
2.496833333333334E+009,4.275749379303306E-004,-7.701223948970437E-004,4.477578913792968E-004,-8.990009082481265E-004,
2.496866666666667E+009,4.537164932116866E-004,-8.436187636107206E-004,4.085319233126938E-004,-8.735400624573231E-004,
2.496900000000000E+009,3.563333302736282E-004,-8.461623801849783E-004,3.520189493428916E-004,-8.776950417086482E-004,
2.496933333333334E+009,3.454476536717266E-004,-8.565222960896790E-004,3.728917799890041E-004,-8.642284083180130E-004,
2.496966666666667E+009,3.535143041517586E-004,-8.621361921541393E-004,3.244720865041018E-004,-8.804198587313294E-004,
2.497000000000000E+009,2.848103467840701E-004,-8.883071714080870E-004,3.563559730537236E-004,-8.891421603038907E-004,
2.497033333333334E+009,3.211200819350779E-004,-8.741221390664578E-004,3.015823604073376E-004,-9.170973207801580E-004,
2.497066666666667E+009,2.727802493609488E-004,-9.080262389034033E-004,2.804707037284970E-004,-8.784725214354694E-004,
2.497100000000000E+009,2.787610574159771E-004,-9.343653218820691E-004,2.352835435885936E-004,-9.347796440124512E-004,
2.497133333333334E+009,2.240917674498633E-004,-9.541218169033527E-004,2.066288870992139E-004,-8.595024119131267E-004,
2.497166666666667E+009,2.426349237794057E-004,-8.820588700473309E-004,1.911267172545195E-004,-8.920599357225001E-004,
2.497200000000000E+009,1.685330644249916E-004,-9.478228748776019E-004,2.155764959752560E-004,-9.018072159960866E-004,
2.497233333333334E+009,1.304729958064854E-004,-9.416058892384172E-004,1.780767634045333E-004,-9.037528070621193E-004,
2.497266666666667E+009,9.979451715480536E-005,-8.984861779026687E-004,1.582024560775608E-004,-9.356006630696356E-004,
2.497300000000000E+009,1.016838723444380E-004,-9.252616437152028E-004,1.140900276368484E-004,-8.868768345564604E-004,
2.497333333333334E+009,4.076208642800339E-005,-9.146951488219202E-004,7.902962533989921E-005,-8.785306126810610E-004,
2.497366666666667E+009,8.979168342193589E-005,-8.988754125311971E-004,4.250829078955576E-005,-8.770630229264498E-004,
2.497400000000000E+009,1.085113399312832E-004,-9.152683196589351E-004,8.933030767366290E-005,-8.917138911783695E-004,
2.497433333333334E+009,5.156716724741273E-005,-8.544870652258396E-004,1.055644970620051E-004,-9.142364142462611E-004,
2.497466666666667E+009,5.519047408597544E-005,-9.137793094851077E-004,6.428066262742505E-005,-9.591362904757261E-004,
2.497500000000000E+009,4.270398494554684E-005,-8.929981268011034E-004,1.463011358282529E-005,-9.528277441859245E-004,
2.497533333333334E+009,2.946361746580806E-006,-8.863399270921946E-004,-4.552062819129787E-005,-8.654796984046698E-004,
2.497566666666667E+009,-3.260522134951316E-006,-8.966663153842092E-004,-4.780647577717900E-005,-8.760130731388927E-004,
2.497600000000000E+009,-7.460932101821527E-005,-9.383839787915349E-004,-6.523843330796808E-005,-8.756225579418242E-004,
2.497633333333334E+009,-9.118601883528754E-005,-8.684634231030941E-004,-1.027470789267682E-004,-8.255970315076411E-004,
2.497666666666667E+009,-1.160869214800187E-004,-9.706655982881784E-004,-1.407234376529232E-004,-8.880395907908678E-004,
2.497700000000000E+009,-1.648202305659652E-004,-9.070278028957546E-004,-1.814226561691612E-004,-8.915723301470280E-004,
2.497733333333334E+009,-1.562058168929070E-004,-9.268530993722379E-004,-1.784580090316013E-004,-8.794897585175932E-004,
2.497766666666667E+009,-2.044723951257765E-004,-8.981805876828730E-004,-1.982980757020414E-004,-8.583919843658805E-004,
2.497800000000000E+009,-2.096370590152219E-004,-9.070534142665565E-004,-2.753435401245952E-004,-8.906134753488004E-004,
2.497833333333334E+009,-2.218310546595603E-004,-9.005650645121932E-004,-2.595633559394628E-004,-8.647326612845063E-004,
2.497866666666667E+009,-2.570944197941572E-004,-8.553646621294320E-004,-2.717270108405501E-004,-8.715929579921067E-004,
2.497900000000000E+009,-2.942455757874996E-004,-8.441200479865074E-004,-2.950021298602223E-004,-8.196909911930561E-004,
2.497933333333334E+009,-2.946094318758696E-004,-8.800723589956760E-004,-2.787596313282847E-004,-8.364149834960699E-004,
2.497966666666667E+009,-3.531920665409416E-004,-8.012217585928738E-004,-3.001734148710966E-004,-8.422949467785657E-004,
2.498000000000000E+009,-3.269791486673057E-004,-7.987830904312432E-004,-3.885357291437686E-004,-8.280744077637792E-004,
2.498033333333334E+009,-4.243660368956626E-004,-8.458499214611948E-004,-4.163205157965422E-004,-8.706098888069391E-004,
2.498066666666667E+009,-4.904991947114468E-004,-8.342672954313457E-004,-4.046399553772062E-004,-7.602348923683167E-004,
2.498100000000000E+009,-4.329076327849180E-004,-8.014725754037499E-004,-4.619018291123211E-004,-8.200650918297470E-004,
2.498133333333334E+009,-4.449236730579287E-004,-7.638130919076502E-004,-4.749056824948639E-004,-7.919789059087634E-004,
2.498166666666667E+009,-4.172694461885840E-004,-7.504996028728783E-004,-5.053501226939261E-004,-7.574844639748335E-004,
2.498200000000000E+009,-4.697222611866891E-004,-7.417445303872228E-004,-4.739173164125532E-004,-7.581947720609605E-004,
2.498233333333334E+009,-4.794248379766941E-004,-7.702258299104869E-004,-4.604307760018855E-004,-7.553479517810047E-004,
2.498266666666667E+009,-4.490791470743716E-004,-6.986671942286193E-004,-4.936768673360348E-004,-7.354174740612507E-004,
2.498300000000000E+009,-5.418435903266072E-004,-7.118656649254262E-004,-5.697429296560586E-004,-7.097387569956482E-004,
2.498333333333334E+009,-5.524219595827162E-004,-7.330385269597173E-004,-6.102391052991152E-004,-7.235924131236970E-004,
2.498366666666667E+009,-5.725506925955415E-004,-7.205227157101035E-004,-5.889016319997609E-004,-6.959132151678205E-004,
2.498400000000000E+009,-6.118294550105929E-004,-6.684862892143428E-004,-6.070668459869921E-004,-6.693520117551088E-004,
2.498433333333334E+009,-5.960916168987751E-004,-6.893837125971913E-004,-6.004945025779307E-004,-6.829759804531932E-004,
2.498466666666667E+009,-5.965003510937095E-004,-6.444138707593083E-004,-6.796289235353470E-004,-6.207271362654865E-004,
2.498500000000000E+009,-6.880700238980353E-004,-6.279712542891502E-004,-6.337488302960992E-004,-6.657086778432131E-004,
2.498533333333334E+009,-6.662234663963318E-004,-6.138558965176344E-004,-6.243872339837253E-004,-6.199866184033454E-004,
2.498566666666667E+009,-6.796832312829793E-004,-5.755132297053933E-004,-6.900708540342748E-004,-5.879579111933708E-004,
2.498600000000000E+009,-6.768712773919106E-004,-5.995014798827469E-004,-6.718882359564304E-004,-6.012698868289590E-004,
2.498633333333334E+009,-7.327001658268273E-004,-5.562203587032855E-004,-7.314361864700913E-004,-6.026371847838163E-004,
2.498666666666667E+009,-7.132633472792804E-004,-6.181540666148067E-004,-6.944313063286245E-004,-4.982611280865967E-004,
2.498700000000000E+009,-7.070968276821077E-004,-5.036530201323330E-004,-7.219963008537889E-004,-5.147089250385761E-004,
2.498733333333334E+009,-6.961955805309117E-004,-4.690510395448655E-004,-7.284317980520427E-004,-5.225105560384691E-004,
2.498766666666667E+009,-7.770303054712713E-004,-5.299391923472285E-004,-7.440417539328337E-004,-4.332124080974609E-004,
2.498800000000000E+009,-7.833633571863174E-004,-4.464444064069539E-004,-7.774226251058281E-004,-4.673927614931017E-004,
2.498833333333334E+009,-7.151185418479145E-004,-4.424788639880717E-004,-7.847166853025556E-004,-4.448423860594630E-004,
2.498866666666667E+009,-8.027863223105669E-004,-3.910165105480701E-004,-7.934347377158701E-004,-4.354078555479646E-004,
2.498900000000000E+009,-8.004200062714517E-004,-3.553567803464830E-004,-7.853447459638119E-004,-3.863833553623408E-004,
2.498933333333334E+009,-7.822422194294632E-004,-4.157841322012246E-004,-7.755315746180713E-004,-3.829741326626390E-004,
2.498966666666667E+009,-8.033867343328893E-004,-3.809558402281255E-004,-8.148907218128443E-004,-3.893896355293691E-004,
2.499000000000000E+009,-7.787431241013110E-004,-3.253859758842737E-004,-8.098618127405644E-004,-4.186898295301944E-004,
2.499033333333334E+009,-8.424735278822482E-004,-3.246348642278463E-004,-8.193835965357721E-004,-3.801237326115370E-004,
2.499066666666667E+009,-7.732426747679710E-004,-3.752212505787611E-004,-8.778060437180102E-004,-3.796665987465531E-004,
2.499100000000000E+009,-8.601291920058429E-004,-3.708272706717253E-004,-8.810154395177960E-004,-3.304235287941992E-004,
2.499133333333334E+009,-8.554364321753383E-004,-2.302958018844947E-004,-8.252560510300100E-004,-2.958995173685253E-004,
2.499166666666667E+009,-8.350221323780716E-004,-2.959508565254509E-004,-8.823216194286943E-004,-2.754625747911632E-004,
2.499200000000000E+009,-8.980088750831783E-004,-2.702011261135340E-004,-9.021473815664649E-004,-2.505203301552683E-004,
2.499233333333334E+009,-8.941247942857444E-004,-2.583419263828546E-004,-8.690524846315384E-004,-2.359843638259918E-004,
2.499266666666667E+009,-8.982917061075568E-004,-2.210916718468070E-004,-8.604063186794519E-004,-2.063649735646322E-004,
2.499300000000000E+009,-9.130510152317584E-004,-1.959376240847632E-004,-9.274752228520811E-004,-1.624283904675394E-004,
2.499333333333334E+009,-8.589256322011352E-004,-1.221237471327186E-004,-9.396842797286809E-004,-1.477030018577352E-004,
2.499366666666667E+009,-8.710208931006491E-004,-1.083978422684595E-004,-8.526861784048379E-004,-1.337766443612054E-004,
2.499400000000000E+009,-9.301434620283544E-004,-6.257508357521147E-005,-8.534890366718173E-004,-1.036778703564778E-004,
2.499433333333334E+009,-9.609964909031987E-004,-8.510192128596827E-005,-9.133478160947561E-004,-1.078585191862658E-004,
2.499466666666667E+009,-9.103893535211682E-004,-5.082522329757921E-005,-8.968061301857233E-004,-9.090694220503792E-006,
2.499500000000000E+009,-8.973294170573354E-004,-2.290290467499290E-005,-9.059599833562970E-004,-1.389347289659781E-005,
2.499533333333334E+009,-8.743969956412911E-004,2.287743154738564E-005,-8.777963812462986E-004,-1.140089807449840E-005,
2.499566666666667E+009,-8.765990496613085E-004,2.916736775659956E-005,-9.012825321406126E-004,5.348105332814157E-005,
2.499600000000000E+009,-9.389903279952705E-004,1.630327824386768E-005,-8.617337443865836E-004,5.603626777883619E-005,
2.499633333333334E+009,-8.696555742062628E-004,2.239499735878781E-005,-8.451547473669052E-004,8.083329885266721E-005,
2.499666666666667E+009,-9.102902258746326E-004,9.763802518136799E-005,-8.733692811802030E-004,3.542381455190480E-005,
2.499700000000000E+009,-8.809512364678085E-004,1.225497981067747E-004,-8.979462436400354E-004,1.405058283125982E-004,
2.499733333333334E+009,-8.671479881741107E-004,7.264400483109057E-005,-8.665435598231852E-004,2.087971515720710E-004,
2.499766666666667E+009,-8.422290557064116E-004,2.210635866504163E-004,-8.660488529130817E-004,1.723966852296144E-004,
2.499800000000000E+009,-8.323298534378409E-004,1.893233420560136E-004,-8.792770095169544E-004,1.933719177031890E-004,
2.499833333333334E+009,-8.727590320631862E-004,2.409285079920664E-004,-8.607145282439888E-004,1.819768804125488E-004,
2.499866666666667E+009,-8.560135611332953E-004,2.913502394221723E-004,-8.762317011132836E-004,2.414176560705528E-004,
2.499900000000000E+009,-8.491795160807669E-004,2.262233756482601E-004,-8.496759692206979E-004,2.683824568521231E-004,
2.499933333333334E+009,-8.352202712558210E-004,2.658875309862196E-004,-8.972793002612889E-004,3.309118328616023E-004,
2.499966666666667E+009,-8.421576931141317E-004,3.659333742689341E-004,-8.475000504404306E-004,2.371056471019983E-004,
2.500000000000000E+009,-7.800590246915817E-004,3.239540965296328E-004,-8.261958719231188E-004,3.508066583890468E-004,
