% Version 1.00
%
%freq[Hz];re:Trc1_S21;im:Trc1_S21;re:Trc2_S12;im:Trc2_S12;
2.480000000000000E+009,6.168791442178190E-004,1.705596805550158E-003,5.717731546610594E-004,1.709026750177145E-003,
2.480033333333334E+009,5.194817204028368E-004,1.653015380725265E-003,5.999591085128486E-004,1.682790112681687E-003,
2.480066666666667E+009,6.482415483333170E-004,1.629032078199089E-003,6.541382754221559E-004,1.669021672569215E-003,
2.480100000000000E+009,6.236657500267029E-004,1.593991764821112E-003,6.503075128421187E-004,1.603918382897973E-003,
2.480133333333334E+009,7.487082039006054E-004,1.666224445216358E-003,7.114837062545121E-004,1.567892846651375E-003,
2.480166666666667E+009,7.432207348756492E-004,1.631872262805700E-003,7.574079791083932E-004,1.557743758894503E-003,
2.480200000000000E+009,8.236385183408856E-004,1.546201179735363E-003,7.699865964241326E-004,1.477266312576830E-003,
2.480233333333334E+009,8.319033076986671E-004,1.449138624593616E-003,7.988314609974623E-004,1.520073041319847E-003,
2.480266666666667E+009,9.101888281293213E-004,1.457295380532742E-003,8.984380983747542E-004,1.451520365662873E-003,
2.480300000000000E+009,8.791382424533367E-004,1.469406764954329E-003,8.775567985139787E-004,1.447727438062429E-003,
2.480333333333334E+009,9.324987768195570E-004,1.358796609565616E-003,9.800284169614315E-004,1.417275052517653E-003,
2.480366666666667E+009,9.942823089659214E-004,1.398654305376113E-003,9.689938160590828E-004,1.359908725135028E-003,
2.480400000000000E+009,9.682157542556524E-004,1.345873577520251E-003,1.016172231175005E-003,1.375442720018327E-003,
2.480433333333334E+009,1.020153518766165E-003,1.299359486438334E-003,1.052246312610805E-003,1.325638033449650E-003,
2.480466666666667E+009,1.130069606006146E-003,1.242305850610137E-003,1.143494155257940E-003,1.292363740503788E-003,
2.480500000000000E+009,1.113619306124747E-003,1.254552276805043E-003,1.106479438021779E-003,1.307219848968089E-003,
2.480533333333334E+009,1.154663623310626E-003,1.187922665849328E-003,1.130674267187715E-003,1.258774544112384E-003,
2.480566666666667E+009,1.195661141537130E-003,1.231436035595834E-003,1.199179212562740E-003,1.149530755355954E-003,
2.480600000000000E+009,1.184667111374438E-003,1.156847691163421E-003,1.189386239275336E-003,1.212966279126704E-003,
2.480633333333334E+009,1.277344650588930E-003,1.120767788961530E-003,1.206625835038722E-003,1.112425001338124E-003,
2.480666666666667E+009,1.239154604263604E-003,1.045106910169125E-003,1.290536252781749E-003,1.118364161811769E-003,
2.480700000000000E+009,1.296845963224769E-003,1.028647064231336E-003,1.302908058278263E-003,1.107541262172163E-003,
2.480733333333334E+009,1.289731822907925E-003,9.745463612489402E-004,1.290286192670465E-003,1.005735248327255E-003,
2.480766666666667E+009,1.306302496232092E-003,9.721021051518619E-004,1.334790256805718E-003,1.044397708028555E-003,
2.480800000000000E+009,1.422446919605136E-003,9.168090182356536E-004,1.330759492702782E-003,9.430571808479726E-004,
2.480833333333334E+009,1.406864146701992E-003,9.309825254604220E-004,1.399429398588836E-003,8.892538608051837E-004,
2.480866666666667E+009,1.408509444445372E-003,8.736079325899482E-004,1.431196695193648E-003,8.523277938365936E-004,
2.480900000000000E+009,1.426195725798607E-003,7.935584872029722E-004,1.409299205988646E-003,8.495457004755735E-004,
2.480933333333334E+009,1.421018620021641E-003,7.906840182840824E-004,1.400134409777820E-003,7.977905333973467E-004,
2.480966666666667E+009,1.434587640687823E-003,7.422418566420674E-004,1.500972080975771E-003,7.467307150363922E-004,
2.481000000000000E+009,1.471348921768367E-003,7.583999540656805E-004,1.526411622762680E-003,7.347971550188959E-004,
2.481033333333334E+009,1.463563065044582E-003,6.774891517125070E-004,1.558421179652214E-003,6.894470425322652E-004,
2.481066666666667E+009,1.492835581302643E-003,6.540609756484628E-004,1.509373774752021E-003,6.757000810466707E-004,
2.481100000000000E+009,1.534046023152769E-003,5.972103681415319E-004,1.548273139633238E-003,6.149005494080484E-004,
2.481133333333334E+009,1.533623901195824E-003,5.860718083567917E-004,1.497876481153071E-003,5.509610637091100E-004,
2.481166666666667E+009,1.552709029056132E-003,5.561432335525751E-004,1.568777835927904E-003,5.420569214038551E-004,
2.481200000000000E+009,1.528500579297543E-003,4.930519498884678E-004,1.574715948663652E-003,4.682921571657062E-004,
2.481233333333334E+009,1.591435284353793E-003,5.079955444671214E-004,1.589594408869743E-003,4.311118973419070E-004,
2.481266666666667E+009,1.570132095366716E-003,4.275706596672535E-004,1.589552150107920E-003,4.374417476356030E-004,
2.481300000000000E+009,1.560419448651373E-003,4.186966107226908E-004,1.600096002221108E-003,3.528796951286495E-004,
2.481333333333334E+009,1.591542270034552E-003,3.491257957648486E-004,1.600871095433831E-003,4.048908012919128E-004,
2.481366666666667E+009,1.584588433615863E-003,3.302866534795612E-004,1.606892445124686E-003,3.084180352743715E-004,
2.481400000000000E+009,1.620206283405423E-003,3.252607712056488E-004,1.632068189792335E-003,2.632375981193036E-004,
2.481433333333334E+009,1.647492405027151E-003,2.384607651038095E-004,1.646064687520266E-003,3.171277930960059E-004,
2.481466666666667E+009,1.637901761569083E-003,2.561012806836516E-004,1.663062721490860E-003,2.196564164478332E-004,
2.481500000000000E+009,1.725210924632847E-003,1.778349105734378E-004,1.761505845934153E-003,1.485488464822993E-004,
2.481533333333334E+009,1.695720362477005E-003,1.115600971388631E-004,1.719260355457664E-003,1.514469768153504E-004,
2.481566666666667E+009,1.676412182860076E-003,1.339677546638995E-004,1.665560994297266E-003,1.114339320338331E-004,
2.481600000000000E+009,1.643890631385148E-003,1.378263823426096E-005,1.676606363616884E-003,6.622856744797900E-005,
2.481633333333334E+009,1.738016726449132E-003,2.920619226642884E-005,1.651928992941976E-003,2.401842266408494E-006,
2.481666666666667E+009,1.621837960556150E-003,-8.343378112840583E-007,1.659911475144327E-003,-4.958736781190964E-007,
2.481700000000000E+009,1.597288530319929E-003,-2.862018664018251E-005,1.608341000974178E-003,-5.674709973391146E-005,
2.481733333333334E+009,1.592131564393640E-003,-1.025121600832790E-004,1.614955603145063E-003,-1.129988813772798E-004,
2.481766666666667E+009,1.570614753291011E-003,-2.102231810567901E-004,1.592191169038415E-003,-1.269072527065873E-004,
2.481800000000000E+009,1.584666315466166E-003,-1.837880263337866E-004,1.595728448592126E-003,-1.860026532085612E-004,
2.481833333333334E+009,1.575966365635395E-003,-2.478879760019481E-004,1.538409851491451E-003,-2.468707680236548E-004,
2.481866666666667E+009,1.567055354826152E-003,-2.378018834860995E-004,1.564277103170753E-003,-2.713777357712388E-004,
2.481900000000000E+009,1.549404347315431E-003,-2.892295015044510E-004,1.583663513883948E-003,-3.420676221139729E-004,
2.481933333333334E+009,1.551224384456873E-003,-3.753198252525181E-004,1.543252496048808E-003,-3.551948757376522E-004,
2.481966666666667E+009,1.534920185804367E-003,-4.069903516210616E-004,1.593980006873608E-003,-4.274529637768865E-004,
2.482000000000000E+009,1.512452610768378E-003,-3.781332343351096E-004,1.506325090304017E-003,-4.076892219018191E-004,
2.482033333333334E+009,1.483437605202198E-003,-4.235847736708820E-004,1.493626041337848E-003,-5.191949894651771E-004,
2.482066666666667E+009,1.459593418985605E-003,-5.074083455838263E-004,1.427736016921699E-003,-4.846290685236454E-004,
2.482100000000000E+009,1.460356172174215E-003,-5.531188799068332E-004,1.396933803334832E-003,-5.791232106275857E-004,
2.482133333333334E+009,1.414999947883189E-003,-5.657353322021663E-004,1.429678522981703E-003,-6.445570033974946E-004,
2.482166666666667E+009,1.404998474754393E-003,-5.833670147694647E-004,1.472613308578730E-003,-6.124437204562128E-004,
2.482200000000000E+009,1.390283694490790E-003,-6.588695105165243E-004,1.380949397571385E-003,-6.460559088736773E-004,
2.482233333333334E+009,1.371213817037642E-003,-6.358379614539444E-004,1.401907065883279E-003,-6.797541282139719E-004,
2.482266666666667E+009,1.330123515799642E-003,-7.129462319426239E-004,1.368185388855636E-003,-7.392828701995313E-004,
2.482300000000000E+009,1.375081366859376E-003,-7.558689685538411E-004,1.320103183388710E-003,-7.363501354120672E-004,
2.482333333333334E+009,1.323573291301727E-003,-7.716569234617055E-004,1.334300148300827E-003,-7.731064106337726E-004,
2.482366666666667E+009,1.345450058579445E-003,-8.246044744737446E-004,1.321610761806369E-003,-8.495366200804710E-004,
2.482400000000000E+009,1.273980247788131E-003,-8.265648502856493E-004,1.307904138229787E-003,-8.765593520365655E-004,
2.482433333333334E+009,1.212141243740916E-003,-8.395449258387089E-004,1.228092936798930E-003,-9.095001150853932E-004,
2.482466666666667E+009,1.236370066180825E-003,-8.948908071033657E-004,1.191586023196578E-003,-9.443295421078801E-004,
2.482500000000000E+009,1.130705466493964E-003,-9.632605942897499E-004,1.175265875644982E-003,-9.487263741903007E-004,
2.482533333333334E+009,1.193009316921234E-003,-9.264667169190943E-004,1.195881515741348E-003,-1.026394776999950E-003,
2.482566666666667E+009,1.163105596788228E-003,-9.486075141467154E-004,1.150993746705353E-003,-9.407725301571190E-004,
2.482600000000000E+009,1.136493752710521E-003,-1.049223821610212E-003,1.104641123674810E-003,-9.694109321571887E-004,
2.482633333333334E+009,1.054242369718850E-003,-1.058658468537033E-003,1.144609064795077E-003,-1.089922850951552E-003,
2.482666666666667E+009,1.075110514648259E-003,-1.052626059390605E-003,1.099649351090193E-003,-1.016156747937203E-003,
2.482700000000000E+009,1.042941119521856E-003,-1.079603098332882E-003,1.037202309817076E-003,-1.082672737538815E-003,
2.482733333333334E+009,9.874551324173808E-004,-1.048280391842127E-003,9.795529767870903E-004,-1.083883340470493E-003,
2.482766666666667E+009,9.291063179261982E-004,-1.122998306527734E-003,1.001819036900997E-003,-1.125589013099670E-003,
2.482800000000000E+009,1.008287537842989E-003,-1.102710491977632E-003,9.536664001643658E-004,-1.150221214629710E-003,
2.482833333333334E+009,9.182034991681576E-004,-1.139273750595748E-003,9.402743889950216E-004,-1.199470832943916E-003,
2.482866666666667E+009,9.400986018590629E-004,-1.185502973385155E-003,9.203478111885488E-004,-1.239616191014648E-003,
2.482900000000000E+009,8.801232906989753E-004,-1.146625145338476E-003,8.748697582632303E-004,-1.172781107015908E-003,
2.482933333333334E+009,8.618158753961325E-004,-1.176566816866398E-003,8.733822614885867E-004,-1.146464492194355E-003,
2.482966666666667E+009,8.665429777465761E-004,-1.211492577567697E-003,8.326177485287190E-004,-1.230668625794351E-003,
2.483000000000000E+009,8.128668996505439E-004,-1.221143524162471E-003,8.799848728813231E-004,-1.304028206504881E-003,
2.483033333333334E+009,8.358908235095441E-004,-1.211808994412422E-003,8.383179083466530E-004,-1.319927279837430E-003,
2.483066666666667E+009,8.188833598978818E-004,-1.311469473876059E-003,7.695324602536857E-004,-1.355836051516235E-003,
2.483100000000000E+009,7.534239557571709E-004,-1.334032625891268E-003,7.446772651746869E-004,-1.411169068887830E-003,
2.483133333333334E+009,6.660855142399669E-004,-1.406542956829071E-003,7.432639249600470E-004,-1.404182519763708E-003,
2.483166666666667E+009,6.535669672302902E-004,-1.399193773977459E-003,6.506628706119955E-004,-1.412564190104604E-003,
2.483200000000000E+009,6.632119184359908E-004,-1.397908083163202E-003,6.428706110455096E-004,-1.386738149449229E-003,
2.483233333333334E+009,5.945625016465783E-004,-1.377122243866324E-003,6.220296490937471E-004,-1.380392932333052E-003,
2.483266666666667E+009,6.050879019312561E-004,-1.368374098092318E-003,5.495566292665899E-004,-1.378749031573534E-003,
2.483300000000000E+009,5.048702587373555E-004,-1.347409212030470E-003,4.827973898500204E-004,-1.382696093060076E-003,
2.483333333333334E+009,4.966401029378176E-004,-1.361272297799587E-003,4.546463605947793E-004,-1.400837674736977E-003,
2.483366666666667E+009,4.468497354537249E-004,-1.402745721861720E-003,4.572254838421941E-004,-1.363335060887039E-003,
2.483400000000000E+009,3.812692302744836E-004,-1.400944660417736E-003,3.528513188939542E-004,-1.381507026962936E-003,
2.483433333333334E+009,3.690675366669893E-004,-1.345597556792200E-003,3.506848588585854E-004,-1.415950944647193E-003,
2.483466666666667E+009,3.392153012100607E-004,-1.409868942573667E-003,3.007100895047188E-004,-1.338868751190603E-003,
2.483500000000000E+009,2.573191886767745E-004,-1.269854954443872E-003,2.828049182426184E-004,-1.357111614197493E-003,
2.483533333333334E+009,2.746544778347015E-004,-1.404973561875522E-003,2.624721091706306E-004,-1.391259254887700E-003,
2.483566666666667E+009,2.434277848806232E-004,-1.387940486893058E-003,2.380344667471945E-004,-1.422791858203709E-003,
2.483600000000000E+009,2.039905666606501E-004,-1.388213830068708E-003,2.093776856781915E-004,-1.425902126356959E-003,
2.483633333333334E+009,1.655780943110585E-004,-1.398351509124041E-003,1.089909419533797E-004,-1.375397900119424E-003,
2.483666666666667E+009,9.712137398310006E-005,-1.371707767248154E-003,1.007101673167199E-004,-1.382460817694664E-003,
2.483700000000000E+009,1.151715914602391E-004,-1.430262229405344E-003,7.034688314888626E-005,-1.428188988938928E-003,
2.483733333333334E+009,7.608262239955366E-005,-1.356527092866600E-003,7.123604882508516E-005,-1.371589605696499E-003,
2.483766666666667E+009,2.189805672969669E-005,-1.429766882210970E-003,-2.304844747413881E-005,-1.372174243442714E-003,
2.483800000000000E+009,-4.816652290173806E-005,-1.401901361532509E-003,-3.743108720755117E-007,-1.332351122982800E-003,
2.483833333333334E+009,-4.459690899238922E-005,-1.384085859172046E-003,-9.315567876910791E-005,-1.371958525851369E-003,
2.483866666666667E+009,-6.611031130887568E-005,-1.336430781520903E-003,-5.634876652038656E-005,-1.368775963783264E-003,
2.483900000000000E+009,-1.074101892299950E-004,-1.397049520164728E-003,-1.884521188912913E-004,-1.398707157932222E-003,
2.483933333333334E+009,-1.121696186601184E-004,-1.315363100729883E-003,-1.586378057254478E-004,-1.325637567788363E-003,
2.483966666666667E+009,-1.716366678010672E-004,-1.322040217928588E-003,-1.816220028558746E-004,-1.391310011968017E-003,
2.484000000000000E+009,-1.951679878402501E-004,-1.296463888138533E-003,-2.732386346906424E-004,-1.327783451415598E-003,
2.484033333333334E+009,-2.373501920374110E-004,-1.304182689636946E-003,-2.457627851981670E-004,-1.324595184996724E-003,
2.484066666666667E+009,-2.401847013970837E-004,-1.319962902925909E-003,-3.001834556926042E-004,-1.321957330219448E-003,
2.484100000000000E+009,-2.999767602887005E-004,-1.322089927271009E-003,-3.171074786223471E-004,-1.305193989537656E-003,
2.484133333333334E+009,-3.186973626725376E-004,-1.270350185222924E-003,-3.793695068452507E-004,-1.265201834030449E-003,
2.484166666666667E+009,-3.395068051759154E-004,-1.305107842199504E-003,-3.857098345179111E-004,-1.262460835278034E-003,
2.484200000000000E+009,-3.630111168604344E-004,-1.314547262154520E-003,-4.066978872288019E-004,-1.316303270868957E-003,
2.484233333333334E+009,-3.993751306552440E-004,-1.247228938154876E-003,-4.213113570585847E-004,-1.272940426133573E-003,
2.484266666666667E+009,-4.740939184557647E-004,-1.260197837837040E-003,-4.844094219151884E-004,-1.246804720722139E-003,
2.484300000000000E+009,-4.501318035181612E-004,-1.252567046321929E-003,-4.913780139759183E-004,-1.220273436047137E-003,
2.484333333333334E+009,-5.670601967722178E-004,-1.234874944202602E-003,-5.640650633722544E-004,-1.203877734951675E-003,
2.484366666666667E+009,-5.327878170646727E-004,-1.288788393139839E-003,-5.835412302985787E-004,-1.214798656292260E-003,
2.484400000000000E+009,-5.289112450554967E-004,-1.195444376207888E-003,-5.595404072664678E-004,-1.201603794470429E-003,
2.484433333333334E+009,-5.644213524647057E-004,-1.230220077559352E-003,-6.407903856597841E-004,-1.189611153677106E-003,
2.484466666666667E+009,-5.973477382212877E-004,-1.178402570076287E-003,-5.779915372841060E-004,-1.202736631967127E-003,
2.484500000000000E+009,-5.729994154535234E-004,-1.148132723756135E-003,-5.911138723604381E-004,-1.177297206595540E-003,
2.484533333333334E+009,-6.211771396920085E-004,-1.193910487927496E-003,-6.792438798584044E-004,-1.172451418824494E-003,
2.484566666666667E+009,-6.863232702016830E-004,-1.165375811979175E-003,-6.670668954029679E-004,-1.219521742314100E-003,
2.484600000000000E+009,-7.541899103671312E-004,-1.188220339827240E-003,-6.992091075517237E-004,-1.173987169750035E-003,
2.484633333333334E+009,-7.785810157656670E-004,-1.174466684460640E-003,-7.571749156340957E-004,-1.161322928965092E-003,
2.484666666666667E+009,-8.824134129099548E-004,-1.227005035616458E-003,-8.658880833536387E-004,-1.160126761533320E-003,
2.484700000000000E+009,-8.824797696433961E-004,-1.101360190659761E-003,-8.465279825031757E-004,-1.135346828959882E-003,
2.484733333333334E+009,-8.841631934046745E-004,-1.085128053091466E-003,-8.210147498175502E-004,-1.072256010957062E-003,
2.484766666666667E+009,-8.851135498844087E-004,-1.083026407286525E-003,-8.465960272587836E-004,-9.418814443051815E-004,
2.484800000000000E+009,-8.857160573825240E-004,-1.093023922294378E-003,-8.970916969701648E-004,-1.014703069813550E-003,
2.484833333333334E+009,-8.670057868584991E-004,-9.958565933629870E-004,-8.519099792465568E-004,-1.015857560560107E-003,
2.484866666666667E+009,-9.110101382248104E-004,-9.670153376646340E-004,-9.279477526433766E-004,-9.933776455000043E-004,
2.484900000000000E+009,-9.001015569083393E-004,-9.911039378494024E-004,-8.868026197887957E-004,-9.183869115076959E-004,
2.484933333333334E+009,-9.013712988235056E-004,-9.172628633677959E-004,-9.292578324675560E-004,-9.240067447535694E-004,
2.484966666666667E+009,-9.506840724498034E-004,-8.750830893404782E-004,-9.656730107963085E-004,-8.914850186556578E-004,
2.485000000000000E+009,-9.389217011630535E-004,-8.453141199424863E-004,-9.803861612454057E-004,-8.287664386443794E-004,
2.485033333333334E+009,-9.623364894650877E-004,-8.502414566464722E-004,-9.968850063160062E-004,-7.749828509986401E-004,
2.485066666666667E+009,-1.022642361931503E-003,-8.445910643786192E-004,-1.011291285976768E-003,-7.813822012394667E-004,
2.485100000000000E+009,-9.973018895834684E-004,-8.062967681325972E-004,-1.029434264637530E-003,-7.865701336413622E-004,
2.485133333333334E+009,-1.057635294273496E-003,-7.754471735097468E-004,-1.053337706252933E-003,-7.715389365330339E-004,
2.485166666666667E+009,-1.032890984788537E-003,-7.439606706611812E-004,-1.090303296223283E-003,-7.025724044069648E-004,
2.485200000000000E+009,-1.055041910149157E-003,-6.931610405445099E-004,-1.067135715857148E-003,-6.535942666232586E-004,
2.485233333333334E+009,-1.027154270559549E-003,-6.782864802516997E-004,-1.062969793565571E-003,-6.139141041785479E-004,
2.485266666666667E+009,-1.086680917069316E-003,-6.192563450895250E-004,-1.162879168987274E-003,-6.585586233995855E-004,
2.485300000000000E+009,-1.115172752179205E-003,-6.846487522125244E-004,-1.074717147275806E-003,-5.657873116433621E-004,
2.485333333333334E+009,-1.138048712164164E-003,-6.077798898331821E-004,-1.096827210858464E-003,-6.180906202644110E-004,
2.485366666666667E+009,-1.138234627433121E-003,-6.094789132475853E-004,-1.069884863682091E-003,-5.341491196304560E-004,
2.485400000000000E+009,-1.134134479798377E-003,-6.130266701802611E-004,-1.156300539150834E-003,-5.680478643625975E-004,
2.485433333333334E+009,-1.167680486105382E-003,-4.941757069900632E-004,-1.135456259362400E-003,-4.886069218628109E-004,
2.485466666666667E+009,-1.162325264886022E-003,-4.925584653392434E-004,-1.135259866714478E-003,-4.620234249159694E-004,
2.485500000000000E+009,-1.158451079390943E-003,-4.027332179248333E-004,-1.132008153945208E-003,-4.679679404944181E-004,
2.485533333333334E+009,-1.178194186650217E-003,-4.409354005474597E-004,-1.168563845567405E-003,-4.675299860537052E-004,
2.485566666666667E+009,-1.114823971875012E-003,-4.064868844579905E-004,-1.188434660434723E-003,-3.949617384932935E-004,
2.485600000000000E+009,-1.111849211156368E-003,-3.403076843824238E-004,-1.181673025712371E-003,-3.257971256971359E-004,
2.485633333333334E+009,-1.198839512653649E-003,-3.423553134780377E-004,-1.160961342975497E-003,-3.235262993257493E-004,
2.485666666666667E+009,-1.201709732413292E-003,-2.937338140327483E-004,-1.172374817542732E-003,-3.108298114966601E-004,
2.485700000000000E+009,-1.156682381406426E-003,-3.081548202317208E-004,-1.233690069057047E-003,-2.737594477366656E-004,
2.485733333333334E+009,-1.149626914411783E-003,-2.706478699110448E-004,-1.184235443361104E-003,-2.776982437353581E-004,
2.485766666666667E+009,-1.219475525431335E-003,-1.918992784339935E-004,-1.196775236167014E-003,-2.171562809962779E-004,
2.485800000000000E+009,-1.239643199369311E-003,-1.761582389008254E-004,-1.175003009848297E-003,-1.778871519491077E-004,
2.485833333333334E+009,-1.249724416993558E-003,-2.267678210046142E-004,-1.157483784481883E-003,-1.886344689410180E-004,
2.485866666666667E+009,-1.157485065050423E-003,-1.359620655421168E-004,-1.198485610075295E-003,-1.491461443947628E-004,
2.485900000000000E+009,-1.182402367703617E-003,-1.854837610153481E-004,-1.217281445860863E-003,-1.467439287807792E-004,
2.485933333333334E+009,-1.282600220292807E-003,-1.588267768966034E-004,-1.183712272904813E-003,-9.699833753984422E-005,
2.485966666666667E+009,-1.216617412865162E-003,-7.617657684022561E-005,-1.170904259197414E-003,-1.083621682482772E-004,
2.486000000000000E+009,-1.227373839356005E-003,-5.325531674316153E-005,-1.252940739504993E-003,-4.527061901171692E-005,
2.486033333333334E+009,-1.213650451973081E-003,-6.921051681274548E-005,-1.273066736757755E-003,-1.063915897248080E-005,
2.486066666666667E+009,-1.245883642695844E-003,-2.132921053998871E-006,-1.244650105945766E-003,-3.935232598450966E-005,
2.486100000000000E+009,-1.210299902595580E-003,5.696484731743112E-005,-1.204275060445070E-003,-3.485662819002755E-005,
2.486133333333334E+009,-1.180812134407461E-003,-1.368455195915885E-005,-1.226457767188549E-003,6.602235953323543E-005,
2.486166666666667E+009,-1.232822774909437E-003,4.882931898464449E-005,-1.257354626432061E-003,2.000588756345678E-005,
2.486200000000000E+009,-1.192761352285743E-003,3.770134935621172E-005,-1.265160390175879E-003,1.113012331188656E-004,
2.486233333333334E+009,-1.290027634240687E-003,2.134697133442387E-004,-1.296199741773307E-003,1.640892733121291E-004,
2.486266666666667E+009,-1.344319782219827E-003,2.205969212809578E-004,-1.266264589503408E-003,2.126831968780607E-004,
2.486300000000000E+009,-1.301249838434160E-003,2.175086992792785E-004,-1.282534096390009E-003,2.102237194776535E-004,
2.486333333333334E+009,-1.253331196494401E-003,2.232881088275462E-004,-1.247968175448477E-003,2.386450360063463E-004,
2.486366666666667E+009,-1.256736577488482E-003,2.730541746132076E-004,-1.219927566125989E-003,2.158936695195735E-004,
2.486400000000000E+009,-1.191232586279512E-003,2.638429577928037E-004,-1.166007714346051E-003,2.278810134157538E-004,
2.486433333333334E+009,-1.170867006294429E-003,2.618508005980402E-004,-1.185432192869484E-003,2.869398158509284E-004,
2.486466666666667E+009,-1.187417656183243E-003,2.983165322802961E-004,-1.105254283174872E-003,2.656722790561616E-004,
2.486500000000000E+009,-1.172713004052639E-003,3.273868642281741E-004,-1.163843669928610E-003,3.532936971168965E-004,
2.486533333333334E+009,-1.167884212918580E-003,3.415888641029596E-004,-1.135366619564593E-003,3.464384353719652E-004,
2.486566666666667E+009,-1.154961646534503E-003,4.042848595418036E-004,-1.108046504668891E-003,3.706409188453108E-004,
2.486600000000000E+009,-1.079880981706083E-003,4.038309270981699E-004,-1.133192447014153E-003,4.392511909827590E-004,
2.486633333333334E+009,-1.123998663388193E-003,3.961370093747973E-004,-1.070988597348332E-003,4.849919059779495E-004,
2.486666666666667E+009,-1.111965277232230E-003,4.461846838239580E-004,-1.039283466525376E-003,4.563321126624942E-004,
2.486700000000000E+009,-1.101036905311048E-003,4.481636278796941E-004,-1.032753731124103E-003,4.659639089368284E-004,
2.486733333333334E+009,-1.018543727695942E-003,4.869176191277802E-004,-1.018983894027770E-003,5.524379084818065E-004,
2.486766666666667E+009,-1.035395893268287E-003,5.316170281730592E-004,-1.034776796586812E-003,4.837736778426915E-004,
2.486800000000000E+009,-1.081240014173091E-003,5.150057259015739E-004,-9.744719718582928E-004,5.236090510152280E-004,
2.486833333333334E+009,-1.036116736941040E-003,5.580484285019338E-004,-9.646428516134620E-004,5.751344724558294E-004,
2.486866666666667E+009,-9.910321095958352E-004,5.491384654305875E-004,-1.000804360955954E-003,5.536082899197936E-004,
2.486900000000000E+009,-9.726140415295959E-004,5.977996042929590E-004,-1.012659980915487E-003,5.716506275348365E-004,
2.486933333333334E+009,-9.475760161876679E-004,6.579536129720509E-004,-9.537422447465360E-004,6.339057581499219E-004,
2.486966666666667E+009,-9.678482892923057E-004,6.585379596799612E-004,-9.538974845781922E-004,6.062420434318483E-004,
2.487000000000000E+009,-9.573906427249312E-004,6.789865437895060E-004,-9.156193700619042E-004,6.018115091137588E-004,
2.487033333333334E+009,-9.365959558635950E-004,7.065826794132590E-004,-9.147725068032742E-004,6.517777801491320E-004,
2.487066666666667E+009,-9.064232581295073E-004,7.177143124863505E-004,-8.638485451228917E-004,7.094522588886321E-004,
2.487100000000000E+009,-8.414094918407500E-004,7.611681940034032E-004,-8.566877804696560E-004,7.707449258305132E-004,
2.487133333333334E+009,-9.178732289001346E-004,7.805734057910740E-004,-9.038952412083745E-004,6.995036965236068E-004,
2.487166666666667E+009,-8.246415527537465E-004,7.322068559005857E-004,-8.547028410248458E-004,8.133509545587003E-004,
2.487200000000000E+009,-8.196845301426947E-004,8.065196452662349E-004,-8.485534926876426E-004,7.979185902513564E-004,
2.487233333333334E+009,-8.251932449638844E-004,7.952787564136088E-004,-8.127082837745547E-004,7.768702926114202E-004,
2.487266666666667E+009,-7.489600102417171E-004,7.823001942597330E-004,-7.607718580402434E-004,7.888246327638626E-004,
2.487300000000000E+009,-7.913917070254684E-004,8.939650142565370E-004,-7.823259802535176E-004,8.515315130352974E-004,
2.487333333333334E+009,-7.474328158423305E-004,7.961146766319871E-004,-7.568575674667954E-004,8.455950883217156E-004,
2.487366666666667E+009,-7.303766906261444E-004,8.356191101484001E-004,-7.543042884208262E-004,8.918492821976543E-004,
2.487400000000000E+009,-6.827006582170725E-004,9.135517175309360E-004,-7.281241705641151E-004,8.663593325763941E-004,
2.487433333333334E+009,-6.685478147119284E-004,8.765238453634083E-004,-7.034879527054727E-004,8.965597953647375E-004,
2.487466666666667E+009,-6.379361730068922E-004,8.940310217440128E-004,-7.140930392779410E-004,9.443184826523066E-004,
2.487500000000000E+009,-6.968298694118857E-004,9.077431168407202E-004,-6.627326947636902E-004,8.981996215879917E-004,
2.487533333333334E+009,-6.149497930891812E-004,1.023116405121982E-003,-6.743990234099329E-004,9.491277160122991E-004,
2.487566666666667E+009,-6.078227306716144E-004,9.506052010692656E-004,-6.669514696113765E-004,9.688936406746507E-004,
2.487600000000000E+009,-5.929528269916773E-004,9.849162306636572E-004,-6.477667484432459E-004,1.049711136147380E-003,
2.487633333333334E+009,-5.299402400851250E-004,1.042011077515781E-003,-5.581550649367273E-004,9.653691668063402E-004,
2.487666666666667E+009,-5.457739462144673E-004,9.982968913391233E-004,-5.700616165995598E-004,9.827194735407829E-004,
2.487700000000000E+009,-5.633675609715283E-004,1.069570076651871E-003,-5.483614513650537E-004,1.042343559674919E-003,
2.487733333333334E+009,-5.974940140731633E-004,1.067681470885873E-003,-5.508707254193723E-004,1.049498678185046E-003,
2.487766666666667E+009,-5.377343040890992E-004,1.064879703335464E-003,-5.195051198825240E-004,1.107110059820116E-003,
2.487800000000000E+009,-4.492039151955396E-004,1.031585386954248E-003,-4.556281783152372E-004,1.112147583626211E-003,
2.487833333333334E+009,-4.606396541930735E-004,1.128808478824794E-003,-4.492327861953527E-004,1.170861767604947E-003,
2.487866666666667E+009,-3.652884915936738E-004,1.148659735918045E-003,-4.244834417477250E-004,1.073157647624612E-003,
2.487900000000000E+009,-4.120229277759790E-004,1.154438010416925E-003,-4.114701878279448E-004,1.074345665983856E-003,
2.487933333333334E+009,-3.626409743446857E-004,1.089238561689854E-003,-3.299984382465482E-004,1.099352841265500E-003,
2.487966666666667E+009,-3.555811999831349E-004,1.130614080466330E-003,-3.381485876161605E-004,1.124536735005677E-003,
2.488000000000000E+009,-3.719369415193796E-004,1.110403565689921E-003,-3.361677809152752E-004,1.111470744945109E-003,
2.488033333333334E+009,-2.724128717090935E-004,1.136123784817755E-003,-3.453503595665097E-004,1.120167202316225E-003,
2.488066666666667E+009,-3.496316785458475E-004,1.156356185674667E-003,-2.752392902038992E-004,1.114066340960562E-003,
2.488100000000000E+009,-2.349157584831119E-004,1.165644964203239E-003,-3.065875498577952E-004,1.122005865909159E-003,
2.488133333333334E+009,-1.978140062419698E-004,1.110334298573434E-003,-2.345765533391386E-004,1.184298424050212E-003,
2.488166666666667E+009,-2.408968721283600E-004,1.088315621018410E-003,-2.016640937654302E-004,1.131899072788656E-003,
2.488200000000000E+009,-1.849219406722114E-004,1.154688885435462E-003,-1.985705748666078E-004,1.098957262001932E-003,
2.488233333333334E+009,-1.873300789156929E-004,1.092576654627919E-003,-1.347158540738747E-004,1.132108853198588E-003,
2.488266666666667E+009,-1.834780123317614E-004,1.146640977822244E-003,-1.255002425750718E-004,1.126109156757593E-003,
2.488300000000000E+009,-1.257815456483513E-004,1.124525442719460E-003,-1.212963252328336E-004,1.138302031904459E-003,
2.488333333333334E+009,-1.078326313290745E-004,1.137065235525370E-003,-1.559211232233793E-004,1.122677116654813E-003,
2.488366666666667E+009,-9.644655801821500E-005,1.154649187810719E-003,-3.711771933012642E-005,1.104408176615834E-003,
2.488400000000000E+009,-6.397660854418064E-006,1.065291580744088E-003,-1.080617294064723E-004,1.175572630017996E-003,
2.488433333333334E+009,1.072833310900023E-005,1.148689188994467E-003,-1.585625795996748E-005,1.111976918764412E-003,
2.488466666666667E+009,-4.659139813156799E-005,1.144525711424649E-003,-3.439400870774989E-006,1.088285585865378E-003,
2.488500000000000E+009,2.086100357701071E-005,1.084583578631282E-003,-4.800811893801438E-006,1.092988764867187E-003,
2.488533333333334E+009,7.440871559083462E-005,1.124599832110107E-003,1.205337830469944E-004,1.124552567489445E-003,
2.488566666666667E+009,1.058958514477126E-004,1.136633800342679E-003,1.075051550287753E-004,1.141454558819532E-003,
2.488600000000000E+009,1.019472110783681E-004,1.110479352064431E-003,1.227523025590926E-004,1.096376101486385E-003,
2.488633333333334E+009,7.825274224160239E-005,1.066881814040244E-003,1.608387683518231E-004,1.098945504054427E-003,
2.488666666666667E+009,1.422878267476335E-004,1.170359784737229E-003,1.635452499613166E-004,1.184113905765116E-003,
2.488700000000000E+009,1.768706424627453E-004,1.116557978093624E-003,1.732027158141136E-004,1.114157144911587E-003,
2.488733333333334E+009,2.491427003405988E-004,1.087252865545452E-003,1.717914565233514E-004,1.105897012166679E-003,
2.488766666666667E+009,2.812212333083153E-004,1.146524213254452E-003,2.099357516271994E-004,1.107422052882612E-003,
2.488800000000000E+009,2.241148176835850E-004,1.072240411303937E-003,3.502165491227061E-004,1.118667772971094E-003,
2.488833333333334E+009,2.444692072458565E-004,1.069826539605856E-003,2.666159998625517E-004,1.122130663134158E-003,
2.488866666666667E+009,2.730111882556230E-004,1.048092497512698E-003,2.955692179966718E-004,1.042958581820130E-003,
2.488900000000000E+009,3.215788747183979E-004,1.091667101718485E-003,2.817507192958146E-004,1.066700206138194E-003,
2.488933333333334E+009,2.705090737435967E-004,1.071465783752501E-003,3.505726344883442E-004,1.037613488733769E-003,
2.488966666666667E+009,3.661509836092591E-004,1.049059443175793E-003,4.025311209261417E-004,1.031256630085409E-003,
2.489000000000000E+009,3.407472104299814E-004,1.010618638247252E-003,3.992308338638395E-004,1.064243842847645E-003,
2.489033333333334E+009,4.333264660090208E-004,1.045020180754364E-003,4.968024441041052E-004,1.030617626383901E-003,
2.489066666666667E+009,4.345997876953334E-004,1.064071082510054E-003,4.679312405642122E-004,1.065599033609033E-003,
2.489100000000000E+009,4.332068783696741E-004,1.092062448151410E-003,4.779253213200718E-004,1.028227619826794E-003,
2.489133333333334E+009,4.984400584362447E-004,1.079426147043705E-003,5.143947782926261E-004,1.027215854264796E-003,
2.489166666666667E+009,5.045057041570544E-004,1.093409257009625E-003,4.490844148676843E-004,1.057530869729817E-003,
2.489200000000000E+009,5.548847839236260E-004,9.940121090039611E-004,5.668214871548116E-004,1.019776449538767E-003,
2.489233333333334E+009,6.001202855259180E-004,9.503146284259856E-004,5.560489953495562E-004,9.382016723975539E-004,
2.489266666666667E+009,5.898376693949103E-004,1.005445956252515E-003,5.666416254825890E-004,9.978949092328548E-004,
2.489300000000000E+009,6.133505376055837E-004,9.862374281510711E-004,6.284013506956399E-004,9.741988033056259E-004,
2.489333333333334E+009,6.193055305629969E-004,1.038546557538211E-003,6.362459971569479E-004,1.048426260240376E-003,
2.489366666666667E+009,6.747865118086338E-004,9.861522121354938E-004,6.972324335947633E-004,9.928772924467921E-004,
2.489400000000000E+009,7.419225876219571E-004,9.067181381396949E-004,7.470125565305352E-004,9.375145309604704E-004,
2.489433333333334E+009,7.905018865130842E-004,8.909969474188983E-004,7.928131381049752E-004,9.070868836715818E-004,
2.489466666666667E+009,7.673531654290855E-004,9.535643039271236E-004,7.643237477168441E-004,8.585554896853864E-004,
2.489500000000000E+009,8.258172310888767E-004,8.964175940491259E-004,8.044392452575266E-004,9.023903985507786E-004,
2.489533333333334E+009,8.247537771239877E-004,8.619911968708038E-004,7.566866115666926E-004,8.681220933794975E-004,
2.489566666666667E+009,7.636346272192895E-004,8.742146892473102E-004,8.368017734028399E-004,8.579114219173789E-004,
2.489600000000000E+009,7.988294819369912E-004,8.366475231014192E-004,7.767360657453537E-004,8.778731571510434E-004,
2.489633333333334E+009,7.835628348402679E-004,8.145041647367179E-004,8.011916652321816E-004,8.284059586003423E-004,
2.489666666666667E+009,8.359950734302402E-004,8.005936979316175E-004,8.337115286849439E-004,7.357313297688961E-004,
2.489700000000000E+009,8.086258312687278E-004,7.972677703946829E-004,8.568320772610605E-004,8.286623633466661E-004,
2.489733333333334E+009,8.444248232990503E-004,7.517208578065038E-004,9.145629592239857E-004,7.508193375542760E-004,
2.489766666666667E+009,8.768538828007877E-004,7.028584950603545E-004,8.638331200927496E-004,8.151481742970645E-004,
2.489800000000000E+009,8.760470664128661E-004,6.804051226936281E-004,8.712501148693264E-004,7.005504448898137E-004,
2.489833333333334E+009,8.963494328781962E-004,7.346943020820618E-004,9.133991552516818E-004,6.933014374226332E-004,
2.489866666666667E+009,9.098288719542325E-004,7.100335787981749E-004,9.125327342189848E-004,6.967537919990718E-004,
2.489900000000000E+009,9.214906604029238E-004,6.892702658660710E-004,9.534509154036641E-004,6.424483726732433E-004,
2.489933333333334E+009,9.938386501744390E-004,5.828778957948089E-004,9.978758171200752E-004,6.613500299863517E-004,
2.489966666666667E+009,9.458324057050049E-004,5.917201051488519E-004,9.609286789782345E-004,6.203652010299265E-004,
2.490000000000000E+009,9.632702567614615E-004,5.928543978370726E-004,9.558956953696907E-004,6.088565569370985E-004,
2.490033333333334E+009,9.457194246351719E-004,5.406924756243825E-004,1.008547842502594E-003,5.700496258214116E-004,
2.490066666666667E+009,1.047759200446308E-003,5.273967981338501E-004,9.672805899754167E-004,5.518834805116057E-004,
2.490100000000000E+009,1.006782054901123E-003,4.636286466848105E-004,1.020937110297382E-003,4.971364396624267E-004,
2.490133333333334E+009,9.908804204314947E-004,5.419658264145255E-004,1.051544793881476E-003,4.922479856759310E-004,
2.490166666666667E+009,1.049438724294305E-003,4.989959415979683E-004,1.023548422381282E-003,5.369897698983550E-004,
2.490200000000000E+009,1.034330110996962E-003,4.654596559703350E-004,1.048188307322562E-003,3.975725267082453E-004,
2.490233333333334E+009,1.035088906064630E-003,4.330929368734360E-004,1.030934508889914E-003,4.184019344393164E-004,
2.490266666666667E+009,1.023403252474964E-003,4.473100707400590E-004,1.057743676938117E-003,4.137425567023456E-004,
2.490300000000000E+009,1.100911991670728E-003,4.166663566138595E-004,1.041374402120709E-003,4.160402168054134E-004,
2.490333333333334E+009,1.124567352235317E-003,4.077795019838959E-004,1.061249291524291E-003,3.710007877089083E-004,
2.490366666666667E+009,1.073376508429647E-003,3.115974541287869E-004,1.086200238205493E-003,3.079686430282891E-004,
2.490400000000000E+009,1.088947290554643E-003,3.305432910565287E-004,1.079888548702002E-003,3.544860810507089E-004,
2.490433333333334E+009,1.116627594456077E-003,2.882833941839635E-004,1.164905028417707E-003,3.302766126580536E-004,
2.490466666666667E+009,1.168485730886459E-003,2.574169193394482E-004,1.146751223132014E-003,2.352898445678875E-004,
2.490500000000000E+009,1.125639188103378E-003,2.474655339028686E-004,1.107237534597516E-003,2.554160600993782E-004,
2.490533333333334E+009,1.099488232284784E-003,1.839392061810941E-004,1.189761445857585E-003,2.098923287121579E-004,
2.490566666666667E+009,1.204004627652466E-003,1.682294678175822E-004,1.131720957346261E-003,1.833345158956945E-004,
2.490600000000000E+009,1.132456935010850E-003,1.316983543802053E-004,1.134142163209617E-003,1.794620038708672E-004,
2.490633333333334E+009,1.159028382971883E-003,1.517934579169378E-004,1.207452965900302E-003,1.456216414226219E-004,
2.490666666666667E+009,1.184729277156293E-003,7.426742376992479E-005,1.114234328269959E-003,9.164226503344253E-005,
2.490700000000000E+009,1.155535806901753E-003,6.967945228097960E-005,1.232506823725998E-003,6.994767318246886E-005,
2.490733333333334E+009,1.173798809759319E-003,6.283166294451803E-005,1.132934587076306E-003,8.335282473126426E-005,
2.490766666666667E+009,1.146371243521571E-003,6.678258068859577E-005,1.160242711193860E-003,9.937332652043551E-005,
2.490800000000000E+009,1.181600149720907E-003,-3.239647776354104E-005,1.156570040620863E-003,-3.110905890935101E-005,
2.490833333333334E+009,1.188947935588658E-003,-1.641946255404037E-005,1.224880572408438E-003,-9.025220060721040E-005,
2.490866666666667E+009,1.235657720826566E-003,-6.141424091765657E-005,1.197585719637573E-003,-6.869462231406942E-005,
2.490900000000000E+009,1.228790031746030E-003,-6.634656892856583E-005,1.185464323498309E-003,-9.715844498714432E-005,
2.490933333333334E+009,1.169630442745984E-003,-1.650123886065558E-004,1.219884608872235E-003,-2.198835281888023E-004,
2.490966666666667E+009,1.207216409966350E-003,-1.926192489918321E-004,1.199260121211410E-003,-2.227515797130764E-004,
2.491000000000000E+009,1.123652211390436E-003,-2.231569087598473E-004,1.149390591308475E-003,-2.621387830004096E-004,
2.491033333333334E+009,1.125873764976859E-003,-2.458195958752185E-004,1.184533350169659E-003,-2.549762721173465E-004,
2.491066666666667E+009,1.171070267446339E-003,-2.905338478740305E-004,1.155626610852778E-003,-2.204020565841347E-004,
2.491100000000000E+009,1.175711280666292E-003,-2.581036824267358E-004,1.176490797661245E-003,-3.074158157687634E-004,
2.491133333333334E+009,1.205644104629755E-003,-3.348163154441863E-004,1.122754067182541E-003,-3.335486690048128E-004,
2.491166666666667E+009,1.156037207692862E-003,-3.340825787745416E-004,1.192613854072988E-003,-2.730793203227222E-004,
2.491200000000000E+009,1.143378322012723E-003,-2.800603106152266E-004,1.120663131587207E-003,-3.246881824452430E-004,
2.491233333333334E+009,1.147030387073755E-003,-2.950865600723773E-004,1.126587623730302E-003,-3.627500846050680E-004,
2.491266666666667E+009,1.083976705558598E-003,-4.326570779085159E-004,1.147589879110456E-003,-3.443845780566335E-004,
2.491300000000000E+009,1.112517318688333E-003,-4.214585933368653E-004,1.132301520556212E-003,-4.104533581994474E-004,
2.491333333333334E+009,1.112641883082688E-003,-4.066690453328192E-004,1.098472042940557E-003,-4.088881833013147E-004,
2.491366666666667E+009,1.114742364734411E-003,-4.622200503945351E-004,1.090837409719825E-003,-4.683461447712034E-004,
2.491400000000000E+009,1.086872071027756E-003,-4.641845298465341E-004,1.071475911885500E-003,-5.007893196307123E-004,
2.491433333333334E+009,1.086907926946878E-003,-5.448241718113422E-004,1.039159367792308E-003,-5.288193351589143E-004,
2.491466666666667E+009,1.071294071152806E-003,-4.452384309843183E-004,1.083738869056106E-003,-4.987465217709541E-004,
2.491500000000000E+009,1.079517649486661E-003,-5.354878376238048E-004,1.044473494403064E-003,-5.330648273229599E-004,
2.491533333333334E+009,1.037537585943937E-003,-5.738780600950122E-004,1.017940114252269E-003,-5.941055715084076E-004,
2.491566666666667E+009,1.012103050015867E-003,-5.811078008264303E-004,1.065865624696016E-003,-5.924127181060612E-004,
2.491600000000000E+009,9.470904478803277E-004,-5.997936241328716E-004,1.020303578116000E-003,-6.521566538140178E-004,
2.491633333333334E+009,9.681068477220833E-004,-6.972166011109948E-004,9.909878717735410E-004,-6.820220150984824E-004,
2.491666666666667E+009,9.749258751980960E-004,-6.580756744369865E-004,9.528704686090350E-004,-6.446985644288361E-004,
2.491700000000000E+009,9.649402345530689E-004,-6.456610281020403E-004,9.438039851374924E-004,-7.572151953354478E-004,
2.491733333333334E+009,1.012879423797131E-003,-7.117200875654817E-004,9.546221117489040E-004,-7.375018321909010E-004,
2.491766666666667E+009,9.288403089158237E-004,-7.330875960178673E-004,9.596559684723616E-004,-7.404487696476281E-004,
2.491800000000000E+009,9.783781133592129E-004,-8.014816557988524E-004,9.147991659119725E-004,-7.575709605589509E-004,
2.491833333333334E+009,8.819298236630857E-004,-7.852493436075747E-004,8.694832795299590E-004,-7.952583255246282E-004,
2.491866666666667E+009,8.866864955052733E-004,-7.080016075633466E-004,8.939014514908195E-004,-8.153488161042333E-004,
2.491900000000000E+009,8.876788197085261E-004,-8.679768652655184E-004,8.761102799326181E-004,-8.003227994777262E-004,
2.491933333333334E+009,8.531487546861172E-004,-8.290104451589286E-004,8.213781984522939E-004,-8.387840935029090E-004,
2.491966666666667E+009,7.888360996730626E-004,-9.293446200899780E-004,8.413882460445166E-004,-8.381235529668629E-004,
2.492000000000000E+009,7.554742624051869E-004,-8.988623740151525E-004,8.028622251003981E-004,-9.250571602024138E-004,
2.492033333333334E+009,7.746764458715916E-004,-8.790911524556577E-004,7.612328627146781E-004,-9.274319745600224E-004,
2.492066666666667E+009,7.414614083245397E-004,-9.229746065102518E-004,7.755121332593262E-004,-9.103461634367704E-004,
2.492100000000000E+009,7.567870197817683E-004,-9.608768159523606E-004,7.519840146414936E-004,-9.370530024170876E-004,
2.492133333333334E+009,7.472858414985240E-004,-9.159314795397222E-004,6.860042922198772E-004,-9.561966289766133E-004,
2.492166666666667E+009,7.097567431628704E-004,-9.664057288318873E-004,6.614669109694660E-004,-1.030044630169869E-003,
2.492200000000000E+009,6.648537237197161E-004,-9.481857414357364E-004,6.458776188082993E-004,-1.001656753942370E-003,
2.492233333333334E+009,6.770869949832559E-004,-9.506743517704308E-004,6.530591053888202E-004,-9.955050190910697E-004,
2.492266666666667E+009,6.632235599681735E-004,-1.041879761032760E-003,6.420492427423596E-004,-1.002800767309964E-003,
2.492300000000000E+009,6.281464593484998E-004,-1.020977622829378E-003,5.796869518235326E-004,-1.078270724974573E-003,
2.492333333333334E+009,5.442980327643454E-004,-1.075929380021989E-003,5.672162515111268E-004,-1.083353185094893E-003,
2.492366666666667E+009,5.768344271928072E-004,-1.042361138388515E-003,5.551481153815985E-004,-1.083663199096918E-003,
2.492400000000000E+009,5.309068365022540E-004,-1.109050586819649E-003,5.016488139517605E-004,-1.150754629634321E-003,
2.492433333333334E+009,4.764689365401864E-004,-1.129626063629985E-003,5.295036244206131E-004,-1.132905250415206E-003,
2.492466666666667E+009,4.789571394212544E-004,-1.105246716178954E-003,4.539682704489678E-004,-1.153583987616003E-003,
2.492500000000000E+009,4.392924020066857E-004,-1.153768738731742E-003,4.609408206306398E-004,-1.190219540148974E-003,
2.492533333333334E+009,3.769032482523471E-004,-1.170824631117284E-003,3.085676289629191E-004,-1.148851006291807E-003,
2.492566666666667E+009,3.173580334987491E-004,-1.179630751721561E-003,3.598202893044800E-004,-1.145608257502317E-003,
2.492600000000000E+009,3.463770844973624E-004,-1.191187649965286E-003,3.371320490259677E-004,-1.177815371192992E-003,
2.492633333333334E+009,3.209155111107975E-004,-1.178175094537437E-003,3.229306021239609E-004,-1.188428956083953E-003,
2.492666666666667E+009,2.960078127216548E-004,-1.194335287436843E-003,2.954224764835089E-004,-1.141390181146562E-003,
2.492700000000000E+009,3.156733000651002E-004,-1.274023787118495E-003,3.319163224659860E-004,-1.247446285560727E-003,
2.492733333333334E+009,2.228167577413842E-004,-1.250708475708962E-003,2.642522158566862E-004,-1.195335178636015E-003,
2.492766666666667E+009,1.987758005270734E-004,-1.225811778567731E-003,2.553359954617918E-004,-1.243967795744538E-003,
2.492800000000000E+009,2.282096538692713E-004,-1.193128060549498E-003,1.715865655569360E-004,-1.235373783856630E-003,
2.492833333333334E+009,2.189625956816599E-004,-1.233117189258337E-003,2.069304755423218E-004,-1.217568758875132E-003,
2.492866666666667E+009,1.809659443097189E-004,-1.256714691407979E-003,1.223115104949102E-004,-1.221190672367811E-003,
2.492900000000000E+009,1.750347146298736E-004,-1.238004188053310E-003,1.291652006329969E-004,-1.239122822880745E-003,
2.492933333333334E+009,1.144126727012917E-004,-1.236884738318622E-003,8.954296936281025E-005,-1.239702105522156E-003,
2.492966666666667E+009,4.751949745696038E-005,-1.205221167765558E-003,8.343938679900020E-005,-1.194229582324624E-003,
2.493000000000000E+009,7.760096923448145E-005,-1.193660544231534E-003,9.862985461950302E-005,-1.254053902812302E-003,
2.493033333333334E+009,2.593080171209294E-005,-1.233518822118640E-003,-2.681206569832284E-005,-1.220971113070846E-003,
2.493066666666667E+009,-6.765376838302473E-006,-1.261270139366388E-003,1.527280255686492E-005,-1.250151079148054E-003,
2.493100000000000E+009,4.206084850011393E-005,-1.215458381921053E-003,-7.760853623040021E-005,-1.246721367351711E-003,
2.493133333333334E+009,-3.344897413626313E-005,-1.257788506336510E-003,-2.077866702165920E-005,-1.249141991138458E-003,
2.493166666666667E+009,-9.014796523842961E-005,-1.242994912900031E-003,-1.538118376629427E-004,-1.245646504685283E-003,
2.493200000000000E+009,-1.148339943028987E-004,-1.202482264488936E-003,-1.256998803000897E-004,-1.234019990079105E-003,
2.493233333333334E+009,-1.307779311900958E-004,-1.178373699076474E-003,-1.647371682338417E-004,-1.180536695756018E-003,
2.493266666666667E+009,-1.912124571390450E-004,-1.206910819746554E-003,-1.724629983073100E-004,-1.180485938675702E-003,
2.493300000000000E+009,-2.007383736781776E-004,-1.212638220749795E-003,-1.718592684483156E-004,-1.215048599988222E-003,
2.493333333333334E+009,-2.571509685367346E-004,-1.142748049460352E-003,-2.201351890107617E-004,-1.179264159873128E-003,
2.493366666666667E+009,-2.407846623100340E-004,-1.221549464389682E-003,-2.681151090655476E-004,-1.188491005450487E-003,
2.493400000000000E+009,-2.759729686658830E-004,-1.172884018160403E-003,-2.498808316886425E-004,-1.158454688265920E-003,
2.493433333333334E+009,-3.232372982893139E-004,-1.184458727948368E-003,-3.476766869425774E-004,-1.186110195703805E-003,
2.493466666666667E+009,-2.742340438999236E-004,-1.164369867183268E-003,-3.704254631884396E-004,-1.154902740381658E-003,
2.493500000000000E+009,-3.989523102063686E-004,-1.272318069823086E-003,-3.605306847020984E-004,-1.176995341666043E-003,
2.493533333333334E+009,-4.315303231123835E-004,-1.176114426925778E-003,-4.248512268532068E-004,-1.169708324596286E-003,
2.493566666666667E+009,-4.323611501604319E-004,-1.162210595794022E-003,-3.912372048944235E-004,-1.148897572420538E-003,
2.493600000000000E+009,-4.676496610045433E-004,-1.143260858952999E-003,-4.363721527624875E-004,-1.154020079411566E-003,
2.493633333333334E+009,-4.697005788329989E-004,-1.128420932218432E-003,-5.100360140204430E-004,-1.127056195400655E-003,
2.493666666666667E+009,-5.520299891941249E-004,-1.150683267042041E-003,-4.895512829534710E-004,-1.097541418857873E-003,
2.493700000000000E+009,-5.279012257233262E-004,-1.092946738936007E-003,-4.927945556119084E-004,-1.162975793704391E-003,
2.493733333333334E+009,-5.522136925719678E-004,-1.138244406320155E-003,-5.332842702046037E-004,-1.061723218299449E-003,
2.493766666666667E+009,-5.807656561955810E-004,-1.116427010856569E-003,-6.375536904670298E-004,-1.101004541851580E-003,
2.493800000000000E+009,-6.297265063039959E-004,-1.067625824362040E-003,-5.858888034708798E-004,-1.090662437491119E-003,
2.493833333333334E+009,-6.192563450895250E-004,-1.057534478604794E-003,-6.412498187273741E-004,-1.071597333066165E-003,
2.493866666666667E+009,-6.915831472724676E-004,-9.927435312420130E-004,-6.822018185630441E-004,-1.017422648146749E-003,
2.493900000000000E+009,-6.983463536016643E-004,-1.037793117575347E-003,-7.006920059211552E-004,-1.042221905663610E-003,
2.493933333333334E+009,-7.061498472467065E-004,-1.012059859931469E-003,-7.284267921932042E-004,-1.018085982650518E-003,
2.493966666666667E+009,-7.663125870749354E-004,-1.010061940178275E-003,-7.677864050492644E-004,-9.570066467858851E-004,
2.494000000000000E+009,-8.264016360044479E-004,-9.775457438081503E-004,-7.931499858386815E-004,-9.690258884802461E-004,
2.494033333333334E+009,-7.668643374927342E-004,-9.728316799737513E-004,-8.281191694550216E-004,-9.626270621083677E-004,
2.494066666666667E+009,-8.235294371843338E-004,-9.737522923387587E-004,-8.743082289583981E-004,-9.115695720538497E-004,
2.494100000000000E+009,-8.450979948975146E-004,-8.950179908424616E-004,-8.438224322162569E-004,-9.438967681489885E-004,
2.494133333333334E+009,-8.942224667407572E-004,-8.740071789361537E-004,-9.244593093171716E-004,-8.923933492042124E-004,
2.494166666666667E+009,-8.853847393766046E-004,-8.680910104885697E-004,-9.339567041024566E-004,-8.593223756179214E-004,
2.494200000000000E+009,-9.324034908786416E-004,-8.400412625633180E-004,-9.180915076285601E-004,-8.339575142599642E-004,
2.494233333333334E+009,-9.738157968968153E-004,-8.109093760140240E-004,-9.561420883983374E-004,-8.080056868493557E-004,
2.494266666666667E+009,-9.816447272896767E-004,-8.176009869202972E-004,-9.156927699223161E-004,-8.296082378365099E-004,
2.494300000000000E+009,-9.605070226825774E-004,-8.346301037818193E-004,-1.012321212328970E-003,-8.109337068162859E-004,
2.494333333333334E+009,-1.019493443891406E-003,-7.746980409137905E-004,-1.005528494715691E-003,-7.934827590361238E-004,
2.494366666666667E+009,-1.000344404019415E-003,-7.595931529067457E-004,-1.075551845133305E-003,-7.708413759246469E-004,
2.494400000000000E+009,-1.079551293514669E-003,-7.640550029464066E-004,-1.027653343044221E-003,-7.043781224638224E-004,
2.494433333333334E+009,-1.062415423803031E-003,-7.437281892634928E-004,-1.118056592531502E-003,-7.538115023635328E-004,
2.494466666666667E+009,-1.085898373275995E-003,-7.480510394088924E-004,-1.046088640578091E-003,-6.926240166649222E-004,
2.494500000000000E+009,-1.037356909364462E-003,-6.316237268038094E-004,-1.070120022632182E-003,-6.476247799582779E-004,
2.494533333333334E+009,-1.170165953226388E-003,-6.261369562707841E-004,-1.123913330957294E-003,-6.290656747296453E-004,
2.494566666666667E+009,-1.119264285080135E-003,-6.178547046147287E-004,-1.133866026066244E-003,-6.029407959431410E-004,
2.494600000000000E+009,-1.134800491854549E-003,-6.009063217788935E-004,-1.135929836891592E-003,-6.114647258073092E-004,
2.494633333333334E+009,-1.092965831048787E-003,-5.610682419501245E-004,-1.148006180301309E-003,-5.225712084211409E-004,
2.494666666666667E+009,-1.142465276643634E-003,-5.151890800334513E-004,-1.156617770902813E-003,-4.980053636245430E-004,
2.494700000000000E+009,-1.206851913593710E-003,-5.243174964562058E-004,-1.211210619658232E-003,-4.819797759409994E-004,
2.494733333333334E+009,-1.180991414003074E-003,-5.171101656742394E-004,-1.220889622345567E-003,-5.348157719708979E-004,
2.494766666666667E+009,-1.204183325171471E-003,-4.595206410158426E-004,-1.174769364297390E-003,-4.096607735846192E-004,
2.494800000000000E+009,-1.197893638163805E-003,-4.167259321548045E-004,-1.239957869984210E-003,-3.715801285579801E-004,
2.494833333333334E+009,-1.165698282420635E-003,-4.088565474376082E-004,-1.234318013302982E-003,-3.807470784522593E-004,
2.494866666666667E+009,-1.221219892613590E-003,-2.859847445506603E-004,-1.258116215467453E-003,-3.616914909798652E-004,
2.494900000000000E+009,-1.227192697115243E-003,-3.851052315440029E-004,-1.198212266899645E-003,-3.484952903818339E-004,
2.494933333333334E+009,-1.263398444280028E-003,-3.355859080329537E-004,-1.241904334165156E-003,-2.880743995774537E-004,
2.494966666666667E+009,-1.258795382454991E-003,-2.716666494961828E-004,-1.293735112994909E-003,-2.648298104759306E-004,
2.495000000000000E+009,-1.227123080752790E-003,-2.410279703326523E-004,-1.283809426240623E-003,-2.405999402981252E-004,
2.495033333333334E+009,-1.270875567570329E-003,-2.407817519269884E-004,-1.300018513575196E-003,-2.071380149573088E-004,
2.495066666666667E+009,-1.285758451558650E-003,-2.001553511945531E-004,-1.271019107662141E-003,-2.111871144734323E-004,
2.495100000000000E+009,-1.240215264260769E-003,-1.649732730584219E-004,-1.319989445619285E-003,-1.857715978985652E-004,
2.495133333333334E+009,-1.286753918975592E-003,-1.803540071705356E-004,-1.313236309215426E-003,-8.537526446161792E-005,
2.495166666666667E+009,-1.341744908131659E-003,-3.809497866313905E-005,-1.281520351767540E-003,-1.090535224648193E-004,
2.495200000000000E+009,-1.307384110987186E-003,-6.767216109437868E-005,-1.324403565376997E-003,-5.013158079236746E-005,
2.495233333333334E+009,-1.268391730263829E-003,-6.550034595420584E-005,-1.337612746283412E-003,-2.440357457089704E-005,
2.495266666666667E+009,-1.366278622299433E-003,1.079207140719518E-005,-1.309259911067784E-003,6.799339644203428E-006,
2.495300000000000E+009,-1.332185813225806E-003,6.625534297199920E-006,-1.348101650364697E-003,2.554753882577643E-005,
2.495333333333334E+009,-1.295547815971077E-003,6.653213495155796E-005,-1.293144538067281E-003,6.967084482312203E-005,
2.495366666666667E+009,-1.344126183539629E-003,1.009171828627586E-004,-1.308032777160406E-003,1.557986106490716E-004,
2.495400000000000E+009,-1.322944299317896E-003,1.676001556916162E-004,-1.288191764615476E-003,1.511305890744552E-004,
2.495433333333334E+009,-1.253080903552473E-003,1.834391150623560E-004,-1.346459030173719E-003,1.966541167348623E-004,
2.495466666666667E+009,-1.286714104935527E-003,1.959558139787987E-004,-1.314458902925253E-003,1.558245858177543E-004,
2.495500000000000E+009,-1.298291841521859E-003,2.495701482985169E-004,-1.312179723754525E-003,2.604794572107494E-004,
2.495533333333334E+009,-1.337824738584459E-003,2.764647069852799E-004,-1.292370026931167E-003,3.083190531469882E-004,
2.495566666666667E+009,-1.208433881402016E-003,3.141018969472498E-004,-1.279477379284799E-003,2.621636376716197E-004,
2.495600000000000E+009,-1.341128372587264E-003,3.441829176153988E-004,-1.293322304263711E-003,3.937056462746114E-004,
2.495633333333334E+009,-1.280698459595442E-003,3.766270820051432E-004,-1.289503299631178E-003,3.329832397866994E-004,
2.495666666666667E+009,-1.232204260304570E-003,4.237780231051147E-004,-1.243150676600635E-003,4.545108240563422E-004,
2.495700000000000E+009,-1.193190808407962E-003,4.359212471172214E-004,-1.246160711161792E-003,4.480546631384641E-004,
2.495733333333334E+009,-1.151936128735542E-003,4.876832826994360E-004,-1.220523030497134E-003,4.886802053079009E-004,
2.495766666666667E+009,-1.266039675101638E-003,5.545651656575501E-004,-1.237282063812017E-003,4.970486625097692E-004,
2.495800000000000E+009,-1.215618452988565E-003,5.540098063647747E-004,-1.191893708892167E-003,4.952146555297077E-004,
2.495833333333334E+009,-1.213298528455198E-003,6.089032394811511E-004,-1.209884532727301E-003,5.687648081220686E-004,
2.495866666666667E+009,-1.272303983569145E-003,5.979961133562028E-004,-1.173440483398736E-003,5.817077471874654E-004,
2.495900000000000E+009,-1.187365269288421E-003,6.193291046656668E-004,-1.243428443558514E-003,6.145086954347789E-004,
2.495933333333334E+009,-1.120931119658053E-003,6.611301796510816E-004,-1.191535615362227E-003,6.456475821323693E-004,
2.495966666666667E+009,-1.121220178902149E-003,6.924997433088720E-004,-1.202319981530309E-003,6.603366928175092E-004,
2.496000000000000E+009,-1.175472512841225E-003,6.750568863935769E-004,-1.115795341320336E-003,7.161881658248603E-004,
2.496033333333334E+009,-1.112859114073217E-003,7.379121379926801E-004,-1.083704759366810E-003,7.585088023915887E-004,
2.496066666666667E+009,-1.096283318474889E-003,7.396281580440700E-004,-1.106566400267184E-003,7.310328073799610E-004,
2.496100000000000E+009,-1.067683682776988E-003,7.538451463915408E-004,-1.077015185728669E-003,8.269817335531116E-004,
2.496133333333334E+009,-1.135013764724135E-003,8.340295171365142E-004,-1.032179920002818E-003,8.141539874486625E-004,
2.496166666666667E+009,-1.038127229548991E-003,8.213074761442840E-004,-1.062214490957558E-003,8.423012332059443E-004,
2.496200000000000E+009,-1.041687675751746E-003,8.816453628242016E-004,-1.003431156277657E-003,8.692976552993059E-004,
2.496233333333334E+009,-9.659962379373610E-004,9.418212575837970E-004,-1.004854682832956E-003,8.766908431425691E-004,
2.496266666666667E+009,-9.886334883049130E-004,8.687326335348189E-004,-9.599936893209815E-004,9.433007217012346E-004,
2.496300000000000E+009,-9.524759952910245E-004,9.165011579170823E-004,-9.944036137312651E-004,9.500643354840577E-004,
2.496333333333334E+009,-9.900112636387348E-004,9.604076622053981E-004,-9.180764900520444E-004,9.254538454115391E-004,
2.496366666666667E+009,-9.301691316068173E-004,1.020712661556900E-003,-9.414942469447851E-004,9.992768755182624E-004,
2.496400000000000E+009,-9.068718645721674E-004,1.006545848213136E-003,-8.957564714364708E-004,1.033051987178624E-003,
2.496433333333334E+009,-9.080917225219309E-004,1.050824066624045E-003,-8.596217376179993E-004,1.016033696942031E-003,
2.496466666666667E+009,-8.097576210275292E-004,1.031809602864087E-003,-8.704900392331183E-004,1.077565830200911E-003,
2.496500000000000E+009,-8.773340960033238E-004,1.019923249259591E-003,-8.338763145729899E-004,1.071123173460364E-003,
2.496533333333334E+009,-8.247959194704890E-004,1.129300799220800E-003,-8.285634103231132E-004,1.150010852143168E-003,
2.496566666666667E+009,-7.988572469912469E-004,1.126817194744945E-003,-8.006154093891382E-004,1.145768212154508E-003,
2.496600000000000E+009,-7.505143294110894E-004,1.138765946961939E-003,-7.319573196582496E-004,1.150451484136283E-003,
2.496633333333334E+009,-7.307018386200070E-004,1.139234169386327E-003,-7.448505493812263E-004,1.168305636383593E-003,
2.496666666666667E+009,-7.162772817537189E-004,1.144677749834955E-003,-6.801859708502889E-004,1.146581373177469E-003,
2.496700000000000E+009,-6.828625337220728E-004,1.185958739370108E-003,-6.501280004158616E-004,1.196085358969867E-003,
2.496733333333334E+009,-5.720719927921891E-004,1.192787312902510E-003,-6.437239353545010E-004,1.215078984387219E-003,
2.496766666666667E+009,-6.292246980592609E-004,1.265316619537771E-003,-5.898398230783641E-004,1.244127517566085E-003,
2.496800000000000E+009,-5.580253782682121E-004,1.255036680959165E-003,-5.373400636017323E-004,1.219649915583432E-003,
2.496833333333334E+009,-5.189120420254767E-004,1.278144540265203E-003,-4.920503124594688E-004,1.256686169654131E-003,
2.496866666666667E+009,-4.853412974625826E-004,1.248026033863425E-003,-5.268588429316878E-004,1.288496539928019E-003,
2.496900000000000E+009,-4.335885460022837E-004,1.305109006352723E-003,-4.723497258964926E-004,1.271130517125130E-003,
2.496933333333334E+009,-4.467402759473771E-004,1.334584900178015E-003,-4.163760750088841E-004,1.304839039221406E-003,
2.496966666666667E+009,-3.982996859122068E-004,1.329283346422017E-003,-4.344292974565178E-004,1.328791491687298E-003,
2.497000000000000E+009,-3.982442431151867E-004,1.316177891567349E-003,-4.061830695718527E-004,1.339285518042743E-003,
2.497033333333334E+009,-3.638068446889520E-004,1.369390171021223E-003,-3.627672267612070E-004,1.323368167504668E-003,
2.497066666666667E+009,-3.573546709958464E-004,1.369119272567332E-003,-2.881386026274413E-004,1.329626655206084E-003,
2.497100000000000E+009,-2.446440921630710E-004,1.363840536214411E-003,-3.058298025280237E-004,1.329203951172531E-003,
2.497133333333334E+009,-2.124492020811886E-004,1.354187144897878E-003,-2.046407171292231E-004,1.357597066089511E-003,
2.497166666666667E+009,-2.352756564505398E-004,1.355547457933426E-003,-1.853654248407111E-004,1.384215662255883E-003,
2.497200000000000E+009,-1.278182025998831E-004,1.416596351191402E-003,-1.367328077321872E-004,1.397976768203080E-003,
2.497233333333334E+009,-9.727861470310018E-005,1.319613656960428E-003,-1.612856431165710E-004,1.349590136669576E-003,
2.497266666666667E+009,-4.037624239572324E-005,1.390684046782553E-003,-7.107415876816958E-005,1.322634285315871E-003,
2.497300000000000E+009,-7.513722812291235E-005,1.351193874143064E-003,-7.866654777899385E-005,1.384977716952562E-003,
2.497333333333334E+009,-3.173009099555202E-005,1.329973922111094E-003,-2.416169263597112E-005,1.362126320600510E-003,
2.497366666666667E+009,1.802422229957301E-005,1.373356091789901E-003,-7.327380444621667E-006,1.400720095261931E-003,
2.497400000000000E+009,8.130866626743227E-005,1.348469057120383E-003,8.481906843371689E-005,1.415336853824556E-003,
2.497433333333334E+009,8.044312562560663E-005,1.411513658240438E-003,8.524813165422529E-005,1.390133635140955E-003,
2.497466666666667E+009,1.132047691498883E-004,1.405842602252960E-003,1.219798650708981E-004,1.372142927721143E-003,
2.497500000000000E+009,1.572699693497270E-004,1.409302232787013E-003,1.977061474462971E-004,1.348198507912457E-003,
2.497533333333334E+009,1.980907836696133E-004,1.357915345579386E-003,1.960097579285502E-004,1.409093383699656E-003,
2.497566666666667E+009,2.034689241554588E-004,1.286990824155510E-003,2.598500868771225E-004,1.352857798337936E-003,
2.497600000000000E+009,2.471312473062426E-004,1.353409024886787E-003,2.432884357403964E-004,1.359431771561503E-003,
2.497633333333334E+009,2.541776921134442E-004,1.330876955762506E-003,2.885812718886882E-004,1.346347620710731E-003,
2.497666666666667E+009,3.327793092466891E-004,1.315901288762689E-003,3.450082440394908E-004,1.295957248657942E-003,
2.497700000000000E+009,3.171954012941569E-004,1.306200283579528E-003,3.295506467111409E-004,1.388099510222673E-003,
2.497733333333334E+009,3.758701495826244E-004,1.319446135312319E-003,4.171052714809775E-004,1.327154925093055E-003,
2.497766666666667E+009,3.704231348820031E-004,1.313378801569343E-003,4.426959494594485E-004,1.296953647397459E-003,
2.497800000000000E+009,4.472035798244178E-004,1.304908073507249E-003,4.052690346725285E-004,1.283983350731432E-003,
2.497833333333334E+009,4.526452103164047E-004,1.330302562564611E-003,5.395389162003994E-004,1.345911063253880E-003,
2.497866666666667E+009,5.182278109714389E-004,1.267577288672328E-003,5.635203560814261E-004,1.283379504457116E-003,
2.497900000000000E+009,5.757680628448725E-004,1.243731356225908E-003,5.531224887818098E-004,1.256758230738342E-003,
2.497933333333334E+009,5.804920801892877E-004,1.259646262042224E-003,6.098991725593805E-004,1.221949234604836E-003,
2.497966666666667E+009,6.195181049406529E-004,1.251025823876262E-003,6.303701666183770E-004,1.251433277502656E-003,
2.498000000000000E+009,6.439254502765834E-004,1.211287104524672E-003,6.129379034973681E-004,1.206148881465197E-003,
2.498033333333334E+009,6.624902016483247E-004,1.169341849163175E-003,6.740614771842957E-004,1.234003459103406E-003,
2.498066666666667E+009,7.062553777359426E-004,1.161234686151147E-003,6.657519261352718E-004,1.147129456512630E-003,
2.498100000000000E+009,6.725292187184095E-004,1.169782946817577E-003,7.002450292930007E-004,1.102007925510407E-003,
2.498133333333334E+009,7.991907186806202E-004,1.087998040020466E-003,7.702224538661540E-004,1.114809187129140E-003,
2.498166666666667E+009,8.366866968572140E-004,1.109063625335693E-003,8.150087669491768E-004,1.137672690674663E-003,
2.498200000000000E+009,8.355011232197285E-004,1.087059616111219E-003,8.467838633805513E-004,1.122397021390498E-003,
2.498233333333334E+009,8.367049740627408E-004,1.049339538440108E-003,8.382291416637600E-004,1.093348488211632E-003,
2.498266666666667E+009,8.286878583021462E-004,1.071513048373163E-003,8.659186423756182E-004,1.044200733304024E-003,
2.498300000000000E+009,9.099259041249752E-004,1.082213362678886E-003,9.058779687620699E-004,1.025885692797601E-003,
2.498333333333334E+009,9.853146038949490E-004,1.047507859766483E-003,9.311807225458324E-004,9.605184313841164E-004,
2.498366666666667E+009,9.414543164893985E-004,1.020750729367137E-003,9.264380205422640E-004,1.005936297588050E-003,
2.498400000000000E+009,9.870470967143774E-004,9.563638013787568E-004,9.200244676321745E-004,9.676672052592039E-004,
2.498433333333334E+009,9.956929134204984E-004,9.415641543455422E-004,1.008846913464367E-003,9.040630538947880E-004,
2.498466666666667E+009,9.869702626019716E-004,8.978637633845210E-004,1.038383692502976E-003,9.242121595889330E-004,
2.498500000000000E+009,1.032989239320159E-003,9.283211547881365E-004,1.042395597323775E-003,8.835732587613165E-004,
2.498533333333334E+009,1.046222168952227E-003,8.832259918563068E-004,1.071236096322537E-003,8.520410628989339E-004,
2.498566666666667E+009,1.082572620362043E-003,8.119440171867609E-004,1.058066845871508E-003,8.281495538540185E-004,
2.498600000000000E+009,1.118224347010255E-003,7.836527656763792E-004,1.075854757800698E-003,8.241477189585567E-004,
2.498633333333334E+009,1.109907403588295E-003,7.604126003570855E-004,1.151118660345674E-003,7.621729164384306E-004,
2.498666666666667E+009,1.177720958366990E-003,7.770872325636447E-004,1.127783558331430E-003,7.471630815416575E-004,
2.498700000000000E+009,1.183506450615823E-003,7.296465337276459E-004,1.169787487015128E-003,7.120950613170862E-004,
2.498733333333334E+009,1.131946337409318E-003,6.836545653641224E-004,1.203057006932795E-003,6.814624648541212E-004,
2.498766666666667E+009,1.193990814499557E-003,6.853454397059977E-004,1.229590387083590E-003,6.344012799672782E-004,
2.498800000000000E+009,1.219404395669699E-003,6.386284367181361E-004,1.271341927349567E-003,5.938296671956778E-004,
2.498833333333334E+009,1.242210157215595E-003,5.066827288828790E-004,1.151767326518893E-003,5.755988531745970E-004,
2.498866666666667E+009,1.191993476822972E-003,4.976930213160813E-004,1.236568205058575E-003,5.080726114101708E-004,
2.498900000000000E+009,1.241594669409096E-003,4.724494938272983E-004,1.222070888616145E-003,4.135560593567789E-004,
2.498933333333334E+009,1.267408137209714E-003,4.506906552705914E-004,1.313022337853909E-003,4.128302680328488E-004,
2.498966666666667E+009,1.277934992685914E-003,4.142473917454481E-004,1.266155042685568E-003,4.448275140020996E-004,
2.499000000000000E+009,1.227087574079633E-003,3.801966668106616E-004,1.278430689126253E-003,3.876285918522626E-004,
2.499033333333334E+009,1.293502515181899E-003,3.568771935533732E-004,1.298192073591054E-003,3.698155924212188E-004,
2.499066666666667E+009,1.310648513026536E-003,3.250011359341443E-004,1.280280179344118E-003,3.698353248182684E-004,
2.499100000000000E+009,1.347251003608108E-003,3.258667711634189E-004,1.290228101424873E-003,3.115070867352188E-004,
2.499133333333334E+009,1.369475619867444E-003,3.180971252731979E-004,1.343005453236401E-003,2.730668347794563E-004,
2.499166666666667E+009,1.333623658865690E-003,3.162783978041261E-004,1.343428855761886E-003,2.822051465045661E-004,
2.499200000000000E+009,1.354460604488850E-003,2.056147786788642E-004,1.325994031503797E-003,1.779704325599596E-004,
2.499233333333334E+009,1.298865536227822E-003,2.121325524058193E-004,1.331783947534859E-003,1.914757012855262E-004,
2.499266666666667E+009,1.324838143773377E-003,1.845558581408113E-004,1.293176785111427E-003,1.804511266527697E-004,
2.499300000000000E+009,1.322894706390798E-003,1.347451325273141E-004,1.318977097980678E-003,8.913431520340964E-005,
2.499333333333334E+009,1.304202829487622E-003,7.391679537249729E-005,1.270805136300623E-003,7.509658462367952E-005,
2.499366666666667E+009,1.298699178732932E-003,7.168539741542190E-005,1.310768304392695E-003,-2.877010729207541E-006,
2.499400000000000E+009,1.341477385722101E-003,1.647804492677096E-005,1.317851711064577E-003,-9.046783816302195E-006,
2.499433333333334E+009,1.314533874392510E-003,-3.665703479782678E-005,1.310494029894471E-003,-3.350722181494348E-005,
2.499466666666667E+009,1.256954390555620E-003,-1.272211466130102E-005,1.349273370578885E-003,-4.186300066066906E-005,
2.499500000000000E+009,1.309083425439894E-003,-7.861565973144025E-005,1.280840137042105E-003,-3.932927575078793E-005,
2.499533333333334E+009,1.313812448643148E-003,-1.412087731296197E-004,1.317733898758888E-003,-8.105387678369880E-005,
2.499566666666667E+009,1.307258848100901E-003,-1.456590980524197E-004,1.316539361141622E-003,-1.526367850601673E-004,
2.499600000000000E+009,1.256991759873927E-003,-1.597980590304360E-004,1.341620110906661E-003,-2.261060144519433E-004,
2.499633333333334E+009,1.268666004762054E-003,-1.855456648627296E-004,1.291562686674297E-003,-2.133546076947823E-004,
2.499666666666667E+009,1.286971499212086E-003,-2.477707457728684E-004,1.321172923780978E-003,-2.559112617745996E-004,
2.499700000000000E+009,1.302977092564106E-003,-2.933779032900930E-004,1.266488921828568E-003,-2.816758060362190E-004,
2.499733333333334E+009,1.258918200619519E-003,-3.240462683606893E-004,1.286750426515937E-003,-3.135283186566085E-004,
2.499766666666667E+009,1.288215629756451E-003,-3.487213398329914E-004,1.230187481269240E-003,-3.589528205338866E-004,
2.499800000000000E+009,1.197623088955879E-003,-4.287938645575196E-004,1.224548905156553E-003,-3.427697520237416E-004,
2.499833333333334E+009,1.276263152249157E-003,-4.054204910062254E-004,1.232994953170419E-003,-4.359344311524183E-004,
2.499866666666667E+009,1.229733112268150E-003,-4.042310756631196E-004,1.228888519108295E-003,-4.216978268232197E-004,
2.499900000000000E+009,1.183088868856430E-003,-5.007180152460933E-004,1.218845369294286E-003,-4.361647297628224E-004,
2.499933333333334E+009,1.181751722469926E-003,-5.171582452021539E-004,1.223857980221510E-003,-5.509877810254693E-004,
2.499966666666667E+009,1.142256194725633E-003,-5.059792310930789E-004,1.230685971677303E-003,-5.245241918601096E-004,
2.500000000000000E+009,1.129707787185907E-003,-5.477063241414726E-004,1.169638475403190E-003,-5.592259694822133E-004,
