% Version 1.00
%
%freq[Hz];re:Trc1_S21;im:Trc1_S21;re:Trc2_S12;im:Trc2_S12;
2.480000000000000E+009,5.505355075001717E-004,1.591175096109510E-003,5.609163781628013E-004,1.648437813855708E-003,
2.480033333333334E+009,6.086482317186892E-004,1.648053759709001E-003,5.840146914124489E-004,1.608071499504149E-003,
2.480066666666667E+009,6.748144514858723E-004,1.593862776644528E-003,6.781233823858202E-004,1.604253542609513E-003,
2.480100000000000E+009,6.742493715137243E-004,1.588506042025983E-003,7.048503030091524E-004,1.609421800822020E-003,
2.480133333333334E+009,6.653008749708533E-004,1.628265483304858E-003,6.612217985093594E-004,1.567667117342353E-003,
2.480166666666667E+009,7.125331903807819E-004,1.596671412698925E-003,6.862754817120731E-004,1.642461982555687E-003,
2.480200000000000E+009,7.706556352786720E-004,1.589462277479470E-003,8.186216000467539E-004,1.649286947213113E-003,
2.480233333333334E+009,8.427035063505173E-004,1.611086772754788E-003,8.556119282729924E-004,1.605569617822766E-003,
2.480266666666667E+009,9.702622774057090E-004,1.551693538203836E-003,9.434077655896545E-004,1.549531356431544E-003,
2.480300000000000E+009,9.561771294102073E-004,1.544428523629904E-003,8.529901388101280E-004,1.514896517619491E-003,
2.480333333333334E+009,9.540214668959379E-004,1.413492835126817E-003,9.427507175132632E-004,1.478212536312640E-003,
2.480366666666667E+009,1.004346529953182E-003,1.468110829591751E-003,9.832388022914529E-004,1.448954921215773E-003,
2.480400000000000E+009,1.009080093353987E-003,1.344927004538477E-003,1.056760200299323E-003,1.387241878546774E-003,
2.480433333333334E+009,9.380081319250166E-004,1.417253166437149E-003,1.034711138345301E-003,1.374327810481191E-003,
2.480466666666667E+009,1.095453859306872E-003,1.353650703094900E-003,1.105102477595210E-003,1.305200508795679E-003,
2.480500000000000E+009,1.091108773835003E-003,1.295535243116319E-003,1.078864559531212E-003,1.254712813533843E-003,
2.480533333333334E+009,1.148422015830874E-003,1.221659127622843E-003,1.164396409876645E-003,1.265463884919882E-003,
2.480566666666667E+009,1.154227880761027E-003,1.217158744111657E-003,1.167212496511638E-003,1.257955445908010E-003,
2.480600000000000E+009,1.159146078862250E-003,1.123828813433647E-003,1.177058788016439E-003,1.215715892612934E-003,
2.480633333333334E+009,1.198349171318114E-003,1.148669049143791E-003,1.233601826243103E-003,1.147645292803645E-003,
2.480666666666667E+009,1.240404555574060E-003,1.097381929866970E-003,1.295728841796517E-003,1.036988804116845E-003,
2.480700000000000E+009,1.338919508270919E-003,1.016411348246038E-003,1.339532318525016E-003,1.065822434611619E-003,
2.480733333333334E+009,1.317300717346370E-003,1.009309897199273E-003,1.300185336731374E-003,1.082647242583334E-003,
2.480766666666667E+009,1.323038712143898E-003,9.902365272864699E-004,1.336725661531091E-003,1.027366262860596E-003,
2.480800000000000E+009,1.395435072481632E-003,9.479992440901697E-004,1.357855275273323E-003,9.874067036435008E-004,
2.480833333333334E+009,1.329421182163060E-003,9.515713318251073E-004,1.399534405209124E-003,9.391785715706646E-004,
2.480866666666667E+009,1.409432152286172E-003,8.964707376435399E-004,1.425843918696046E-003,8.676455472595990E-004,
2.480900000000000E+009,1.442633569240570E-003,7.894884329289198E-004,1.434281701222062E-003,8.551658829674125E-004,
2.480933333333334E+009,1.440387102775276E-003,7.436943706125021E-004,1.543780090287328E-003,8.006158750504255E-004,
2.480966666666667E+009,1.463982276618481E-003,7.869791588746011E-004,1.500386279076338E-003,7.432651473209262E-004,
2.481000000000000E+009,1.447814283892512E-003,7.463357760570943E-004,1.498899422585964E-003,7.185207214206457E-004,
2.481033333333334E+009,1.434973790310323E-003,6.944471970200539E-004,1.542261918075383E-003,7.260199636220932E-004,
2.481066666666667E+009,1.527145504951477E-003,6.541672628372908E-004,1.528983353637159E-003,6.704810657538474E-004,
2.481100000000000E+009,1.532532274723053E-003,6.306938012130559E-004,1.503495499491692E-003,6.074288394302130E-004,
2.481133333333334E+009,1.561174984090030E-003,5.385296535678208E-004,1.542192650958896E-003,5.723929498344660E-004,
2.481166666666667E+009,1.495632226578891E-003,5.172870587557554E-004,1.587947481311858E-003,5.616691196337342E-004,
2.481200000000000E+009,1.514027360826731E-003,4.905078094452620E-004,1.598132424987853E-003,4.870945413131267E-004,
2.481233333333334E+009,1.573921297676861E-003,4.502658557612449E-004,1.527145621366799E-003,4.734911781270057E-004,
2.481266666666667E+009,1.552699250169098E-003,4.133015754632652E-004,1.600479823537171E-003,3.556984302122146E-004,
2.481300000000000E+009,1.593921915628016E-003,4.049237468279898E-004,1.647899742238224E-003,3.776401281356812E-004,
2.481333333333334E+009,1.554784132167697E-003,2.667351218406111E-004,1.584468525834382E-003,3.106700023636222E-004,
2.481366666666667E+009,1.568515435792506E-003,3.289120795670897E-004,1.582174678333104E-003,3.686246054712683E-004,
2.481400000000000E+009,1.612689462490380E-003,1.919739588629454E-004,1.563545665703714E-003,2.735986781772226E-004,
2.481433333333334E+009,1.596276415511966E-003,2.145339967682958E-004,1.629881211556494E-003,1.707750634523109E-004,
2.481466666666667E+009,1.625519711524248E-003,1.412925048498437E-004,1.574200927279890E-003,2.250249817734584E-004,
2.481500000000000E+009,1.588411396369338E-003,1.511081063654274E-004,1.647284603677690E-003,1.545499253552407E-004,
2.481533333333334E+009,1.616543275304139E-003,8.931071351980791E-005,1.619302318431437E-003,1.416747836628929E-004,
2.481566666666667E+009,1.627659308724105E-003,7.267906039487571E-005,1.586293801665306E-003,5.306401726556942E-005,
2.481600000000000E+009,1.599243143573403E-003,3.535641371854581E-005,1.600114512257278E-003,7.289228960871697E-005,
2.481633333333334E+009,1.644534175284207E-003,-1.231881105923094E-005,1.639242516830564E-003,4.854960570810363E-005,
2.481666666666667E+009,1.626724377274513E-003,-4.063096639583819E-005,1.658012508414686E-003,5.425709605333395E-005,
2.481700000000000E+009,1.625403296202421E-003,1.787400469765998E-005,1.627065357752144E-003,-1.688965312496293E-005,
2.481733333333334E+009,1.637061592191458E-003,-7.184684363892302E-005,1.681144465692341E-003,-8.765482925809920E-005,
2.481766666666667E+009,1.627241494134069E-003,-1.404497306793928E-004,1.709888922050595E-003,-1.785646600183100E-004,
2.481800000000000E+009,1.677587511949241E-003,-2.045408182311803E-004,1.689410768449307E-003,-2.189860970247537E-004,
2.481833333333334E+009,1.664843875914812E-003,-2.399908407824114E-004,1.652634702622891E-003,-2.625392808113247E-004,
2.481866666666667E+009,1.614937675185502E-003,-2.304956287844107E-004,1.655562431551516E-003,-2.731420390773565E-004,
2.481900000000000E+009,1.620872062630951E-003,-2.925735025200993E-004,1.574032590724528E-003,-2.939816331490874E-004,
2.481933333333334E+009,1.577037386596203E-003,-3.546446387190372E-004,1.600223011337221E-003,-2.856302889995277E-004,
2.481966666666667E+009,1.554389367811382E-003,-3.579582553356886E-004,1.570328255183995E-003,-3.733251069206744E-004,
2.482000000000000E+009,1.591255888342857E-003,-3.790747432503849E-004,1.524135819636285E-003,-3.703727270476520E-004,
2.482033333333334E+009,1.523577724583447E-003,-4.221893614158034E-004,1.488842186518014E-003,-4.398168239276856E-004,
2.482066666666667E+009,1.503955805674195E-003,-4.692303191404790E-004,1.509931636974216E-003,-4.503591626416892E-004,
2.482100000000000E+009,1.533832633867860E-003,-5.172227392904460E-004,1.483002211898565E-003,-6.050920928828418E-004,
2.482133333333334E+009,1.489702612161636E-003,-5.626372294500470E-004,1.458336133509874E-003,-6.191857391968370E-004,
2.482166666666667E+009,1.424910500645638E-003,-6.278459331952035E-004,1.455853343941271E-003,-6.240275106392801E-004,
2.482200000000000E+009,1.367070130072534E-003,-6.777073140256107E-004,1.420855522155762E-003,-5.931040504947305E-004,
2.482233333333334E+009,1.407959498465061E-003,-6.620523054152727E-004,1.361620146781206E-003,-6.543828640133143E-004,
2.482266666666667E+009,1.340709975920618E-003,-6.980951875448227E-004,1.377889304421842E-003,-6.736944196745753E-004,
2.482300000000000E+009,1.383835566230118E-003,-7.315397378988564E-004,1.284295227378607E-003,-7.540061487816274E-004,
2.482333333333334E+009,1.315688481554389E-003,-7.536821649409831E-004,1.333035295829177E-003,-8.015294442884624E-004,
2.482366666666667E+009,1.249759108759463E-003,-7.568967994302511E-004,1.311641419306397E-003,-8.791652508080006E-004,
2.482400000000000E+009,1.266696490347385E-003,-8.705052314326167E-004,1.314734457992017E-003,-8.218639413826168E-004,
2.482433333333334E+009,1.249430584721267E-003,-8.582203299738467E-004,1.271474058739841E-003,-8.880594396032393E-004,
2.482466666666667E+009,1.239777426235378E-003,-8.391642477363348E-004,1.217643846757710E-003,-8.821910596452653E-004,
2.482500000000000E+009,1.218671910464764E-003,-9.610804845578969E-004,1.212542993016541E-003,-8.912670891731978E-004,
2.482533333333334E+009,1.195117598399520E-003,-9.804818546399474E-004,1.188794034533203E-003,-1.004475401714444E-003,
2.482566666666667E+009,1.111593446694315E-003,-9.518978768028319E-004,1.136319246143103E-003,-9.943053591996431E-004,
2.482600000000000E+009,1.138558262027800E-003,-9.812429780140519E-004,1.142101944424212E-003,-1.012331689707935E-003,
2.482633333333334E+009,1.066693570464850E-003,-1.033317763358355E-003,1.065987045876682E-003,-1.036864938214421E-003,
2.482666666666667E+009,1.038348069414496E-003,-1.011662883684039E-003,1.060274546034634E-003,-1.036491710692644E-003,
2.482700000000000E+009,1.011265558190644E-003,-1.041044364683330E-003,1.045375247485936E-003,-1.065932679921389E-003,
2.482733333333334E+009,9.791110642254353E-004,-1.087332377210259E-003,1.023226301185787E-003,-1.127622323110700E-003,
2.482766666666667E+009,1.021318137645721E-003,-1.136466860771179E-003,1.026698271743953E-003,-1.128229545429349E-003,
2.482800000000000E+009,9.504210320301354E-004,-1.143207307904959E-003,9.644275414757431E-004,-1.143413013778627E-003,
2.482833333333334E+009,8.810741128399968E-004,-1.125908573158085E-003,9.020091965794563E-004,-1.144186127930880E-003,
2.482866666666667E+009,8.814160828478634E-004,-1.144264475442469E-003,8.817285997793078E-004,-1.171806710772216E-003,
2.482900000000000E+009,8.581006550230086E-004,-1.235847244970501E-003,8.881053072400391E-004,-1.204628497362137E-003,
2.482933333333334E+009,8.226840291172266E-004,-1.222641672939062E-003,8.181755547411740E-004,-1.227417378686369E-003,
2.482966666666667E+009,8.245412027463317E-004,-1.223319675773382E-003,8.189793443307281E-004,-1.227361499331892E-003,
2.483000000000000E+009,7.926591206341982E-004,-1.223028521053493E-003,7.678074762225151E-004,-1.290324493311346E-003,
2.483033333333334E+009,6.710303714498878E-004,-1.309827552177012E-003,7.105749682523310E-004,-1.298873685300350E-003,
2.483066666666667E+009,7.274511735886335E-004,-1.252207439392805E-003,6.961391773074865E-004,-1.319550327025354E-003,
2.483100000000000E+009,6.268041324801743E-004,-1.250339206308126E-003,6.335066864266992E-004,-1.327939447946847E-003,
2.483133333333334E+009,6.559836911037564E-004,-1.306660007685423E-003,6.432957598008215E-004,-1.278208219446242E-003,
2.483166666666667E+009,7.190223550423980E-004,-1.316356589086354E-003,6.182314245961607E-004,-1.382466405630112E-003,
2.483200000000000E+009,6.442154990509152E-004,-1.338897505775094E-003,6.566256633959711E-004,-1.355288783088327E-003,
2.483233333333334E+009,5.891335895285010E-004,-1.334400265477598E-003,5.854784394614399E-004,-1.355620799586177E-003,
2.483266666666667E+009,5.647403886541724E-004,-1.366628217510879E-003,5.458139930851758E-004,-1.415426377207041E-003,
2.483300000000000E+009,5.227072979323566E-004,-1.379256485961378E-003,5.477658123709261E-004,-1.404384500347078E-003,
2.483333333333334E+009,5.504440632648766E-004,-1.393791520968080E-003,5.639200098812580E-004,-1.451534451916814E-003,
2.483366666666667E+009,5.067808087915182E-004,-1.465686829760671E-003,4.573248443193734E-004,-1.499895588494837E-003,
2.483400000000000E+009,4.309430951252580E-004,-1.464551314711571E-003,3.375958185642958E-004,-1.475096680223942E-003,
2.483433333333334E+009,3.346014709677547E-004,-1.476020901463926E-003,3.605015808716416E-004,-1.514834119006991E-003,
2.483466666666667E+009,3.394514205865562E-004,-1.450198702514172E-003,3.912565589416772E-004,-1.466520247049630E-003,
2.483500000000000E+009,3.176099562551826E-004,-1.368383527733386E-003,3.522316401358694E-004,-1.411226461641491E-003,
2.483533333333334E+009,2.734878507908434E-004,-1.416472252458334E-003,2.868752053473145E-004,-1.374769723042846E-003,
2.483566666666667E+009,2.949186018668115E-004,-1.442111562937498E-003,2.567309420555830E-004,-1.438827370293438E-003,
2.483600000000000E+009,2.041566767729819E-004,-1.449952949769795E-003,2.290199627168477E-004,-1.402545720338821E-003,
2.483633333333334E+009,1.569730666233227E-004,-1.379852648824453E-003,1.645982119953260E-004,-1.401881570927799E-003,
2.483666666666667E+009,8.022868132684380E-005,-1.435698824934661E-003,1.304242032347247E-004,-1.454532844945788E-003,
2.483700000000000E+009,9.469244832871482E-005,-1.413412392139435E-003,6.939856393728405E-005,-1.415718579664826E-003,
2.483733333333334E+009,8.406978304265067E-005,-1.427029143087566E-003,5.697526648873463E-005,-1.345102209597826E-003,
2.483766666666667E+009,7.605840801261365E-005,-1.422899775207043E-003,-4.923814412904903E-005,-1.376740401610732E-003,
2.483800000000000E+009,-3.959795867558569E-005,-1.358995097689331E-003,-3.445871698204428E-005,-1.384566072374582E-003,
2.483833333333334E+009,-3.099340756307356E-005,-1.383291091769934E-003,-9.172818681690842E-005,-1.362140174023807E-003,
2.483866666666667E+009,-1.225170708494261E-004,-1.388171687722206E-003,-9.924848563969135E-005,-1.382498885504901E-003,
2.483900000000000E+009,-6.965677312109619E-005,-1.381602371111512E-003,-1.413562858942896E-004,-1.381111564114690E-003,
2.483933333333334E+009,-1.616129447938874E-004,-1.356291817501187E-003,-1.402127090841532E-004,-1.361670088954270E-003,
2.483966666666667E+009,-1.806676882551983E-004,-1.335807959549129E-003,-2.024455461651087E-004,-1.359110465273261E-003,
2.484000000000000E+009,-2.345017419429496E-004,-1.383902970701456E-003,-2.149638457922265E-004,-1.313879387453198E-003,
2.484033333333334E+009,-2.345401444472373E-004,-1.328050857409835E-003,-2.427145664114505E-004,-1.357031986117363E-003,
2.484066666666667E+009,-2.612562384456396E-004,-1.346679637208581E-003,-2.846395364031196E-004,-1.271511428058147E-003,
2.484100000000000E+009,-3.100712783634663E-004,-1.330978819169104E-003,-3.010948130395263E-004,-1.269444706849754E-003,
2.484133333333334E+009,-3.014369576703757E-004,-1.360236783511937E-003,-3.438555286265910E-004,-1.265752827748656E-003,
2.484166666666667E+009,-3.093348641414195E-004,-1.321653719060123E-003,-3.697100619319826E-004,-1.334678847342730E-003,
2.484200000000000E+009,-3.601885109674186E-004,-1.311066793277860E-003,-3.713165060617030E-004,-1.288529485464096E-003,
2.484233333333334E+009,-4.240833222866058E-004,-1.271767425350845E-003,-4.717381380032748E-004,-1.224434818141162E-003,
2.484266666666667E+009,-4.933209274895489E-004,-1.301134703680873E-003,-4.223922151140869E-004,-1.249320106580854E-003,
2.484300000000000E+009,-4.549600707832724E-004,-1.252620015293360E-003,-5.159918800927699E-004,-1.261346973478794E-003,
2.484333333333334E+009,-5.123477312736213E-004,-1.203310559503734E-003,-5.379137001000345E-004,-1.193539937958121E-003,
2.484366666666667E+009,-5.169215146452189E-004,-1.223464147187769E-003,-5.266243824735284E-004,-1.209843787364662E-003,
2.484400000000000E+009,-5.510220653377473E-004,-1.229360001161695E-003,-6.002405425533652E-004,-1.253333524800837E-003,
2.484433333333334E+009,-6.120725884102285E-004,-1.233068993315101E-003,-5.541181308217347E-004,-1.177960541099310E-003,
2.484466666666667E+009,-6.179808406159282E-004,-1.178075792267919E-003,-6.766326841898263E-004,-1.163726556114852E-003,
2.484500000000000E+009,-6.842447910457850E-004,-1.160160871222615E-003,-6.985553191043437E-004,-1.190616982057691E-003,
2.484533333333334E+009,-6.767460145056248E-004,-1.172113465145230E-003,-6.983456551097333E-004,-1.125803682953119E-003,
2.484566666666667E+009,-7.248013280332089E-004,-1.138566294685006E-003,-6.935687852092087E-004,-1.134558347985148E-003,
2.484600000000000E+009,-7.370544481091201E-004,-1.137723913416266E-003,-7.026608218438923E-004,-1.077073276974261E-003,
2.484633333333334E+009,-7.631424814462662E-004,-1.130844349972904E-003,-7.302268058992922E-004,-1.102550653740764E-003,
2.484666666666667E+009,-7.897519390098751E-004,-1.078718225471675E-003,-7.776677375659347E-004,-1.068549114279449E-003,
2.484700000000000E+009,-7.950501749292016E-004,-1.040343777276576E-003,-7.990215672180057E-004,-1.028686412610114E-003,
2.484733333333334E+009,-8.275767904706299E-004,-1.038869959302247E-003,-7.254838710650802E-004,-1.010831445455551E-003,
2.484766666666667E+009,-8.041985565796495E-004,-9.823248255997896E-004,-8.634307887405157E-004,-1.009555300697684E-003,
2.484800000000000E+009,-8.238047594204545E-004,-1.003415673039854E-003,-8.090311894193292E-004,-9.954792913049460E-004,
2.484833333333334E+009,-8.792193839326501E-004,-1.054187305271626E-003,-8.159822318702936E-004,-1.062591560184956E-003,
2.484866666666667E+009,-9.101505856961012E-004,-1.005773548968136E-003,-9.305440471507609E-004,-1.028740429319441E-003,
2.484900000000000E+009,-8.933090721257031E-004,-1.026209210976958E-003,-9.927981300279498E-004,-1.011146348901093E-003,
2.484933333333334E+009,-1.085371943190694E-003,-9.579069446772337E-004,-1.036793808452785E-003,-9.538284502923489E-004,
2.484966666666667E+009,-9.689483558759093E-004,-1.002111355774105E-003,-1.017322647385299E-003,-8.984166779555380E-004,
2.485000000000000E+009,-1.038484624586999E-003,-8.665181812830269E-004,-1.005979487672448E-003,-9.648021659813821E-004,
2.485033333333334E+009,-1.108928234316409E-003,-8.747747633606195E-004,-1.062896102666855E-003,-8.189340587705374E-004,
2.485066666666667E+009,-1.046717748977244E-003,-8.047486189752817E-004,-1.077610999345779E-003,-8.040195098146796E-004,
2.485100000000000E+009,-1.013766857795417E-003,-7.985138799995184E-004,-1.076203421689570E-003,-8.122518192976713E-004,
2.485133333333334E+009,-1.082310220226646E-003,-7.293872768059373E-004,-1.084849238395691E-003,-7.512593874707818E-004,
2.485166666666667E+009,-1.099564367905259E-003,-7.911695865914226E-004,-1.046777004376054E-003,-7.771464297547936E-004,
2.485200000000000E+009,-1.066418364644051E-003,-7.528981659561396E-004,-1.066785189323127E-003,-7.218787795864046E-004,
2.485233333333334E+009,-1.088798744603992E-003,-7.226159796118736E-004,-1.049706130288541E-003,-6.798187387175858E-004,
2.485266666666667E+009,-1.097770524211228E-003,-6.912394310347736E-004,-1.090572099201381E-003,-6.151426932774484E-004,
2.485300000000000E+009,-1.132099074311554E-003,-5.828396533615887E-004,-1.099108951166272E-003,-6.143136997707188E-004,
2.485333333333334E+009,-1.108926604501903E-003,-6.344157736748457E-004,-1.082287402823567E-003,-5.914786015637219E-004,
2.485366666666667E+009,-1.172865973785520E-003,-5.309420521371067E-004,-1.139916479587555E-003,-5.694410065189004E-004,
2.485400000000000E+009,-1.138324500061572E-003,-5.452919285744429E-004,-1.076905988156796E-003,-5.120770656503737E-004,
2.485433333333334E+009,-1.091363723389804E-003,-5.259665194898844E-004,-1.144492416642606E-003,-5.133675294928253E-004,
2.485466666666667E+009,-1.131155062466860E-003,-5.050439503975213E-004,-1.090484089218080E-003,-4.694678063970059E-004,
2.485500000000000E+009,-1.153150922618806E-003,-4.094378964509815E-004,-1.117479172535241E-003,-4.425265942700207E-004,
2.485533333333334E+009,-1.189440023154020E-003,-4.178912204224616E-004,-1.175235025584698E-003,-4.418488242663443E-004,
2.485566666666667E+009,-1.162355998530984E-003,-4.078134661540389E-004,-1.198994228616357E-003,-3.986912779510021E-004,
2.485600000000000E+009,-1.214914140291512E-003,-3.831485228147358E-004,-1.186958164907992E-003,-3.584703372325748E-004,
2.485633333333334E+009,-1.105954055674374E-003,-3.608363913372159E-004,-1.184576074592769E-003,-3.184249217156321E-004,
2.485666666666667E+009,-1.164359273388982E-003,-2.983057056553662E-004,-1.178723643533886E-003,-3.310046158730984E-004,
2.485700000000000E+009,-1.148764742538333E-003,-2.796412736643106E-004,-1.172076095826924E-003,-2.573890378698707E-004,
2.485733333333334E+009,-1.224080217070878E-003,-2.759121707640588E-004,-1.211817376315594E-003,-2.557687694206834E-004,
2.485766666666667E+009,-1.250180997885764E-003,-2.533519582357258E-004,-1.210332266055048E-003,-2.196636633016169E-004,
2.485800000000000E+009,-1.209720037877560E-003,-1.929453428601846E-004,-1.237652264535427E-003,-1.943923416547477E-004,
2.485833333333334E+009,-1.199913676828146E-003,-2.058247046079487E-004,-1.187408925034106E-003,-1.844163052737713E-004,
2.485866666666667E+009,-1.172074116766453E-003,-1.353169063804671E-004,-1.236323150806129E-003,-1.861114287748933E-004,
2.485900000000000E+009,-1.159578445367515E-003,-8.471006731269881E-005,-1.214204356074333E-003,-1.343944604741409E-004,
2.485933333333334E+009,-1.218326040543616E-003,-4.701531361206435E-005,-1.183638698421419E-003,-1.180659601232037E-004,
2.485966666666667E+009,-1.212166156619787E-003,-4.276653635315597E-005,-1.228257082402706E-003,-7.026300590950996E-005,
2.486000000000000E+009,-1.203079358674586E-003,-5.780189530923963E-005,-1.216118456795812E-003,-4.054219971294515E-005,
2.486033333333334E+009,-1.182243926450610E-003,-9.995540494855959E-006,-1.162606873549521E-003,-2.491267332516145E-005,
2.486066666666667E+009,-1.219184487126768E-003,-4.112931492272764E-005,-1.141447923146188E-003,-6.056619895389304E-006,
2.486100000000000E+009,-1.199689111672342E-003,6.151253273856128E-006,-1.204232219606638E-003,6.834480154793710E-005,
2.486133333333334E+009,-1.206593238748610E-003,1.634113687032368E-005,-1.201951876282692E-003,5.937004607403651E-005,
2.486166666666667E+009,-1.152093522250652E-003,5.292989953886718E-005,-1.212899223901331E-003,1.045857497956604E-004,
2.486200000000000E+009,-1.204188563860953E-003,8.689970854902640E-005,-1.198566402308643E-003,1.243829465238378E-004,
2.486233333333334E+009,-1.199859543703497E-003,6.222455704119057E-005,-1.181544037535787E-003,1.107117495848797E-004,
2.486266666666667E+009,-1.201812876388431E-003,1.664581359364092E-004,-1.128695323131979E-003,1.380214816890657E-004,
2.486300000000000E+009,-1.172421150840819E-003,1.159668681793846E-004,-1.220618491061032E-003,1.780005695763975E-004,
2.486333333333334E+009,-1.204639673233032E-003,2.083274594042450E-004,-1.169451861642301E-003,1.963531249202788E-004,
2.486366666666667E+009,-1.235056668519974E-003,2.189358201576397E-004,-1.229331828653812E-003,1.975850318558514E-004,
2.486400000000000E+009,-1.202952931635082E-003,1.929510181071237E-004,-1.190545503050089E-003,2.075165539281443E-004,
2.486433333333334E+009,-1.161638298071921E-003,2.825630363076925E-004,-1.173333148472011E-003,2.559731074143201E-004,
2.486466666666667E+009,-1.221812330186367E-003,2.695436414796859E-004,-1.199366175569594E-003,3.027479688171297E-004,
2.486500000000000E+009,-1.216565142385662E-003,3.527879307512194E-004,-1.272638211958110E-003,3.378780384082347E-004,
2.486533333333334E+009,-1.199028803966939E-003,4.527462588157505E-004,-1.194604439660907E-003,3.855124523397535E-004,
2.486566666666667E+009,-1.145073445513845E-003,4.432652203831822E-004,-1.187017769552767E-003,4.300498985685408E-004,
2.486600000000000E+009,-1.158149912953377E-003,4.462989454623312E-004,-1.153531833551824E-003,3.952660481445491E-004,
2.486633333333334E+009,-1.156502752564848E-003,4.053195589222014E-004,-1.119605265557766E-003,4.759723669849336E-004,
2.486666666666667E+009,-1.118791056796908E-003,4.839530156459659E-004,-1.081384718418121E-003,4.991055466234684E-004,
2.486700000000000E+009,-1.167822629213333E-003,4.807125951629132E-004,-1.157339196652174E-003,4.737283452413976E-004,
2.486733333333334E+009,-1.128412201069295E-003,4.767323844134808E-004,-1.088571501895785E-003,4.738318093586713E-004,
2.486766666666667E+009,-1.073752995580435E-003,5.070776096545160E-004,-1.075307140126824E-003,5.008287262171507E-004,
2.486800000000000E+009,-1.019329414702952E-003,5.609312793239951E-004,-1.102727372199297E-003,5.212703836150467E-004,
2.486833333333334E+009,-9.789550676941872E-004,5.573936505243182E-004,-1.046373625285924E-003,6.145829684101045E-004,
2.486866666666667E+009,-9.727837168611586E-004,5.849389708600938E-004,-9.922239696606994E-004,5.965551827102900E-004,
2.486900000000000E+009,-1.019231858663261E-003,5.763270892202854E-004,-9.792277123779059E-004,5.864877020940185E-004,
2.486933333333334E+009,-9.889598004519939E-004,6.004211609251797E-004,-9.778047678992152E-004,5.940929404459894E-004,
2.486966666666667E+009,-9.828605689108372E-004,5.651603569276631E-004,-9.076679707504809E-004,5.937534151598811E-004,
2.487000000000000E+009,-9.650330757722259E-004,6.696075433865190E-004,-9.351493790745735E-004,6.717453361488879E-004,
2.487033333333334E+009,-9.555272990837693E-004,6.156743038445711E-004,-9.792868513613939E-004,6.833091611042619E-004,
2.487066666666667E+009,-9.532671538181603E-004,7.008389802649617E-004,-9.274485055357218E-004,6.981495535001159E-004,
2.487100000000000E+009,-8.717157761566341E-004,6.824414595030248E-004,-9.295596973970532E-004,7.300916477106512E-004,
2.487133333333334E+009,-8.695156429894269E-004,7.683747098781169E-004,-8.306148229166865E-004,7.379844319075346E-004,
2.487166666666667E+009,-8.860678644850850E-004,7.417999440804124E-004,-8.595234248787165E-004,7.472286815755069E-004,
2.487200000000000E+009,-8.806838886812329E-004,7.479831692762673E-004,-8.166272309608758E-004,7.759375148452818E-004,
2.487233333333334E+009,-8.512178901582956E-004,8.346670656464994E-004,-7.965885451994836E-004,7.992415339685977E-004,
2.487266666666667E+009,-7.771545206196606E-004,8.483927231281996E-004,-7.955912733450532E-004,8.246891666203737E-004,
2.487300000000000E+009,-7.526472327299416E-004,8.025613497011364E-004,-7.747276686131954E-004,8.251611725427210E-004,
2.487333333333334E+009,-7.906014216132462E-004,8.274149731732905E-004,-7.282966980710626E-004,8.341107750311494E-004,
2.487366666666667E+009,-7.272791117429733E-004,8.508379105478525E-004,-7.353723049163818E-004,8.413502364419401E-004,
2.487400000000000E+009,-6.612900178879499E-004,9.250201401300728E-004,-6.991458358243108E-004,8.900601533241570E-004,
2.487433333333334E+009,-6.872731610201299E-004,9.350939071737230E-004,-7.312539382837713E-004,9.141030604951084E-004,
2.487466666666667E+009,-6.750915199518204E-004,8.794836467131972E-004,-6.742199184373021E-004,9.204606758430600E-004,
2.487500000000000E+009,-6.567682139575481E-004,9.238529019057751E-004,-6.612956640310586E-004,8.874819613993168E-004,
2.487533333333334E+009,-6.676264456473291E-004,8.774774614721537E-004,-6.695977644994855E-004,9.143605711869896E-004,
2.487566666666667E+009,-5.748732364736497E-004,9.578258031979203E-004,-6.178456824272871E-004,9.443668532185257E-004,
2.487600000000000E+009,-6.654770695604384E-004,9.649280109442771E-004,-6.381173152476549E-004,9.688197169452906E-004,
2.487633333333334E+009,-6.486591883003712E-004,9.609982371330261E-004,-6.021027220413089E-004,9.928954532369971E-004,
2.487666666666667E+009,-5.904482095502317E-004,9.821051498875022E-004,-5.462227854877710E-004,1.016306108795106E-003,
2.487700000000000E+009,-5.738281179219484E-004,1.030753250233829E-003,-5.168875795789063E-004,1.034212880767882E-003,
2.487733333333334E+009,-5.167904309928417E-004,9.997554589062929E-004,-5.187705974094570E-004,1.025338307954371E-003,
2.487766666666667E+009,-4.723598540294915E-004,1.040915842168033E-003,-4.815740103367716E-004,1.037701847963035E-003,
2.487800000000000E+009,-4.909501294605434E-004,1.068555866368115E-003,-4.990615416318178E-004,1.064549665898085E-003,
2.487833333333334E+009,-4.241124261170626E-004,1.033061649650335E-003,-4.696445248555392E-004,1.049126614816487E-003,
2.487866666666667E+009,-4.168593441136181E-004,1.078500295989215E-003,-4.109745786990970E-004,1.027030753903091E-003,
2.487900000000000E+009,-4.231979546602815E-004,1.110383309423924E-003,-4.292027733754367E-004,1.038130605593324E-003,
2.487933333333334E+009,-4.041107895318419E-004,1.123263966292143E-003,-3.432968806009740E-004,1.094727194868028E-003,
2.487966666666667E+009,-3.482429019641131E-004,1.103122951462865E-003,-3.928734513465315E-004,1.101630972698331E-003,
2.488000000000000E+009,-3.430749056860805E-004,1.095358282327652E-003,-3.402454312890768E-004,1.128930016420782E-003,
2.488033333333334E+009,-3.443427849560976E-004,1.167807262390852E-003,-2.961344143841416E-004,1.122645218856633E-003,
2.488066666666667E+009,-3.060578019358218E-004,1.181653584353626E-003,-2.913421194534749E-004,1.205200562253594E-003,
2.488100000000000E+009,-2.263518545078114E-004,1.203721389174461E-003,-2.014988567680121E-004,1.152305747382343E-003,
2.488133333333334E+009,-1.912547013489530E-004,1.176528399810195E-003,-2.323749213246629E-004,1.169264200143516E-003,
2.488166666666667E+009,-2.226509095635265E-004,1.145502901636064E-003,-1.487631088821217E-004,1.214422518387437E-003,
2.488200000000000E+009,-2.107218606397510E-004,1.193562173284590E-003,-1.620906114112586E-004,1.163493376225233E-003,
2.488233333333334E+009,-1.684692833805457E-004,1.221595797687769E-003,-2.209456579294056E-004,1.224340172484517E-003,
2.488266666666667E+009,-1.176002333522774E-004,1.182243227958679E-003,-1.223873841809109E-004,1.126293791458011E-003,
2.488300000000000E+009,-1.211136186611839E-004,1.153261982835829E-003,-8.791731670498848E-005,1.106901559978724E-003,
2.488333333333334E+009,-1.010466439765878E-004,1.226391759701073E-003,-1.343275744147832E-005,1.128041185438633E-003,
2.488366666666667E+009,-2.611804848129395E-005,1.158858183771372E-003,-6.593010766664520E-005,1.171797630377114E-003,
2.488400000000000E+009,-2.788077290460933E-005,1.126943621784449E-003,-2.649608359206468E-005,1.174589386209846E-003,
2.488433333333334E+009,1.539296863484196E-005,1.159854931756854E-003,-1.868327854026575E-005,1.113121630623937E-003,
2.488466666666667E+009,-1.929207974171732E-005,1.119434949941933E-003,5.739860716857947E-005,1.134071964770556E-003,
2.488500000000000E+009,3.379463669261895E-005,1.141048269346356E-003,8.588996934122406E-006,1.166545902378857E-003,
2.488533333333334E+009,1.734586476231925E-005,1.172001007944346E-003,8.687214722158387E-005,1.106331474147737E-003,
2.488566666666667E+009,9.687260171631351E-005,1.124705770052970E-003,1.000671327346936E-004,1.123897498473525E-003,
2.488600000000000E+009,1.101036541513167E-004,1.123005524277687E-003,1.386996591463685E-004,1.160439569503069E-003,
2.488633333333334E+009,1.121655004681088E-004,1.088777673430741E-003,1.439242478227243E-004,1.087396638467908E-003,
2.488666666666667E+009,1.870586856966838E-004,1.125306589528918E-003,1.697106927167624E-004,1.130055752582848E-003,
2.488700000000000E+009,1.739409344736487E-004,1.063045347109437E-003,1.683209848124534E-004,1.106391660869122E-003,
2.488733333333334E+009,2.125650644302368E-004,1.138432649895549E-003,1.567968138260767E-004,1.086944830603898E-003,
2.488766666666667E+009,2.288451214553788E-004,1.075509120710194E-003,2.248714008601382E-004,1.051176572218537E-003,
2.488800000000000E+009,2.779159112833440E-004,1.074592350050807E-003,2.370273432461545E-004,1.046312507241964E-003,
2.488833333333334E+009,2.703669597394764E-004,1.072487677447498E-003,3.301544056739658E-004,1.109547680243850E-003,
2.488866666666667E+009,3.470716765150428E-004,1.083465409465134E-003,2.818190841935575E-004,1.061821589246392E-003,
2.488900000000000E+009,3.030012012459338E-004,1.114395214244723E-003,3.445112379267812E-004,1.085637370124459E-003,
2.488933333333334E+009,3.398765111342073E-004,1.037623151205480E-003,3.749018942471594E-004,1.062559662386775E-003,
2.488966666666667E+009,3.532552218530327E-004,1.124654314480722E-003,3.949755919165909E-004,1.052405219525099E-003,
2.489000000000000E+009,3.899351286236197E-004,1.035355962812901E-003,4.147571744397283E-004,1.071359030902386E-003,
2.489033333333334E+009,4.031911375932396E-004,1.041127601638436E-003,3.946613578591496E-004,1.060373266227543E-003,
2.489066666666667E+009,4.731826484203339E-004,1.021167612634599E-003,4.759496659971774E-004,1.074583502486348E-003,
2.489100000000000E+009,4.540358204394579E-004,1.020800787955523E-003,4.950137226842344E-004,1.022660522721708E-003,
2.489133333333334E+009,4.723063902929425E-004,9.988168021664023E-004,5.008514854125679E-004,1.012842170894146E-003,
2.489166666666667E+009,5.347275291569531E-004,1.055632485076785E-003,5.076090455986559E-004,1.015417743474245E-003,
2.489200000000000E+009,5.366198020055890E-004,1.013629604130983E-003,5.202322499826551E-004,9.964903583750129E-004,
2.489233333333334E+009,5.655106506310403E-004,9.976990986615419E-004,5.458468222059310E-004,9.839300764724612E-004,
2.489266666666667E+009,5.608595092780888E-004,9.588445536792278E-004,5.905619473196566E-004,9.875058894976974E-004,
2.489300000000000E+009,5.950124468654394E-004,9.727866272442043E-004,5.965920281596482E-004,9.527135989628732E-004,
2.489333333333334E+009,5.794387543573976E-004,8.974767988547683E-004,5.896227667108178E-004,9.358979295939207E-004,
2.489366666666667E+009,6.069309310987592E-004,9.421721915714443E-004,6.056653219275177E-004,9.232962620444596E-004,
2.489400000000000E+009,6.652268348261714E-004,9.319356177002192E-004,6.241869414225221E-004,9.033442474901676E-004,
2.489433333333334E+009,6.106636137701571E-004,9.298094664700329E-004,6.802950520068407E-004,9.345350554212928E-004,
2.489466666666667E+009,7.234665681608021E-004,8.539028931409121E-004,7.379307644441724E-004,9.431716753169894E-004,
2.489500000000000E+009,7.252266514115036E-004,8.415408083237708E-004,7.738260319456458E-004,9.156084270216525E-004,
2.489533333333334E+009,7.194749196060002E-004,8.769441046752036E-004,7.205025176517665E-004,9.059150470420718E-004,
2.489566666666667E+009,7.884033257141709E-004,8.538625552318990E-004,7.601849501952529E-004,8.617670391686261E-004,
2.489600000000000E+009,8.268044330179691E-004,8.333356818184257E-004,8.652227115817368E-004,8.716626907698810E-004,
2.489633333333334E+009,8.849396253935993E-004,8.550109341740608E-004,8.742340723983944E-004,8.194800466299057E-004,
2.489666666666667E+009,8.659810409881175E-004,8.586045005358756E-004,9.428990888409317E-004,7.515900069847703E-004,
2.489700000000000E+009,9.204023517668247E-004,8.004198898561299E-004,9.424530435353518E-004,7.557977805845439E-004,
2.489733333333334E+009,9.286022977903485E-004,6.844789604656398E-004,9.444547467865050E-004,7.573910406790674E-004,
2.489766666666667E+009,9.282674873247743E-004,7.626895094290376E-004,9.488560608588159E-004,7.421969203278422E-004,
2.489800000000000E+009,9.834321681410074E-004,6.905276095494628E-004,9.828540496528149E-004,6.784196011722088E-004,
2.489833333333334E+009,1.031770370900631E-003,6.969341775402427E-004,9.231477160938084E-004,7.754333200864494E-004,
2.489866666666667E+009,9.249870199710131E-004,7.117178756743670E-004,9.675017790868878E-004,6.560269976034761E-004,
2.489900000000000E+009,9.366799495182931E-004,7.060982170514762E-004,9.684728574939072E-004,6.451813969761133E-004,
2.489933333333334E+009,1.028907485306263E-003,6.618502666242421E-004,9.449706412851811E-004,6.406961474567652E-004,
2.489966666666667E+009,9.508819784969091E-004,6.168450927361846E-004,1.036610221490264E-003,5.927832680754364E-004,
2.490000000000000E+009,9.924864862114191E-004,5.801782826893032E-004,9.838334517553449E-004,5.356544861570001E-004,
2.490033333333334E+009,8.943937718868256E-004,5.896344664506614E-004,9.970254031941295E-004,5.698172026313841E-004,
2.490066666666667E+009,9.689008584246039E-004,5.587918567471206E-004,9.686417761258781E-004,4.861375491600484E-004,
2.490100000000000E+009,1.068718964233995E-003,5.583698512054980E-004,1.098055974580348E-003,5.773073062300682E-004,
2.490133333333334E+009,1.006871229037643E-003,4.422627680469304E-004,1.012596418149769E-003,5.008412990719080E-004,
2.490166666666667E+009,1.016352325677872E-003,4.402039339765906E-004,1.013356843031943E-003,4.762699245475233E-004,
2.490200000000000E+009,1.023771823383868E-003,4.783142067026347E-004,1.107880147174001E-003,4.354811972007155E-004,
2.490233333333334E+009,1.004152116365731E-003,4.145533312112093E-004,1.116583007387817E-003,4.274481325410307E-004,
2.490266666666667E+009,1.061733812093735E-003,4.102489328943193E-004,1.070899190381169E-003,3.799833648372442E-004,
2.490300000000000E+009,1.109212404116988E-003,4.246351600158960E-004,1.096645137295127E-003,4.068112757522613E-004,
2.490333333333334E+009,1.104763126932085E-003,3.625511599238962E-004,1.087663811631501E-003,3.975678700953722E-004,
2.490366666666667E+009,1.104718074202538E-003,3.090198733843863E-004,1.135042635723949E-003,3.131800913251936E-004,
2.490400000000000E+009,1.107919961214066E-003,3.205606190022081E-004,1.074889674782753E-003,3.214258758816868E-004,
2.490433333333334E+009,1.057935878634453E-003,2.938579418696463E-004,1.088941469788551E-003,2.683533239178360E-004,
2.490466666666667E+009,1.123609370552003E-003,2.163477183785290E-004,1.168770249933004E-003,2.357146440772340E-004,
2.490500000000000E+009,1.082415925338864E-003,2.948423789348453E-004,1.144191599451006E-003,2.524623996578157E-004,
2.490533333333334E+009,1.114073209464550E-003,2.228702796855941E-004,1.139791333116591E-003,2.069993934128434E-004,
2.490566666666667E+009,1.140597392804921E-003,1.916522160172463E-004,1.119905733503401E-003,1.720075088087469E-004,
2.490600000000000E+009,1.164715038612485E-003,1.523059909231961E-004,1.113071688450873E-003,1.477798941778019E-004,
2.490633333333334E+009,1.165183144621551E-003,1.128347576013766E-004,1.112192519940436E-003,1.415787119185552E-004,
2.490666666666667E+009,1.211305148899555E-003,6.990385736571625E-005,1.137669314630330E-003,1.123611873481423E-004,
2.490700000000000E+009,1.141755026765168E-003,9.199865598930046E-005,1.152013894170523E-003,1.327060745097697E-004,
2.490733333333334E+009,1.154490397311747E-003,1.129207521444187E-005,1.191104878671467E-003,1.668943696131464E-005,
2.490766666666667E+009,1.171227428130806E-003,2.405567465757486E-005,1.162504777312279E-003,2.807591408782173E-005,
2.490800000000000E+009,1.198348356410861E-003,9.900826626108028E-006,1.178579521365464E-003,3.103964263573289E-005,
2.490833333333334E+009,1.151403295807540E-003,-3.204008680768311E-005,1.200898201204836E-003,-1.230410816788208E-005,
2.490866666666667E+009,1.148350071161985E-003,-4.691795402322896E-005,1.163873239420354E-003,-6.576986197615042E-005,
2.490900000000000E+009,1.134262187406421E-003,-3.243531318730675E-005,1.127806026488543E-003,-7.703318988205865E-005,
2.490933333333334E+009,1.166921691037715E-003,-4.165511927567422E-005,1.133666140958667E-003,-7.213735079858452E-005,
2.490966666666667E+009,1.133744255639613E-003,-1.110575030907057E-004,1.172151882201433E-003,-1.710174547042698E-004,
2.491000000000000E+009,1.134738908149302E-003,-1.959785877261311E-004,1.138698426075280E-003,-1.880134514067322E-004,
2.491033333333334E+009,1.153323799371719E-003,-2.145554608432576E-004,1.154603669419885E-003,-2.250520628876984E-004,
2.491066666666667E+009,1.102370093576610E-003,-2.224014315288514E-004,1.117934472858906E-003,-2.400485100224614E-004,
2.491100000000000E+009,1.112091704271734E-003,-2.196248242398724E-004,1.133992802351713E-003,-2.812870370689780E-004,
2.491133333333334E+009,1.220644218847156E-003,-2.800573420245200E-004,1.201136037707329E-003,-3.317161463201046E-004,
2.491166666666667E+009,1.169025083072484E-003,-2.833906328305602E-004,1.151594333350658E-003,-3.207761037629098E-004,
2.491200000000000E+009,1.141391694545746E-003,-3.493103722576052E-004,1.167983980849385E-003,-3.755077486857772E-004,
2.491233333333334E+009,1.162196975201368E-003,-4.213347856421024E-004,1.162398955784738E-003,-4.343625332694501E-004,
2.491266666666667E+009,1.155092380940914E-003,-4.380961472634226E-004,1.110800541937351E-003,-3.843645972665399E-004,
2.491300000000000E+009,1.116244355216622E-003,-4.361463943496347E-004,1.077692955732346E-003,-4.599744861479849E-004,
2.491333333333334E+009,1.095658401027322E-003,-4.472518921829760E-004,1.105526345781982E-003,-4.684621817432344E-004,
2.491366666666667E+009,1.039755297824740E-003,-4.854151629842818E-004,1.084693358279765E-003,-5.043487180955708E-004,
2.491400000000000E+009,1.106484793126583E-003,-4.780564340762794E-004,1.103951479308307E-003,-5.149756325408816E-004,
2.491433333333334E+009,1.104121911339462E-003,-5.189593648537993E-004,1.025506993755698E-003,-5.454265046864748E-004,
2.491466666666667E+009,1.057498273439705E-003,-5.695002619177103E-004,1.087170327082276E-003,-5.382892559282482E-004,
2.491500000000000E+009,1.028873957693577E-003,-5.889015737921000E-004,1.048951759003103E-003,-5.687522934749723E-004,
2.491533333333334E+009,1.058910740539432E-003,-5.909851752221584E-004,1.040640519931912E-003,-5.693685379810631E-004,
2.491566666666667E+009,1.057581626810134E-003,-5.891658947803080E-004,1.044922624714673E-003,-6.577217136509717E-004,
2.491600000000000E+009,1.057698507793248E-003,-6.037455750629306E-004,1.031862571835518E-003,-6.072102114558220E-004,
2.491633333333334E+009,9.596237214282155E-004,-6.407883483916521E-004,1.022383105009794E-003,-6.463963654823601E-004,
2.491666666666667E+009,1.009726198390126E-003,-6.568166427314282E-004,9.594481089152396E-004,-6.620450294576585E-004,
2.491700000000000E+009,9.894556133076549E-004,-7.060536881908774E-004,9.942317847162485E-004,-6.876804982312024E-004,
2.491733333333334E+009,9.472734527662396E-004,-7.057679467834532E-004,9.595601586624980E-004,-7.227530004456639E-004,
2.491766666666667E+009,8.925028378143907E-004,-7.458296604454517E-004,9.371152264066041E-004,-7.398863672278822E-004,
2.491800000000000E+009,8.962073479779065E-004,-7.641366100870073E-004,9.282213286496699E-004,-7.323173922486603E-004,
2.491833333333334E+009,8.711969130672514E-004,-7.782838656567037E-004,9.191464632749558E-004,-8.114387746900320E-004,
2.491866666666667E+009,8.063368150033057E-004,-8.146961918100715E-004,8.707449887879193E-004,-8.386490517295897E-004,
2.491900000000000E+009,8.797116461209953E-004,-8.503228309564292E-004,8.845746633596718E-004,-8.325895178131759E-004,
2.491933333333334E+009,8.341683424077928E-004,-8.130583446472883E-004,8.290000259876251E-004,-8.399164653383195E-004,
2.491966666666667E+009,8.478281088173389E-004,-8.769248379394412E-004,8.167997002601624E-004,-8.591642254032195E-004,
2.492000000000000E+009,8.232947438955307E-004,-8.879357483237982E-004,8.159530698321760E-004,-9.288386791013181E-004,
2.492033333333334E+009,8.221851894631982E-004,-9.655886678956449E-004,7.686119643040001E-004,-9.023103630170226E-004,
2.492066666666667E+009,7.915608584880829E-004,-9.027086780406535E-004,7.376105641014874E-004,-9.315108181908727E-004,
2.492100000000000E+009,6.786951562389731E-004,-9.630822460167110E-004,7.463912479579449E-004,-9.357606177218258E-004,
2.492133333333334E+009,7.027863757684827E-004,-9.329946478828788E-004,7.207401795312762E-004,-9.500943706370890E-004,
2.492166666666667E+009,7.013688446022570E-004,-9.610132547095418E-004,7.252706564031541E-004,-1.038988237269223E-003,
2.492200000000000E+009,6.723354454152286E-004,-9.432306396774948E-004,6.545834476128221E-004,-1.013787346892059E-003,
2.492233333333334E+009,6.353766075335443E-004,-1.008758670650423E-003,6.821649731136859E-004,-9.717348730191588E-004,
2.492266666666667E+009,6.441781879402697E-004,-1.037669717334211E-003,6.334380595944822E-004,-1.035671099089086E-003,
2.492300000000000E+009,6.210858118720353E-004,-1.014837063848972E-003,5.889015155844390E-004,-1.058337744325399E-003,
2.492333333333334E+009,5.508706090040505E-004,-1.081718481145799E-003,5.908993189223111E-004,-1.080064568668604E-003,
2.492366666666667E+009,5.727491807192564E-004,-1.105899806134403E-003,5.683348863385618E-004,-1.064803567714989E-003,
2.492400000000000E+009,4.814003768842667E-004,-1.095348037779331E-003,5.373460589908063E-004,-1.078647095710039E-003,
2.492433333333334E+009,5.078571848571301E-004,-1.040289294905961E-003,5.700075998902321E-004,-1.080369693227112E-003,
2.492466666666667E+009,5.127824842929840E-004,-1.096703810617328E-003,5.193981342017651E-004,-1.124639413319528E-003,
2.492500000000000E+009,4.839221073780209E-004,-1.119330408982933E-003,4.479451163206250E-004,-1.116643776185811E-003,
2.492533333333334E+009,4.369137168396264E-004,-1.109008910134435E-003,4.381671606097370E-004,-1.072517596185207E-003,
2.492566666666667E+009,4.034235898870975E-004,-1.134051242843270E-003,4.000845074187964E-004,-1.163636450655758E-003,
2.492600000000000E+009,3.377416287548840E-004,-1.150084543041885E-003,3.827623731922358E-004,-1.153665944002569E-003,
2.492633333333334E+009,3.399311681278050E-004,-1.188377616927028E-003,3.674134204629809E-004,-1.205725246109068E-003,
2.492666666666667E+009,3.017783164978027E-004,-1.142062013968825E-003,3.327572776470333E-004,-1.223430270329118E-003,
2.492700000000000E+009,3.258969518356025E-004,-1.209833077155054E-003,2.557864645496011E-004,-1.250868779607117E-003,
2.492733333333334E+009,2.069627807941288E-004,-1.191565650515258E-003,1.995827769860625E-004,-1.239131204783917E-003,
2.492766666666667E+009,2.685174695216119E-004,-1.228447072207928E-003,2.360374055569992E-004,-1.223661354742944E-003,
2.492800000000000E+009,1.934610336320475E-004,-1.209030742757022E-003,1.353103289147839E-004,-1.262359670363367E-003,
2.492833333333334E+009,1.259447890333831E-004,-1.204286469146609E-003,1.182950945803896E-004,-1.254058908671141E-003,
2.492866666666667E+009,9.361416596220806E-005,-1.217735931277275E-003,1.204019936267287E-004,-1.256922725588083E-003,
2.492900000000000E+009,7.403787458315492E-005,-1.229394925758243E-003,6.882561137899756E-005,-1.241928199306130E-003,
2.492933333333334E+009,7.313234527828172E-005,-1.185833709314466E-003,5.355495159165002E-005,-1.223075087182224E-003,
2.492966666666667E+009,7.420068141072989E-005,-1.268738415092230E-003,3.607865073718131E-005,-1.188354683108628E-003,
2.493000000000000E+009,1.717268423817586E-005,-1.260923338122666E-003,2.989536369568668E-005,-1.274420181289315E-003,
2.493033333333334E+009,-1.474012697144644E-005,-1.233495422638953E-003,-4.585696660797112E-005,-1.269952976144850E-003,
2.493066666666667E+009,1.210144000651781E-005,-1.196243916638196E-003,-2.980793215101585E-005,-1.256483839824796E-003,
2.493100000000000E+009,-4.246566822985187E-005,-1.254656468518078E-003,-7.856205229472835E-006,-1.266471925191581E-003,
2.493133333333334E+009,-7.071800064295530E-005,-1.243614824488759E-003,-5.455252176034264E-005,-1.235745963640511E-003,
2.493166666666667E+009,-6.552071863552555E-005,-1.251121750101447E-003,-9.842157305683941E-005,-1.215514144860208E-003,
2.493200000000000E+009,-1.649416954023764E-004,-1.250320579856634E-003,-9.399585542269051E-005,-1.193584874272347E-003,
2.493233333333334E+009,-1.307872153120115E-004,-1.285900478251278E-003,-1.393223792547360E-004,-1.233182614669204E-003,
2.493266666666667E+009,-1.702916488284245E-004,-1.222467166371644E-003,-1.499185891589150E-004,-1.210596528835595E-003,
2.493300000000000E+009,-1.925667311297730E-004,-1.198866288177669E-003,-2.408914733678103E-004,-1.211658469401300E-003,
2.493333333333334E+009,-2.286622184328735E-004,-1.157934544607997E-003,-2.522568975109607E-004,-1.165267545729876E-003,
2.493366666666667E+009,-2.694021095521748E-004,-1.235288102179766E-003,-2.877408114727587E-004,-1.206972636282444E-003,
2.493400000000000E+009,-2.973461523652077E-004,-1.167670940048993E-003,-2.899166720453650E-004,-1.202010666020215E-003,
2.493433333333334E+009,-3.083281044382602E-004,-1.242075697518885E-003,-3.275729250162840E-004,-1.130726537667215E-003,
2.493466666666667E+009,-3.389525809325278E-004,-1.238475320860744E-003,-3.216673503629863E-004,-1.174916862510145E-003,
2.493500000000000E+009,-3.732165787369013E-004,-1.127616153098643E-003,-3.423648886382580E-004,-1.104472670704126E-003,
2.493533333333334E+009,-3.799052210524678E-004,-1.150028780102730E-003,-4.319263680372387E-004,-1.168999355286360E-003,
2.493566666666667E+009,-4.249965713825077E-004,-1.146847265772522E-003,-4.050723218824714E-004,-1.174743054434657E-003,
2.493600000000000E+009,-4.013905418105424E-004,-1.124390750192106E-003,-5.011266330257058E-004,-1.101676956750453E-003,
2.493633333333334E+009,-4.944051033817232E-004,-1.155857578851283E-003,-4.720670403912664E-004,-1.134440070018172E-003,
2.493666666666667E+009,-5.011197645217180E-004,-1.145042246207595E-003,-5.071084015071392E-004,-1.114396494813263E-003,
2.493700000000000E+009,-5.524600856006146E-004,-1.156557234935463E-003,-5.193102406337857E-004,-1.135312020778656E-003,
2.493733333333334E+009,-5.358559428714216E-004,-1.135352300480008E-003,-5.318031180649996E-004,-1.100109075196087E-003,
2.493766666666667E+009,-5.686682416126132E-004,-1.093547209165990E-003,-6.190468557178974E-004,-1.095964456908405E-003,
2.493800000000000E+009,-6.451605586335063E-004,-1.111151301302016E-003,-6.448588101193309E-004,-1.023062271997333E-003,
2.493833333333334E+009,-7.040850468911231E-004,-1.085795112885535E-003,-6.399808335117996E-004,-1.047996105626226E-003,
2.493866666666667E+009,-6.535010761581361E-004,-9.844341548159719E-004,-6.792444037273526E-004,-1.034804503433406E-003,
2.493900000000000E+009,-7.057367474772036E-004,-1.068496028892696E-003,-7.090243743732572E-004,-9.998172754421830E-004,
2.493933333333334E+009,-7.120901718735695E-004,-9.840041166171432E-004,-7.029779371805489E-004,-1.009322586469352E-003,
2.493966666666667E+009,-7.615334470756352E-004,-1.015673973597586E-003,-7.543234387412667E-004,-9.926814818754792E-004,
2.494000000000000E+009,-7.543248939327896E-004,-9.708254365250468E-004,-8.024458657018840E-004,-9.911977685987949E-004,
2.494033333333334E+009,-7.698974804952741E-004,-9.142289054580033E-004,-8.055490907281637E-004,-9.719359222799540E-004,
2.494066666666667E+009,-7.886736420914531E-004,-9.876183466985822E-004,-8.108208421617746E-004,-9.229040588252246E-004,
2.494100000000000E+009,-8.460023091174662E-004,-9.874008828774095E-004,-8.311283891089261E-004,-8.828606805764139E-004,
2.494133333333334E+009,-8.246360812336206E-004,-9.320843382738531E-004,-9.272961178794503E-004,-8.974456577561796E-004,
2.494166666666667E+009,-8.625971386209130E-004,-8.610318764112890E-004,-8.639701991342008E-004,-8.900318644009531E-004,
2.494200000000000E+009,-8.929888135753572E-004,-8.946004672907293E-004,-9.454959654249251E-004,-8.387616253457964E-004,
2.494233333333334E+009,-9.259998914785683E-004,-8.810928557068110E-004,-9.142431663349271E-004,-8.335137972608209E-004,
2.494266666666667E+009,-9.568822570145130E-004,-8.249109960161150E-004,-1.009529689326882E-003,-8.474724600091577E-004,
2.494300000000000E+009,-1.005792641080916E-003,-8.073658100329340E-004,-1.046592369675636E-003,-8.239928865805268E-004,
2.494333333333334E+009,-1.019760151393712E-003,-7.417056476697326E-004,-1.010755077004433E-003,-7.116053020581603E-004,
2.494366666666667E+009,-1.039483351632953E-003,-7.157843210734427E-004,-1.124875620007515E-003,-7.187391747720540E-004,
2.494400000000000E+009,-1.047252793796361E-003,-6.816501845605671E-004,-1.012297929264605E-003,-7.147038122639060E-004,
2.494433333333334E+009,-1.017275848425925E-003,-6.309699965640903E-004,-1.037471811287105E-003,-6.751586915925145E-004,
2.494466666666667E+009,-1.074420288205147E-003,-6.159017211757600E-004,-1.119088963605464E-003,-6.799336988478899E-004,
2.494500000000000E+009,-1.091403304599226E-003,-6.673766183666885E-004,-1.106540905311704E-003,-6.366295856423676E-004,
2.494533333333334E+009,-1.107308315113187E-003,-6.063377368263900E-004,-1.071000006049871E-003,-6.056714919395745E-004,
2.494566666666667E+009,-1.175174722447991E-003,-5.989292403683066E-004,-1.108839525841177E-003,-6.432331865653396E-004,
2.494600000000000E+009,-1.099100103601813E-003,-5.574894603341818E-004,-1.152273616753519E-003,-5.729284021072090E-004,
2.494633333333334E+009,-1.170297502540052E-003,-5.079883849248290E-004,-1.157807651907206E-003,-5.135211395099759E-004,
2.494666666666667E+009,-1.179567421786487E-003,-5.344434175640345E-004,-1.227065920829773E-003,-4.918262129649520E-004,
2.494700000000000E+009,-1.160945510491729E-003,-4.572833131533116E-004,-1.229799585416913E-003,-4.765370395034552E-004,
2.494733333333334E+009,-1.200178056024015E-003,-4.833627608604729E-004,-1.224403036758304E-003,-4.530106380116195E-004,
2.494766666666667E+009,-1.205916283652186E-003,-4.255454405210912E-004,-1.221373328007758E-003,-4.285386821720749E-004,
2.494800000000000E+009,-1.193792326375842E-003,-4.417606687638909E-004,-1.193220261484385E-003,-4.209522739984095E-004,
2.494833333333334E+009,-1.209549489431083E-003,-4.136643256060779E-004,-1.224982668645680E-003,-3.781860577873886E-004,
2.494866666666667E+009,-1.180690247565508E-003,-4.024123190902174E-004,-1.190552720800042E-003,-3.107678785454482E-004,
2.494900000000000E+009,-1.217528944835067E-003,-4.141746321693063E-004,-1.240215147845447E-003,-3.243995015509427E-004,
2.494933333333334E+009,-1.240952638909221E-003,-3.042541502509266E-004,-1.223782892338932E-003,-2.920918341260403E-004,
2.494966666666667E+009,-1.222637831233442E-003,-2.310272830072790E-004,-1.279964460991323E-003,-2.215306449215859E-004,
2.495000000000000E+009,-1.248519984073937E-003,-1.838578755268827E-004,-1.241108286194503E-003,-2.744940284173936E-004,
2.495033333333334E+009,-1.223101280629635E-003,-1.819721073843539E-004,-1.334095606580377E-003,-2.332973963348195E-004,
2.495066666666667E+009,-1.280867028981447E-003,-2.569468051660806E-004,-1.302347634918988E-003,-1.277596747968346E-004,
2.495100000000000E+009,-1.291977474465966E-003,-1.124315749621019E-004,-1.272496301680803E-003,-1.504587271483615E-004,
2.495133333333334E+009,-1.297810347750783E-003,-1.358456938760355E-004,-1.361468806862831E-003,-1.224644220201299E-004,
2.495166666666667E+009,-1.253559370525181E-003,-1.493535382905975E-004,-1.294208224862814E-003,-1.081049194908701E-004,
2.495200000000000E+009,-1.272886060178280E-003,-6.830460915807635E-005,-1.309082028456032E-003,-7.446127710863948E-005,
2.495233333333334E+009,-1.380286295898259E-003,-3.379359986865893E-005,-1.319447997957468E-003,-8.971565875981469E-006,
2.495266666666667E+009,-1.344569609500468E-003,4.275724859326147E-005,-1.238064258359373E-003,-2.964468876598403E-005,
2.495300000000000E+009,-1.288420287892222E-003,2.487780693627428E-005,-1.254302100278437E-003,5.729144322685897E-005,
2.495333333333334E+009,-1.329437363892794E-003,3.112341801170260E-005,-1.296625239774585E-003,1.352375966234831E-005,
2.495366666666667E+009,-1.333678490482271E-003,9.445902105653659E-005,-1.341836177743971E-003,6.986055086599663E-005,
2.495400000000000E+009,-1.278588548302651E-003,6.295867933658883E-005,-1.304041827097535E-003,1.398630556650460E-004,
2.495433333333334E+009,-1.294370624236763E-003,1.530237786937505E-004,-1.291652210056782E-003,1.797945296857506E-004,
2.495466666666667E+009,-1.263769227080047E-003,1.756941201165319E-004,-1.267492421902716E-003,1.788142108125612E-004,
2.495500000000000E+009,-1.292196102440357E-003,2.149596984963864E-004,-1.229020534083247E-003,2.325065870536491E-004,
2.495533333333334E+009,-1.284913509152830E-003,2.335015160497278E-004,-1.317876041866839E-003,2.427066356176511E-004,
2.495566666666667E+009,-1.304853707551956E-003,3.100725880358368E-004,-1.265076920390129E-003,2.717875468079001E-004,
2.495600000000000E+009,-1.264490652829409E-003,3.067063225898892E-004,-1.299476251006126E-003,3.046548517886549E-004,
2.495633333333334E+009,-1.280447468161583E-003,3.284903650637716E-004,-1.302762771956623E-003,3.680135414469987E-004,
2.495666666666667E+009,-1.330534112639725E-003,3.461965243332088E-004,-1.296006841585040E-003,3.966803196817637E-004,
2.495700000000000E+009,-1.303265686146915E-003,3.958165179938078E-004,-1.308629871346057E-003,4.046482499688864E-004,
2.495733333333334E+009,-1.230894005857408E-003,4.390650137793273E-004,-1.289979205466807E-003,4.317678394727409E-004,
2.495766666666667E+009,-1.270330511033535E-003,5.027123261243105E-004,-1.240194775164127E-003,5.124947638250887E-004,
2.495800000000000E+009,-1.238734228536487E-003,4.851733101531863E-004,-1.241347868926823E-003,5.164240719750524E-004,
2.495833333333334E+009,-1.234138850122690E-003,5.001403042115271E-004,-1.187777146697044E-003,5.833358154632151E-004,
2.495866666666667E+009,-1.215551397763193E-003,6.051572854630649E-004,-1.199828926473856E-003,5.644569755531848E-004,
2.495900000000000E+009,-1.159220584668219E-003,5.992148653604090E-004,-1.170281437225640E-003,5.981042631901801E-004,
2.495933333333334E+009,-1.171400304883719E-003,6.682791863568127E-004,-1.164905144833028E-003,6.687862332910299E-004,
2.495966666666667E+009,-1.130541902966797E-003,7.088031852617860E-004,-1.095080049708486E-003,6.959263700991869E-004,
2.496000000000000E+009,-1.158484839834273E-003,6.939278100617230E-004,-1.073560211807489E-003,7.331933593377471E-004,
2.496033333333334E+009,-1.078385044820607E-003,6.824955926276743E-004,-1.108554424718022E-003,7.704832241870463E-004,
2.496066666666667E+009,-1.103690010495484E-003,7.419168250635266E-004,-1.107438816688955E-003,7.826817454770207E-004,
2.496100000000000E+009,-1.045078388415277E-003,8.089522016234696E-004,-1.061042654328048E-003,8.259932510554791E-004,
2.496133333333334E+009,-1.071102218702436E-003,9.194507729262114E-004,-1.059915055520833E-003,8.276250446215272E-004,
2.496166666666667E+009,-1.039797440171242E-003,8.041073451749980E-004,-1.047845580615103E-003,8.258125744760037E-004,
2.496200000000000E+009,-1.050095306709409E-003,8.789176936261356E-004,-1.006802893243730E-003,8.777001057751477E-004,
2.496233333333334E+009,-1.024910947307944E-003,9.068870567716658E-004,-1.018582028336823E-003,8.800057112239301E-004,
2.496266666666667E+009,-1.009632716886699E-003,9.394846856594086E-004,-1.015906338579953E-003,9.102762560360134E-004,
2.496300000000000E+009,-1.022150390781462E-003,9.099619346670806E-004,-9.844045853242278E-004,9.436020045541227E-004,
2.496333333333334E+009,-9.384508593939245E-004,9.825337911024690E-004,-9.636235190555453E-004,9.848695481196046E-004,
2.496366666666667E+009,-9.249335271306336E-004,9.602599311619997E-004,-9.396464447490871E-004,1.022941782139242E-003,
2.496400000000000E+009,-9.359816904179752E-004,1.002714503556490E-003,-8.931951015256345E-004,1.012720633298159E-003,
2.496433333333334E+009,-9.029157226905227E-004,1.052742009051144E-003,-8.612338569946587E-004,9.916048729792237E-004,
2.496466666666667E+009,-7.527220877818763E-004,1.000418444164097E-003,-8.643386536277831E-004,1.055284752510488E-003,
2.496500000000000E+009,-8.353183511644602E-004,1.083195675164461E-003,-8.185862679965794E-004,1.045754877850413E-003,
2.496533333333334E+009,-7.671649218536913E-004,1.091573038138449E-003,-8.172550005838275E-004,1.148176379501820E-003,
2.496566666666667E+009,-7.949860882945359E-004,1.146876835264266E-003,-7.621422410011292E-004,1.137018785811961E-003,
2.496600000000000E+009,-7.748990319669247E-004,1.136612729169428E-003,-7.152513717301190E-004,1.138570252805948E-003,
2.496633333333334E+009,-6.818685214966536E-004,1.168733695521951E-003,-7.052848814055324E-004,1.133200130425394E-003,
2.496666666666667E+009,-6.769777392037213E-004,1.193825737573206E-003,-6.516072899103165E-004,1.176289282739162E-003,
2.496700000000000E+009,-6.648430717177689E-004,1.195707940496504E-003,-6.311648176051676E-004,1.157273654825985E-003,
2.496733333333334E+009,-6.193183944560587E-004,1.180708059109747E-003,-6.382602150551975E-004,1.212554168887436E-003,
2.496766666666667E+009,-6.676550838164985E-004,1.236873096786439E-003,-6.010672659613192E-004,1.224765204824507E-003,
2.496800000000000E+009,-6.014809478074312E-004,1.208132831379771E-003,-5.638130824081600E-004,1.243992941454053E-003,
2.496833333333334E+009,-5.429670563898981E-004,1.314284745603800E-003,-5.758875631727278E-004,1.197295961901546E-003,
2.496866666666667E+009,-5.016373470425606E-004,1.246420317329466E-003,-5.175602273084223E-004,1.272514811716974E-003,
2.496900000000000E+009,-4.858553002122790E-004,1.320844981819391E-003,-4.911242285743356E-004,1.239590812474489E-003,
2.496933333333334E+009,-4.627584712579846E-004,1.262919744476676E-003,-4.546644922811538E-004,1.305426703765988E-003,
2.496966666666667E+009,-3.766532754525542E-004,1.325773890130222E-003,-3.264417173340917E-004,1.273050555028021E-003,
2.497000000000000E+009,-4.294971877243370E-004,1.304748235270381E-003,-3.735445206984878E-004,1.292130444198847E-003,
2.497033333333334E+009,-2.695635193958879E-004,1.301367999985814E-003,-3.727578441612423E-004,1.342580653727055E-003,
2.497066666666667E+009,-3.180163330398500E-004,1.309527433477342E-003,-2.890537434723228E-004,1.240171957761049E-003,
2.497100000000000E+009,-2.714159491006285E-004,1.366090960800648E-003,-2.706799423322082E-004,1.319486531428993E-003,
2.497133333333334E+009,-2.003005356527865E-004,1.300280331633985E-003,-2.790430735331029E-004,1.386609743349254E-003,
2.497166666666667E+009,-1.858384785009548E-004,1.323751872405410E-003,-1.838188181864098E-004,1.358339097350836E-003,
2.497200000000000E+009,-2.099571138387546E-004,1.328100799582899E-003,-1.419016334693879E-004,1.345282536931336E-003,
2.497233333333334E+009,-1.357594010187313E-004,1.409222604706883E-003,-1.248863118235022E-004,1.395320869050920E-003,
2.497266666666667E+009,-8.822479867376387E-005,1.297699520364404E-003,-1.304274483118206E-004,1.359033165499568E-003,
2.497300000000000E+009,-9.298936492996290E-005,1.374949701130390E-003,-1.150157258962281E-004,1.357624307274818E-003,
2.497333333333334E+009,-3.837206531898119E-005,1.384728355333209E-003,2.102345388266258E-005,1.352869207039475E-003,
2.497366666666667E+009,-8.086788511718623E-006,1.412248588167131E-003,5.292897640174488E-006,1.430047443136573E-003,
2.497400000000000E+009,8.074467768892646E-005,1.386586693115532E-003,7.755529804853723E-005,1.339989132247865E-003,
2.497433333333334E+009,1.050196733558551E-004,1.329093356616795E-003,6.759915413567796E-005,1.356322434730828E-003,
2.497466666666667E+009,1.058126144926064E-004,1.349412021227181E-003,1.393391867168248E-004,1.420036889612675E-003,
2.497500000000000E+009,1.798585872165859E-004,1.383734634146094E-003,1.742413733154535E-004,1.368543598800898E-003,
2.497533333333334E+009,2.325091481907293E-004,1.298862043768168E-003,2.302506618434563E-004,1.375243184156716E-003,
2.497566666666667E+009,2.348106063436717E-004,1.307963510043919E-003,1.867300161393359E-004,1.358727109618485E-003,
2.497600000000000E+009,3.333440981805325E-004,1.248957705684006E-003,2.307463146280497E-004,1.374625251628459E-003,
2.497633333333334E+009,2.790690341498703E-004,1.300013973377645E-003,2.775028988253325E-004,1.301116310060024E-003,
2.497666666666667E+009,3.011302906088531E-004,1.272183842957020E-003,3.082910261582583E-004,1.304039615206420E-003,
2.497700000000000E+009,3.983627539128065E-004,1.333337393589318E-003,3.710693563334644E-004,1.303370110690594E-003,
2.497733333333334E+009,4.651236813515425E-004,1.232939772307873E-003,3.812373324763030E-004,1.378587330691516E-003,
2.497766666666667E+009,4.706478794105351E-004,1.327543403021991E-003,4.688268236350268E-004,1.326273079030216E-003,
2.497800000000000E+009,4.802668408956379E-004,1.267738756723702E-003,4.263376758899540E-004,1.276701805181801E-003,
2.497833333333334E+009,5.229843081906438E-004,1.268516760319471E-003,5.242247134447098E-004,1.288203056901693E-003,
2.497866666666667E+009,5.751540884375572E-004,1.273395842872560E-003,4.610406176652759E-004,1.246475731022656E-003,
2.497900000000000E+009,5.513349315151572E-004,1.246190047822893E-003,4.993937909603119E-004,1.199220307171345E-003,
2.497933333333334E+009,5.808824207633734E-004,1.255651121027768E-003,5.971668870188296E-004,1.242759288288653E-003,
2.497966666666667E+009,5.822209641337395E-004,1.243932987563312E-003,6.241016089916229E-004,1.205688691698015E-003,
2.498000000000000E+009,6.333710625767708E-004,1.185862813144922E-003,6.727933650836349E-004,1.249915338121355E-003,
2.498033333333334E+009,7.093467283993959E-004,1.157802762463689E-003,6.538401939906180E-004,1.168237999081612E-003,
2.498066666666667E+009,7.180084357969463E-004,1.153603312559426E-003,6.390163907781243E-004,1.173979369923472E-003,
2.498100000000000E+009,7.105137920007110E-004,1.141135813668370E-003,7.329709478653967E-004,1.163093140348792E-003,
2.498133333333334E+009,7.449401309713721E-004,1.161642954684794E-003,7.555272313766182E-004,1.092412043362856E-003,
2.498166666666667E+009,8.353700977750123E-004,1.121043227612972E-003,8.262792252935469E-004,1.070149708539248E-003,
2.498200000000000E+009,8.585476316511631E-004,1.119222375564277E-003,8.162652375176549E-004,1.078700763173401E-003,
2.498233333333334E+009,8.246455690823495E-004,1.102204201743007E-003,8.085010922513902E-004,1.059483271092176E-003,
2.498266666666667E+009,8.702408522367477E-004,1.060231588780880E-003,8.615651167929173E-004,1.072680228389800E-003,
2.498300000000000E+009,8.347414550371468E-004,1.048533362336457E-003,8.710148395039141E-004,1.023481716401875E-003,
2.498333333333334E+009,9.657311020419002E-004,9.678427013568580E-004,9.457590640522540E-004,1.020844327285886E-003,
2.498366666666667E+009,9.267046116292477E-004,1.042956835590303E-003,9.965456556528807E-004,9.904170874506235E-004,
2.498400000000000E+009,1.026009907945991E-003,9.555453434586525E-004,9.844775777310133E-004,9.150355472229421E-004,
2.498433333333334E+009,1.003932440653443E-003,9.226992842741311E-004,1.004037214443088E-003,9.585760417394340E-004,
2.498466666666667E+009,1.013530534692109E-003,9.265232947655022E-004,1.041367184370756E-003,9.116799337789416E-004,
2.498500000000000E+009,1.008979277685285E-003,8.701664628461003E-004,9.842943400144577E-004,8.463894482702017E-004,
2.498533333333334E+009,1.065718708559871E-003,8.267405210062861E-004,1.058685942552984E-003,8.622855530120432E-004,
2.498566666666667E+009,1.086516189388931E-003,8.292571292258799E-004,1.116614323109388E-003,8.074754150584340E-004,
2.498600000000000E+009,1.052839332260191E-003,8.121245773509145E-004,1.127641764469445E-003,7.635353831574321E-004,
2.498633333333334E+009,1.157334540039301E-003,7.449043332599104E-004,1.106587355025113E-003,8.045082213357091E-004,
2.498666666666667E+009,1.154571189545095E-003,6.873030215501785E-004,1.118925865739584E-003,7.154219201765955E-004,
2.498700000000000E+009,1.128564472310245E-003,6.722002290189266E-004,1.222999067977071E-003,7.268937770277262E-004,
2.498733333333334E+009,1.163698965683579E-003,6.296406500041485E-004,1.169820316135883E-003,7.256257231347263E-004,
2.498766666666667E+009,1.177024911157787E-003,6.159031181596220E-004,1.186223351396620E-003,6.555392756126821E-004,
2.498800000000000E+009,1.187312765978277E-003,5.616153357550502E-004,1.215404248796403E-003,6.148393731564283E-004,
2.498833333333334E+009,1.205753535032272E-003,5.604724283330143E-004,1.240213401615620E-003,6.009145290590823E-004,
2.498866666666667E+009,1.299683935940266E-003,5.332665750756860E-004,1.256802468560636E-003,5.867563304491341E-004,
2.498900000000000E+009,1.213255105540156E-003,5.045757861807942E-004,1.267623505555093E-003,5.547834443859756E-004,
2.498933333333334E+009,1.273800386115909E-003,5.161477020010352E-004,1.225808402523398E-003,4.911774885840714E-004,
2.498966666666667E+009,1.340322778560221E-003,4.347589856479317E-004,1.281975302845240E-003,4.850953700952232E-004,
2.499000000000000E+009,1.260034157894552E-003,4.026411334052682E-004,1.273634494282305E-003,4.005726077593863E-004,
2.499033333333334E+009,1.324635231867433E-003,3.958377928938717E-004,1.307171420194209E-003,3.709702868945897E-004,
2.499066666666667E+009,1.369975274428725E-003,3.274676855653524E-004,1.288293045945466E-003,3.301850520074368E-004,
2.499100000000000E+009,1.285873702727258E-003,2.800553920678794E-004,1.331087900325656E-003,2.833500038832426E-004,
2.499133333333334E+009,1.270861597731710E-003,2.647989313118160E-004,1.302440650761128E-003,2.297313767485321E-004,
2.499166666666667E+009,1.277656760066748E-003,2.002700348384678E-004,1.281125121749938E-003,1.825963699957356E-004,
2.499200000000000E+009,1.265368191525340E-003,1.607868907740340E-004,1.317102578468621E-003,1.632117055123672E-004,
2.499233333333334E+009,1.323258969932795E-003,1.416097948094830E-004,1.312507083639503E-003,1.778834848664701E-004,
2.499266666666667E+009,1.326362602412701E-003,1.317889691563323E-004,1.317048445343971E-003,1.748266658978537E-004,
2.499300000000000E+009,1.310759689658880E-003,1.145858841482550E-004,1.315019209869206E-003,1.532965834485367E-004,
2.499333333333334E+009,1.351651037111878E-003,6.681016384391114E-005,1.344288699328899E-003,8.998867269838229E-005,
2.499366666666667E+009,1.306353951804340E-003,4.738331699627452E-005,1.373865292407572E-003,2.350313116039615E-005,
2.499400000000000E+009,1.333653111942112E-003,4.254832310834900E-005,1.328836428001523E-003,2.744279663602356E-005,
2.499433333333334E+009,1.314744935370982E-003,-6.764444697182626E-005,1.349805039353669E-003,-9.842662257142365E-005,
2.499466666666667E+009,1.332668238319457E-003,-2.636846693349071E-005,1.334605156444013E-003,-7.602076948387548E-005,
2.499500000000000E+009,1.295815920457244E-003,-1.225394371431321E-004,1.330836210399866E-003,-1.679148263065144E-004,
2.499533333333334E+009,1.293636043556035E-003,-9.775054058991373E-005,1.331186271272600E-003,-1.042271760525182E-004,
2.499566666666667E+009,1.269073574803770E-003,-1.698315172689036E-004,1.318680820986629E-003,-2.103526057908312E-004,
2.499600000000000E+009,1.284367637708783E-003,-1.579007948748767E-004,1.337136025540531E-003,-1.776123681338504E-004,
2.499633333333334E+009,1.287430641241372E-003,-1.787678193068132E-004,1.352264429442585E-003,-1.914927706820890E-004,
2.499666666666667E+009,1.299241441302002E-003,-2.550126228015870E-004,1.269771251827478E-003,-2.691455010790378E-004,
2.499700000000000E+009,1.304768840782344E-003,-3.024937759619206E-004,1.289600855670869E-003,-2.929425681941211E-004,
2.499733333333334E+009,1.237858668901026E-003,-3.298548108432442E-004,1.299044117331505E-003,-2.839546068571508E-004,
2.499766666666667E+009,1.254847738891840E-003,-3.517758159432560E-004,1.261442666873336E-003,-3.157240280415863E-004,
2.499800000000000E+009,1.207694527693093E-003,-3.264094411861152E-004,1.255773589946330E-003,-4.161659162491560E-004,
2.499833333333334E+009,1.250136992894113E-003,-4.340723098721355E-004,1.214370713569224E-003,-4.539328801911324E-004,
2.499866666666667E+009,1.217919867485762E-003,-4.154532798565924E-004,1.190397189930081E-003,-4.590965691022575E-004,
2.499900000000000E+009,1.188184018246830E-003,-4.895261372439563E-004,1.185235916636884E-003,-4.730642249342054E-004,
2.499933333333334E+009,1.210012473165989E-003,-4.410782130435109E-004,1.181892468594015E-003,-4.695527895819396E-004,
2.499966666666667E+009,1.207603025250137E-003,-5.239177844487131E-004,1.153535558842123E-003,-5.252539995126426E-004,
2.500000000000000E+009,1.113449572585523E-003,-5.601795273832977E-004,1.185426022857428E-003,-5.642000469379127E-004,
