% Version 1.00
%
%freq[Hz];re:Trc1_S21;im:Trc1_S21;re:Trc2_S12;im:Trc2_S12;
2.480000000000000E+009,5.914716166444123E-004,1.644329400733113E-003,5.741564673371613E-004,1.691092038527131E-003,
2.480033333333334E+009,6.144603248685598E-004,1.613373518921435E-003,6.424707826226950E-004,1.617139670997858E-003,
2.480066666666667E+009,6.504743942059577E-004,1.551420078612864E-003,7.178873638622463E-004,1.581026823259890E-003,
2.480100000000000E+009,7.310684886761010E-004,1.604338176548481E-003,7.527300040237606E-004,1.597979688085616E-003,
2.480133333333334E+009,7.574800401926041E-004,1.543570309877396E-003,7.759614381939173E-004,1.621850184164941E-003,
2.480166666666667E+009,8.315410232171416E-004,1.557137002237141E-003,8.335459860973060E-004,1.560535514727235E-003,
2.480200000000000E+009,8.090017363429070E-004,1.500231330282986E-003,8.541286224499345E-004,1.515103736892343E-003,
2.480233333333334E+009,8.778203045949340E-004,1.561676501296461E-003,8.865343406796455E-004,1.479864353314042E-003,
2.480266666666667E+009,9.125806973315775E-004,1.421967637725174E-003,9.669013088569045E-004,1.475774915888906E-003,
2.480300000000000E+009,9.794939542189241E-004,1.431489828974009E-003,8.704070933163166E-004,1.407379051670432E-003,
2.480333333333334E+009,9.732012986205518E-004,1.439505023881793E-003,9.945341153070331E-004,1.391817349940538E-003,
2.480366666666667E+009,1.002701348625124E-003,1.401027664542198E-003,1.024471595883369E-003,1.415809150785208E-003,
2.480400000000000E+009,1.044419244863093E-003,1.307319151237607E-003,1.027947408147156E-003,1.315448665991426E-003,
2.480433333333334E+009,1.096721622161567E-003,1.354285981506109E-003,1.061733928509057E-003,1.321762916631997E-003,
2.480466666666667E+009,1.149763353168964E-003,1.285977195948362E-003,1.114718732424080E-003,1.267328159883618E-003,
2.480500000000000E+009,1.115830964408815E-003,1.262276316992939E-003,1.174364588223398E-003,1.269808737561107E-003,
2.480533333333334E+009,1.150790601968765E-003,1.221176004037261E-003,1.170711242593825E-003,1.200291095301509E-003,
2.480566666666667E+009,1.210557646118105E-003,1.206510001793504E-003,1.200028695166111E-003,1.213888986967504E-003,
2.480600000000000E+009,1.198093872517347E-003,1.170605653896928E-003,1.272042747586966E-003,1.237808144651353E-003,
2.480633333333334E+009,1.317293266765773E-003,1.127320574596524E-003,1.234016031958163E-003,1.172211603261530E-003,
2.480666666666667E+009,1.265960163436830E-003,1.121230772696436E-003,1.320451381616294E-003,1.125268172472715E-003,
2.480700000000000E+009,1.284151570871472E-003,1.101122703403235E-003,1.303556957282126E-003,1.056726090610027E-003,
2.480733333333334E+009,1.355277490802109E-003,1.047097379341722E-003,1.378206885419786E-003,1.068969839252532E-003,
2.480766666666667E+009,1.340209739282727E-003,9.799543768167496E-004,1.358162728138268E-003,9.565370855852962E-004,
2.480800000000000E+009,1.410466153174639E-003,9.763380512595177E-004,1.426207949407399E-003,1.034741057083011E-003,
2.480833333333334E+009,1.454969053156674E-003,9.181639179587364E-004,1.351996441371739E-003,9.744673734530807E-004,
2.480866666666667E+009,1.412316691130400E-003,9.114036220125854E-004,1.471506315283477E-003,9.062023018486798E-004,
2.480900000000000E+009,1.445915200747550E-003,8.856100030243397E-004,1.489907153882086E-003,9.093424887396395E-004,
2.480933333333334E+009,1.447085523977876E-003,8.421129314228892E-004,1.398165361024439E-003,8.364256937056780E-004,
2.480966666666667E+009,1.430878881365061E-003,7.815020508132875E-004,1.456906320527196E-003,8.288024109788239E-004,
2.481000000000000E+009,1.481933868490160E-003,7.762232562527061E-004,1.505114720202982E-003,8.239294984377921E-004,
2.481033333333334E+009,1.574911526404321E-003,7.618294330313802E-004,1.543848542496562E-003,7.799633312970400E-004,
2.481066666666667E+009,1.537722884677351E-003,7.573973271064460E-004,1.581716816872358E-003,7.313347305171192E-004,
2.481100000000000E+009,1.588182291015983E-003,7.448591641150415E-004,1.661610207520425E-003,7.299836142919958E-004,
2.481133333333334E+009,1.614913111552596E-003,6.734225316904485E-004,1.680430490523577E-003,7.024264195933938E-004,
2.481166666666667E+009,1.687281532213092E-003,6.357659003697336E-004,1.739629544317722E-003,6.250647711567581E-004,
2.481200000000000E+009,1.672171987593174E-003,5.424100090749562E-004,1.681620487943292E-003,5.785698886029422E-004,
2.481233333333334E+009,1.648195204325020E-003,5.214955890551209E-004,1.655103056691587E-003,5.339462077245116E-004,
2.481266666666667E+009,1.659986330196261E-003,4.954210598953068E-004,1.672164187766612E-003,4.782642063219100E-004,
2.481300000000000E+009,1.609199214726687E-003,4.359570448286831E-004,1.668216427788138E-003,4.184129356872290E-004,
2.481333333333334E+009,1.630540355108678E-003,4.064383974764496E-004,1.681969151832163E-003,3.189782437402755E-004,
2.481366666666667E+009,1.625943346880376E-003,3.374720690771937E-004,1.622081850655377E-003,3.170841082464904E-004,
2.481400000000000E+009,1.647925935685635E-003,3.351203631609678E-004,1.631251536309719E-003,3.111692203674465E-004,
2.481433333333334E+009,1.609632396139205E-003,2.490086189936847E-004,1.615295303054154E-003,2.272230485687032E-004,
2.481466666666667E+009,1.648925244808197E-003,1.928674028022215E-004,1.648389268666506E-003,1.719951542327181E-004,
2.481500000000000E+009,1.672561629675329E-003,1.815927971620113E-004,1.618532231077552E-003,1.276483671972528E-004,
2.481533333333334E+009,1.649342477321625E-003,1.413369172951207E-004,1.653443439863622E-003,1.181902698590420E-004,
2.481566666666667E+009,1.646970049478114E-003,2.473807762726210E-005,1.679874374531210E-003,3.784730142797343E-005,
2.481600000000000E+009,1.615863526239991E-003,-4.396994881972205E-006,1.633332110941410E-003,3.505714857965359E-006,
2.481633333333334E+009,1.598521135747433E-003,-3.729152740561403E-005,1.643449999392033E-003,-4.230572812957689E-005,
2.481666666666667E+009,1.631601247936487E-003,-1.022500364342704E-004,1.673327758908272E-003,-8.538617839803919E-005,
2.481700000000000E+009,1.667561824433506E-003,-8.321984205394983E-005,1.633783220313489E-003,-9.334433707408607E-005,
2.481733333333334E+009,1.625306205824018E-003,-1.839768228819594E-004,1.620373921468854E-003,-1.436739257769659E-004,
2.481766666666667E+009,1.593373832292855E-003,-1.729851646814495E-004,1.621224335394800E-003,-2.441200194880366E-004,
2.481800000000000E+009,1.574467401951551E-003,-2.130670764017850E-004,1.537403906695545E-003,-2.396859490545467E-004,
2.481833333333334E+009,1.601876108907163E-003,-3.178282349836081E-004,1.580263487994671E-003,-2.617208228912205E-004,
2.481866666666667E+009,1.572038279846311E-003,-3.460695443209261E-004,1.594965928234160E-003,-3.028635110240430E-004,
2.481900000000000E+009,1.568650011904538E-003,-3.424606693442911E-004,1.540613477118313E-003,-3.760880208574235E-004,
2.481933333333334E+009,1.521125435829163E-003,-3.853787202388048E-004,1.566661288961768E-003,-4.473276203498244E-004,
2.481966666666667E+009,1.519838115200400E-003,-4.166566650383174E-004,1.579801551997662E-003,-4.446541715878993E-004,
2.482000000000000E+009,1.517657889053226E-003,-4.316075064707547E-004,1.494524185545743E-003,-4.414871509652585E-004,
2.482033333333334E+009,1.472454052418470E-003,-4.827776574529707E-004,1.505663734860718E-003,-4.522553062997758E-004,
2.482066666666667E+009,1.530125504359603E-003,-5.242007318884134E-004,1.483041327446699E-003,-5.280591431073844E-004,
2.482100000000000E+009,1.424814458005130E-003,-5.803513340651989E-004,1.475628232583404E-003,-6.508443620987237E-004,
2.482133333333334E+009,1.447912654839456E-003,-5.955474916845560E-004,1.436306396499276E-003,-5.958761903457344E-004,
2.482166666666667E+009,1.475999248214066E-003,-6.201850483193994E-004,1.428335439413786E-003,-6.206973921507597E-004,
2.482200000000000E+009,1.428109826520085E-003,-6.893351092003286E-004,1.400450826622546E-003,-6.235636537894607E-004,
2.482233333333334E+009,1.438774634152651E-003,-7.049968116916716E-004,1.394561724737287E-003,-6.859966670162976E-004,
2.482266666666667E+009,1.370948506519198E-003,-7.161754765547812E-004,1.383187482133508E-003,-7.285054307430983E-004,
2.482300000000000E+009,1.340177142992616E-003,-7.767481729388237E-004,1.307794707827270E-003,-7.600436219945550E-004,
2.482333333333334E+009,1.289782347157598E-003,-7.824753411114216E-004,1.263211714103818E-003,-7.831565453670919E-004,
2.482366666666667E+009,1.304050209000707E-003,-8.380115032196045E-004,1.334422966465354E-003,-8.794665336608887E-004,
2.482400000000000E+009,1.285703736357391E-003,-9.106827201321721E-004,1.322614960372448E-003,-8.599671418778598E-004,
2.482433333333334E+009,1.283889519982040E-003,-8.478585514239967E-004,1.295911148190498E-003,-9.008097695186734E-004,
2.482466666666667E+009,1.282560057006776E-003,-9.357049129903317E-004,1.278077135793865E-003,-8.855361957103014E-004,
2.482500000000000E+009,1.187679939903319E-003,-9.296618518419564E-004,1.188291120342910E-003,-8.840415393933654E-004,
2.482533333333334E+009,1.223483588546515E-003,-9.239608771167696E-004,1.278275856748223E-003,-1.004257006570697E-003,
2.482566666666667E+009,1.207335037179291E-003,-9.702271781861782E-004,1.211828668601811E-003,-1.010465435683727E-003,
2.482600000000000E+009,1.134965801611543E-003,-9.865779429674149E-004,1.156543497927487E-003,-1.035447348840535E-003,
2.482633333333334E+009,1.144522102549672E-003,-1.041546929627657E-003,1.123000402003527E-003,-1.043053343892098E-003,
2.482666666666667E+009,1.155539532192051E-003,-1.088862773030996E-003,1.166095957159996E-003,-1.111847581341863E-003,
2.482700000000000E+009,1.173815922811627E-003,-1.117841340601444E-003,1.212509116157889E-003,-1.156158745288849E-003,
2.482733333333334E+009,1.110436744056642E-003,-1.187668065540493E-003,1.110490295104682E-003,-1.185021130368114E-003,
2.482766666666667E+009,1.065768883563578E-003,-1.256491173990071E-003,1.048845355398953E-003,-1.161433523520827E-003,
2.482800000000000E+009,1.002862001769245E-003,-1.177468569949269E-003,1.017903559841216E-003,-1.191290095448494E-003,
2.482833333333334E+009,1.012557768262923E-003,-1.210930175147951E-003,9.548807865940034E-004,-1.206954708322883E-003,
2.482866666666667E+009,9.657469345256686E-004,-1.206186600029469E-003,9.090835810638964E-004,-1.206012675538659E-003,
2.482900000000000E+009,8.802188094705343E-004,-1.186482259072363E-003,8.867107098922133E-004,-1.221871003508568E-003,
2.482933333333334E+009,8.694692514836788E-004,-1.222961349412799E-003,8.796235197223723E-004,-1.243227627128363E-003,
2.482966666666667E+009,8.210900705307722E-004,-1.247673993930221E-003,8.144412422552705E-004,-1.220422680489719E-003,
2.483000000000000E+009,7.713880040682852E-004,-1.249205088242889E-003,7.612335029989481E-004,-1.296841190196574E-003,
2.483033333333334E+009,7.603372214362025E-004,-1.276685739867389E-003,7.633070927113295E-004,-1.276045688427985E-003,
2.483066666666667E+009,7.071204599924386E-004,-1.318505150265992E-003,6.695502088405192E-004,-1.341850496828556E-003,
2.483100000000000E+009,6.650633877143264E-004,-1.318402006290853E-003,6.736344657838345E-004,-1.282583572901785E-003,
2.483133333333334E+009,6.813296349719167E-004,-1.321508199907839E-003,6.185610545799136E-004,-1.286893151700497E-003,
2.483166666666667E+009,6.029774667695165E-004,-1.321238814853132E-003,6.059058359824121E-004,-1.375563209876418E-003,
2.483200000000000E+009,5.508598405867815E-004,-1.325532677583396E-003,5.456198123283684E-004,-1.363610150292516E-003,
2.483233333333334E+009,5.063372082076967E-004,-1.350480248220265E-003,5.326071986928582E-004,-1.358063891530037E-003,
2.483266666666667E+009,4.946150002069771E-004,-1.398281776346266E-003,5.149609642103314E-004,-1.358265522867441E-003,
2.483300000000000E+009,4.445374652277678E-004,-1.375260297209024E-003,4.450193664524704E-004,-1.369595527648926E-003,
2.483333333333334E+009,4.596995713654906E-004,-1.389910001307726E-003,4.693493247032166E-004,-1.428763731382787E-003,
2.483366666666667E+009,3.724035341292620E-004,-1.366938115097582E-003,4.099831858184189E-004,-1.411826116964221E-003,
2.483400000000000E+009,3.581728378776461E-004,-1.447127084247768E-003,3.398721746634692E-004,-1.415748614817858E-003,
2.483433333333334E+009,2.913848438765854E-004,-1.346858101896942E-003,2.934001386165619E-004,-1.320179784670472E-003,
2.483466666666667E+009,3.256087074987590E-004,-1.411901554092765E-003,3.159111947752535E-004,-1.423621317371726E-003,
2.483500000000000E+009,2.368770510656759E-004,-1.384658855386078E-003,2.455640060361475E-004,-1.386810792610049E-003,
2.483533333333334E+009,2.588227798696607E-004,-1.380498753860593E-003,1.685161842033267E-004,-1.449320581741631E-003,
2.483566666666667E+009,2.042370033450425E-004,-1.435337122529745E-003,1.808036613510922E-004,-1.382330083288252E-003,
2.483600000000000E+009,1.690471253823489E-004,-1.422447850927711E-003,1.587127771927044E-004,-1.406103488989174E-003,
2.483633333333334E+009,1.004748919513077E-004,-1.423172187060118E-003,1.055910179275088E-004,-1.354581327177584E-003,
2.483666666666667E+009,7.483219087589532E-005,-1.409713178873062E-003,4.934526805300266E-005,-1.359335030429065E-003,
2.483700000000000E+009,8.687445370014757E-005,-1.371117890812457E-003,6.871117511764169E-005,-1.403326867148280E-003,
2.483733333333334E+009,4.184626959613524E-005,-1.430422416888177E-003,6.188747647684068E-005,-1.410456374287605E-003,
2.483766666666667E+009,-2.976878204208333E-005,-1.397672691382468E-003,-5.446916475193575E-005,-1.443906105123460E-003,
2.483800000000000E+009,-4.360020466265269E-005,-1.366296783089638E-003,-2.649845191626810E-005,-1.385759795084596E-003,
2.483833333333334E+009,-7.329640357056633E-005,-1.379161956720054E-003,-4.641751729650423E-005,-1.430087024345994E-003,
2.483866666666667E+009,-1.031341816997156E-004,-1.372250728309155E-003,-1.221439015353099E-004,-1.428605173714459E-003,
2.483900000000000E+009,-1.344282209174708E-004,-1.358581823296845E-003,-1.546028652228415E-004,-1.346224220469594E-003,
2.483933333333334E+009,-1.941809023264796E-004,-1.412058249115944E-003,-1.563410187372938E-004,-1.406492432579398E-003,
2.483966666666667E+009,-1.982993562705815E-004,-1.364995259791613E-003,-2.627477806527168E-004,-1.370844547636807E-003,
2.484000000000000E+009,-1.963236572919413E-004,-1.350759528577328E-003,-2.024449495365843E-004,-1.370085752569139E-003,
2.484033333333334E+009,-2.467629674356431E-004,-1.364617375656962E-003,-2.308773837285116E-004,-1.362712006084621E-003,
2.484066666666667E+009,-3.259933146182448E-004,-1.360685215331614E-003,-2.913184871431440E-004,-1.364189549349248E-003,
2.484100000000000E+009,-2.967444306705147E-004,-1.365936128422618E-003,-2.769406419247389E-004,-1.339437556453049E-003,
2.484133333333334E+009,-3.144046058878303E-004,-1.376688596792519E-003,-3.597777686081827E-004,-1.337017863988876E-003,
2.484166666666667E+009,-3.141655470244587E-004,-1.291259541176260E-003,-3.513922565616667E-004,-1.364404801279306E-003,
2.484200000000000E+009,-3.971609694417566E-004,-1.331262057647109E-003,-3.445338807068765E-004,-1.380025641992688E-003,
2.484233333333334E+009,-4.234846564941108E-004,-1.345732482150197E-003,-4.373900301288813E-004,-1.317389891482890E-003,
2.484266666666667E+009,-4.521911905612797E-004,-1.364976516924799E-003,-5.256482982076705E-004,-1.392549369484186E-003,
2.484300000000000E+009,-4.994766204617918E-004,-1.381377223879099E-003,-5.659295129589737E-004,-1.340836752206087E-003,
2.484333333333334E+009,-4.927603877149522E-004,-1.318244845606387E-003,-5.427089636214078E-004,-1.278079813346267E-003,
2.484366666666667E+009,-5.759929190389812E-004,-1.279190066270530E-003,-5.721349152736366E-004,-1.284607569687069E-003,
2.484400000000000E+009,-6.105247302912176E-004,-1.304731587879360E-003,-6.261893431656063E-004,-1.237437245436013E-003,
2.484433333333334E+009,-6.343048298731446E-004,-1.249044551514089E-003,-5.820353981107473E-004,-1.268987311050296E-003,
2.484466666666667E+009,-6.338143721222878E-004,-1.210142392665148E-003,-6.480540614575148E-004,-1.221858197823167E-003,
2.484500000000000E+009,-6.454176618717611E-004,-1.212341943755746E-003,-6.181421922519803E-004,-1.178746926598251E-003,
2.484533333333334E+009,-6.256512715481222E-004,-1.181722269393504E-003,-7.088675629347563E-004,-1.215849304571748E-003,
2.484566666666667E+009,-7.178138475865126E-004,-1.118971384130418E-003,-6.968522211536765E-004,-1.182298990897834E-003,
2.484600000000000E+009,-7.598982774652541E-004,-1.164447050541639E-003,-7.174972561188042E-004,-1.120531116612256E-003,
2.484633333333334E+009,-7.528055575676262E-004,-1.067246193997562E-003,-7.245289743877947E-004,-1.084913383238018E-003,
2.484666666666667E+009,-7.201789994724095E-004,-1.094479812309146E-003,-7.918993360362947E-004,-1.089882920496166E-003,
2.484700000000000E+009,-7.806491921655834E-004,-1.037796610035002E-003,-8.318370673805475E-004,-1.001255121082068E-003,
2.484733333333334E+009,-8.168939966708422E-004,-1.052334555424750E-003,-8.054105564951897E-004,-1.011076965369284E-003,
2.484766666666667E+009,-8.092299103736877E-004,-1.034816494211555E-003,-8.764814701862633E-004,-1.021736301481724E-003,
2.484800000000000E+009,-8.793629822321236E-004,-9.448199416510761E-004,-8.554908563382924E-004,-9.634994203224778E-004,
2.484833333333334E+009,-8.762705256231129E-004,-9.246069821529090E-004,-9.021550067700446E-004,-9.614324662834406E-004,
2.484866666666667E+009,-9.201869252137840E-004,-9.518396109342575E-004,-8.785115787759423E-004,-9.438500856049359E-004,
2.484900000000000E+009,-9.244787506759167E-004,-8.700930047780275E-004,-9.198986226692796E-004,-9.446244803257287E-004,
2.484933333333334E+009,-9.414836531504989E-004,-9.105633362196386E-004,-8.898374508135021E-004,-8.321283967234194E-004,
2.484966666666667E+009,-9.708786965347827E-004,-8.777782204560936E-004,-9.845114545896649E-004,-8.613966056145728E-004,
2.485000000000000E+009,-1.025579869747162E-003,-8.447251166217029E-004,-9.875015821307898E-004,-9.070492815226317E-004,
2.485033333333334E+009,-1.029272680170834E-003,-7.999030640348792E-004,-1.020260620862246E-003,-7.816525758244097E-004,
2.485066666666667E+009,-1.012081862427294E-003,-7.949441787786782E-004,-1.021995209157467E-003,-7.629381143487990E-004,
2.485100000000000E+009,-1.012803753837943E-003,-7.624936406500638E-004,-1.027370220981538E-003,-7.787522627040744E-004,
2.485133333333334E+009,-9.624522645026445E-004,-7.504126988351345E-004,-1.052209408953786E-003,-6.901086890138686E-004,
2.485166666666667E+009,-1.023182645440102E-003,-7.142108515836299E-004,-1.022891374304891E-003,-7.157705840654671E-004,
2.485200000000000E+009,-1.068375539034605E-003,-7.372886175289750E-004,-1.057786634191871E-003,-6.968018715269864E-004,
2.485233333333334E+009,-1.105649513192475E-003,-6.887119961902499E-004,-1.023342600092292E-003,-6.692461320199072E-004,
2.485266666666667E+009,-1.092329970560968E-003,-6.328956224024296E-004,-1.107586664147675E-003,-6.816299282945693E-004,
2.485300000000000E+009,-1.121327048167586E-003,-6.477733841165900E-004,-1.102607231587172E-003,-6.185431848280132E-004,
2.485333333333334E+009,-1.083948765881360E-003,-5.464319838210940E-004,-1.121979905292392E-003,-6.001580040901899E-004,
2.485366666666667E+009,-1.131754019297659E-003,-6.255161133594811E-004,-1.071174745447934E-003,-5.314269219525158E-004,
2.485400000000000E+009,-1.155565027147532E-003,-5.575673421844840E-004,-1.212665229104459E-003,-5.313209840096533E-004,
2.485433333333334E+009,-1.152962562628090E-003,-5.698482273146510E-004,-1.128550502471626E-003,-5.361788207665086E-004,
2.485466666666667E+009,-1.170752220787108E-003,-5.075656808912754E-004,-1.112682046368718E-003,-4.331677919253707E-004,
2.485500000000000E+009,-1.183138461783528E-003,-4.747727653011680E-004,-1.171952113509178E-003,-4.727035993710160E-004,
2.485533333333334E+009,-1.202633720822632E-003,-4.567794385366142E-004,-1.180294435471296E-003,-4.426593368407339E-004,
2.485566666666667E+009,-1.157284947112203E-003,-4.274136153981090E-004,-1.200125901959837E-003,-3.901206946466118E-004,
2.485600000000000E+009,-1.165683148428798E-003,-3.873908717650920E-004,-1.173725002445281E-003,-3.572379646357149E-004,
2.485633333333334E+009,-1.253442023880780E-003,-3.845582250505686E-004,-1.221460173837841E-003,-3.185094101354480E-004,
2.485666666666667E+009,-1.175382989458740E-003,-3.557747113518417E-004,-1.194931683130562E-003,-3.121290064882487E-004,
2.485700000000000E+009,-1.230441615916789E-003,-2.985383325722069E-004,-1.128935138694942E-003,-3.899320436175913E-004,
2.485733333333334E+009,-1.200396683998406E-003,-2.744813100434840E-004,-1.231720554642379E-003,-2.775228640530258E-004,
2.485766666666667E+009,-1.237685559317470E-003,-2.564413007348776E-004,-1.231369213201106E-003,-2.786025579553098E-004,
2.485800000000000E+009,-1.253719092346728E-003,-2.977647818624973E-004,-1.311796018853784E-003,-2.240505855297670E-004,
2.485833333333334E+009,-1.228365814313293E-003,-2.640406019054353E-004,-1.304169301874936E-003,-2.503551077097654E-004,
2.485866666666667E+009,-1.313458662480116E-003,-1.266893959837034E-004,-1.301718759350479E-003,-8.611167868366465E-005,
2.485900000000000E+009,-1.303721568547189E-003,-1.413888239767402E-004,-1.291586086153984E-003,-1.376472209813073E-004,
2.485933333333334E+009,-1.257958821952343E-003,-1.340184971923009E-004,-1.290054642595351E-003,-9.301600948674604E-005,
2.485966666666667E+009,-1.295485300943255E-003,-9.490297088632360E-005,-1.314843888394535E-003,-7.962442759890109E-005,
2.486000000000000E+009,-1.287606195546687E-003,-8.721630001673475E-005,-1.305389218032360E-003,-6.669733556918800E-005,
2.486033333333334E+009,-1.245428691618145E-003,-2.793218664010055E-005,-1.273938105441630E-003,-7.453616854036227E-005,
2.486066666666667E+009,-1.248773420229554E-003,-3.644979005912319E-005,-1.215086551383138E-003,-3.769430986722000E-005,
2.486100000000000E+009,-1.284441212192178E-003,-7.738012754998636E-006,-1.224741339683533E-003,-2.247752308903728E-005,
2.486133333333334E+009,-1.261395867913961E-003,1.114367842092179E-004,-1.248393091373146E-003,2.796739499899559E-005,
2.486166666666667E+009,-1.207987195812166E-003,8.667603106005117E-005,-1.232013921253383E-003,7.305302278837189E-005,
2.486200000000000E+009,-1.191305345855653E-003,7.282608567038551E-005,-1.251923618838191E-003,1.469063718104735E-004,
2.486233333333334E+009,-1.209351816214621E-003,1.052335501299240E-004,-1.203067833557725E-003,1.232265058206394E-004,
2.486266666666667E+009,-1.180968596599996E-003,9.259224316338077E-005,-1.183595042675734E-003,1.628955942578614E-004,
2.486300000000000E+009,-1.151380594819784E-003,2.158081479137763E-004,-1.146620605140925E-003,1.872068532975391E-004,
2.486333333333334E+009,-1.145889284089208E-003,1.799015735741705E-004,-1.195288961753249E-003,1.980039378395304E-004,
2.486366666666667E+009,-1.178835052996874E-003,2.656262076925486E-004,-1.161350053735077E-003,2.331614668946713E-004,
2.486400000000000E+009,-1.125598326325417E-003,2.224436175310984E-004,-1.111277029849589E-003,2.679838216863573E-004,
2.486433333333334E+009,-1.137323328293860E-003,2.740781637839973E-004,-1.112757134251297E-003,2.765226527117193E-004,
2.486466666666667E+009,-1.141926157288253E-003,3.650842118076980E-004,-1.141303800977767E-003,3.267489664722234E-004,
2.486500000000000E+009,-1.116926665417850E-003,3.550108813215047E-004,-1.122811343520880E-003,3.314948990009725E-004,
2.486533333333334E+009,-1.107480959035456E-003,3.719933447428048E-004,-1.144777401350439E-003,3.992650599684566E-004,
2.486566666666667E+009,-1.109029166400433E-003,4.466396057978272E-004,-1.138718216679990E-003,4.168239538557828E-004,
2.486600000000000E+009,-1.118761138059199E-003,3.672527964226902E-004,-1.132965902797878E-003,3.644571406766772E-004,
2.486633333333334E+009,-1.122843241319060E-003,4.314237739890814E-004,-1.049107289873064E-003,4.431546840351075E-004,
2.486666666666667E+009,-1.127403113059700E-003,4.252314975019544E-004,-1.023357734084129E-003,4.687471955548972E-004,
2.486700000000000E+009,-1.121310750022531E-003,4.933533491566777E-004,-1.110631041228771E-003,4.713312373496592E-004,
2.486733333333334E+009,-1.035254099406302E-003,5.042942357249558E-004,-1.074258354492486E-003,4.458214971236885E-004,
2.486766666666667E+009,-1.018994720652700E-003,5.156346014700830E-004,-1.026069046929479E-003,5.436100182123482E-004,
2.486800000000000E+009,-1.064465730451047E-003,5.130573408678174E-004,-1.013701083138585E-003,5.865102284587920E-004,
2.486833333333334E+009,-1.032884581945837E-003,5.185878835618496E-004,-9.949434315785766E-004,5.759522318840027E-004,
2.486866666666667E+009,-9.511464159004390E-004,6.283827824518085E-004,-9.897951968014240E-004,6.138841854408383E-004,
2.486900000000000E+009,-9.718594374135137E-004,5.276226438581944E-004,-9.712469764053822E-004,5.793249583803117E-004,
2.486933333333334E+009,-9.913233807310462E-004,6.418188568204641E-004,-9.731224272400141E-004,6.072558462619782E-004,
2.486966666666667E+009,-9.156176820397377E-004,6.784133729524910E-004,-9.690728038549423E-004,6.419548299163580E-004,
2.487000000000000E+009,-9.575419826433063E-004,6.453132373280823E-004,-9.732230682857335E-004,6.979657919146121E-004,
2.487033333333334E+009,-9.030790533870459E-004,7.017861935310066E-004,-8.794225286692381E-004,6.976035074330866E-004,
2.487066666666667E+009,-9.383260621689260E-004,6.846935721114278E-004,-9.119036840274930E-004,7.297080592252314E-004,
2.487100000000000E+009,-9.344248683191836E-004,6.719040684401989E-004,-8.788728155195713E-004,7.414591964334250E-004,
2.487133333333334E+009,-8.436779025942087E-004,7.366731879301369E-004,-8.459690143354237E-004,7.433230057358742E-004,
2.487166666666667E+009,-8.469079621136189E-004,7.900845957919955E-004,-8.882359252311289E-004,7.447549724020064E-004,
2.487200000000000E+009,-8.963092695921660E-004,7.898847106844187E-004,-8.732148562557995E-004,7.565359119325876E-004,
2.487233333333334E+009,-8.692041737958789E-004,8.620628505013883E-004,-8.649741066619754E-004,7.391253602690995E-004,
2.487266666666667E+009,-7.817287696525455E-004,8.176444098353386E-004,-8.116487297229469E-004,7.957547204568982E-004,
2.487300000000000E+009,-8.092911448329687E-004,8.505017030984163E-004,-8.288234821520746E-004,8.497383096255362E-004,
2.487333333333334E+009,-7.886103121563792E-004,8.719912148080766E-004,-8.389716385863721E-004,8.771952125243843E-004,
2.487366666666667E+009,-8.086664020083845E-004,8.736936142668128E-004,-8.177473791874945E-004,8.693032432347536E-004,
2.487400000000000E+009,-7.910790736787021E-004,9.745970601215959E-004,-7.604635320603848E-004,1.008351799100637E-003,
2.487433333333334E+009,-7.307003834284842E-004,9.802643908187747E-004,-7.026572711765766E-004,9.844482410699129E-004,
2.487466666666667E+009,-7.272910443134606E-004,9.770998731255531E-004,-6.887348135933280E-004,9.757740190252662E-004,
2.487500000000000E+009,-7.066284306347370E-004,9.973857086151838E-004,-6.871580262668431E-004,1.038965187035501E-003,
2.487533333333334E+009,-6.801112904213369E-004,1.006377628073096E-003,-6.564864306710661E-004,9.947100188583136E-004,
2.487566666666667E+009,-6.776584777981043E-004,9.956724243238568E-004,-6.884846952743828E-004,1.029865816235542E-003,
2.487600000000000E+009,-7.105384138412774E-004,1.081296941265464E-003,-6.051452946849167E-004,1.007267506793141E-003,
2.487633333333334E+009,-5.779713974334300E-004,1.013003406114876E-003,-6.448670756071806E-004,1.007101032882929E-003,
2.487666666666667E+009,-6.260754889808595E-004,9.986528893932700E-004,-6.180199561640620E-004,1.064287149347365E-003,
2.487700000000000E+009,-5.404436960816383E-004,1.052771462127566E-003,-5.802746163681150E-004,1.014559529721737E-003,
2.487733333333334E+009,-5.621122545562685E-004,1.067924546077848E-003,-5.000118399038911E-004,1.060015638358891E-003,
2.487766666666667E+009,-5.402009701356292E-004,1.005595782771707E-003,-4.862763744313270E-004,1.057161600328982E-003,
2.487800000000000E+009,-4.765402700286359E-004,1.061564544215798E-003,-4.659854457713664E-004,9.912691311910749E-004,
2.487833333333334E+009,-4.541022935882211E-004,1.063146512024105E-003,-4.501601506490260E-004,1.051931874826551E-003,
2.487866666666667E+009,-4.208130703773350E-004,1.074261614121497E-003,-4.221312992740423E-004,1.063530566170812E-003,
2.487900000000000E+009,-4.140457313042134E-004,1.085761352442205E-003,-4.184738209005445E-004,1.064658281393349E-003,
2.487933333333334E+009,-3.415775718167424E-004,1.052970183081925E-003,-3.704404807649553E-004,1.096091349609196E-003,
2.487966666666667E+009,-3.348852042108774E-004,1.081901951692998E-003,-3.661388764157891E-004,1.095053274184465E-003,
2.488000000000000E+009,-3.293581248726696E-004,1.069533638656139E-003,-3.646640689112246E-004,1.105279196053743E-003,
2.488033333333334E+009,-2.770292339846492E-004,1.094740233384073E-003,-3.097355947829783E-004,1.064431737177074E-003,
2.488066666666667E+009,-2.432103356113657E-004,1.118524698540568E-003,-3.366583259776235E-004,1.090871868655086E-003,
2.488100000000000E+009,-2.616809506434947E-004,1.107722520828247E-003,-2.741025818977505E-004,1.103310380131006E-003,
2.488133333333334E+009,-2.587912604212761E-004,1.091838581487536E-003,-2.318326296517626E-004,1.056912937201560E-003,
2.488166666666667E+009,-1.960962399607524E-004,1.156896119937301E-003,-1.776665449142456E-004,1.114437822252512E-003,
2.488200000000000E+009,-1.829593529691920E-004,1.073120161890984E-003,-1.998692896449938E-004,1.160310115665197E-003,
2.488233333333334E+009,-1.720372383715585E-004,1.108012394979596E-003,-1.404983486281708E-004,1.079861656762660E-003,
2.488266666666667E+009,-1.240724377566949E-004,1.138842897489667E-003,-1.087731143343262E-004,1.117648207582533E-003,
2.488300000000000E+009,-1.522090751677752E-004,1.126248855143786E-003,-1.080660003935918E-004,1.122273970395327E-003,
2.488333333333334E+009,-9.083848271984607E-005,1.129536423832178E-003,-8.953082578955218E-005,1.217888901010156E-003,
2.488366666666667E+009,-8.939309191191569E-005,1.132702338509262E-003,-6.729085725964978E-005,1.148614566773176E-003,
2.488400000000000E+009,-2.831642996170558E-005,1.089893979951739E-003,-2.830970333889127E-005,1.189177157357335E-003,
2.488433333333334E+009,-3.042197567992844E-005,1.130695571191609E-003,-3.353477950440720E-005,1.179378712549806E-003,
2.488466666666667E+009,-2.142572884622496E-005,1.110096578486264E-003,-2.304073314007837E-005,1.162444823421538E-003,
2.488500000000000E+009,-3.094477870035917E-005,1.160067040473223E-003,3.914740591426380E-005,1.142220105975866E-003,
2.488533333333334E+009,5.210264134802856E-005,1.169043476693332E-003,4.366399662103504E-005,1.104345778003335E-003,
2.488566666666667E+009,9.489727381151170E-005,1.149667659774423E-003,5.992393562337384E-005,1.127378083765507E-003,
2.488600000000000E+009,1.078763889381662E-004,1.133039244450629E-003,9.528031660011038E-005,1.120678032748401E-003,
2.488633333333334E+009,1.520842051832005E-004,1.114774495363236E-003,1.328144862782210E-004,1.144451089203358E-003,
2.488666666666667E+009,1.720917061902583E-004,1.106868730857968E-003,1.063166128005832E-004,1.084574847482145E-003,
2.488700000000000E+009,1.244166487595066E-004,1.196456956677139E-003,1.602286938577890E-004,1.113485195674002E-003,
2.488733333333334E+009,1.699254353297874E-004,1.169146737083793E-003,2.142027660738677E-004,1.148150535300374E-003,
2.488766666666667E+009,2.001720276894048E-004,1.156340935267508E-003,2.777794434223324E-004,1.126901712268591E-003,
2.488800000000000E+009,2.044490247499198E-004,1.099134446121752E-003,2.605584159027785E-004,1.113813952542841E-003,
2.488833333333334E+009,2.462551638018340E-004,1.139496103860438E-003,2.940381236840040E-004,1.090260571800172E-003,
2.488866666666667E+009,3.130278491880745E-004,1.121532870456576E-003,2.940675185527653E-004,1.169068273156881E-003,
2.488900000000000E+009,3.540811303537339E-004,1.123271184042096E-003,3.351459454279393E-004,1.152189564891160E-003,
2.488933333333334E+009,3.646241966634989E-004,1.164834597148001E-003,3.360248229000717E-004,1.167150563560426E-003,
2.488966666666667E+009,3.613310400396586E-004,1.136954990215600E-003,4.226068558637053E-004,1.171488431282342E-003,
2.489000000000000E+009,5.565145984292030E-004,1.099569373764098E-003,5.468757008202374E-004,1.140042557381094E-003,
2.489033333333334E+009,5.266987136565149E-004,1.102107227779925E-003,5.175424739718437E-004,1.116559957154095E-003,
2.489066666666667E+009,5.610429798252881E-004,1.067705452442169E-003,5.257159355096519E-004,1.089140889234841E-003,
2.489100000000000E+009,5.389475845731795E-004,1.113139209337533E-003,5.296776071190834E-004,1.111529418267310E-003,
2.489133333333334E+009,5.658105365000665E-004,1.080376096069813E-003,6.094292039051652E-004,1.060607261024416E-003,
2.489166666666667E+009,5.332180298864842E-004,1.042946474626660E-003,5.296778399497271E-004,1.084601972252131E-003,
2.489200000000000E+009,5.974443047307432E-004,1.003041979856789E-003,5.566842155531049E-004,1.037449343129993E-003,
2.489233333333334E+009,6.345771253108978E-004,1.016175956465304E-003,5.937922978773713E-004,1.045037293806672E-003,
2.489266666666667E+009,6.197238690219820E-004,1.012307009659708E-003,6.067839567549527E-004,1.045628217980266E-003,
2.489300000000000E+009,6.189810228534043E-004,1.001427066512406E-003,6.047516944818199E-004,9.957088623195887E-004,
2.489333333333334E+009,6.113186827860773E-004,9.560293983668089E-004,6.364279543049634E-004,9.664347744546831E-004,
2.489366666666667E+009,6.850473582744598E-004,9.586216183379293E-004,6.978756864555180E-004,9.865653701126576E-004,
2.489400000000000E+009,6.863565649837256E-004,9.802804561331868E-004,6.503603653982282E-004,9.193974547088146E-004,
2.489433333333334E+009,6.937891594134271E-004,9.644646197557449E-004,7.166702998802066E-004,8.953754440881312E-004,
2.489466666666667E+009,7.481118664145470E-004,8.901010151021183E-004,7.035259041003883E-004,8.452765760011971E-004,
2.489500000000000E+009,7.010203553363681E-004,9.071235544979572E-004,7.586689898744226E-004,9.004716994240880E-004,
2.489533333333334E+009,7.833807612769306E-004,8.828965947031975E-004,7.258116384036839E-004,8.387137786485255E-004,
2.489566666666667E+009,7.176722283475101E-004,8.635459234938026E-004,7.104909745976329E-004,8.571686339564621E-004,
2.489600000000000E+009,7.866147207096219E-004,8.100799168460071E-004,7.999215158633888E-004,8.608644129708409E-004,
2.489633333333334E+009,7.903599762357771E-004,7.789325318299234E-004,8.595884428359568E-004,8.439946686848998E-004,
2.489666666666667E+009,8.260791073553264E-004,7.977046770974994E-004,8.109766058623791E-004,8.413220639340580E-004,
2.489700000000000E+009,8.726039668545127E-004,7.799657760187984E-004,9.095810819417238E-004,7.490305579267442E-004,
2.489733333333334E+009,9.343790588900447E-004,8.077443926595151E-004,8.781421929597855E-004,7.588728913106024E-004,
2.489766666666667E+009,8.905206923373044E-004,7.420906913466752E-004,8.757303003221750E-004,7.847496308386326E-004,
2.489800000000000E+009,8.909749449230731E-004,7.026690291240811E-004,9.273569448851049E-004,7.079570787027478E-004,
2.489833333333334E+009,9.322063415311277E-004,6.955398712307215E-004,8.970507187768817E-004,6.932379328645766E-004,
2.489866666666667E+009,9.002319420687854E-004,6.700991070829332E-004,9.134211577475071E-004,6.779785035178065E-004,
2.489900000000000E+009,9.663784294389188E-004,6.284599076025188E-004,9.187526302412152E-004,6.314772763289511E-004,
2.489933333333334E+009,9.685060940682888E-004,6.104629719629884E-004,9.910733206197619E-004,6.444416940212250E-004,
2.489966666666667E+009,9.684548713266850E-004,6.317324587143958E-004,9.921836899593473E-004,6.355616496875882E-004,
2.490000000000000E+009,9.825866436585784E-004,5.940682603977621E-004,1.031963736750186E-003,5.215356359258294E-004,
2.490033333333334E+009,9.746416471898556E-004,5.731843993999064E-004,9.734165505506098E-004,5.696100415661931E-004,
2.490066666666667E+009,1.018565846607089E-003,5.536755197681487E-004,1.029286882840097E-003,5.665266653522849E-004,
2.490100000000000E+009,9.846995817497373E-004,5.259081372059882E-004,1.058543100953102E-003,5.728529649786651E-004,
2.490133333333334E+009,1.038419315591455E-003,5.116866668686271E-004,1.098802895285189E-003,5.003963597118855E-004,
2.490166666666667E+009,1.026853220537305E-003,4.787367652170360E-004,1.086514675989747E-003,4.707276530098170E-004,
2.490200000000000E+009,1.083683688193560E-003,4.565560084301978E-004,1.107704010792077E-003,4.327933711465448E-004,
2.490233333333334E+009,1.166836591437459E-003,4.132002650294453E-004,1.093747443519533E-003,4.793769621755928E-004,
2.490266666666667E+009,1.174429547972977E-003,3.917308349628002E-004,1.106124022044241E-003,3.558885655365884E-004,
2.490300000000000E+009,1.102198963053525E-003,4.070960567332804E-004,1.169665600173175E-003,3.596469759941101E-004,
2.490333333333334E+009,1.126472372561693E-003,3.731311880983412E-004,1.129556098021567E-003,3.241316589992493E-004,
2.490366666666667E+009,1.112170401029289E-003,2.695090079214424E-004,1.137802843004465E-003,3.321641997899860E-004,
2.490400000000000E+009,1.126504852436483E-003,2.956858661491424E-004,1.118728891015053E-003,2.543227165006101E-004,
2.490433333333334E+009,1.189067959785461E-003,3.025910991709679E-004,1.160416635684669E-003,2.718063187785447E-004,
2.490466666666667E+009,1.132653327658773E-003,2.698000171221793E-004,1.164117245934904E-003,2.332995500182733E-004,
2.490500000000000E+009,1.186312176287174E-003,2.041298866970465E-004,1.170048490166664E-003,2.415438939351589E-004,
2.490533333333334E+009,1.205500215291977E-003,1.406147493980825E-004,1.230115187354386E-003,1.443626970285550E-004,
2.490566666666667E+009,1.212348928675056E-003,1.911430736072362E-004,1.224301173351705E-003,1.072132581612095E-004,
2.490600000000000E+009,1.196179306134582E-003,1.209780166391283E-004,1.159924198873341E-003,6.058322833268903E-005,
2.490633333333334E+009,1.183950225822628E-003,5.829090878251009E-005,1.200441620312631E-003,6.096501238062047E-005,
2.490666666666667E+009,1.187345711514354E-003,4.507305129664019E-005,1.210754038766027E-003,9.253469761461020E-005,
2.490700000000000E+009,1.220546080730856E-003,3.254595867474563E-005,1.249888911843300E-003,-2.455058893247042E-005,
2.490733333333334E+009,1.161542139016092E-003,-5.128763223183341E-005,1.247228472493589E-003,3.896587804774754E-005,
2.490766666666667E+009,1.246544066816568E-003,6.177672730700579E-006,1.207916531711817E-003,7.773116522002965E-006,
2.490800000000000E+009,1.239565550349653E-003,2.637697798490990E-005,1.262084813788533E-003,-4.721661389339715E-005,
2.490833333333334E+009,1.221860526129603E-003,-7.371258834609762E-005,1.158880186267197E-003,-1.848317697294988E-005,
2.490866666666667E+009,1.207882305607200E-003,-4.902477667201310E-005,1.212062197737396E-003,-3.878368443110958E-005,
2.490900000000000E+009,1.209000591188669E-003,-5.157028863322921E-005,1.182723324745894E-003,-1.010469131870195E-004,
2.490933333333334E+009,1.191518967971206E-003,-1.388314412906766E-004,1.196364755742252E-003,-1.362971524940804E-004,
2.490966666666667E+009,1.157507183961570E-003,-2.114722447004169E-004,1.188201014883816E-003,-1.680072164162993E-004,
2.491000000000000E+009,1.132060657255352E-003,-1.924270618474111E-004,1.157299499027431E-003,-1.987323485082015E-004,
2.491033333333334E+009,1.192949479445815E-003,-1.753421965986490E-004,1.145835383795202E-003,-2.149971405742690E-004,
2.491066666666667E+009,1.199831138364971E-003,-2.244519273517653E-004,1.221916521899402E-003,-2.348665584577248E-004,
2.491100000000000E+009,1.122833695262671E-003,-2.864647540263832E-004,1.149538788013160E-003,-2.318325423402712E-004,
2.491133333333334E+009,1.063918578438461E-003,-3.493988187983632E-004,1.164427027106285E-003,-3.163509827572852E-004,
2.491166666666667E+009,1.125305658206344E-003,-3.042025491595268E-004,1.120863133110106E-003,-3.298396768514067E-004,
2.491200000000000E+009,1.132860430516303E-003,-3.512681578285992E-004,1.140696462243795E-003,-3.551831759978086E-004,
2.491233333333334E+009,1.132712583057582E-003,-3.705329145304859E-004,1.087227487005293E-003,-3.844867169391364E-004,
2.491266666666667E+009,1.082386705093086E-003,-3.569484397303313E-004,1.139488187618554E-003,-4.070022259838879E-004,
2.491300000000000E+009,1.065094489604235E-003,-4.431730776559562E-004,1.117901527322829E-003,-4.391415859572589E-004,
2.491333333333334E+009,1.141327549703419E-003,-4.602189001161605E-004,1.145850983448327E-003,-4.219811526127160E-004,
2.491366666666667E+009,1.096153398975730E-003,-4.346140485722572E-004,1.073711551725864E-003,-4.924107925035060E-004,
2.491400000000000E+009,1.115538994781673E-003,-4.784844059031457E-004,1.091634505428374E-003,-4.970922600477934E-004,
2.491433333333334E+009,1.030206331051886E-003,-5.207378999330103E-004,1.063103089109063E-003,-5.072660278528929E-004,
2.491466666666667E+009,1.041830750182271E-003,-5.857055075466633E-004,1.058713532984257E-003,-5.504853324964643E-004,
2.491500000000000E+009,1.042482326738536E-003,-5.521232378669083E-004,1.017573289573193E-003,-5.227072979323566E-004,
2.491533333333334E+009,1.036662724800408E-003,-5.818071076646447E-004,1.063503092154861E-003,-5.564776365645230E-004,
2.491566666666667E+009,1.000192831270397E-003,-6.106380023993552E-004,1.021808246150613E-003,-6.375017110258341E-004,
2.491600000000000E+009,1.024956582114101E-003,-6.623333320021629E-004,1.028825179673731E-003,-6.591622950509191E-004,
2.491633333333334E+009,9.506798814982176E-004,-7.279198034666479E-004,9.405678720213473E-004,-6.073515396565199E-004,
2.491666666666667E+009,9.800565894693136E-004,-7.072014850564301E-004,9.791613556444645E-004,-6.954570417292416E-004,
2.491700000000000E+009,9.469173965044320E-004,-6.540811737067998E-004,1.001173513941467E-003,-6.930148229002953E-004,
2.491733333333334E+009,9.864637395367026E-004,-7.173448684625328E-004,9.782810229808092E-004,-6.709778099320829E-004,
2.491766666666667E+009,9.178937179967761E-004,-7.506340625695884E-004,9.422531002201140E-004,-7.328902720473707E-004,
2.491800000000000E+009,9.008024353533983E-004,-7.701712311245501E-004,8.833483443595469E-004,-7.959434879012406E-004,
2.491833333333334E+009,8.776944596320391E-004,-8.099572150968015E-004,9.533487609587610E-004,-8.371777366846800E-004,
2.491866666666667E+009,8.658526930958033E-004,-7.883321377448738E-004,9.099029120989144E-004,-8.299187757074833E-004,
2.491900000000000E+009,8.579498971812427E-004,-8.404387626796961E-004,9.045031038112938E-004,-8.572082151658833E-004,
2.491933333333334E+009,8.972677169367671E-004,-8.910263422876597E-004,8.358082268387079E-004,-8.191422093659639E-004,
2.491966666666667E+009,7.773505640216172E-004,-9.486111230216920E-004,7.823129999451339E-004,-9.282676619477570E-004,
2.492000000000000E+009,8.120628190226853E-004,-9.341060067526996E-004,8.757266914471984E-004,-8.953828946687281E-004,
2.492033333333334E+009,7.579532102681696E-004,-9.247866692021489E-004,7.838926976546645E-004,-9.509421652182937E-004,
2.492066666666667E+009,7.774910191074014E-004,-9.502461762167513E-004,8.399345679208636E-004,-1.035810564644635E-003,
2.492100000000000E+009,7.697526016272605E-004,-9.726223652251065E-004,7.562136161141098E-004,-1.006104284897447E-003,
2.492133333333334E+009,7.098856149241328E-004,-1.086571253836155E-003,6.897413404658437E-004,-1.047254423610866E-003,
2.492166666666667E+009,6.536368164233863E-004,-1.042992924340069E-003,6.736305076628923E-004,-1.026137382723391E-003,
2.492200000000000E+009,5.927123711444438E-004,-1.032689353451133E-003,6.385729648172855E-004,-9.985276265069842E-004,
2.492233333333334E+009,5.743773072026670E-004,-1.050429651513696E-003,6.198696792125702E-004,-1.051158760674298E-003,
2.492266666666667E+009,5.998134147375822E-004,-1.056795474141836E-003,5.955334636382759E-004,-1.085469266399741E-003,
2.492300000000000E+009,6.003603921271861E-004,-1.089304569177330E-003,5.510172923095524E-004,-1.072350190952420E-003,
2.492333333333334E+009,5.796508630737662E-004,-1.051583210937679E-003,5.665384815074503E-004,-1.127007417380810E-003,
2.492366666666667E+009,5.406650016084313E-004,-1.116591622121632E-003,5.666714278049767E-004,-1.109421951696277E-003,
2.492400000000000E+009,5.025944556109607E-004,-1.143301604315639E-003,5.132844671607018E-004,-1.122143235988915E-003,
2.492433333333334E+009,5.226230714470148E-004,-1.104770461097360E-003,5.169048090465367E-004,-1.117041450925171E-003,
2.492466666666667E+009,5.287204403430224E-004,-1.129700220189989E-003,4.843528440687805E-004,-1.125190989114344E-003,
2.492500000000000E+009,4.360867606010288E-004,-1.123483409173787E-003,4.316565173212439E-004,-1.172258635051549E-003,
2.492533333333334E+009,4.194285720586777E-004,-1.169041031971574E-003,4.006011877208948E-004,-1.081359572708607E-003,
2.492566666666667E+009,3.829337947536260E-004,-1.164990128017962E-003,4.218704125378281E-004,-1.156037091277540E-003,
2.492600000000000E+009,3.889265353791416E-004,-1.174334553070366E-003,3.651151491794735E-004,-1.149876276031137E-003,
2.492633333333334E+009,3.418448322918266E-004,-1.166457310318947E-003,3.282646357547492E-004,-1.177605823613703E-003,
2.492666666666667E+009,3.417584521230310E-004,-1.217075041495264E-003,3.062810283154249E-004,-1.225027721375227E-003,
2.492700000000000E+009,3.132388228550553E-004,-1.197217963635922E-003,2.918938116636127E-004,-1.220211735926569E-003,
2.492733333333334E+009,2.114388043992221E-004,-1.158057246357203E-003,2.394658513367176E-004,-1.185218454338610E-003,
2.492766666666667E+009,2.022405387833715E-004,-1.196485245600343E-003,2.139497082680464E-004,-1.183713320642710E-003,
2.492800000000000E+009,2.399602526566014E-004,-1.233737333677709E-003,2.324720699107274E-004,-1.216212986037135E-003,
2.492833333333334E+009,1.937550841830671E-004,-1.192298717796803E-003,2.080081903841347E-004,-1.231865142472088E-003,
2.492866666666667E+009,1.300168514717370E-004,-1.191066694445908E-003,1.550161105114967E-004,-1.223427010700107E-003,
2.492900000000000E+009,1.191136980196461E-004,-1.221626996994019E-003,1.626603479962796E-004,-1.254378701560199E-003,
2.492933333333334E+009,8.696928125573322E-005,-1.230717636644840E-003,8.432941831415519E-005,-1.262115198187530E-003,
2.492966666666667E+009,1.068034471245483E-004,-1.176720601506531E-003,6.436512194341049E-005,-1.250118133611977E-003,
2.493000000000000E+009,6.127646338427439E-005,-1.228954526595771E-003,2.615032644825988E-005,-1.244741957634687E-003,
2.493033333333334E+009,6.576303712790832E-005,-1.278458046726883E-003,-7.246064342325553E-006,-1.219246303662658E-003,
2.493066666666667E+009,-2.609262082842179E-005,-1.240625279024243E-003,-1.562887882755604E-005,-1.273005967959762E-003,
2.493100000000000E+009,-4.414074646774679E-005,-1.228192471899092E-003,-4.265776078682393E-005,-1.303321914747357E-003,
2.493133333333334E+009,-7.411513797705993E-005,-1.223887549713254E-003,-6.237885099835694E-005,-1.263607293367386E-003,
2.493166666666667E+009,-1.421006018063054E-004,-1.216810196638107E-003,-5.375049659051001E-005,-1.205863198265433E-003,
2.493200000000000E+009,-9.878117271000519E-005,-1.217021490447223E-003,-1.338914444204420E-004,-1.173135824501514E-003,
2.493233333333334E+009,-1.721260778140277E-004,-1.252876361832023E-003,-1.577826042193919E-004,-1.249340013600886E-003,
2.493266666666667E+009,-1.909878919832408E-004,-1.225257292389870E-003,-1.841555640567094E-004,-1.215119846165180E-003,
2.493300000000000E+009,-2.051616320386529E-004,-1.204672502353787E-003,-2.145285689039156E-004,-1.241174410097301E-003,
2.493333333333334E+009,-2.196006971644238E-004,-1.208863453939557E-003,-2.046952577074990E-004,-1.287207705900073E-003,
2.493366666666667E+009,-3.071596729569137E-004,-1.205246197059751E-003,-2.915206714533269E-004,-1.202312763780356E-003,
2.493400000000000E+009,-2.687445376068354E-004,-1.224342035129666E-003,-2.911231131292880E-004,-1.170846051536501E-003,
2.493433333333334E+009,-3.382137219887227E-004,-1.229456043802202E-003,-3.597041650209576E-004,-1.195096294395626E-003,
2.493466666666667E+009,-3.141530905850232E-004,-1.179652404971421E-003,-4.446845559868962E-004,-1.162184751592577E-003,
2.493500000000000E+009,-3.869622305501252E-004,-1.150805852375925E-003,-4.141225654166192E-004,-1.198897953145206E-003,
2.493533333333334E+009,-4.536509222816676E-004,-1.142006483860314E-003,-4.279463610146195E-004,-1.192242954857647E-003,
2.493566666666667E+009,-4.963321844115853E-004,-1.164537854492664E-003,-4.461848002392799E-004,-1.199547317810357E-003,
2.493600000000000E+009,-5.304836085997522E-004,-1.124585047364235E-003,-4.936623736284673E-004,-1.143722096458077E-003,
2.493633333333334E+009,-5.551634239964187E-004,-1.154651632532477E-003,-5.124814342707396E-004,-1.140843029133976E-003,
2.493666666666667E+009,-5.793677410110831E-004,-1.113079721108079E-003,-5.788861308246851E-004,-1.135683269239962E-003,
2.493700000000000E+009,-5.967549514025450E-004,-1.098679727874696E-003,-6.672033341601491E-004,-1.061650691553950E-003,
2.493733333333334E+009,-6.226535188034177E-004,-1.112790894694626E-003,-6.985189393162727E-004,-1.088509918190539E-003,
2.493766666666667E+009,-6.363746942952275E-004,-1.010740059427917E-003,-6.752668996341527E-004,-1.070363912731409E-003,
2.493800000000000E+009,-6.292181788012385E-004,-1.045339507982135E-003,-7.121602538973093E-004,-1.115934224799275E-003,
2.493833333333334E+009,-6.717264768667519E-004,-1.042597927153111E-003,-7.166571449488401E-004,-1.024039345793426E-003,
2.493866666666667E+009,-7.131972815841436E-004,-1.055171363987029E-003,-7.256617536768317E-004,-1.064802752807736E-003,
2.493900000000000E+009,-7.874210714362562E-004,-1.086844131350517E-003,-7.859297329559922E-004,-1.012116088531911E-003,
2.493933333333334E+009,-7.636091322638094E-004,-1.033546053804457E-003,-7.988491561263800E-004,-1.034408574923873E-003,
2.493966666666667E+009,-8.151276269927621E-004,-9.667705744504929E-004,-8.201288874261081E-004,-9.931955719366670E-004,
2.494000000000000E+009,-7.766478229314089E-004,-9.409398771822453E-004,-7.930223364382982E-004,-1.030460582114756E-003,
2.494033333333334E+009,-8.726771338842809E-004,-9.227782138623297E-004,-7.681163260713220E-004,-9.597064927220345E-004,
2.494066666666667E+009,-8.069967734627426E-004,-9.695007465779781E-004,-8.355181198567152E-004,-9.077466675080359E-004,
2.494100000000000E+009,-8.847091230563819E-004,-9.057865827344358E-004,-8.932303753681481E-004,-9.783374844118953E-004,
2.494133333333334E+009,-9.314067428931594E-004,-9.557931916788220E-004,-8.863142575137317E-004,-9.169377735815942E-004,
2.494166666666667E+009,-9.168687392957509E-004,-8.932392811402679E-004,-9.267895366065204E-004,-9.164332295767963E-004,
2.494200000000000E+009,-9.258436621166766E-004,-9.260599035769701E-004,-9.098445880226791E-004,-8.556821849197149E-004,
2.494233333333334E+009,-9.318761294707656E-004,-8.786977850832045E-004,-9.786286391317844E-004,-8.159999852068722E-004,
2.494266666666667E+009,-9.900317527353764E-004,-8.785349782556295E-004,-9.425722528249025E-004,-7.782795582897961E-004,
2.494300000000000E+009,-9.977425215765834E-004,-8.030990138649941E-004,-1.058944268152118E-003,-8.087120950222015E-004,
2.494333333333334E+009,-9.845669846981764E-004,-8.027903968468308E-004,-1.011523068882525E-003,-8.131102658808231E-004,
2.494366666666667E+009,-1.051084254868329E-003,-7.370283710770309E-004,-1.034177956171334E-003,-7.500154897570610E-004,
2.494400000000000E+009,-1.035893918015063E-003,-7.583973929286003E-004,-1.052937004715204E-003,-7.371496176347137E-004,
2.494433333333334E+009,-1.121645327657461E-003,-6.649210699833930E-004,-1.097641419619322E-003,-7.136125932447612E-004,
2.494466666666667E+009,-1.090945210307837E-003,-6.852842052467167E-004,-1.091686543077231E-003,-6.916985148563981E-004,
2.494500000000000E+009,-1.144338748417795E-003,-6.534284329973161E-004,-1.111469347961247E-003,-6.494217668659985E-004,
2.494533333333334E+009,-1.126328716054559E-003,-6.158515461720526E-004,-1.146157272160053E-003,-5.998946144245565E-004,
2.494566666666667E+009,-1.184032880701125E-003,-6.283800466917455E-004,-1.164083718322218E-003,-5.561748403124511E-004,
2.494600000000000E+009,-1.149820862337947E-003,-5.777747137472034E-004,-1.134360791184008E-003,-5.782789667136967E-004,
2.494633333333334E+009,-1.158906845375896E-003,-5.813613533973694E-004,-1.163255423307419E-003,-5.112476064823568E-004,
2.494666666666667E+009,-1.222319435328245E-003,-5.255948635749519E-004,-1.128586474806070E-003,-4.780824529007077E-004,
2.494700000000000E+009,-1.234940486028791E-003,-5.028767045587301E-004,-1.217594370245934E-003,-4.436530289240181E-004,
2.494733333333334E+009,-1.167140435427427E-003,-4.210629849694669E-004,-1.181202591396868E-003,-3.981587942689657E-004,
2.494766666666667E+009,-1.232548849657178E-003,-4.596616199705750E-004,-1.213815179653466E-003,-4.421176563482732E-004,
2.494800000000000E+009,-1.246771309524775E-003,-3.916569112334400E-004,-1.200731145218015E-003,-4.020915948785842E-004,
2.494833333333334E+009,-1.210405491292477E-003,-3.479177830740809E-004,-1.223447849042714E-003,-3.602252400014550E-004,
2.494866666666667E+009,-1.196593628264964E-003,-3.340920084156096E-004,-1.229614834301174E-003,-2.996623225044459E-004,
2.494900000000000E+009,-1.308509730733931E-003,-3.728278679773212E-004,-1.289416453801096E-003,-2.893650089390576E-004,
2.494933333333334E+009,-1.298001501709223E-003,-2.821446687448770E-004,-1.247307285666466E-003,-2.736910537350923E-004,
2.494966666666667E+009,-1.249981229193509E-003,-2.595798869151622E-004,-1.289632171392441E-003,-2.428939478704706E-004,
2.495000000000000E+009,-1.305470359511674E-003,-2.274017606396228E-004,-1.280498807318509E-003,-2.035493380390108E-004,
2.495033333333334E+009,-1.292651868425310E-003,-1.540594239486381E-004,-1.246533007360995E-003,-2.031404437730089E-004,
2.495066666666667E+009,-1.341691939160228E-003,-1.846318482421339E-004,-1.266398583538830E-003,-1.518052886240184E-004,
2.495100000000000E+009,-1.312803477048874E-003,-8.906466246116906E-005,-1.331071136519313E-003,-9.443583257962018E-005,
2.495133333333334E+009,-1.303800498135388E-003,-7.171688048401848E-005,-1.335635664872825E-003,-1.037669353536330E-004,
2.495166666666667E+009,-1.331837149336934E-003,-7.931746949907392E-005,-1.327909994870424E-003,-4.176401853328571E-005,
2.495200000000000E+009,-1.323286676779389E-003,2.935759584943298E-005,-1.285419450141490E-003,-1.810762660170440E-005,
2.495233333333334E+009,-1.298034912906587E-003,-1.552747926325537E-005,-1.309224404394627E-003,-2.599517210910562E-005,
2.495266666666667E+009,-1.292866771109402E-003,2.413363836240023E-005,-1.311378786340356E-003,6.268294964684174E-005,
2.495300000000000E+009,-1.329986145719886E-003,1.352301478618756E-004,-1.313737942837179E-003,1.206862289109267E-004,
2.495333333333334E+009,-1.237127464264631E-003,1.242457365151495E-004,-1.277083763852716E-003,1.435983867850155E-004,
2.495366666666667E+009,-1.257869997061789E-003,1.887765829451382E-004,-1.253776950761676E-003,2.062373532680795E-004,
2.495400000000000E+009,-1.248178537935019E-003,2.071995259029791E-004,-1.335993059910834E-003,1.617436064407229E-004,
2.495433333333334E+009,-1.311934203840792E-003,2.207500074291602E-004,-1.336611690931022E-003,1.812959962990135E-004,
2.495466666666667E+009,-1.344606978818774E-003,2.558850974310190E-004,-1.323127653449774E-003,2.808070566970855E-004,
2.495500000000000E+009,-1.245275721885264E-003,2.959209377877414E-004,-1.374347368255258E-003,2.457544032949954E-004,
2.495533333333334E+009,-1.276721130125225E-003,2.571131335571408E-004,-1.282293582335115E-003,2.887552254833281E-004,
2.495566666666667E+009,-1.303245546296239E-003,2.744032535701990E-004,-1.313179614953697E-003,3.060800663661212E-004,
2.495600000000000E+009,-1.239425502717495E-003,3.501129976939410E-004,-1.285075210034847E-003,3.541830228641629E-004,
2.495633333333334E+009,-1.278821378946304E-003,4.003848007414490E-004,-1.238110358826816E-003,4.274948441889137E-004,
2.495666666666667E+009,-1.273671165108681E-003,4.338633152656257E-004,-1.254031201824546E-003,4.531859885901213E-004,
2.495700000000000E+009,-1.233409158885479E-003,4.660298000089824E-004,-1.210681046359241E-003,4.270540957804769E-004,
2.495733333333334E+009,-1.204830361530185E-003,4.596195940393955E-004,-1.229749992489815E-003,4.921075305901468E-004,
2.495766666666667E+009,-1.238639000803232E-003,5.247752415016294E-004,-1.189249451272190E-003,4.793084808625281E-004,
2.495800000000000E+009,-1.211470691487193E-003,5.636062705889344E-004,-1.190801849588752E-003,5.788285052403808E-004,
2.495833333333334E+009,-1.232581329531968E-003,5.568805499933660E-004,-1.196929719299078E-003,5.625872290693224E-004,
2.495866666666667E+009,-1.184732303954661E-003,6.120726466178894E-004,-1.231646281667054E-003,6.087147048674524E-004,
2.495900000000000E+009,-1.188098569400609E-003,6.352621712721884E-004,-1.217807061038911E-003,6.628133705817163E-004,
2.495933333333334E+009,-1.191570656374097E-003,7.061513024382293E-004,-1.186231849715114E-003,6.329159368760884E-004,
2.495966666666667E+009,-1.139220083132386E-003,6.536139990203083E-004,-1.154193305410445E-003,6.917302380315960E-004,
2.496000000000000E+009,-1.114657730795443E-003,6.954197888262570E-004,-1.127463881857693E-003,6.952846888452768E-004,
2.496033333333334E+009,-1.166531001217663E-003,7.189189200289547E-004,-1.137214247137308E-003,7.380744791589677E-004,
2.496066666666667E+009,-1.116879167966545E-003,7.646026788279414E-004,-1.109636621549726E-003,8.164587779901922E-004,
2.496100000000000E+009,-1.092827762477100E-003,7.820792379789054E-004,-1.072036218829453E-003,7.770180818624795E-004,
2.496133333333334E+009,-1.112215686589479E-003,7.682743598707020E-004,-1.079132198356092E-003,7.608367595821619E-004,
2.496166666666667E+009,-1.033891574479640E-003,8.398541831411421E-004,-1.044939737766981E-003,8.335087331943214E-004,
2.496200000000000E+009,-1.051652012392879E-003,8.574640378355980E-004,-1.068108365871012E-003,8.615617989562452E-004,
2.496233333333334E+009,-1.038939692080021E-003,8.816483314149082E-004,-1.013681525364518E-003,8.648405782878399E-004,
2.496266666666667E+009,-9.587781387381256E-004,9.020847501233220E-004,-9.929406223818660E-004,9.468508069403470E-004,
2.496300000000000E+009,-9.770876495167613E-004,9.647884289734066E-004,-9.332508197985590E-004,9.911293163895607E-004,
2.496333333333334E+009,-1.013280823826790E-003,9.512758115306497E-004,-8.925997535698116E-004,9.692282183095813E-004,
2.496366666666667E+009,-9.443822200410068E-004,9.712333558127284E-004,-9.107936639338732E-004,9.475507540628314E-004,
2.496400000000000E+009,-8.544140728190541E-004,1.032889238558710E-003,-8.124373853206635E-004,1.018625567667186E-003,
2.496433333333334E+009,-8.335393504239619E-004,1.082980539649725E-003,-8.248598314821720E-004,1.050769118592143E-003,
2.496466666666667E+009,-8.420825470238924E-004,1.040479750372469E-003,-8.185048936866224E-004,1.060315291397274E-003,
2.496500000000000E+009,-8.318189065903425E-004,1.103187445551157E-003,-7.995530613698065E-004,1.103747752495110E-003,
2.496533333333334E+009,-7.735979161225259E-004,1.149577321484685E-003,-7.793800323270261E-004,1.057146815583110E-003,
2.496566666666667E+009,-7.568874862045050E-004,1.097973785363138E-003,-7.142766262404621E-004,1.068574492819607E-003,
2.496600000000000E+009,-7.487887050956488E-004,1.144809066317976E-003,-7.212310447357595E-004,1.101964735426009E-003,
2.496633333333334E+009,-6.598978652618825E-004,1.132905017584562E-003,-6.840486894361675E-004,1.167160691693425E-003,
2.496666666666667E+009,-6.475130212493241E-004,1.163822249509394E-003,-6.491591338999569E-004,1.200236729346216E-003,
2.496700000000000E+009,-6.832968792878091E-004,1.215395284816623E-003,-6.172038847580552E-004,1.207166700623930E-003,
2.496733333333334E+009,-6.068232469260693E-004,1.203391002491117E-003,-6.170867127366364E-004,1.211287337355316E-003,
2.496766666666667E+009,-4.971473244950175E-004,1.214947900734842E-003,-5.845280247740448E-004,1.202667830511928E-003,
2.496800000000000E+009,-4.935744218528271E-004,1.230328227393329E-003,-5.285292281769216E-004,1.286980113945901E-003,
2.496833333333334E+009,-4.716667463071644E-004,1.330213388428092E-003,-4.801913164556027E-004,1.245485269464552E-003,
2.496866666666667E+009,-4.454507143236697E-004,1.316289766691625E-003,-4.725175676867366E-004,1.275510527193546E-003,
2.496900000000000E+009,-4.182487900834531E-004,1.260120072402060E-003,-4.093729658052325E-004,1.331112813204527E-003,
2.496933333333334E+009,-4.030429699923843E-004,1.294189249165356E-003,-3.870281507261097E-004,1.286026672460139E-003,
2.496966666666667E+009,-4.070256836712360E-004,1.354293897747994E-003,-3.229819994885474E-004,1.298557617701590E-003,
2.497000000000000E+009,-3.491670358926058E-004,1.255523762665689E-003,-3.411412180867046E-004,1.345229102298617E-003,
2.497033333333334E+009,-3.069067315664142E-004,1.324545009993017E-003,-2.886754227802157E-004,1.301904325373471E-003,
2.497066666666667E+009,-2.280211338074878E-004,1.306356396526098E-003,-2.645552449394018E-004,1.334882457740605E-003,
2.497100000000000E+009,-2.656700962688774E-004,1.310528372414410E-003,-1.918329508043826E-004,1.336018904112279E-003,
2.497133333333334E+009,-2.610612718854100E-004,1.374300569295883E-003,-2.115910756401718E-004,1.327329315245152E-003,
2.497166666666667E+009,-2.506421587895602E-004,1.381713896989822E-003,-1.937685883603990E-004,1.368266181088984E-003,
2.497200000000000E+009,-1.208812973345630E-004,1.391567639075220E-003,-1.650176855036989E-004,1.392151927575469E-003,
2.497233333333334E+009,-1.178699021693319E-004,1.357138738967478E-003,-9.676907939137891E-005,1.373835955746472E-003,
2.497266666666667E+009,-5.387263809097931E-005,1.347209210507572E-003,-1.035264431266114E-004,1.353230560198426E-003,
2.497300000000000E+009,-3.040081173821818E-005,1.350284903310239E-003,-4.613398778019473E-005,1.324827549979091E-003,
2.497333333333334E+009,-2.876063808798790E-005,1.324994605965912E-003,-6.353859498631209E-005,1.384842908009887E-003,
2.497366666666667E+009,1.798405719455332E-005,1.377708162181079E-003,1.114557653636439E-005,1.354346168227494E-003,
2.497400000000000E+009,3.158979598083533E-005,1.327834557741880E-003,1.053342057275586E-004,1.334848348051310E-003,
2.497433333333334E+009,1.061757939169183E-004,1.371328369714320E-003,1.129761658376083E-004,1.337739988230169E-003,
2.497466666666667E+009,1.144829730037600E-004,1.377902226522565E-003,1.452199358027428E-004,1.340197399258614E-003,
2.497500000000000E+009,1.771701936377212E-004,1.390813733451068E-003,1.340493618045002E-004,1.346679986454547E-003,
2.497533333333334E+009,2.190695813624188E-004,1.346279168501496E-003,1.738828723318875E-004,1.335825072601438E-003,
2.497566666666667E+009,2.009464806178585E-004,1.341975177638233E-003,1.803448540158570E-004,1.302649150602520E-003,
2.497600000000000E+009,2.025067951763049E-004,1.342221978120506E-003,2.572330413386226E-004,1.282906043343246E-003,
2.497633333333334E+009,3.174573648720980E-004,1.353314728476107E-003,3.030951775144786E-004,1.397045096382499E-003,
2.497666666666667E+009,2.824084949679673E-004,1.304350793361664E-003,3.270513261668384E-004,1.299914671108127E-003,
2.497700000000000E+009,3.526232030708343E-004,1.343201613053680E-003,3.758548991754651E-004,1.344625838100910E-003,
2.497733333333334E+009,4.651923372875899E-004,1.290738931857050E-003,4.206217126920819E-004,1.291944761760533E-003,
2.497766666666667E+009,3.908267826773226E-004,1.322543364949524E-003,4.319451109040529E-004,1.290616812184453E-003,
2.497800000000000E+009,5.047597805969417E-004,1.304512610659003E-003,4.725527542177588E-004,1.270166249014437E-003,
2.497833333333334E+009,4.761512391269207E-004,1.290639513172209E-003,5.044135032221675E-004,1.270522945560515E-003,
2.497866666666667E+009,4.981469246558845E-004,1.267808373086155E-003,5.661212489940226E-004,1.291872351430357E-003,
2.497900000000000E+009,5.254460265859962E-004,1.229120302014053E-003,5.525181186385453E-004,1.172249903902412E-003,
2.497933333333334E+009,5.696868174709380E-004,1.169772585853934E-003,5.738269537687302E-004,1.238994183950126E-003,
2.497966666666667E+009,6.364381988532841E-004,1.158926170319319E-003,5.789821152575314E-004,1.212254981510341E-003,
2.498000000000000E+009,6.674827891401947E-004,1.188350375741720E-003,7.005594670772553E-004,1.192111172713339E-003,
2.498033333333334E+009,6.589959957636893E-004,1.157453982159495E-003,6.417765980586410E-004,1.179379760287702E-003,
2.498066666666667E+009,6.935702986083925E-004,1.180220744572580E-003,6.660347571596503E-004,1.177178812213242E-003,
2.498100000000000E+009,7.070200517773628E-004,1.147744362242520E-003,6.931705283932388E-004,1.130571356043220E-003,
2.498133333333334E+009,7.578982622362673E-004,1.132778939791024E-003,7.415578584186733E-004,1.128930947743356E-003,
2.498166666666667E+009,7.222364656627178E-004,1.066251657903194E-003,8.042333647608757E-004,1.135010621510446E-003,
2.498200000000000E+009,7.986278505995870E-004,1.047433703206480E-003,8.384372340515256E-004,1.141674350947142E-003,
2.498233333333334E+009,8.822401869110763E-004,1.079425797797740E-003,8.068169699981809E-004,1.045349868945777E-003,
2.498266666666667E+009,8.873652550391853E-004,1.032818574458361E-003,8.650067029520869E-004,1.046778401359916E-003,
2.498300000000000E+009,9.100235765799880E-004,1.043838215991855E-003,9.131349506787956E-004,1.047671306878328E-003,
2.498333333333334E+009,9.671882144175470E-004,1.015522633679211E-003,8.773877052590251E-004,9.662993834353983E-004,
2.498366666666667E+009,9.678728529252112E-004,9.811825584620237E-004,9.540679748170078E-004,1.018392620608211E-003,
2.498400000000000E+009,1.015993766486645E-003,9.485980262979865E-004,1.008089049719274E-003,9.360468247905374E-004,
2.498433333333334E+009,1.072634826414287E-003,8.849210571497679E-004,1.072900253348053E-003,9.207022376358509E-004,
2.498466666666667E+009,1.069112913683057E-003,8.950920891948044E-004,1.027048798277974E-003,9.198510670103133E-004,
2.498500000000000E+009,1.038336427882314E-003,8.255625143647194E-004,1.099940622225404E-003,8.491698536090553E-004,
2.498533333333334E+009,1.032481202855706E-003,7.505693938583136E-004,1.099749351851642E-003,8.099051774479449E-004,
2.498566666666667E+009,1.079557230696082E-003,7.942484808154404E-004,1.057910732924938E-003,7.823750493116677E-004,
2.498600000000000E+009,1.117229810915887E-003,7.364612538367510E-004,1.109398668631911E-003,7.745877956040204E-004,
2.498633333333334E+009,1.108320313505828E-003,7.770114461891353E-004,1.173113123513758E-003,7.433224818669260E-004,
2.498666666666667E+009,1.141231856308878E-003,7.502029184252024E-004,1.192558789625764E-003,7.568392320536077E-004,
2.498700000000000E+009,1.168731832876802E-003,6.886124610900879E-004,1.144303590990603E-003,6.901262095198035E-004,
2.498733333333334E+009,1.239415607415140E-003,6.340998806990683E-004,1.162536675110459E-003,6.298278458416462E-004,
2.498766666666667E+009,1.217995421029627E-003,6.214163149707019E-004,1.155194360762835E-003,6.624833331443369E-004,
2.498800000000000E+009,1.209826790727675E-003,5.793162854388356E-004,1.216715783812106E-003,5.901471013203263E-004,
2.498833333333334E+009,1.220841775648296E-003,5.902338307350874E-004,1.239447621628642E-003,5.486433510668576E-004,
2.498866666666667E+009,1.256687566637993E-003,5.264680366963148E-004,1.223128987476230E-003,5.294475704431534E-004,
2.498900000000000E+009,1.288748113438487E-003,5.378861678764224E-004,1.245305640622973E-003,4.622660926543176E-004,
2.498933333333334E+009,1.271042041480541E-003,4.689391353167594E-004,1.239165663719177E-003,4.673668008763343E-004,
2.498966666666667E+009,1.284969737753272E-003,4.203138232696801E-004,1.173336058855057E-003,4.499536007642746E-004,
2.499000000000000E+009,1.258954755030572E-003,4.055630706716329E-004,1.236835145391524E-003,4.200000839773566E-004,
2.499033333333334E+009,1.304903649725020E-003,3.550630935933441E-004,1.349074766039848E-003,3.881441953126341E-004,
2.499066666666667E+009,1.289715757593513E-003,3.846895997412503E-004,1.298422692343593E-003,3.702859103213996E-004,
2.499100000000000E+009,1.291588763706386E-003,2.954118535853922E-004,1.275652553886175E-003,2.800339425448328E-004,
2.499133333333334E+009,1.317349146120250E-003,2.809769357554615E-004,1.347923302091658E-003,2.532228245399892E-004,
2.499166666666667E+009,1.320827403105795E-003,2.518310502637178E-004,1.351656625047326E-003,2.302113280165941E-004,
2.499200000000000E+009,1.305121928453445E-003,2.313416625838727E-004,1.351653714664280E-003,2.121097786584869E-004,
2.499233333333334E+009,1.285286038182676E-003,1.516317570349202E-004,1.361253787763417E-003,1.758496655384079E-004,
2.499266666666667E+009,1.307454193010926E-003,1.393220445606858E-004,1.355454791337252E-003,1.235416712006554E-004,
2.499300000000000E+009,1.313299173489213E-003,8.584599709138274E-005,1.335565699264407E-003,1.101387824746780E-004,
2.499333333333334E+009,1.367687247693539E-003,4.753076791530475E-005,1.323438598774374E-003,5.376423359848559E-005,
2.499366666666667E+009,1.314970781095326E-003,-1.609903847565875E-005,1.312362262979150E-003,-5.850327943335287E-005,
2.499400000000000E+009,1.275827526114881E-003,6.113279232522473E-005,1.314264722168446E-003,4.552219979814254E-005,
2.499433333333334E+009,1.372638391330838E-003,-7.445373194059357E-005,1.345735159702599E-003,-3.384901356184855E-005,
2.499466666666667E+009,1.299287308938801E-003,-7.722146256128326E-005,1.315801986493170E-003,-7.488462142646313E-005,
2.499500000000000E+009,1.335817039944232E-003,-1.140194290201180E-004,1.335220411419869E-003,-8.897680527297780E-005,
2.499533333333334E+009,1.331909094005823E-003,-1.380296162096784E-004,1.301158103160560E-003,-1.407716335961595E-004,
2.499566666666667E+009,1.256716786883771E-003,-2.037930098595098E-004,1.332709216512740E-003,-2.193645486840978E-004,
2.499600000000000E+009,1.297186478041112E-003,-2.145788603229448E-004,1.301017822697759E-003,-2.390084264334291E-004,
2.499633333333334E+009,1.277304487302899E-003,-1.909697602968663E-004,1.249327789992094E-003,-2.433654735796154E-004,
2.499666666666667E+009,1.298850984312594E-003,-2.875534119084477E-004,1.284887548536062E-003,-3.008814528584480E-004,
2.499700000000000E+009,1.228713663294911E-003,-3.080099704675376E-004,1.343011856079102E-003,-2.449365274515003E-004,
2.499733333333334E+009,1.279502874240279E-003,-3.647345874924213E-004,1.214601215906441E-003,-3.561926423572004E-004,
2.499766666666667E+009,1.318038557656109E-003,-3.297273360658437E-004,1.227905740961433E-003,-3.705210692714900E-004,
2.499800000000000E+009,1.275782473385334E-003,-3.856278490275145E-004,1.235914533026516E-003,-4.340990562923253E-004,
2.499833333333334E+009,1.257691532373428E-003,-4.439331532921642E-004,1.223843311890960E-003,-4.694505769293755E-004,
2.499866666666667E+009,1.210958580486476E-003,-4.592868499457836E-004,1.200869097374380E-003,-4.670599009841681E-004,
2.499900000000000E+009,1.198965939693153E-003,-5.074994987808168E-004,1.202131737954915E-003,-5.357369664125145E-004,
2.499933333333334E+009,1.233464339748025E-003,-5.536278476938605E-004,1.207474037073553E-003,-5.101605202071369E-004,
2.499966666666667E+009,1.159072271548212E-003,-5.556239048019052E-004,1.155090634711087E-003,-5.785844405181706E-004,
2.500000000000000E+009,1.195742748677731E-003,-6.020044675096870E-004,1.165044726803899E-003,-5.939845577813685E-004,
