% Version 1.00
%
%freq[Hz];re:Trc1_S21;im:Trc1_S21;re:Trc2_S12;im:Trc2_S12;
2.480000000000000E+009,-5.526544991880655E-004,2.378126810071990E-004,-6.258275825530291E-004,2.258516906294972E-004,
2.480033333333334E+009,-6.332870689220727E-004,2.755078894551843E-004,-5.898003000766039E-004,2.617979771457613E-004,
2.480066666666667E+009,-5.922782002016902E-004,3.066784993279725E-004,-6.066914647817612E-004,2.540881978347898E-004,
2.480100000000000E+009,-6.392352515831590E-004,2.917964593507350E-004,-5.832029855810106E-004,3.221651713829488E-004,
2.480133333333334E+009,-6.146523519419134E-004,3.339911345392466E-004,-5.666408687829971E-004,3.217858902644366E-004,
2.480166666666667E+009,-5.693789571523666E-004,3.418242849875242E-004,-5.940338014625013E-004,3.101677284575999E-004,
2.480200000000000E+009,-5.931398482061923E-004,3.159601765219122E-004,-5.965466843917966E-004,3.458635474089533E-004,
2.480233333333334E+009,-5.437279469333589E-004,3.520372556522489E-004,-6.007499177940190E-004,4.238837282173336E-004,
2.480266666666667E+009,-5.128592601977289E-004,3.657894267234951E-004,-5.965732270851731E-004,4.103386308997870E-004,
2.480300000000000E+009,-5.424536066129804E-004,3.985717776231468E-004,-5.390687147155404E-004,3.652597370091826E-004,
2.480333333333334E+009,-5.194043042138219E-004,4.325551562942565E-004,-5.356371984817088E-004,3.956856089644134E-004,
2.480366666666667E+009,-5.650197272188962E-004,3.717840008903295E-004,-4.875223385170102E-004,4.531028680503368E-004,
2.480400000000000E+009,-5.891758482903242E-004,4.258270491845906E-004,-5.670932587236166E-004,4.201965639367700E-004,
2.480433333333334E+009,-4.817695880774409E-004,4.654482763726264E-004,-5.582757876254618E-004,4.288736672606319E-004,
2.480466666666667E+009,-5.275555304251611E-004,4.797564179170877E-004,-4.914349410682917E-004,4.758081631734967E-004,
2.480500000000000E+009,-5.221549654379487E-004,4.943578969687223E-004,-4.979323712177575E-004,4.296536208130419E-004,
2.480533333333334E+009,-4.239975241944194E-004,5.093064391985536E-004,-4.969333531334996E-004,4.600664251483977E-004,
2.480566666666667E+009,-5.099331610836089E-004,4.921998479403555E-004,-4.617598315235227E-004,5.262139020487666E-004,
2.480600000000000E+009,-4.271325597073883E-004,4.915531608276069E-004,-4.694380040746182E-004,5.335371824912727E-004,
2.480633333333334E+009,-4.314381221774966E-004,5.336916656233370E-004,-4.166104190517217E-004,4.955645999871194E-004,
2.480666666666667E+009,-3.708373988047242E-004,5.245239590294659E-004,-3.924235061276704E-004,5.119396373629570E-004,
2.480700000000000E+009,-3.518921148497611E-004,5.723130307160318E-004,-3.414186649024487E-004,4.853123682551086E-004,
2.480733333333334E+009,-3.488899674266577E-004,5.059295799583197E-004,-3.496350254863501E-004,5.660985480062664E-004,
2.480766666666667E+009,-2.997039700858295E-004,5.184277542866767E-004,-3.572583955246955E-004,5.679032183252275E-004,
2.480800000000000E+009,-3.277993819210678E-004,4.991437890566886E-004,-3.114428254775703E-004,5.042516277171671E-004,
2.480833333333334E+009,-3.235836920794100E-004,4.755305999424309E-004,-3.002575831487775E-004,4.852427227888256E-004,
2.480866666666667E+009,-2.771425351966173E-004,4.239220288582146E-004,-3.017297131009400E-004,4.681561258621514E-004,
2.480900000000000E+009,-2.962003345601261E-004,4.529410798568279E-004,-3.043469914700836E-004,4.149295855313540E-004,
2.480933333333334E+009,-3.214094322174788E-004,4.843540373258293E-004,-3.996088926214725E-004,4.710716893896461E-004,
2.480966666666667E+009,-2.959796402137727E-004,4.647121822927147E-004,-3.312047920189798E-004,4.949969588778913E-004,
2.481000000000000E+009,-3.155301383230835E-004,5.083658033981919E-004,-2.571783552411944E-004,4.906452377326787E-004,
2.481033333333334E+009,-2.169895742554218E-004,5.341466167010367E-004,-2.899237442761660E-004,5.552615039050579E-004,
2.481066666666667E+009,-2.449782041367143E-004,5.545034655369818E-004,-2.274836733704433E-004,5.482792039401829E-004,
2.481100000000000E+009,-2.310040290467441E-004,4.746651393361390E-004,-2.645540516823530E-004,5.314974696375430E-004,
2.481133333333334E+009,-2.015141653828323E-004,5.987636977806687E-004,-2.090120542561635E-004,5.911472253501415E-004,
2.481166666666667E+009,-1.984849513974041E-004,5.706157535314560E-004,-2.242312912130728E-004,5.781777435913682E-004,
2.481200000000000E+009,-1.099830697057769E-004,5.940229166299105E-004,-2.367201232118532E-004,6.247744895517826E-004,
2.481233333333334E+009,-1.267276238650084E-004,6.533082923851907E-004,-1.270912907784805E-004,6.356516969390214E-004,
2.481266666666667E+009,-1.044847449520603E-004,6.879563443362713E-004,-1.256855612155050E-004,6.625477690249682E-004,
2.481300000000000E+009,-6.750126340193674E-005,6.104789208620787E-004,-1.349311642115936E-004,6.611165590584278E-004,
2.481333333333334E+009,-1.815287978388369E-004,6.060916930437088E-004,-3.680922236526385E-005,6.741438992321491E-004,
2.481366666666667E+009,-5.733951184083708E-005,6.665416294708848E-004,-1.003710203804076E-004,6.302510155364871E-004,
2.481400000000000E+009,6.060585292289034E-006,7.331506349146366E-004,-2.591684824437834E-005,7.003836799412966E-004,
2.481433333333334E+009,-4.658933539758436E-005,6.961040780879557E-004,-5.469048483064398E-005,7.056491449475288E-004,
2.481466666666667E+009,-9.568951099936385E-006,7.499196799471974E-004,-3.118149834335782E-005,7.067753467708826E-004,
2.481500000000000E+009,-7.020236694188498E-007,6.963201449252665E-004,-1.818639793782495E-005,6.615407764911652E-004,
2.481533333333334E+009,2.818959046635428E-006,7.567094871774316E-004,-7.730909419478849E-005,7.074930472299457E-004,
2.481566666666667E+009,-2.787352786981501E-005,7.619124371558428E-004,8.595249710197095E-006,6.840305868536234E-004,
2.481600000000000E+009,7.263687621161807E-006,7.521664374507964E-004,-4.510312919592252E-006,7.113730534911156E-004,
2.481633333333334E+009,2.975030656671152E-005,7.490760181099176E-004,9.723366929392796E-007,7.167675648815930E-004,
2.481666666666667E+009,6.027813287801109E-005,7.127224234864116E-004,9.690931619843468E-005,7.291131187230349E-004,
2.481700000000000E+009,6.573314021807164E-005,7.627449231222272E-004,1.296013942919672E-004,7.443875656463206E-004,
2.481733333333334E+009,1.167436712421477E-004,7.527077686972916E-004,1.229858462465927E-004,7.397220470011234E-004,
2.481766666666667E+009,1.519166107755154E-004,7.100968505255878E-004,6.469557411037386E-005,7.498298655264080E-004,
2.481800000000000E+009,1.159542298410088E-004,7.838519522920251E-004,1.672559446888045E-004,6.878025596961379E-004,
2.481833333333334E+009,2.122818696079776E-004,7.531194714829326E-004,1.140025487984531E-004,7.610592292621732E-004,
2.481866666666667E+009,1.545618433738127E-004,7.424877840094268E-004,1.851311099017039E-004,7.403661147691310E-004,
2.481900000000000E+009,2.198379370383918E-004,7.460575434379280E-004,2.518369292374700E-004,7.172418991103768E-004,
2.481933333333334E+009,2.421172248432413E-004,7.061822107061744E-004,2.257583255413920E-004,7.440266781486571E-004,
2.481966666666667E+009,2.571378427091986E-004,7.594505441375077E-004,2.897581143770367E-004,6.884906906634569E-004,
2.482000000000000E+009,2.378458884777501E-004,7.519004284404218E-004,2.736202441155911E-004,6.812202627770603E-004,
2.482033333333334E+009,2.772176812868565E-004,7.182068657130003E-004,3.146303643006831E-004,7.421977352350950E-004,
2.482066666666667E+009,2.953709335997701E-004,7.091820589266717E-004,2.541199501138181E-004,7.076901383697987E-004,
2.482100000000000E+009,3.223830135539174E-004,7.085834513418376E-004,3.458458231762052E-004,7.007491076365113E-004,
2.482133333333334E+009,3.248812572564930E-004,6.156596355140209E-004,3.576972230803222E-004,7.156673818826675E-004,
2.482166666666667E+009,3.468309587333351E-004,6.911393138580024E-004,3.670018049888313E-004,6.614812882617116E-004,
2.482200000000000E+009,3.480198793113232E-004,5.848071305081248E-004,4.406665102578700E-004,6.267848075367510E-004,
2.482233333333334E+009,3.977516025770456E-004,6.190477288328111E-004,3.822620783466846E-004,6.034611142240465E-004,
2.482266666666667E+009,3.409784112591296E-004,5.481477710418403E-004,4.220536502543837E-004,5.915275542065501E-004,
2.482300000000000E+009,4.240925773046911E-004,5.850461893714964E-004,3.904521581716836E-004,5.626039928756654E-004,
2.482333333333334E+009,4.105489351786673E-004,5.553396767936647E-004,3.706464485730976E-004,5.419365479610860E-004,
2.482366666666667E+009,4.380989121273160E-004,5.846574204042554E-004,4.124939732719213E-004,5.155229009687901E-004,
2.482400000000000E+009,3.925596829503775E-004,5.337850889191032E-004,4.129075969103724E-004,5.060169496573508E-004,
2.482433333333334E+009,3.478043945506215E-004,5.349497660063207E-004,4.003241483587772E-004,4.909725976176560E-004,
2.482466666666667E+009,3.452022501733154E-004,4.534151521511376E-004,4.045492969453335E-004,4.337870050221682E-004,
2.482500000000000E+009,4.163754929322749E-004,5.098200635984540E-004,3.647131379693747E-004,5.255126743577421E-004,
2.482533333333334E+009,3.845902974717319E-004,4.422071506269276E-004,3.892000240739435E-004,5.080335540696979E-004,
2.482566666666667E+009,3.723552799783647E-004,4.874792939517647E-004,3.611774009186775E-004,4.668303008656949E-004,
2.482600000000000E+009,4.589176096487790E-004,4.569224256556481E-004,4.636642406694591E-004,4.805616044905037E-004,
2.482633333333334E+009,5.183554021641612E-004,4.821887705475092E-004,4.604566493071616E-004,4.174563509877771E-004,
2.482666666666667E+009,4.852935089729726E-004,4.533971077762544E-004,5.596867995336652E-004,4.378212615847588E-004,
2.482700000000000E+009,5.143752787262201E-004,4.200775874778628E-004,5.354721215553582E-004,4.494104941841215E-004,
2.482733333333334E+009,5.423270049504936E-004,3.921860770788044E-004,5.546706961467862E-004,3.763083077501506E-004,
2.482766666666667E+009,5.427915602922440E-004,3.308052255306393E-004,5.618611467070878E-004,4.641317063942552E-004,
2.482800000000000E+009,6.140351179055870E-004,3.607805992942303E-004,5.048743332736194E-004,3.752962511498481E-004,
2.482833333333334E+009,5.930056213401258E-004,3.615033929236233E-004,5.752766737714410E-004,4.239603877067566E-004,
2.482866666666667E+009,6.164855440147221E-004,4.120061930734664E-004,6.430760258808732E-004,3.779472608584911E-004,
2.482900000000000E+009,6.181903881952167E-004,3.162762150168419E-004,6.242024246603251E-004,3.977825108449906E-004,
2.482933333333334E+009,7.102611125446856E-004,3.644508833531290E-004,6.705091800540686E-004,3.436080587562174E-004,
2.482966666666667E+009,6.211634026840329E-004,2.960025158245117E-004,6.425617029890418E-004,2.919679391197860E-004,
2.483000000000000E+009,6.866760668344796E-004,3.330361214466393E-004,7.181704859249294E-004,2.897389640565962E-004,
2.483033333333334E+009,7.548122666776180E-004,2.571084478404373E-004,7.123571122065187E-004,3.325650468468666E-004,
2.483066666666667E+009,7.042085635475814E-004,2.934637886937708E-004,7.331276428885758E-004,3.062698233406991E-004,
2.483100000000000E+009,7.249985355883837E-004,2.674958668649197E-004,7.020310731604695E-004,3.069771046284586E-004,
2.483133333333334E+009,7.505420944653451E-004,1.797457953216508E-004,7.514824974350631E-004,2.643888001330197E-004,
2.483166666666667E+009,7.257428369484842E-004,2.364868851145729E-004,7.466324605047703E-004,2.580662549007684E-004,
2.483200000000000E+009,7.734291721135378E-004,2.600483421701938E-004,7.833059644326568E-004,2.469121536705643E-004,
2.483233333333334E+009,7.634756038896740E-004,2.037615049630404E-004,7.481714710593224E-004,1.634622603887692E-004,
2.483266666666667E+009,7.896170136518776E-004,2.526128664612770E-004,7.366188801825047E-004,1.597815571585670E-004,
2.483300000000000E+009,7.918795454315841E-004,1.785068598110229E-004,7.588564185425639E-004,1.460621133446693E-004,
2.483333333333334E+009,7.837213925085962E-004,1.703772722976282E-004,7.944902172312141E-004,1.398900349158794E-004,
2.483366666666667E+009,7.603822159580886E-004,1.375001593260095E-004,7.818480371497572E-004,1.549889566376805E-004,
2.483400000000000E+009,7.948097190819681E-004,8.071047341218218E-005,7.992288446985185E-004,1.066440236172639E-004,
2.483433333333334E+009,8.050739415921271E-004,8.985327440313995E-005,8.473110501654446E-004,1.160780593636446E-004,
2.483466666666667E+009,7.862325874157250E-004,-5.038073504692875E-005,8.052659686654806E-004,6.153363210614771E-005,
2.483500000000000E+009,7.952438900247216E-004,5.804595639347099E-005,8.322094799950719E-004,8.134036761475727E-005,
2.483533333333334E+009,7.867477252148092E-004,1.838781463447958E-005,8.024545386433601E-004,-4.670769703807309E-005,
2.483566666666667E+009,8.538833353668451E-004,4.716646344604669E-006,8.087132009677589E-004,-2.439930358377751E-005,
2.483600000000000E+009,7.843936909921467E-004,-6.494063563877717E-005,8.398870704695582E-004,-3.797482349909842E-005,
2.483633333333334E+009,8.108217152766883E-004,-2.694581553441822E-007,8.039009408093989E-004,-4.191255720797926E-005,
2.483666666666667E+009,8.385473629459739E-004,-8.341444481629878E-005,8.093648357316852E-004,-6.178024341352284E-005,
2.483700000000000E+009,8.019446395337582E-004,-8.873295882949606E-005,7.733148522675037E-004,-1.241178106283769E-004,
2.483733333333334E+009,8.054669015109539E-004,-1.131823446485214E-004,7.653576321899891E-004,-1.079183566616848E-004,
2.483766666666667E+009,7.242925930768251E-004,-1.254632225027308E-004,7.545425323769450E-004,-1.217188109876588E-004,
2.483800000000000E+009,7.652275962755084E-004,-1.717019622446969E-004,7.779697771184146E-004,-1.869363331934437E-004,
2.483833333333334E+009,7.860582554712892E-004,-1.148632218246348E-004,7.415482541546226E-004,-1.827729429351166E-004,
2.483866666666667E+009,7.273206720128655E-004,-1.636813394725323E-004,7.257041870616376E-004,-1.491843286203221E-004,
2.483900000000000E+009,7.387457881122828E-004,-2.304082590853795E-004,6.733281770721078E-004,-2.089104527840391E-004,
2.483933333333334E+009,6.925598718225956E-004,-2.530867641326040E-004,6.317463121376932E-004,-1.813175767892972E-004,
2.483966666666667E+009,6.363556603901088E-004,-1.896782923722640E-004,6.329354364424944E-004,-2.326708490727469E-004,
2.484000000000000E+009,5.839470541104674E-004,-2.394787879893556E-004,5.818610661663115E-004,-1.587328151799738E-004,
2.484033333333334E+009,6.343228160403669E-004,-1.786082721082494E-004,6.064595072530210E-004,-1.435051381122321E-004,
2.484066666666667E+009,6.694585317745805E-004,-1.460607891203836E-004,6.037246203050017E-004,-1.768041547620669E-004,
2.484100000000000E+009,6.688860012218356E-004,-1.626580196898431E-004,6.373815704137087E-004,-1.934041356435046E-004,
2.484133333333334E+009,6.147206295281649E-004,-2.459029201418161E-004,6.505558849312365E-004,-2.685513754840940E-004,
2.484166666666667E+009,6.308772135525942E-004,-2.107448526658118E-004,5.993286613374949E-004,-2.633522963151336E-004,
2.484200000000000E+009,5.911643384024501E-004,-3.199836937710643E-004,5.317289032973349E-004,-2.950932248495519E-004,
2.484233333333334E+009,6.029767100699246E-004,-2.545150055084378E-004,6.273252656683326E-004,-3.263141261413693E-004,
2.484266666666667E+009,6.756277871318162E-004,-3.674970357678831E-004,5.941512645222247E-004,-2.984526799991727E-004,
2.484300000000000E+009,6.322061526589096E-004,-3.703624242916703E-004,6.028070929460228E-004,-4.186443111393601E-004,
2.484333333333334E+009,6.069756345823407E-004,-3.718514926731587E-004,5.813750321976841E-004,-3.964839852415025E-004,
2.484366666666667E+009,5.684400675818324E-004,-4.520126094575971E-004,5.825806292705238E-004,-3.946184879168868E-004,
2.484400000000000E+009,6.027412018738687E-004,-4.359980812296271E-004,5.651227547787130E-004,-4.889424308203161E-004,
2.484433333333334E+009,5.561601719819009E-004,-4.851561971008778E-004,5.813887692056596E-004,-4.816344589926302E-004,
2.484466666666667E+009,5.573113448917866E-004,-5.072114872746170E-004,5.280397599563003E-004,-5.394433974288404E-004,
2.484500000000000E+009,5.675596767105162E-004,-4.864904622081667E-004,5.844896077178419E-004,-5.042759585194290E-004,
2.484533333333334E+009,5.353823071345687E-004,-5.829934962093830E-004,5.378227797336876E-004,-6.016292609274387E-004,
2.484566666666667E+009,5.227684741839767E-004,-5.461397231556475E-004,4.977047792635858E-004,-5.690899561159313E-004,
2.484600000000000E+009,5.690230755135417E-004,-5.339175695553422E-004,5.474340287037194E-004,-5.180789157748222E-004,
2.484633333333334E+009,5.408546421676874E-004,-5.993820377625525E-004,5.282275378704071E-004,-5.798768834210932E-004,
2.484666666666667E+009,5.434720660559833E-004,-5.748490220867097E-004,5.487182061187923E-004,-6.295723142102361E-004,
2.484700000000000E+009,5.283947684802115E-004,-6.714672781527042E-004,5.260325269773603E-004,-6.377552053891122E-004,
2.484733333333334E+009,4.977629287168384E-004,-6.445676553994417E-004,4.890801501460373E-004,-5.902062985114753E-004,
2.484766666666667E+009,4.443534999154508E-004,-6.522489711642265E-004,5.264081410132349E-004,-6.826996686868370E-004,
2.484800000000000E+009,4.884230438619852E-004,-6.576409796252847E-004,4.120541270822287E-004,-6.960650789551437E-004,
2.484833333333334E+009,4.265418683644384E-004,-6.347448797896504E-004,4.937786143273115E-004,-7.175289210863411E-004,
2.484866666666667E+009,4.172031767666340E-004,-7.045683450996876E-004,4.591860051732510E-004,-7.076411857269704E-004,
2.484900000000000E+009,4.565434064716101E-004,-7.380004972219467E-004,4.255654348526150E-004,-7.009415421634913E-004,
2.484933333333334E+009,3.497310681268573E-004,-7.123533869162202E-004,4.154669586569071E-004,-7.273610099218786E-004,
2.484966666666667E+009,4.151169559918344E-004,-7.252739160321653E-004,3.801324928645045E-004,-7.029711268842220E-004,
2.485000000000000E+009,3.861116420011967E-004,-7.045742240734398E-004,3.458354040049017E-004,-7.560405065305531E-004,
2.485033333333334E+009,3.719837113749236E-004,-7.627091254107654E-004,3.449885698501021E-004,-7.379620801657438E-004,
2.485066666666667E+009,3.251471207477152E-004,-7.250395719893277E-004,3.700653032865375E-004,-7.638903334736824E-004,
2.485100000000000E+009,3.401933063287288E-004,-8.081346168182790E-004,2.935627417173237E-004,-7.630351465195417E-004,
2.485133333333334E+009,3.269309236202389E-004,-7.518589263781905E-004,2.945151063613594E-004,-7.824493804946542E-004,
2.485166666666667E+009,2.740258350968361E-004,-7.869421970099211E-004,2.175549743697047E-004,-7.828948437236249E-004,
2.485200000000000E+009,2.491281193215400E-004,-8.117514662444592E-004,2.690983237698674E-004,-7.814316777512431E-004,
2.485233333333334E+009,1.987391297006980E-004,-8.174882386811078E-004,2.084600564558059E-004,-7.865434163250029E-004,
2.485266666666667E+009,2.354940806981176E-004,-7.435329025611281E-004,2.146143087884411E-004,-7.741663139313459E-004,
2.485300000000000E+009,2.184344630222768E-004,-7.833027630113065E-004,1.452113792765886E-004,-8.013637852855027E-004,
2.485333333333334E+009,1.752118114382029E-004,-8.216684218496084E-004,1.494361640652642E-004,-7.388620870187879E-004,
2.485366666666667E+009,1.009259285638109E-004,-8.126846514642239E-004,8.665041968924925E-005,-7.984206895343959E-004,
2.485400000000000E+009,9.457300620852038E-005,-8.102074498310685E-004,1.042381773004308E-004,-7.593479240313172E-004,
2.485433333333334E+009,1.066111508407630E-004,-7.547018467448652E-004,1.106319105019793E-004,-7.656229427084327E-004,
2.485466666666667E+009,6.695288175251335E-005,-7.427204400300980E-004,7.805196946719661E-005,-7.953305612318218E-004,
2.485500000000000E+009,4.120354788028635E-005,-7.591118337586522E-004,-2.914620563387871E-005,-7.219610852189362E-004,
2.485533333333334E+009,5.318396506481804E-005,-7.946009864099324E-004,1.164827426691772E-005,-6.950429524295032E-004,
2.485566666666667E+009,8.491882181260735E-005,-7.470697746612132E-004,6.691427552141249E-005,-6.933389813639224E-004,
2.485600000000000E+009,2.882859917008318E-005,-6.752617191523314E-004,1.796982178348117E-005,-6.819539703428745E-004,
2.485633333333334E+009,5.577362753683701E-005,-6.330178002826870E-004,4.069231727044098E-005,-7.355292909778655E-004,
2.485666666666667E+009,5.764795787399635E-005,-7.136205676943064E-004,3.405601091799326E-005,-6.696822238154709E-004,
2.485700000000000E+009,3.807257598964497E-005,-6.797193782404065E-004,-6.837017735961126E-006,-7.424919167533517E-004,
2.485733333333334E+009,-6.534777639899403E-006,-7.521467632614076E-004,-1.598369635757990E-005,-7.303705788217485E-004,
2.485766666666667E+009,-9.216197213390842E-005,-7.349137449637055E-004,2.990086613863241E-005,-6.622113287448883E-004,
2.485800000000000E+009,-4.117366188438609E-005,-7.468132534995675E-004,-6.590385601157323E-005,-7.269273628480732E-004,
2.485833333333334E+009,-6.729877350153402E-005,-6.720780511386693E-004,-7.975973130669445E-005,-7.430368568748236E-004,
2.485866666666667E+009,-1.127577124862000E-004,-7.048908737488091E-004,-9.682613745098934E-005,-7.322296733036637E-004,
2.485900000000000E+009,-1.486625551478937E-004,-6.894167745485902E-004,-1.925006072269753E-004,-6.725561106577516E-004,
2.485933333333334E+009,-1.281230506720021E-004,-7.038043113425374E-004,-1.845516817411408E-004,-7.527013658545911E-004,
2.485966666666667E+009,-2.492709900252521E-004,-7.354088011197746E-004,-2.151900407625362E-004,-7.682594005018473E-004,
2.486000000000000E+009,-1.756384153850377E-004,-7.435161969624460E-004,-2.256564912386239E-004,-7.747305789962411E-004,
2.486033333333334E+009,-2.571995428297669E-004,-7.681102142669261E-004,-2.474635548423976E-004,-7.353573455475271E-004,
2.486066666666667E+009,-2.392449096078053E-004,-7.449897238984704E-004,-2.582529850769788E-004,-7.664171280339360E-004,
2.486100000000000E+009,-2.777606423478574E-004,-7.439483306370676E-004,-3.436323022469878E-004,-7.220483385026455E-004,
2.486133333333334E+009,-2.423161931801587E-004,-7.039785268716514E-004,-3.213965101167560E-004,-7.333577959798276E-004,
2.486166666666667E+009,-3.408466873224825E-004,-7.746245246380568E-004,-3.732168988790363E-004,-7.476815953850746E-004,
2.486200000000000E+009,-3.187250113114715E-004,-7.668641628697515E-004,-4.063686355948448E-004,-6.922684260644019E-004,
2.486233333333334E+009,-3.746914735529572E-004,-7.720450521446765E-004,-3.535333380568773E-004,-7.920074858702719E-004,
2.486266666666667E+009,-4.072870069649071E-004,-7.200202089734376E-004,-3.570577246136963E-004,-7.568672299385071E-004,
2.486300000000000E+009,-4.284008464310318E-004,-7.208431488834322E-004,-4.143468686379492E-004,-7.497622864320874E-004,
2.486333333333334E+009,-4.278395208530128E-004,-7.555386400781572E-004,-4.489229468163103E-004,-7.522562518715859E-004,
2.486366666666667E+009,-4.434715374372900E-004,-7.312535890378058E-004,-4.337690188549459E-004,-7.013755384832621E-004,
2.486400000000000E+009,-4.912448930554092E-004,-6.833416409790516E-004,-4.618342209141702E-004,-7.656806847080588E-004,
2.486433333333334E+009,-4.862127825617790E-004,-6.980094476602972E-004,-4.532520251814276E-004,-6.981057813391089E-004,
2.486466666666667E+009,-5.618089344352484E-004,-7.231555064208806E-004,-4.920549108646810E-004,-6.660165963694453E-004,
2.486500000000000E+009,-5.378958303481340E-004,-6.510389503091574E-004,-5.103052826598287E-004,-6.681819213554263E-004,
2.486533333333334E+009,-5.256169824860990E-004,-6.349587929435074E-004,-5.259093013592064E-004,-6.836039246991277E-004,
2.486566666666667E+009,-5.988739430904388E-004,-6.832459475845099E-004,-5.221415194682777E-004,-6.264757248573005E-004,
2.486600000000000E+009,-5.193757242523134E-004,-6.862244335934520E-004,-5.288324318826199E-004,-6.450451328419149E-004,
2.486633333333334E+009,-5.928750615566969E-004,-5.855210474692285E-004,-5.835746997036040E-004,-6.381724961102009E-004,
2.486666666666667E+009,-6.612075958400965E-004,-6.125027430243790E-004,-6.409899797290564E-004,-5.822118837386370E-004,
2.486700000000000E+009,-6.193084409460425E-004,-5.693693528883159E-004,-6.147793028503656E-004,-6.038739229552448E-004,
2.486733333333334E+009,-6.606327951885760E-004,-6.177114555612207E-004,-6.703530671074987E-004,-5.760260391980410E-004,
2.486766666666667E+009,-6.534045096486807E-004,-5.741221830248833E-004,-6.330481846816838E-004,-5.391858285292983E-004,
2.486800000000000E+009,-7.395808934234083E-004,-5.776935140602291E-004,-6.740138051100075E-004,-4.996102652512491E-004,
2.486833333333334E+009,-7.100786897353828E-004,-5.385137046687305E-004,-6.848286720924079E-004,-5.497598904184997E-004,
2.486866666666667E+009,-6.447515916079283E-004,-4.711123765446246E-004,-6.730961031280458E-004,-4.822127229999751E-004,
2.486900000000000E+009,-7.067609694786370E-004,-4.581145185511559E-004,-7.270940695889294E-004,-4.954484757035971E-004,
2.486933333333334E+009,-7.210069452412427E-004,-5.191558157093823E-004,-6.862014415673912E-004,-4.468284314498305E-004,
2.486966666666667E+009,-6.921803578734398E-004,-4.327349306549877E-004,-7.037234609015286E-004,-4.174437490291894E-004,
2.487000000000000E+009,-7.012177375145257E-004,-3.768228052649647E-004,-7.144598057493568E-004,-3.673194441944361E-004,
2.487033333333334E+009,-6.946595967747271E-004,-3.680795198306441E-004,-7.400742615573108E-004,-3.795773372985423E-004,
2.487066666666667E+009,-7.246671593748033E-004,-3.210013965144754E-004,-6.954373093321919E-004,-4.152211477048695E-004,
2.487100000000000E+009,-7.015742012299597E-004,-3.470025840215385E-004,-6.522981566376984E-004,-3.648213460110128E-004,
2.487133333333334E+009,-7.619011448696256E-004,-3.063355106860399E-004,-6.556089501827955E-004,-2.827275893650949E-004,
2.487166666666667E+009,-6.208672421053052E-004,-2.805496333166957E-004,-6.424472667276859E-004,-3.089666133746505E-004,
2.487200000000000E+009,-6.360548431985080E-004,-3.705112321767956E-004,-6.105194333940744E-004,-3.067774523515254E-004,
2.487233333333334E+009,-6.364661967381835E-004,-2.533933438826352E-004,-6.331740878522396E-004,-3.311392792966217E-004,
2.487266666666667E+009,-6.420332356356084E-004,-2.998904965352267E-004,-6.647555273957551E-004,-3.847534244414419E-004,
2.487300000000000E+009,-6.954292184673250E-004,-2.359476784477010E-004,-6.591021083295345E-004,-3.028711071237922E-004,
2.487333333333334E+009,-6.810993654653430E-004,-3.089327365159988E-004,-7.126623531803489E-004,-2.476688532624394E-004,
2.487366666666667E+009,-7.149976445361972E-004,-2.098626719089225E-004,-6.878711283206940E-004,-3.076445718761534E-004,
2.487400000000000E+009,-7.389532402157784E-004,-2.111030771629885E-004,-7.168612210080028E-004,-2.231356920674443E-004,
2.487433333333334E+009,-6.932269316166639E-004,-1.894734596135095E-004,-7.622140692546964E-004,-1.221934944624081E-004,
2.487466666666667E+009,-6.894985563121736E-004,-1.850145781645551E-004,-7.307837950065732E-004,-1.564428821438924E-004,
2.487500000000000E+009,-7.503413944505155E-004,-9.264496475225315E-005,-7.777233840897679E-004,-1.462775544496253E-004,
2.487533333333334E+009,-7.498084451071918E-004,-1.005435042316094E-004,-7.567766588181257E-004,-6.672970630461350E-005,
2.487566666666667E+009,-7.808911614120007E-004,-4.269971032044850E-005,-7.961219525896013E-004,-1.002917924779467E-004,
2.487600000000000E+009,-8.522300049662590E-004,-6.796447269152850E-005,-7.492903387174010E-004,-5.321087155607529E-005,
2.487633333333334E+009,-8.281946065835655E-004,-4.360060120234266E-005,-8.381447987630963E-004,-2.262686393805780E-005,
2.487666666666667E+009,-8.032213663682342E-004,7.026790990494192E-005,-8.511652704328299E-004,4.046884896524716E-006,
2.487700000000000E+009,-8.780239732004702E-004,4.730237924377434E-005,-8.055050275288522E-004,-2.537803629820701E-005,
2.487733333333334E+009,-8.789132116362453E-004,1.145650912803831E-005,-8.212745306082070E-004,9.381783456774429E-005,
2.487766666666667E+009,-8.028158335946500E-004,2.123629747075029E-005,-8.407199056819081E-004,5.500900442712009E-005,
2.487800000000000E+009,-8.823436219245195E-004,3.624966848292388E-005,-8.720281766727567E-004,6.659582140855491E-005,
2.487833333333334E+009,-8.135050884447992E-004,1.190691909869202E-004,-8.649751543998718E-004,1.178489619633183E-004,
2.487866666666667E+009,-8.649771916680038E-004,1.402914786012843E-004,-8.803099626675248E-004,1.541673846077174E-004,
2.487900000000000E+009,-8.523327414877713E-004,1.368199009448290E-004,-9.089716477319598E-004,1.470710849389434E-004,
2.487933333333334E+009,-8.376550977118313E-004,1.750317605910823E-004,-8.565841708332300E-004,1.297739509027451E-004,
2.487966666666667E+009,-8.682641200721264E-004,1.915726170409471E-004,-7.718881242908537E-004,2.122248261002824E-004,
2.488000000000000E+009,-8.764996891841292E-004,1.919376663863659E-004,-8.461477118544281E-004,2.801612426992506E-004,
2.488033333333334E+009,-8.426627609878779E-004,2.252630074508488E-004,-8.571581565774977E-004,1.679382694419473E-004,
2.488066666666667E+009,-8.756501483730972E-004,2.203737094532698E-004,-8.593977545388043E-004,2.216428401879966E-004,
2.488100000000000E+009,-8.376870537176728E-004,2.595490077510476E-004,-8.110166527330875E-004,2.984518068842590E-004,
2.488133333333334E+009,-8.486102451570332E-004,3.297057701274753E-004,-8.407388231717050E-004,2.893226046580821E-004,
2.488166666666667E+009,-8.133964147418737E-004,2.958977420348674E-004,-8.089836919680238E-004,2.860264212358743E-004,
2.488200000000000E+009,-8.571516955271363E-004,2.803090610541403E-004,-7.590110762976110E-004,3.208699054084718E-004,
2.488233333333334E+009,-8.174660615622997E-004,3.483578038867563E-004,-8.560416754335165E-004,3.647150588221848E-004,
2.488266666666667E+009,-8.209870429709554E-004,3.770125331357122E-004,-7.967212586663663E-004,3.626420220825821E-004,
2.488300000000000E+009,-8.456326322630048E-004,3.552432463038713E-004,-7.992997998371720E-004,3.661766531877220E-004,
2.488333333333334E+009,-7.888080435805023E-004,4.016925813630223E-004,-8.154531242325902E-004,4.011944402009249E-004,
2.488366666666667E+009,-7.959201466292143E-004,3.984437207691371E-004,-7.692256476730108E-004,4.830121470149607E-004,
2.488400000000000E+009,-7.226302986964583E-004,3.805390442721546E-004,-7.670741761103272E-004,4.251587379258126E-004,
2.488433333333334E+009,-6.758304079994559E-004,4.805538919754326E-004,-7.540297810919583E-004,4.591045144479722E-004,
2.488466666666667E+009,-6.782676209695637E-004,4.835994914174080E-004,-7.307584746740758E-004,5.246704677119851E-004,
2.488500000000000E+009,-7.198968669399619E-004,5.004853592254221E-004,-6.777684902772307E-004,4.781316383741796E-004,
2.488533333333334E+009,-7.137342472560704E-004,5.387271521613002E-004,-6.445122999139130E-004,5.108361365273595E-004,
2.488566666666667E+009,-6.414570962078869E-004,5.439184606075287E-004,-6.116721197031438E-004,5.824703257530928E-004,
2.488600000000000E+009,-6.994465948082507E-004,5.174108082428575E-004,-5.948194884695113E-004,5.031770560890436E-004,
2.488633333333334E+009,-6.155038136057556E-004,5.193748511373997E-004,-5.948743200860918E-004,5.290918052196503E-004,
2.488666666666667E+009,-5.065635195933282E-004,4.904629313386977E-004,-6.000955472700298E-004,4.909569397568703E-004,
2.488700000000000E+009,-6.206319085322321E-004,5.175661062821746E-004,-5.604535690508783E-004,5.126067553646863E-004,
2.488733333333334E+009,-5.800180952064693E-004,5.232157418504357E-004,-6.184339290484786E-004,4.829193640034646E-004,
2.488766666666667E+009,-5.716378218494356E-004,5.085353623144329E-004,-5.432619946077466E-004,4.578324442263693E-004,
2.488800000000000E+009,-6.532943225465715E-004,4.504841053858399E-004,-6.284534465521574E-004,4.541462985798717E-004,
2.488833333333334E+009,-5.778375780209899E-004,5.430107703432441E-004,-5.437222425825894E-004,5.444318521767855E-004,
2.488866666666667E+009,-5.169818759895861E-004,5.412461468949914E-004,-5.739397602155805E-004,4.945346736349165E-004,
2.488900000000000E+009,-5.115157691761851E-004,5.344818346202374E-004,-5.859374650754035E-004,5.570398643612862E-004,
2.488933333333334E+009,-4.927708650939167E-004,6.256771739572287E-004,-5.343052907846868E-004,6.120654288679361E-004,
2.488966666666667E+009,-4.930742434225977E-004,6.180272321216762E-004,-5.098484689369798E-004,6.048734649084508E-004,
2.489000000000000E+009,-4.792755062226206E-004,6.124603678472340E-004,-4.232292412780225E-004,6.075804121792316E-004,
2.489033333333334E+009,-4.792924155481160E-004,6.181455682963133E-004,-4.554499755613506E-004,6.658878410235047E-004,
2.489066666666667E+009,-3.914809494744986E-004,7.134390179999173E-004,-4.251051577739418E-004,6.710102315992117E-004,
2.489100000000000E+009,-4.146646242588759E-004,6.709726294502616E-004,-4.093461029697210E-004,6.652193260379136E-004,
2.489133333333334E+009,-3.497769939713180E-004,7.203400018624961E-004,-3.839073178824037E-004,7.609302992932499E-004,
2.489166666666667E+009,-3.830077184829861E-004,7.644158904440701E-004,-3.958630841225386E-004,7.388295489363372E-004,
2.489200000000000E+009,-3.626324178185314E-004,7.710233330726624E-004,-3.440771833993495E-004,7.703956798650324E-004,
2.489233333333334E+009,-3.114621504209936E-004,8.144320454448462E-004,-3.094361745752394E-004,8.012259495444596E-004,
2.489266666666667E+009,-2.765760873444378E-004,7.629190804436803E-004,-3.353845095261931E-004,8.016672218218446E-004,
2.489300000000000E+009,-2.772710577119142E-004,8.258980233222246E-004,-2.727692190092057E-004,7.677038083784282E-004,
2.489333333333334E+009,-2.801806840579957E-004,8.181214798241854E-004,-3.059524751733989E-004,8.469093590974808E-004,
2.489366666666667E+009,-2.442327386233956E-004,8.299218025058508E-004,-2.935946104116738E-004,8.584946626797319E-004,
2.489400000000000E+009,-2.698331663850695E-004,8.792076841928065E-004,-2.542750735301524E-004,8.138959528878331E-004,
2.489433333333334E+009,-2.361223014304414E-004,8.147057960741222E-004,-1.981351961148903E-004,8.977734250947833E-004,
2.489466666666667E+009,-2.165667538065463E-004,8.625652408227325E-004,-1.716270344331861E-004,8.531755302101374E-004,
2.489500000000000E+009,-1.914106105687097E-004,9.256585035473108E-004,-2.092550421366468E-004,8.752851281315088E-004,
2.489533333333334E+009,-1.570523018017411E-004,9.272746974602342E-004,-1.980410161195323E-004,8.976604440249503E-004,
2.489566666666667E+009,-1.911853905767202E-004,8.312002173624933E-004,-2.003116242121905E-004,9.345752769149840E-004,
2.489600000000000E+009,-1.513170573161915E-004,8.821930387057364E-004,-1.472770236432552E-004,9.044856997206807E-004,
2.489633333333334E+009,-1.002262360998429E-004,9.433184750378132E-004,-9.525624773232266E-005,9.276280761696398E-004,
2.489666666666667E+009,-8.506472659064457E-005,9.437729022465646E-004,-9.439400309929624E-005,8.924830472096801E-004,
2.489700000000000E+009,-1.070592843461782E-004,8.775261230766773E-004,-5.798295387648977E-005,8.773711742833257E-004,
2.489733333333334E+009,-7.078917406033725E-005,8.869332377798855E-004,-5.954539301455952E-005,9.353905334137380E-004,
2.489766666666667E+009,-2.245549694634974E-005,8.705088985152543E-004,-1.299928680964513E-005,8.996903779916465E-004,
2.489800000000000E+009,2.887348091462627E-005,9.284756379202008E-004,6.151361048978288E-006,9.400462731719017E-004,
2.489833333333334E+009,2.092982867907267E-005,9.031309164129198E-004,3.853332964354195E-005,8.802730590105057E-004,
2.489866666666667E+009,6.094084164942615E-005,9.159636683762074E-004,1.468029404350091E-005,9.627552935853601E-004,
2.489900000000000E+009,6.167164247017354E-005,8.877924992702901E-004,1.084087416529656E-004,8.586425683461130E-004,
2.489933333333334E+009,8.793846063781530E-005,9.385537705384195E-004,1.243100268766284E-004,8.800983778201044E-004,
2.489966666666667E+009,1.118615764426068E-004,8.676170255057514E-004,1.471887662773952E-004,9.009293862618506E-004,
2.490000000000000E+009,1.762971660355106E-004,8.768852567300201E-004,1.098354041459970E-004,8.563171140849590E-004,
2.490033333333334E+009,1.174014178104699E-004,9.009607019834220E-004,1.745001936797053E-004,8.564608870074153E-004,
2.490066666666667E+009,1.887493272079155E-004,8.693360723555088E-004,1.830683322623372E-004,8.480618707835674E-004,
2.490100000000000E+009,2.163781900890172E-004,7.670063059777021E-004,1.835789589677006E-004,8.741848287172616E-004,
2.490133333333334E+009,2.392591413808987E-004,8.851829334162176E-004,2.237927837995812E-004,8.522538701072335E-004,
2.490166666666667E+009,2.476595691405237E-004,8.140334975905716E-004,2.268109383294359E-004,8.011041791178286E-004,
2.490200000000000E+009,3.056361456401646E-004,7.641726988367736E-004,2.516692911740392E-004,7.835655123926699E-004,
2.490233333333334E+009,2.685770159587264E-004,7.821500767022371E-004,3.247694112360477E-004,7.665354642085731E-004,
2.490266666666667E+009,2.548573829699308E-004,8.216931018978357E-004,2.820905356202275E-004,7.580915698781610E-004,
2.490300000000000E+009,2.344564854865894E-004,6.514857523143292E-004,2.780675422400236E-004,7.517741178162396E-004,
2.490333333333334E+009,2.367948181927204E-004,6.715171621181071E-004,2.521293936297298E-004,7.265501189976931E-004,
2.490366666666667E+009,2.460617106407881E-004,6.539892056025565E-004,1.916415640152991E-004,7.643385324627161E-004,
2.490400000000000E+009,2.255392028018832E-004,7.867262465879321E-004,2.619133156258613E-004,8.001648820936680E-004,
2.490433333333334E+009,2.912178752012551E-004,7.701745489612222E-004,2.641878672875464E-004,7.488853880204260E-004,
2.490466666666667E+009,2.923934953287244E-004,7.297145202755928E-004,3.297847288195044E-004,7.317672134377062E-004,
2.490500000000000E+009,3.623917873483151E-004,7.359060691669583E-004,4.071453877259046E-004,7.648905157111585E-004,
2.490533333333334E+009,3.634281747508794E-004,7.214174256660044E-004,3.974630089942366E-004,7.060230709612370E-004,
2.490566666666667E+009,3.886207414325327E-004,6.803738069720566E-004,4.211198538541794E-004,7.115850457921624E-004,
2.490600000000000E+009,4.651176859624684E-004,6.256427732296288E-004,4.359096055850387E-004,6.904031033627689E-004,
2.490633333333334E+009,5.151884979568422E-004,6.653012242168188E-004,4.809562524314970E-004,6.973168929107487E-004,
2.490666666666667E+009,5.004904232919216E-004,6.096105207689107E-004,4.801698087248951E-004,6.610407726839185E-004,
2.490700000000000E+009,5.780774517916143E-004,6.824625888839364E-004,5.160192959010601E-004,6.592444260604680E-004,
2.490733333333334E+009,5.386828561313450E-004,6.179880583658814E-004,5.782921798527241E-004,5.963949952274561E-004,
2.490766666666667E+009,5.784324021078646E-004,6.534467102028430E-004,5.958164110779762E-004,6.473548128269613E-004,
2.490800000000000E+009,6.021809531375766E-004,5.891549517400563E-004,6.345953443087637E-004,6.236110930331051E-004,
2.490833333333334E+009,6.436872645281255E-004,6.423500599339604E-004,6.180981872603297E-004,6.004258757457137E-004,
2.490866666666667E+009,6.548406090587378E-004,6.517606670968235E-004,6.745340069755912E-004,6.113912677392364E-004,
2.490900000000000E+009,6.727870786562562E-004,5.715180886909366E-004,6.454206886701286E-004,5.710389232262969E-004,
2.490933333333334E+009,6.432331283576787E-004,5.698118475265801E-004,6.971560651436448E-004,5.596228875219822E-004,
2.490966666666667E+009,6.506543140858412E-004,5.414638435468078E-004,6.887124618515372E-004,5.443881964311004E-004,
2.491000000000000E+009,7.026726962067187E-004,5.104686715640128E-004,7.866239757277072E-004,5.717529566027224E-004,
2.491033333333334E+009,7.413452840410173E-004,5.646251956932247E-004,7.617303053848445E-004,5.716038867831230E-004,
2.491066666666667E+009,6.932933465577662E-004,5.098115652799606E-004,7.482310174964368E-004,5.178840947337449E-004,
2.491100000000000E+009,7.576022762805224E-004,4.610630276147276E-004,7.701601134613156E-004,5.068227765150368E-004,
2.491133333333334E+009,7.900886703282595E-004,4.506632976699621E-004,8.106073946692050E-004,5.124892923049629E-004,
2.491166666666667E+009,8.246674551628530E-004,4.567129071801901E-004,8.030454628169537E-004,4.622149572242051E-004,
2.491200000000000E+009,8.344168309122324E-004,4.489524872042239E-004,7.713444065302610E-004,4.225013835821301E-004,
2.491233333333334E+009,8.439611992798746E-004,4.308965581003577E-004,8.269359241239727E-004,3.965380601584911E-004,
2.491266666666667E+009,7.982244133017957E-004,4.124455153942108E-004,8.139084093272686E-004,3.648218989837915E-004,
2.491300000000000E+009,8.443429251201451E-004,3.678792272694409E-004,8.275044965557754E-004,3.877090639434755E-004,
2.491333333333334E+009,7.995165651664138E-004,3.757237282115966E-004,8.712213020771742E-004,3.292480250820518E-004,
2.491366666666667E+009,8.953841170296073E-004,3.297985531389713E-004,8.520224946551025E-004,3.749229072127491E-004,
2.491400000000000E+009,9.341574623249471E-004,3.020973235834390E-004,8.357592741958797E-004,2.921156992670149E-004,
2.491433333333334E+009,8.805875550024211E-004,3.437064588069916E-004,8.706625667400658E-004,2.352214796701446E-004,
2.491466666666667E+009,8.967236499302089E-004,2.843950933311135E-004,8.471854962408543E-004,2.761237847153097E-004,
2.491500000000000E+009,8.915590005926788E-004,2.425180719001219E-004,8.486445294693112E-004,2.805116237141192E-004,
2.491533333333334E+009,8.813472231850028E-004,2.151654771296307E-004,9.204035741277039E-004,1.825551880756393E-004,
2.491566666666667E+009,8.748006657697260E-004,1.997535437112674E-004,9.505911730229855E-004,1.588317099958658E-004,
2.491600000000000E+009,9.040447766892612E-004,1.973893085960299E-004,8.827142883092165E-004,2.078190009342507E-004,
2.491633333333334E+009,8.514616638422012E-004,8.462256664643064E-005,8.552327053621411E-004,1.478242047596723E-004,
2.491666666666667E+009,8.455462520942092E-004,9.191123535856605E-005,8.434916380792856E-004,1.386335352435708E-004,
2.491700000000000E+009,8.555064559914172E-004,9.666410915087909E-005,9.056057315319777E-004,8.974850788945332E-005,
2.491733333333334E+009,8.627928909845650E-004,1.438193867215887E-004,8.889810997061431E-004,7.053434092085809E-005,
2.491766666666667E+009,8.402995881624520E-004,9.061903256224468E-005,8.363713277503848E-004,5.744683949160390E-005,
2.491800000000000E+009,7.906273822300136E-004,7.815103163011372E-005,8.601737790741026E-004,1.060738723026589E-004,
2.491833333333334E+009,8.249243255704641E-004,4.099255602341145E-005,8.094627410173416E-004,4.696145333582535E-005,
2.491866666666667E+009,7.898767362348735E-004,2.819311521307100E-005,8.016351494006813E-004,8.648218499729410E-005,
2.491900000000000E+009,7.990592857822776E-004,9.265069820685312E-005,8.101830026134849E-004,4.818847082788125E-005,
2.491933333333334E+009,8.600958390161395E-004,7.832256233086810E-005,8.365389658138156E-004,7.126916898414493E-005,
2.491966666666667E+009,8.039423846639693E-004,6.170014967210591E-005,8.054482750594616E-004,1.841346602304839E-005,
2.492000000000000E+009,8.271424449048936E-004,5.318222974892706E-005,8.577062399126589E-004,1.475788121751975E-005,
2.492033333333334E+009,8.108225883916020E-004,-1.202575640490977E-005,8.322900976054370E-004,1.776882345438935E-005,
2.492066666666667E+009,8.178990101441741E-004,-1.304632223764202E-005,8.506843587383628E-004,-3.518238372635096E-005,
2.492100000000000E+009,8.799358038231731E-004,-9.927691280608997E-005,8.132557850331068E-004,-5.446215800475329E-005,
2.492133333333334E+009,8.514655055478215E-004,-8.714190335012972E-005,8.539572008885443E-004,-6.716606731060892E-005,
2.492166666666667E+009,7.794945267960429E-004,-8.621643064543605E-005,7.946793339215219E-004,-1.374694402329624E-004,
2.492200000000000E+009,7.864708313718438E-004,-1.548592990729958E-004,8.255182765424252E-004,-1.344590709777549E-004,
2.492233333333334E+009,8.083326974883676E-004,-2.230102836620063E-004,8.287423406727612E-004,-1.982015237445012E-004,
2.492266666666667E+009,8.403426618315280E-004,-1.863315119408071E-004,8.154954412020743E-004,-2.230666723335162E-004,
2.492300000000000E+009,8.004742558114231E-004,-2.445288700982928E-004,8.941799169406295E-004,-2.207021025242284E-004,
2.492333333333334E+009,8.367801201529801E-004,-2.423761325189844E-004,8.769139531068504E-004,-2.269589313073084E-004,
2.492366666666667E+009,7.922012009657919E-004,-2.741010976023972E-004,8.531485800631344E-004,-3.141569322906435E-004,
2.492400000000000E+009,8.500557160004973E-004,-3.497115394566208E-004,8.385576657019556E-004,-3.107186930719763E-004,
2.492433333333334E+009,8.129784255288541E-004,-2.996276016347110E-004,7.935736794024706E-004,-3.600762865971774E-004,
2.492466666666667E+009,8.150749490596354E-004,-3.385993477422744E-004,8.204567129723728E-004,-4.389964742586017E-004,
2.492500000000000E+009,8.040802786126733E-004,-3.994567377958447E-004,8.454993949271739E-004,-3.728567680809647E-004,
2.492533333333334E+009,8.460773387923837E-004,-3.608839469961822E-004,8.061238331720233E-004,-4.339696606621146E-004,
2.492566666666667E+009,7.752443780191243E-004,-3.829021588899195E-004,7.328161736950278E-004,-4.427871899679303E-004,
2.492600000000000E+009,8.225247729569674E-004,-4.377912264317274E-004,7.816637516953051E-004,-4.512539308052510E-004,
2.492633333333334E+009,7.896164315752685E-004,-5.060009425505996E-004,8.010707097128034E-004,-5.007336731068790E-004,
2.492666666666667E+009,7.534156902693212E-004,-4.925185348838568E-004,7.981475209817290E-004,-5.062093841843307E-004,
2.492700000000000E+009,7.345477351918817E-004,-5.063004209659994E-004,7.332306704483926E-004,-4.297987907193601E-004,
2.492733333333334E+009,7.408485398627818E-004,-5.749615374952555E-004,7.382847252301872E-004,-5.502580315805972E-004,
2.492766666666667E+009,7.767599890939891E-004,-4.906276590190828E-004,7.359607843682170E-004,-5.960349808447063E-004,
2.492800000000000E+009,7.237565587274730E-004,-5.630735540762544E-004,7.620727410539985E-004,-5.940611590631306E-004,
2.492833333333334E+009,6.894568214192987E-004,-5.975044914521277E-004,6.694661569781601E-004,-5.841490929014981E-004,
2.492866666666667E+009,7.470726850442588E-004,-5.719874170608819E-004,6.727618165314198E-004,-5.931152263656259E-004,
2.492900000000000E+009,7.097709458321333E-004,-5.930794868618250E-004,7.077003247104585E-004,-6.294260965660214E-004,
2.492933333333334E+009,6.680860533379018E-004,-6.205466925166547E-004,6.953202537260950E-004,-5.907693994231522E-004,
2.492966666666667E+009,6.727263680659235E-004,-6.709598237648606E-004,6.477063870988786E-004,-6.911670207045972E-004,
2.493000000000000E+009,6.524175405502319E-004,-6.680233054794371E-004,6.325646536424756E-004,-6.798953399993479E-004,
2.493033333333334E+009,6.076991558074951E-004,-6.586903473362327E-004,6.242766976356506E-004,-7.067262777127326E-004,
2.493066666666667E+009,5.837227799929678E-004,-6.589735858142376E-004,5.776121979579330E-004,-6.969438400119543E-004,
2.493100000000000E+009,5.993996164761484E-004,-6.853628437966108E-004,5.936434026807547E-004,-6.863609887659550E-004,
2.493133333333334E+009,5.567678599618375E-004,-6.879547727294266E-004,5.619660951197147E-004,-7.467476534657180E-004,
2.493166666666667E+009,5.592205561697483E-004,-7.021678029559553E-004,5.188354989513755E-004,-7.279206183739007E-004,
2.493200000000000E+009,5.363294039852917E-004,-7.328916690312326E-004,5.380025831982493E-004,-7.742926245555282E-004,
2.493233333333334E+009,5.417994107119739E-004,-7.288326160050929E-004,4.975383635610342E-004,-7.933195447549224E-004,
2.493266666666667E+009,5.057790549471974E-004,-7.307336782105267E-004,4.693506634794176E-004,-7.340669981203973E-004,
2.493300000000000E+009,4.539550282061100E-004,-7.761641172692180E-004,4.802812472917140E-004,-7.711352664045990E-004,
2.493333333333334E+009,4.357848083600402E-004,-7.919025374576449E-004,4.382831102702767E-004,-8.063636487349868E-004,
2.493366666666667E+009,3.818182449322194E-004,-7.678555557504296E-004,4.661096609197557E-004,-7.940978393889964E-004,
2.493400000000000E+009,4.422769125085324E-004,-7.823494961485267E-004,4.028466064482927E-004,-7.087835110723972E-004,
2.493433333333334E+009,4.121610545553267E-004,-7.793849217705429E-004,3.755303041543812E-004,-7.868660613894463E-004,
2.493466666666667E+009,4.122639656998217E-004,-7.012389833107591E-004,4.251194768585265E-004,-7.244437583722174E-004,
2.493500000000000E+009,3.785834123846144E-004,-7.078340859152377E-004,4.292173543944955E-004,-7.237756508402526E-004,
2.493533333333334E+009,3.584243822842836E-004,-7.023751968517900E-004,4.934839671477675E-004,-7.665815646760166E-004,
2.493566666666667E+009,4.363722109701484E-004,-7.749142241664231E-004,4.448923573363572E-004,-8.052637567743659E-004,
2.493600000000000E+009,3.494907577987760E-004,-7.895037997514010E-004,3.103464841842651E-004,-8.448018343187869E-004,
2.493633333333334E+009,3.583803481888026E-004,-7.653124630451202E-004,3.436767437960953E-004,-8.070953772403300E-004,
2.493666666666667E+009,2.597637649159879E-004,-8.787249680608511E-004,3.046519414056093E-004,-8.007436990737915E-004,
2.493700000000000E+009,2.623813343234360E-004,-8.436399511992931E-004,2.576144470367581E-004,-8.424000698141754E-004,
2.493733333333334E+009,2.506687305867672E-004,-8.869736338965595E-004,2.415234048385173E-004,-8.206950151361525E-004,
2.493766666666667E+009,2.157630951842293E-004,-8.464222773909569E-004,1.853792928159237E-004,-9.222421795129776E-004,
2.493800000000000E+009,1.781561732059345E-004,-8.134132367558777E-004,2.094842493534088E-004,-8.290106779895723E-004,
2.493833333333334E+009,2.082652936223894E-004,-8.375088800676167E-004,1.777322177076712E-004,-8.608991629444063E-004,
2.493866666666667E+009,1.248697953997180E-004,-9.267675341106951E-004,1.397789601469412E-004,-8.799503557384014E-004,
2.493900000000000E+009,1.450394629500806E-004,-8.910740725696087E-004,1.275979011552408E-004,-9.062488097697496E-004,
2.493933333333334E+009,1.429381809430197E-004,-9.033295209519565E-004,1.031834035529755E-004,-9.469848009757698E-004,
2.493966666666667E+009,9.505847992841154E-005,-8.653391269035637E-004,7.146470306906849E-005,-8.671032846905291E-004,
2.494000000000000E+009,2.975795905513223E-005,-9.298716322518885E-004,7.306521183636505E-006,-9.205705719068646E-004,
2.494033333333334E+009,3.112752165179700E-005,-8.779401541687548E-004,4.729195643449202E-005,-8.869785233400762E-004,
2.494066666666667E+009,-1.309415620198706E-005,-9.722505928948522E-004,-6.742640107404441E-005,-9.030606015585363E-004,
2.494100000000000E+009,-4.545317642623559E-005,-9.199069463647902E-004,-9.279390724259429E-006,-9.101860341615975E-004,
2.494133333333334E+009,-1.117586507461965E-004,-9.889585198834539E-004,-8.755702583584935E-005,-9.144971263594925E-004,
2.494166666666667E+009,-1.050345817930065E-004,-9.431040962226689E-004,-4.547026401269250E-005,-9.249851573258638E-004,
2.494200000000000E+009,-1.159275270765647E-004,-9.472484816797078E-004,-7.610982720507309E-005,-8.816764457151294E-004,
2.494233333333334E+009,-1.253996742889285E-004,-9.126329096034169E-004,-1.717951381579042E-004,-9.533978300169110E-004,
2.494266666666667E+009,-1.188408059533685E-004,-9.572521084919572E-004,-1.580125972395763E-004,-9.604010847397149E-004,
2.494300000000000E+009,-2.203803014708683E-004,-8.948528557084501E-004,-1.763921900419518E-004,-8.805060060694814E-004,
2.494333333333334E+009,-1.982774701900780E-004,-9.743406553752720E-004,-2.348463021917269E-004,-9.187782998196781E-004,
2.494366666666667E+009,-1.962529349839315E-004,-8.920599939301610E-004,-2.475154178682715E-004,-9.229790885001421E-004,
2.494400000000000E+009,-2.603395842015743E-004,-9.004063904285431E-004,-2.151943626813591E-004,-9.584532817825675E-004,
2.494433333333334E+009,-2.739703049883246E-004,-9.202815126627684E-004,-3.012055822182447E-004,-9.122447227127850E-004,
2.494466666666667E+009,-2.709341351874173E-004,-9.190474520437419E-004,-3.043924807570875E-004,-9.037928539328277E-004,
2.494500000000000E+009,-3.320835821796209E-004,-8.895019418559969E-004,-2.961395075544715E-004,-9.207159746438265E-004,
2.494533333333334E+009,-3.017221752088517E-004,-9.332236368209124E-004,-3.352606727275997E-004,-8.815347682684660E-004,
2.494566666666667E+009,-3.812298527918756E-004,-8.477855590172112E-004,-4.369683447293937E-004,-8.906468865461648E-004,
2.494600000000000E+009,-4.002960049547255E-004,-8.434725459665060E-004,-4.378294979687780E-004,-8.751046843826771E-004,
2.494633333333334E+009,-4.399415629450232E-004,-9.212120203301311E-004,-4.265610186848790E-004,-9.208096307702363E-004,
2.494666666666667E+009,-4.188606108073145E-004,-8.699353784322739E-004,-4.740325384773314E-004,-8.684200001880527E-004,
2.494700000000000E+009,-4.505076503846794E-004,-8.386214030906558E-004,-4.987483262084425E-004,-8.581822621636093E-004,
2.494733333333334E+009,-4.461023490875959E-004,-7.654913933947682E-004,-4.921743529848754E-004,-8.510550251230598E-004,
2.494766666666667E+009,-5.297613679431379E-004,-8.593849488534033E-004,-5.190870724618435E-004,-8.560549467802048E-004,
2.494800000000000E+009,-5.213110125623643E-004,-8.404675172641873E-004,-5.267142551019788E-004,-7.968277204781771E-004,
2.494833333333334E+009,-5.171464290469885E-004,-7.418597233481705E-004,-5.468563176691532E-004,-8.033115300349891E-004,
2.494866666666667E+009,-5.036695511080325E-004,-8.265065844170749E-004,-4.999703378416598E-004,-7.643244462087750E-004,
2.494900000000000E+009,-5.616020062007010E-004,-8.029251475818455E-004,-5.871417815797031E-004,-6.953110569156706E-004,
2.494933333333334E+009,-4.582683613989502E-004,-7.686955505050719E-004,-6.011096411384642E-004,-6.800245027989149E-004,
2.494966666666667E+009,-5.588415660895407E-004,-7.329086656682193E-004,-5.369973368942738E-004,-7.362399483099580E-004,
2.495000000000000E+009,-5.943143623881042E-004,-7.332017994485796E-004,-5.304450751282275E-004,-7.387539953924716E-004,
2.495033333333334E+009,-5.212714895606041E-004,-7.043422665446997E-004,-5.750434938818216E-004,-6.990629481151700E-004,
2.495066666666667E+009,-5.637709982693195E-004,-6.795681547373533E-004,-6.014705286361277E-004,-7.471733260899782E-004,
2.495100000000000E+009,-6.098573794588447E-004,-7.356001297011972E-004,-5.620585288852453E-004,-7.327863131649792E-004,
2.495133333333334E+009,-6.156166200526059E-004,-7.066993275657296E-004,-6.515813292935491E-004,-7.272709044627845E-004,
2.495166666666667E+009,-6.625715759582818E-004,-7.042976212687790E-004,-6.507096695713699E-004,-7.185694412328303E-004,
2.495200000000000E+009,-6.596284802071750E-004,-6.373542128130794E-004,-6.705317646265030E-004,-6.318814121186733E-004,
2.495233333333334E+009,-6.327878800220788E-004,-6.665344699285924E-004,-6.717090727761388E-004,-6.320262909866869E-004,
2.495266666666667E+009,-7.313053938560188E-004,-5.895308568142355E-004,-7.071426371112466E-004,-6.596010061912239E-004,
2.495300000000000E+009,-6.844742456451058E-004,-5.943907890468836E-004,-6.937004509381950E-004,-6.158175528980792E-004,
2.495333333333334E+009,-7.603450212627649E-004,-5.710350233130157E-004,-7.432939019054174E-004,-5.296255112625659E-004,
2.495366666666667E+009,-7.906464161351323E-004,-5.567712360061705E-004,-7.979355868883431E-004,-5.210174131207168E-004,
2.495400000000000E+009,-7.221932173706591E-004,-5.217288853600621E-004,-7.757421699352562E-004,-5.131313228048384E-004,
2.495433333333334E+009,-8.195319096557796E-004,-5.172612145543098E-004,-8.327998802997172E-004,-5.346828838810325E-004,
2.495466666666667E+009,-8.182514575310051E-004,-5.100390408188105E-004,-8.257859735749662E-004,-4.919070634059608E-004,
2.495500000000000E+009,-8.304435759782791E-004,-4.730980144813657E-004,-8.418849320150912E-004,-5.082450225017965E-004,
2.495533333333334E+009,-8.194774854928255E-004,-4.669942136388272E-004,-8.825256372801960E-004,-4.394503193907440E-004,
2.495566666666667E+009,-8.396875928156078E-004,-3.934944979846478E-004,-8.376017212867737E-004,-4.486517864279449E-004,
2.495600000000000E+009,-8.550689090043306E-004,-4.128228756599128E-004,-8.959366823546588E-004,-3.744941495824605E-004,
2.495633333333334E+009,-8.986804750747979E-004,-3.860587021335959E-004,-9.014401002787054E-004,-3.609853447414935E-004,
2.495666666666667E+009,-9.156054584309459E-004,-3.869239881169051E-004,-9.012249647639692E-004,-3.845460305456072E-004,
2.495700000000000E+009,-9.015246178023517E-004,-3.834565868601203E-004,-9.326420840807259E-004,-3.470745577942580E-004,
2.495733333333334E+009,-9.489694493822753E-004,-3.363413270562887E-004,-9.543351479806006E-004,-2.752208965830505E-004,
2.495766666666667E+009,-9.573526331223548E-004,-2.621054009068757E-004,-9.278749348595738E-004,-2.803816169034690E-004,
2.495800000000000E+009,-9.474137332290411E-004,-2.981645520776510E-004,-9.501692838966847E-004,-2.798004716169089E-004,
2.495833333333334E+009,-9.986285585910082E-004,-2.806561242323369E-004,-9.591021807864308E-004,-2.960581623483449E-004,
2.495866666666667E+009,-1.015439047478139E-003,-2.442707482259721E-004,-1.023442833684385E-003,-2.152059169020504E-004,
2.495900000000000E+009,-9.655549074523151E-004,-1.496862241765484E-004,-1.014001318253577E-003,-2.145709586329758E-004,
2.495933333333334E+009,-9.883261518552899E-004,-1.866734819486737E-004,-1.036822912283242E-003,-1.356085267616436E-004,
2.495966666666667E+009,-9.667957201600075E-004,-1.346721983281896E-004,-1.031201332807541E-003,-1.593706401763484E-004,
2.496000000000000E+009,-9.752938058227301E-004,-7.876021845731884E-005,-1.004813821054995E-003,-9.355549991596490E-005,
2.496033333333334E+009,-9.853501105681062E-004,-9.000603313324973E-005,-1.001371769234538E-003,-9.904136823024601E-005,
2.496066666666667E+009,-1.007825136184692E-003,-8.465804421575740E-005,-1.004640827886760E-003,-6.723633850924671E-005,
2.496100000000000E+009,-9.922268800437450E-004,-3.435655889916234E-005,-1.032431144267321E-003,-6.329839379759505E-005,
2.496133333333334E+009,-1.045094104483724E-003,-5.518906982615590E-005,-1.010045409202576E-003,-3.152709905407392E-005,
2.496166666666667E+009,-1.038081827573478E-003,-1.861834789451677E-005,-1.009048544801772E-003,-4.862645255343523E-006,
2.496200000000000E+009,-1.056564389728010E-003,2.626226887514349E-005,-1.041765906848013E-003,1.613838867342565E-005,
2.496233333333334E+009,-1.016574446111918E-003,6.898120773257688E-005,-9.996613953262568E-004,2.368836248933803E-005,
2.496266666666667E+009,-9.586538653820753E-004,4.582746259984560E-005,-1.014762558043003E-003,8.551835344405845E-005,
2.496300000000000E+009,-1.046010060235858E-003,7.740831642877311E-005,-1.001597382128239E-003,1.434059377061203E-004,
2.496333333333334E+009,-9.449218632653356E-004,1.582431286806241E-004,-1.014288282021880E-003,6.152016430860385E-005,
2.496366666666667E+009,-1.054425374604762E-003,1.390784454997629E-004,-9.798859246075153E-004,1.619173708604649E-004,
2.496400000000000E+009,-1.009675092063844E-003,1.437714527128264E-004,-9.890825022011995E-004,1.394406572217122E-004,
2.496433333333334E+009,-1.038644928485155E-003,1.654170773690566E-004,-9.802958229556680E-004,1.799666642909870E-004,
2.496466666666667E+009,-1.002360833808780E-003,2.401278034085408E-004,-9.702467941679061E-004,2.047333255177364E-004,
2.496500000000000E+009,-1.006619189865887E-003,1.980840606847778E-004,-9.353401837870479E-004,2.553203376010060E-004,
2.496533333333334E+009,-9.512494434602559E-004,2.378827339271084E-004,-9.143360075540841E-004,2.437695220578462E-004,
2.496566666666667E+009,-9.612201829440892E-004,2.616011770442128E-004,-9.339068783447146E-004,2.668784582056105E-004,
2.496600000000000E+009,-8.618139545433223E-004,3.253552422393113E-004,-9.554180433042347E-004,2.333565935259685E-004,
2.496633333333334E+009,-9.143773932009935E-004,2.615789999254048E-004,-9.314985945820808E-004,2.364054671488702E-004,
2.496666666666667E+009,-9.031583904288709E-004,2.553779922891408E-004,-9.650808642618358E-004,2.856745268218219E-004,
2.496700000000000E+009,-9.819983970373869E-004,3.069854283239692E-004,-1.018179231323302E-003,3.034046385437250E-004,
2.496733333333334E+009,-9.800975676625967E-004,3.376556269358844E-004,-9.839965496212244E-004,3.747525333892554E-004,
2.496766666666667E+009,-9.699180372990668E-004,3.581119526643306E-004,-9.200526983477175E-004,4.423818609211594E-004,
2.496800000000000E+009,-9.050578810274601E-004,4.335990815889090E-004,-9.143283823505044E-004,4.052927251905203E-004,
2.496833333333334E+009,-9.860158897936344E-004,4.492948064580560E-004,-9.080300806090236E-004,4.230277845636010E-004,
2.496866666666667E+009,-9.036102565005422E-004,4.820898757316172E-004,-8.986144093796611E-004,5.008548614569008E-004,
2.496900000000000E+009,-8.877363288775086E-004,4.327587084844708E-004,-8.155805990099907E-004,5.123237497173250E-004,
2.496933333333334E+009,-8.794463356025517E-004,5.042888224124908E-004,-8.346945978701115E-004,5.446110735647380E-004,
2.496966666666667E+009,-8.663991466164589E-004,5.110697238706052E-004,-8.351370925083756E-004,5.182620370760560E-004,
2.497000000000000E+009,-7.896775496192277E-004,6.199292256496847E-004,-8.584148017689586E-004,5.826045526191592E-004,
2.497033333333334E+009,-8.858144865371287E-004,5.947665194980800E-004,-7.631825865246356E-004,5.726168747060001E-004,
2.497066666666667E+009,-7.272240472957492E-004,5.733005236834288E-004,-8.106708992272615E-004,6.495558191090822E-004,
2.497100000000000E+009,-8.158601121976972E-004,6.137933232821524E-004,-7.726029143668711E-004,6.449387292377651E-004,
2.497133333333334E+009,-7.722958107478917E-004,6.197606562636793E-004,-8.092247298918665E-004,6.446387269534171E-004,
2.497166666666667E+009,-7.116518099792302E-004,7.131772581487894E-004,-7.335515110753477E-004,6.662972737103701E-004,
2.497200000000000E+009,-7.075551548041403E-004,7.388319936580956E-004,-7.031421409919858E-004,7.044439553283155E-004,
2.497233333333334E+009,-7.187864393927157E-004,7.886214880272746E-004,-7.566369604319334E-004,7.337990100495517E-004,
2.497266666666667E+009,-7.631966145709157E-004,7.847946835681796E-004,-7.036569877527654E-004,7.883859216235578E-004,
2.497300000000000E+009,-7.313380483537912E-004,8.117544348351657E-004,-6.965420907363296E-004,8.115890086628497E-004,
2.497333333333334E+009,-6.845214520581067E-004,8.186674676835537E-004,-6.802905700169504E-004,8.011116879060864E-004,
2.497366666666667E+009,-6.508957012556493E-004,8.399023208767176E-004,-6.726686842739582E-004,7.929931744001806E-004,
2.497400000000000E+009,-6.264169933274388E-004,8.840197697281838E-004,-5.861788522452116E-004,8.462207624688745E-004,
2.497433333333334E+009,-6.273067556321621E-004,8.506141602993012E-004,-6.325537106022239E-004,8.677745936438441E-004,
2.497466666666667E+009,-6.320204120129347E-004,8.375209290534258E-004,-5.537330289371312E-004,8.526237215846777E-004,
2.497500000000000E+009,-5.886263679713011E-004,8.847664576023817E-004,-5.356525070965290E-004,8.617322309873998E-004,
2.497533333333334E+009,-5.920760449953377E-004,8.938392857089639E-004,-5.529886111617088E-004,8.949460461735725E-004,
2.497566666666667E+009,-5.523855215869844E-004,9.041706798598170E-004,-5.848664441145957E-004,9.117145091295242E-004,
2.497600000000000E+009,-4.829686949960887E-004,8.985893218778074E-004,-5.134634557180107E-004,9.213968878611922E-004,
2.497633333333334E+009,-4.541142552625388E-004,9.381931158713996E-004,-4.788710502907634E-004,9.517694707028568E-004,
2.497666666666667E+009,-4.475054738577455E-004,9.406412136740983E-004,-4.277533444110304E-004,1.025584526360035E-003,
2.497700000000000E+009,-4.325170302763581E-004,1.012526103295386E-003,-3.845013561658561E-004,9.756187791936100E-004,
2.497733333333334E+009,-4.120103549212217E-004,9.970027022063732E-004,-4.776201676577330E-004,9.802062995731831E-004,
2.497766666666667E+009,-3.784348955377936E-004,1.000440795905888E-003,-4.111785383429378E-004,9.830382186919451E-004,
2.497800000000000E+009,-3.518025623634458E-004,1.031167223118246E-003,-3.612446016632021E-004,9.943782351911068E-004,
2.497833333333334E+009,-3.614154993556440E-004,9.986215736716986E-004,-3.216558252461255E-004,1.051473547704518E-003,
2.497866666666667E+009,-3.132336714770645E-004,1.025199773721397E-003,-3.071596438530833E-004,1.026635058224201E-003,
2.497900000000000E+009,-2.784854732453823E-004,1.017082831822336E-003,-2.988181659020484E-004,1.006597536616027E-003,
2.497933333333334E+009,-2.858221705537289E-004,1.028064987622201E-003,-2.962315338663757E-004,1.015552901662886E-003,
2.497966666666667E+009,-2.405919658485800E-004,1.028376049362123E-003,-2.527394390199333E-004,1.060099923051894E-003,
2.498000000000000E+009,-2.502449788153172E-004,9.941675234586000E-004,-2.340044011361897E-004,1.065025338903070E-003,
2.498033333333334E+009,-2.274604194099084E-004,9.985368233174086E-004,-1.948003482539207E-004,1.007155980914831E-003,
2.498066666666667E+009,-1.862298231571913E-004,1.028505037538707E-003,-1.866273087216541E-004,1.068048295564950E-003,
2.498100000000000E+009,-1.521861122455448E-004,1.059855567291379E-003,-1.648292673053220E-004,1.051314291544259E-003,
2.498133333333334E+009,-1.287145714741200E-004,1.055227359756827E-003,-1.332862739218399E-004,1.019589835777879E-003,
2.498166666666667E+009,-1.518601347925142E-004,1.074363244697452E-003,-1.736614212859422E-004,1.010047621093690E-003,
2.498200000000000E+009,-9.352981578558683E-005,1.031929277814925E-003,-7.963491952978075E-005,1.039709779433906E-003,
2.498233333333334E+009,-6.945635686861351E-005,1.032121130265296E-003,-1.015885718516074E-004,1.038966234773397E-003,
2.498266666666667E+009,-8.122817962430418E-005,1.060580718331039E-003,-7.081325748004019E-005,1.061117975041270E-003,
2.498300000000000E+009,-2.665332885953831E-006,1.058102934621275E-003,-2.771128310996573E-005,1.050138147547841E-003,
2.498333333333334E+009,-1.063458967109909E-006,1.035061082802713E-003,5.799650170956738E-005,1.055463799275458E-003,
2.498366666666667E+009,-3.444756657700054E-006,1.019751536659896E-003,4.065787288709544E-005,1.084534218534827E-003,
2.498400000000000E+009,6.915097037563101E-005,9.994661668315530E-004,1.741795495036058E-005,1.067205681465566E-003,
2.498433333333334E+009,4.219554466544651E-005,1.069164136424661E-003,1.127435534726828E-004,1.034433837048709E-003,
2.498466666666667E+009,1.908092381199822E-004,1.046466291882098E-003,1.086483171093278E-004,1.052213134244084E-003,
2.498500000000000E+009,1.676355750532821E-004,1.028676866553724E-003,1.694320380920544E-004,1.032552449032664E-003,
2.498533333333334E+009,1.524718536529690E-004,1.049403334036470E-003,1.565449056215584E-004,1.037080539390445E-003,
2.498566666666667E+009,1.411657722201198E-004,1.029294333420694E-003,1.847817184170708E-004,1.032990519888699E-003,
2.498600000000000E+009,2.888511808123440E-004,1.023090444505215E-003,2.825894916895777E-004,1.018393202684820E-003,
2.498633333333334E+009,2.898795064538717E-004,1.054743537679315E-003,2.331446594325826E-004,1.046705176122487E-003,
2.498666666666667E+009,2.976626856252551E-004,1.018280396237969E-003,2.713670255616307E-004,1.035697292536497E-003,
2.498700000000000E+009,3.025212208740413E-004,1.003243378363550E-003,3.250125446356833E-004,1.023123506456614E-003,
2.498733333333334E+009,3.430384676903486E-004,1.021885429508984E-003,3.726429422385991E-004,1.060026814229786E-003,
2.498766666666667E+009,4.056363250128925E-004,1.021948526613414E-003,3.734139318112284E-004,1.061877352185547E-003,
2.498800000000000E+009,4.462411452550441E-004,1.052073901519179E-003,4.113528993912041E-004,1.023479038849473E-003,
2.498833333333334E+009,4.341325839050114E-004,9.529929375275970E-004,4.351058742031455E-004,9.843353182077408E-004,
2.498866666666667E+009,4.596606595441699E-004,9.812609059736133E-004,4.771060775965452E-004,1.009959960356355E-003,
2.498900000000000E+009,5.327327526174486E-004,9.367549791932106E-004,5.282515776343644E-004,1.017110422253609E-003,
2.498933333333334E+009,5.307665560394526E-004,9.805760346353054E-004,4.969977890141308E-004,9.588621323928237E-004,
2.498966666666667E+009,5.821264348924160E-004,1.013923087157309E-003,5.365645047277212E-004,9.920400334522128E-004,
2.499000000000000E+009,5.916181835345924E-004,9.313240298070014E-004,5.885114078409970E-004,9.774224599823356E-004,
2.499033333333334E+009,5.681446637026966E-004,9.866150794550777E-004,5.967866745777428E-004,9.395387605763972E-004,
2.499066666666667E+009,6.274158367887139E-004,9.415970416739583E-004,6.693462491966784E-004,9.166963864117861E-004,
2.499100000000000E+009,6.219818023964763E-004,9.362178388983011E-004,6.227205158211291E-004,9.249320719391108E-004,
2.499133333333334E+009,6.128050154075027E-004,9.468133212067187E-004,6.720754317939282E-004,8.831692393869162E-004,
2.499166666666667E+009,6.576939485967159E-004,8.706646622158587E-004,7.337566348724067E-004,9.140949696302414E-004,
2.499200000000000E+009,7.131213787943125E-004,8.913506753742695E-004,7.676984532736242E-004,8.549322956241667E-004,
2.499233333333334E+009,7.110819569788873E-004,9.020746219903231E-004,7.492250297218561E-004,8.691329858265817E-004,
2.499266666666667E+009,7.875200244598091E-004,8.532893261872232E-004,7.626625010743737E-004,8.551451028324664E-004,
2.499300000000000E+009,7.613719790242612E-004,8.439169032499194E-004,7.468014955520630E-004,8.489338797517121E-004,
2.499333333333334E+009,8.323723450303078E-004,8.183622849173844E-004,7.892327848821878E-004,7.981098024174571E-004,
2.499366666666667E+009,8.212846587412059E-004,7.744744070805609E-004,8.003515540622175E-004,7.896268507465720E-004,
2.499400000000000E+009,8.535731467418373E-004,7.701633148826659E-004,8.462195401079953E-004,7.566818385384977E-004,
2.499433333333334E+009,8.738194010220468E-004,7.130190497264266E-004,8.343500667251647E-004,7.306530606001616E-004,
2.499466666666667E+009,8.849786245264113E-004,6.822680006735027E-004,8.633470279164612E-004,6.722619873471558E-004,
2.499500000000000E+009,8.990095229819417E-004,6.923018372617662E-004,8.907475857995451E-004,7.018577889539301E-004,
2.499533333333334E+009,9.219591738656163E-004,6.297247018665075E-004,9.089897503145039E-004,5.965827149339020E-004,
2.499566666666667E+009,9.523894404992461E-004,6.435069371946156E-004,9.540173923596740E-004,6.560292677022517E-004,
2.499600000000000E+009,9.050075314007700E-004,5.790324648842216E-004,9.487826027907431E-004,5.692748818546534E-004,
2.499633333333334E+009,9.473472600802779E-004,5.696266307495534E-004,9.397897520102561E-004,6.017963169142604E-004,
2.499666666666667E+009,9.402422001585364E-004,6.150503759272397E-004,9.695264161564410E-004,5.998719134368002E-004,
2.499700000000000E+009,9.706204873509705E-004,5.234546260908246E-004,9.745155111886561E-004,5.551312933675945E-004,
2.499733333333334E+009,9.742103866301477E-004,4.923462402075529E-004,9.617523755878210E-004,5.378747009672225E-004,
2.499766666666667E+009,1.015719608403742E-003,4.872642748523504E-004,9.638571063987911E-004,5.136103718541563E-004,
2.499800000000000E+009,9.802539134398103E-004,4.405871441122145E-004,1.026383833959699E-003,4.589732561726123E-004,
2.499833333333334E+009,9.627733379602432E-004,4.730133805423975E-004,1.015836955048144E-003,4.870385746471584E-004,
2.499866666666667E+009,9.769089519977570E-004,4.889232222922146E-004,1.058373367413878E-003,5.233789561316371E-004,
2.499900000000000E+009,1.064831158146262E-003,4.365068161860108E-004,1.102548558264971E-003,4.674593219533563E-004,
2.499933333333334E+009,9.954341221600771E-004,4.328053619246930E-004,9.968776721507311E-004,4.143685800954700E-004,
2.499966666666667E+009,1.050079241394997E-003,4.180255054961890E-004,1.055441214703023E-003,3.884702455252409E-004,
2.500000000000000E+009,1.064784824848175E-003,3.194839518982917E-004,1.033358159475029E-003,3.103652852587402E-004,
