% Version 1.00
%
%freq[Hz];re:Trc1_S21;im:Trc1_S21;re:Trc2_S12;im:Trc2_S12;
2.480000000000000E+009,-6.770784966647625E-004,3.954381973017007E-004,-7.223475840874016E-004,2.982955193147063E-004,
2.480033333333334E+009,-5.245626089163125E-004,2.809875877574086E-004,-5.526946624740958E-004,2.833768958225846E-004,
2.480066666666667E+009,-4.470961866900325E-004,2.438951487420127E-004,-6.268267170526087E-004,4.162973782513291E-004,
2.480100000000000E+009,-6.582543719559908E-004,3.441470616962761E-004,-6.089302478358150E-004,3.568453830666840E-004,
2.480133333333334E+009,-4.534275794867426E-004,3.089802630711347E-004,-3.744819841813296E-004,2.630813978612423E-004,
2.480166666666667E+009,-4.380175960250199E-004,3.430123906582594E-004,-5.030459724366665E-004,3.078574663959444E-004,
2.480200000000000E+009,-6.337387021631002E-004,2.895003417506814E-004,-4.944886895827949E-004,3.508788067847490E-004,
2.480233333333334E+009,-4.929787246510387E-004,3.642227966338396E-004,-6.387868197634816E-004,3.129825927317143E-004,
2.480266666666667E+009,-4.642117419280112E-004,3.096156870014966E-004,-5.676623550243676E-004,3.399955458007753E-004,
2.480300000000000E+009,-4.846212686970830E-004,2.341421059099957E-004,-4.312705132178962E-004,3.754069912247360E-004,
2.480333333333334E+009,-5.949398619122803E-004,3.271390451118350E-004,-6.094215204939246E-004,3.524227940943092E-004,
2.480366666666667E+009,-5.958073306828737E-004,4.554846091195941E-004,-4.899792256765068E-004,3.161721979267895E-004,
2.480400000000000E+009,-5.366691621020436E-004,3.197282494511455E-004,-4.647957684937865E-004,3.524483181536198E-004,
2.480433333333334E+009,-4.034187004435808E-004,3.186131361871958E-004,-4.480048082768917E-004,5.309552652761340E-004,
2.480466666666667E+009,-3.739426319953054E-004,2.436806680634618E-004,-4.658846009988338E-004,2.597554412204772E-004,
2.480500000000000E+009,-3.346974262967706E-004,4.531073500402272E-004,-3.875277761835605E-004,3.861555305775255E-004,
2.480533333333334E+009,-3.718330699484795E-004,2.623278414830566E-004,-4.319243889767677E-004,3.109928802587092E-004,
2.480566666666667E+009,-3.956969303544611E-004,3.393490624148399E-004,-2.982807345688343E-004,3.437330888118595E-004,
2.480600000000000E+009,-3.969539829995483E-004,2.953630173578858E-004,-5.414371844381094E-004,2.224503841716796E-004,
2.480633333333334E+009,-5.266387015581131E-004,3.621575015131384E-004,-3.616771427914500E-004,2.699841570574790E-004,
2.480666666666667E+009,-3.405026218388230E-004,4.368402878753841E-004,-3.398837288841605E-004,2.225343923782930E-004,
2.480700000000000E+009,-3.527798980940133E-004,2.202170871896669E-004,-4.421770572662354E-004,3.025446203537285E-004,
2.480733333333334E+009,-3.683933755382896E-004,3.873620880767703E-004,-2.664373023435473E-004,3.580778138712049E-004,
2.480766666666667E+009,-3.519390593282878E-004,3.589446714613587E-004,-3.096646978519857E-004,2.725973899941891E-004,
2.480800000000000E+009,-3.945207281503826E-004,2.811324375215918E-004,-4.234394873492420E-004,2.977300027851015E-004,
2.480833333333334E+009,-3.674465697258711E-004,2.372656017541885E-004,-3.536362492013723E-004,2.667512453626841E-004,
2.480866666666667E+009,-3.302004479337484E-004,3.598023322410882E-004,-3.918614238500595E-004,4.660782287828624E-004,
2.480900000000000E+009,-2.674844290595502E-004,2.361495426157489E-004,-3.172066644765437E-004,2.787653356790543E-004,
2.480933333333334E+009,-3.629177517723292E-004,4.853597783949226E-004,-3.700218221638352E-004,5.524315638467670E-004,
2.480966666666667E+009,-2.863137342501432E-004,4.432252026163042E-004,-3.909299557562918E-004,3.225369728170335E-004,
2.481000000000000E+009,-2.754891174845398E-004,3.280570672359318E-004,-2.696843876037747E-004,2.894765930250287E-004,
2.481033333333334E+009,-3.925266209989786E-004,2.294478181283921E-004,-3.272936155553907E-004,4.014271835330874E-004,
2.481066666666667E+009,-3.896954003721476E-004,3.647933481261134E-004,-3.741703112609685E-004,3.945523640140891E-004,
2.481100000000000E+009,-4.448785912245512E-004,3.415041719563305E-004,-2.862451656255871E-004,4.222663119435310E-004,
2.481133333333334E+009,-3.978842578362674E-004,4.345600027590990E-004,-3.232562157791108E-004,3.392450744286180E-004,
2.481166666666667E+009,-2.053734642686322E-004,4.309880023356527E-004,-1.394184509990737E-004,4.719752469100058E-004,
2.481200000000000E+009,-2.677197044249624E-004,5.000783712603152E-004,-2.363896055612713E-004,3.160718188155443E-004,
2.481233333333334E+009,-2.585971087682992E-004,4.979163641110063E-004,-3.885247278958559E-004,3.852420777548105E-004,
2.481266666666667E+009,-4.554948536679149E-004,4.797167785000056E-004,-1.709783537080512E-004,4.165396676398814E-004,
2.481300000000000E+009,-2.467747835908085E-004,6.062761531211436E-004,-2.481030242051929E-004,4.965528496541083E-004,
2.481333333333334E+009,-2.134155220119283E-004,4.151295288465917E-004,-2.699767937883735E-004,5.199214792810381E-004,
2.481366666666667E+009,-1.872661814559251E-004,4.460500495042652E-004,-2.373712195549160E-004,4.340043233241886E-004,
2.481400000000000E+009,-1.440045452909544E-004,4.399051249492914E-004,-2.607061760500073E-004,4.594304191414267E-004,
2.481433333333334E+009,-2.251330733997747E-004,4.503934469539672E-004,-2.535018720664084E-004,3.853261878248304E-004,
2.481466666666667E+009,-3.691264719236642E-004,3.431135264690965E-004,-1.550097804283723E-004,5.247525987215340E-004,
2.481500000000000E+009,-2.619666047394276E-004,4.825246869586408E-004,-2.080455451505259E-004,5.387457204051316E-004,
2.481533333333334E+009,-2.615716657601297E-004,4.266674222890288E-004,-3.362719435244799E-004,5.671100225299597E-004,
2.481566666666667E+009,-2.088587643811479E-004,5.513078649528325E-004,-2.176804846385494E-004,5.339583731256425E-004,
2.481600000000000E+009,-2.422458346700296E-004,4.971179296262562E-004,-2.141131262760609E-004,5.174237885512412E-004,
2.481633333333334E+009,-1.801357284421101E-004,5.558899138122797E-004,-1.940749207278714E-004,5.253945710137487E-004,
2.481666666666667E+009,-1.529608125565574E-004,4.832211125176400E-004,-7.905480742920190E-005,5.677969311363995E-004,
2.481700000000000E+009,-1.263318408746272E-004,4.062945663463324E-004,-1.414200378349051E-004,5.052805645391345E-004,
2.481733333333334E+009,-2.946309723483864E-005,3.316995571367443E-004,-2.717049210332334E-004,5.425751442089677E-004,
2.481766666666667E+009,-3.081492322962731E-004,4.794473934452981E-004,-2.021947875618935E-004,4.893450532108545E-004,
2.481800000000000E+009,-2.875227364711464E-004,5.934502114541829E-004,-1.924522512126714E-004,4.953377647325397E-004,
2.481833333333334E+009,-2.555591345299035E-004,4.324661276768893E-004,-1.092427046387456E-004,5.216664867475629E-004,
2.481866666666667E+009,-1.188073511002585E-004,5.883009871467948E-004,-1.303226745221764E-004,5.261768237687647E-004,
2.481900000000000E+009,-9.395559027325362E-005,5.331475986167789E-004,-1.430345291737467E-004,5.551248905248940E-004,
2.481933333333334E+009,-1.641796116018668E-004,5.739171174354851E-004,-1.349931844742969E-004,4.616977530531585E-004,
2.481966666666667E+009,-1.622158742975444E-004,5.365895922295749E-004,-1.278537820326164E-004,6.202441290952265E-004,
2.482000000000000E+009,6.480407591880066E-006,5.660334136337042E-004,-1.383110356982797E-004,5.468807066790760E-004,
2.482033333333334E+009,-4.915655881632119E-005,4.475807945709676E-004,-1.913315936690196E-004,3.903455217368901E-004,
2.482066666666667E+009,-8.763689402258024E-005,5.137238767929375E-004,-1.749392686178908E-004,5.543858860619366E-004,
2.482100000000000E+009,-1.273366506211460E-004,5.110251950100064E-004,-5.027650331612676E-005,5.280398763716221E-004,
2.482133333333334E+009,-9.610473352950066E-005,4.840340698137879E-004,-7.928895502118394E-005,3.859912685584277E-004,
2.482166666666667E+009,-4.250876372680068E-005,4.398150194901973E-004,-5.906247679376975E-005,4.534673353191465E-004,
2.482200000000000E+009,-1.198701793327928E-004,3.353767388034612E-004,2.071617745968979E-005,4.172192711848766E-004,
2.482233333333334E+009,6.230956205399707E-005,3.881546435877681E-004,-1.196108642034233E-004,3.682391834445298E-004,
2.482266666666667E+009,-1.402147754561156E-004,4.358171136118472E-004,-1.865158847067505E-004,4.868538526352495E-004,
2.482300000000000E+009,-2.078394027194008E-004,4.699705750681460E-004,-1.240622950717807E-004,5.059670074842870E-004,
2.482333333333334E+009,-7.105911208782345E-005,4.243123403284699E-004,-2.075594602501951E-005,3.947236400563270E-004,
2.482366666666667E+009,-9.505855268798769E-005,4.247940087225288E-004,-2.903401327785105E-004,2.869052113965154E-004,
2.482400000000000E+009,1.822850208554883E-006,4.665266023948789E-004,-7.951584120746702E-005,4.871846467722207E-004,
2.482433333333334E+009,-7.954377360874787E-005,5.231740069575608E-004,-1.320739102084190E-004,4.829212266486138E-004,
2.482466666666667E+009,-8.947625610744581E-005,5.447263247333467E-004,-1.125726776081137E-004,4.165603895671666E-004,
2.482500000000000E+009,4.672677459893748E-005,4.321766027715057E-004,-1.221035490743816E-004,4.719712014775723E-004,
2.482533333333334E+009,-1.318045397056267E-004,5.295886658132076E-004,-8.685293869348243E-005,3.632930456660688E-004,
2.482566666666667E+009,-3.600266427383758E-005,3.737792721949518E-004,8.644483386888169E-006,3.881327866110951E-004,
2.482600000000000E+009,-3.075760832871310E-005,4.356835852377117E-004,-9.282812970923260E-005,4.855394654441625E-004,
2.482633333333334E+009,-3.005098915309645E-005,6.092565017752349E-004,-1.240535639226437E-004,3.891466476488859E-004,
2.482666666666667E+009,6.271480378927663E-005,5.220756283961237E-004,3.346957601024769E-005,4.335718404036015E-004,
2.482700000000000E+009,8.723864448256791E-005,4.670342605095357E-004,3.800872946158052E-006,4.693376540672034E-004,
2.482733333333334E+009,3.190101415384561E-005,5.389444995671511E-004,5.996718027745374E-005,3.811838105320931E-004,
2.482766666666667E+009,3.315569847472943E-005,4.589933960232884E-004,6.974772986723110E-005,2.272480051033199E-004,
2.482800000000000E+009,7.646084122825414E-005,5.787651753053069E-004,1.202767234644853E-004,5.350738065317273E-004,
2.482833333333334E+009,1.669771700107958E-005,5.523600848391652E-004,1.225338637595996E-004,4.825643554795533E-004,
2.482866666666667E+009,2.094715091516264E-005,4.047519178129733E-004,1.284375030081719E-004,5.851095193065703E-004,
2.482900000000000E+009,2.420150849502534E-005,4.408989043440670E-004,5.127237818669528E-005,4.473296867217869E-004,
2.482933333333334E+009,-4.740649092127569E-005,5.550486384890974E-004,1.007642495096661E-004,5.387574201449752E-004,
2.482966666666667E+009,-1.968904143723194E-005,5.383748793974519E-004,2.234335843240842E-004,4.204033466521651E-004,
2.483000000000000E+009,1.497654156992212E-004,5.232031107880175E-004,1.532732567284256E-004,4.324979381635785E-004,
2.483033333333334E+009,4.191685729892924E-005,4.833238490391523E-004,1.339161099167541E-004,5.229227244853973E-004,
2.483066666666667E+009,2.407324427622370E-005,4.634902288671583E-004,1.100424706237391E-004,5.138654960319400E-004,
2.483100000000000E+009,1.453320874134079E-004,3.964400384575129E-004,3.231345908716321E-005,5.157988634891808E-004,
2.483133333333334E+009,1.320291194133461E-004,4.053636803291738E-004,1.293488603550941E-004,4.949376452714205E-004,
2.483166666666667E+009,1.870007545221597E-004,5.247924709692597E-004,1.617421949049458E-004,4.957399214617908E-004,
2.483200000000000E+009,4.245564923621714E-005,4.708459600806236E-004,7.974653271958232E-005,4.227836907375604E-004,
2.483233333333334E+009,2.071765484288335E-004,4.335053963586688E-004,6.579460023203865E-005,5.474652280099690E-004,
2.483266666666667E+009,2.888920607801992E-005,5.077050882391632E-004,1.549420703668147E-004,4.861197958234698E-004,
2.483300000000000E+009,1.671641512075439E-004,5.025569116696715E-004,1.990276796277612E-004,5.186721100471914E-004,
2.483333333333334E+009,1.671105273999274E-004,5.290890112519264E-004,1.963568356586620E-004,4.458535986486822E-004,
2.483366666666667E+009,1.268461928702891E-004,4.477322800084949E-004,6.400911661330611E-005,5.580065771937370E-004,
2.483400000000000E+009,1.896715839393437E-004,3.775761579163373E-004,1.733447570586577E-004,4.925091052427888E-004,
2.483433333333334E+009,3.008244966622442E-004,4.831143887713552E-004,1.831421686802059E-004,2.864942071028054E-004,
2.483466666666667E+009,1.424552756361663E-004,4.918704507872462E-004,1.669276825850830E-004,4.006869858130813E-004,
2.483500000000000E+009,1.476621982874349E-004,4.484027740545571E-004,1.339285081485286E-004,3.877874405588955E-004,
2.483533333333334E+009,1.916613255161792E-004,5.706186639145017E-004,1.995904895011336E-004,5.158928688615561E-004,
2.483566666666667E+009,2.188039652537555E-004,4.701528232544661E-004,2.318053593626246E-004,4.289306525606662E-004,
2.483600000000000E+009,2.232298866147175E-004,5.680436152033508E-004,3.109561803285033E-004,4.563331312965602E-004,
2.483633333333334E+009,3.953070263378322E-004,4.043797089252621E-004,2.340989594813436E-004,3.659595095086843E-004,
2.483666666666667E+009,2.719114418141544E-004,4.788665391970426E-004,3.007198683917522E-004,3.997834865003824E-004,
2.483700000000000E+009,3.641805960796773E-004,2.646925859153271E-004,3.346784797031432E-004,5.446266732178628E-004,
2.483733333333334E+009,2.752669679466635E-004,5.379075882956386E-004,1.745778572512791E-004,4.096216289326549E-004,
2.483766666666667E+009,1.710025098873302E-004,2.825262199621648E-004,1.923833042383194E-004,3.537097945809364E-004,
2.483800000000000E+009,1.593368215253577E-004,3.675255575217307E-004,2.530248020775616E-004,3.625454264692962E-004,
2.483833333333334E+009,2.274452708661556E-004,3.890123043674976E-004,1.938929199241102E-004,4.811623948626220E-004,
2.483866666666667E+009,1.881943171611056E-004,3.659689973574132E-004,2.628930669743568E-004,3.676132764667273E-004,
2.483900000000000E+009,1.627801975701004E-004,4.151894827373326E-004,2.194809931097552E-004,3.382981230970472E-004,
2.483933333333334E+009,6.832704821135849E-005,4.740330332424492E-004,1.980872621061280E-004,4.402869381010532E-004,
2.483966666666667E+009,3.138192114420235E-004,2.711973502300680E-004,1.965650299098343E-004,3.510807291604579E-004,
2.484000000000000E+009,1.417776802554727E-004,4.394354764372110E-004,1.599299575900659E-004,4.121401289012283E-004,
2.484033333333334E+009,1.914546737680212E-004,2.769902639556676E-004,9.810768824536353E-005,3.790578339248896E-004,
2.484066666666667E+009,3.366692981217057E-004,4.256164829712361E-004,2.393888426013291E-004,3.121658519376069E-004,
2.484100000000000E+009,2.199765731347725E-004,2.329323615413159E-004,2.740801719482988E-004,3.268519358243793E-004,
2.484133333333334E+009,3.735415230039507E-004,3.736130602192134E-004,2.487606834620237E-004,3.738950181286782E-004,
2.484166666666667E+009,3.152627905365080E-004,2.934348594862968E-004,2.571379591245204E-004,2.805876720231026E-004,
2.484200000000000E+009,2.834847837220877E-004,3.463955654297024E-004,2.722802164498717E-004,4.001015331596136E-004,
2.484233333333334E+009,1.770436065271497E-004,3.643528616521508E-004,2.556489489506930E-004,3.675185434985906E-004,
2.484266666666667E+009,1.941172668011859E-004,2.791059378068894E-004,2.606156922411174E-004,3.310218744445592E-004,
2.484300000000000E+009,2.614026889204979E-004,2.375990734435618E-004,3.234700707253069E-004,4.358308797236532E-004,
2.484333333333334E+009,3.061818424612284E-004,4.601485561579466E-004,3.297475050203502E-004,4.496604087762535E-004,
2.484366666666667E+009,3.533865674398840E-004,4.206281446386129E-004,3.965949581470341E-004,4.192206833977252E-004,
2.484400000000000E+009,3.899298899341375E-004,2.991906658280641E-004,3.162887587677687E-004,3.217684570699930E-004,
2.484433333333334E+009,3.671132435556501E-004,2.988685737363994E-004,4.082687955815345E-004,3.434793034102768E-004,
2.484466666666667E+009,4.023818473797292E-004,4.038901824969798E-004,3.773313655983657E-004,3.844997554551810E-004,
2.484500000000000E+009,4.325633053667843E-004,3.239476936869323E-004,4.074985045008361E-004,3.226534754503518E-004,
2.484533333333334E+009,5.276471492834389E-004,3.286634746473283E-004,3.035583940800279E-004,4.090664151590318E-004,
2.484566666666667E+009,3.729183226823807E-004,3.820218262262642E-004,2.669802634045482E-004,2.748513070400804E-004,
2.484600000000000E+009,4.769795050378889E-004,2.372753806412220E-004,4.443028010427952E-004,4.770656232722104E-004,
2.484633333333334E+009,3.322674892842770E-004,2.849454176612198E-004,4.681725404225290E-004,3.028252685908228E-004,
2.484666666666667E+009,4.082502855453640E-004,3.692486207000911E-004,3.892933891620487E-004,3.021808806806803E-004,
2.484700000000000E+009,4.589422314893454E-004,5.158240091986954E-004,5.771018913947046E-004,1.774330157786608E-004,
2.484733333333334E+009,4.440167103894055E-004,2.820829395204783E-004,5.542392027564347E-004,3.310203319415450E-004,
2.484766666666667E+009,3.916624700650573E-004,4.852070414926857E-004,4.317221173550934E-004,3.913630789611489E-004,
2.484800000000000E+009,3.789862676057965E-004,2.541975991334766E-004,3.129990072920919E-004,4.142258840147406E-004,
2.484833333333334E+009,4.337258287705481E-004,1.857822935562581E-004,4.405727377161384E-004,3.880172444041818E-004,
2.484866666666667E+009,4.808282537851483E-004,3.377172979526222E-004,4.370902897790074E-004,4.271064826752991E-004,
2.484900000000000E+009,4.525491676758975E-004,1.869584812084213E-004,3.740540414582938E-004,3.437709819991142E-004,
2.484933333333334E+009,4.048441478516907E-004,2.892456541303545E-004,3.237362252548337E-004,2.272349083796144E-004,
2.484966666666667E+009,3.515643766149879E-004,2.607681381050497E-004,4.793761472683400E-004,1.893126463983208E-004,
2.485000000000000E+009,3.195454191882163E-004,2.187350328313187E-004,4.884265945293009E-004,3.056834102608264E-004,
2.485033333333334E+009,4.253968945704401E-004,3.060703165829182E-004,4.585507558658719E-004,2.348201815038919E-004,
2.485066666666667E+009,4.532794991973788E-004,2.905133878812194E-004,4.612534830812365E-004,1.971058227354661E-004,
2.485100000000000E+009,5.598811549134553E-004,2.700335171539336E-004,4.278411797713488E-004,1.171224794234149E-004,
2.485133333333334E+009,3.938526497222483E-004,1.809306559152901E-004,5.482212291099131E-004,1.947905984707177E-004,
2.485166666666667E+009,5.068275495432317E-004,2.658315061125904E-004,4.532868042588234E-004,2.459437528159469E-004,
2.485200000000000E+009,4.607194860000163E-004,3.003519377671182E-004,5.636407877318561E-004,2.371183654759079E-004,
2.485233333333334E+009,3.993369755335152E-004,3.153108409605920E-004,4.853250866290182E-004,2.697766467463225E-004,
2.485266666666667E+009,5.091351922601461E-004,2.836068160831928E-004,4.900991334579885E-004,1.967872085515410E-004,
2.485300000000000E+009,5.141873261891305E-004,1.125284688896500E-004,7.200484978966415E-004,1.823634665925056E-004,
2.485333333333334E+009,4.494138411246240E-004,2.964576706290245E-004,4.863041103817523E-004,2.643979678396136E-004,
2.485366666666667E+009,4.363422340247780E-004,2.467276062816382E-004,3.962641640100628E-004,1.717345730867237E-004,
2.485400000000000E+009,4.401461919769645E-004,2.757562906481326E-004,3.829799825325608E-004,1.542305835755542E-005,
2.485433333333334E+009,5.477484082803130E-004,2.259945322293788E-004,4.948817659169436E-004,1.736443227855489E-004,
2.485466666666667E+009,4.531991726253182E-004,1.681596622802317E-004,5.001969402655959E-004,3.407891781535000E-004,
2.485500000000000E+009,4.658913239836693E-004,2.367880224483088E-004,3.149754193145782E-004,2.042270643869415E-004,
2.485533333333334E+009,5.184040637686849E-004,2.491658669896424E-004,4.205033183097839E-004,2.021151594817638E-004,
2.485566666666667E+009,3.889564541168511E-004,2.295704616699368E-004,5.064878496341407E-004,1.273911911994219E-004,
2.485600000000000E+009,3.854990645777434E-004,2.934247895609587E-004,6.070311064831913E-004,2.566860639490187E-004,
2.485633333333334E+009,4.906546091660857E-004,2.813638129737228E-004,4.347437934484333E-004,2.481318661011756E-004,
2.485666666666667E+009,5.667089717462659E-004,2.145083417417482E-004,4.292096709832549E-004,9.239998325938359E-005,
2.485700000000000E+009,5.441480316221714E-004,2.573654637672007E-004,4.586483701132238E-004,1.387304801028222E-004,
2.485733333333334E+009,4.274401580914855E-004,8.804279059404507E-005,4.441823111847043E-004,8.806383266346529E-005,
2.485766666666667E+009,5.584775935858488E-004,1.344781339867041E-004,4.311071243137121E-004,2.436397044220939E-004,
2.485800000000000E+009,5.153251695446670E-004,1.247154868906364E-004,5.618031136691570E-004,1.719599822536111E-004,
2.485833333333334E+009,6.545174401253462E-004,2.228457015007734E-004,5.077056121081114E-004,1.421867200406268E-004,
2.485866666666667E+009,5.529142799787223E-004,1.871331187430769E-004,6.130633992142975E-004,2.846645365934819E-004,
2.485900000000000E+009,5.509544862434268E-004,5.171502198209055E-005,4.299998981878161E-004,1.830059918574989E-004,
2.485933333333334E+009,5.419679218903184E-004,1.733660028548911E-004,6.244953256100416E-004,1.455610763514414E-004,
2.485966666666667E+009,5.211579264141619E-004,2.059233083855361E-004,6.921702879481018E-004,6.929227674845606E-005,
2.486000000000000E+009,4.965342232026160E-004,6.398146069841459E-005,6.611158605664969E-004,1.616371737327427E-004,
2.486033333333334E+009,5.792337469756603E-004,1.788788213161752E-004,5.146384355612099E-004,1.534169714432210E-004,
2.486066666666667E+009,5.198764847591519E-004,-4.078331403434277E-005,5.677571170963347E-004,1.261295547010377E-004,
2.486100000000000E+009,5.322312936186791E-004,-2.434205089230090E-005,6.266121054068208E-004,3.744732748600654E-005,
2.486133333333334E+009,5.874451017007232E-004,-2.912220043072011E-005,5.523036234080792E-004,1.265075406990945E-004,
2.486166666666667E+009,6.954221753403544E-004,-4.048513073939830E-005,3.928155929315835E-004,3.068659907512483E-006,
2.486200000000000E+009,6.220212089829147E-004,3.852237568935379E-005,6.590286502614617E-004,1.124141126638278E-004,
2.486233333333334E+009,4.539037763606757E-004,-7.842048034945037E-006,7.375463028438389E-004,6.292923353612423E-005,
2.486266666666667E+009,6.184286903589964E-004,8.057306695263833E-005,6.261838716454804E-004,1.046115648932755E-004,
2.486300000000000E+009,4.657802346628159E-004,1.068829951691441E-004,5.422839312814176E-004,1.024165758281015E-004,
2.486333333333334E+009,5.159752327017486E-004,-6.785794539609924E-005,5.270357360132039E-004,5.556610631174408E-005,
2.486366666666667E+009,5.697883316315711E-004,-7.207536691566929E-005,7.076013134792447E-004,-6.500742983917007E-006,
2.486400000000000E+009,6.936961435712874E-004,6.135040894150734E-005,6.103531341068447E-004,6.678756471956149E-005,
2.486433333333334E+009,5.476585938595235E-004,-2.208845580753405E-005,6.291405879892409E-004,1.356897337245755E-005,
2.486466666666667E+009,6.317151128314436E-004,-4.654844087781385E-005,6.848662742413580E-004,2.726804268604610E-005,
2.486500000000000E+009,5.560592398978770E-004,-1.305830810451880E-004,6.686713313683868E-004,-1.486674882471561E-004,
2.486533333333334E+009,5.642535979859531E-004,-1.493460877100006E-005,6.085181958042085E-004,-4.667865505325608E-005,
2.486566666666667E+009,6.144863436929882E-004,-5.431137105915695E-005,6.335399812087417E-004,-6.636735633946955E-005,
2.486600000000000E+009,6.968929083086550E-004,-9.804195724427700E-005,5.960708367638290E-004,-5.759572377428412E-005,
2.486633333333334E+009,6.522544426843524E-004,-4.190551771898754E-005,5.471273325383663E-004,-9.185149247059599E-005,
2.486666666666667E+009,5.347856786102057E-004,-1.673840597504750E-005,5.058379611000419E-004,-8.119174162857235E-005,
2.486700000000000E+009,5.530749331228435E-004,-7.378897134913132E-005,5.852061440236867E-004,-1.262306759599596E-004,
2.486733333333334E+009,5.319903139024973E-004,-1.646181044634432E-004,5.475096404552460E-004,1.014932536236302E-006,
2.486766666666667E+009,6.349222385324538E-004,-5.305552986101247E-005,5.183151806704700E-004,1.399384564138018E-005,
2.486800000000000E+009,5.702081252820790E-004,-9.335496724816039E-005,5.317185423336923E-004,-1.019252522382885E-004,
2.486833333333334E+009,6.795525550842285E-004,-6.341920379782096E-005,5.671155522577465E-004,-2.786556251521688E-005,
2.486866666666667E+009,5.681547336280346E-004,-6.399958510883153E-005,5.869981832802296E-004,-1.485455868532881E-004,
2.486900000000000E+009,5.673485575243831E-004,-1.770287344697863E-004,5.301100900396705E-004,-1.505330583313480E-004,
2.486933333333334E+009,5.949836340732873E-004,-7.256267417687923E-005,7.270339992828667E-004,-6.880580713186646E-006,
2.486966666666667E+009,6.375805241987109E-004,-7.587730215163901E-005,6.767626036889851E-004,-6.234208285604836E-006,
2.487000000000000E+009,5.610137595795095E-004,-1.109089134843089E-004,6.304013659246266E-004,-1.138945808634162E-004,
2.487033333333334E+009,5.610792431980372E-004,-9.955701534636319E-005,5.517373210750520E-004,-1.195866279886104E-004,
2.487066666666667E+009,4.319332074373961E-004,-1.687271142145619E-004,5.627353675663471E-004,1.080944275599904E-005,
2.487100000000000E+009,6.128648528829217E-004,-1.599963579792529E-004,4.353445838205516E-004,-6.492411193903536E-005,
2.487133333333334E+009,5.528295878320932E-004,-7.835419819457457E-005,6.749347667209804E-004,-3.597119575715624E-005,
2.487166666666667E+009,5.243811756372452E-004,-1.372518017888069E-004,5.367789417505264E-004,-4.320756124798209E-005,
2.487200000000000E+009,5.917851813137531E-004,-5.197951395530254E-005,5.501867271959782E-004,-9.486807539360598E-005,
2.487233333333334E+009,6.127621745690703E-004,-1.044627279043198E-004,6.175992311909795E-004,-1.488832640461624E-004,
2.487266666666667E+009,5.506023298949003E-004,-4.594273923430592E-005,5.123573355376720E-004,-1.241132267750800E-004,
2.487300000000000E+009,5.362100200727582E-004,-9.085159399546683E-005,6.208969280123711E-004,-1.848245155997574E-004,
2.487333333333334E+009,5.479780375026166E-004,-8.176696610462386E-006,6.003515445627272E-004,-1.476795296184719E-004,
2.487366666666667E+009,4.967087879776955E-004,-1.674191589700058E-004,6.035808473825455E-004,-1.687746553216130E-004,
2.487400000000000E+009,5.718594184145331E-004,-1.835169096011668E-004,6.326913135126233E-004,-9.528033115202561E-005,
2.487433333333334E+009,4.420485056471080E-004,-7.203232962638140E-005,5.276836454868317E-004,-1.664500305196270E-004,
2.487466666666667E+009,5.353960441425443E-004,-1.706343755358830E-004,6.029863725416362E-004,-2.936158853117377E-004,
2.487500000000000E+009,5.025621503591538E-004,-1.327356585534290E-004,4.609975439962000E-004,-1.424818619852886E-004,
2.487533333333334E+009,6.967860972508788E-004,-2.606424386613071E-004,5.272707203403115E-004,-2.622429456096143E-004,
2.487566666666667E+009,5.960699054412544E-004,-2.514575899112970E-004,6.273881299421191E-004,-1.262884907191619E-004,
2.487600000000000E+009,5.166478222236037E-004,-2.173323446186259E-004,5.385843687690795E-004,-2.673357957974076E-004,
2.487633333333334E+009,5.856390926055610E-004,-3.016885602846742E-004,4.458805196918547E-004,-8.729250112082809E-005,
2.487666666666667E+009,4.331076925154775E-004,-1.489303394919261E-004,7.228610920719802E-004,-1.612417836440727E-004,
2.487700000000000E+009,6.322066183201969E-004,-3.678967477753758E-004,5.698975292034447E-004,-2.669460372999311E-004,
2.487733333333334E+009,5.346371326595545E-004,-2.396440686425194E-004,4.897618200629950E-004,-1.235214876942337E-004,
2.487766666666667E+009,5.315950838848949E-004,-1.180593899334781E-004,4.787216603290290E-004,-3.191388095729053E-004,
2.487800000000000E+009,4.182177071925253E-004,-2.874964266084135E-004,5.190468509681523E-004,-2.670729882083833E-004,
2.487833333333334E+009,5.203525652177632E-004,-2.431605098536238E-004,6.435496034100652E-004,-1.956566557055339E-004,
2.487866666666667E+009,5.511219496838749E-004,-1.551596360513941E-004,6.013027159497142E-004,-2.736195456236601E-004,
2.487900000000000E+009,5.291032139211893E-004,-1.812904083635658E-004,5.934683722443879E-004,-3.381283604539931E-004,
2.487933333333334E+009,5.561413709074259E-004,-2.087659668177366E-004,6.455470575019717E-004,-2.635189157444984E-004,
2.487966666666667E+009,5.023002158850431E-004,-2.757948532234877E-004,5.863315309397876E-004,-2.156187401851639E-004,
2.488000000000000E+009,3.884213219862431E-004,-3.871141234412789E-004,5.764807574450970E-004,-3.530026297084987E-004,
2.488033333333334E+009,5.661882460117340E-004,-2.236533910036087E-004,5.264859646558762E-004,-3.122076450381428E-004,
2.488066666666667E+009,4.437973548192531E-004,-3.651505976449698E-004,5.942776333540678E-004,-2.512962964829058E-004,
2.488100000000000E+009,5.862397374585271E-004,-2.412186877336353E-004,4.255023668520153E-004,-1.878396724350750E-004,
2.488133333333334E+009,6.739211967214942E-004,-3.715947968885303E-004,4.554975894279778E-004,-2.862105902750045E-004,
2.488166666666667E+009,5.866303108632565E-004,-3.274517948739231E-004,5.482811247929931E-004,-3.602458746172488E-004,
2.488200000000000E+009,5.088296602480114E-004,-1.833248388720676E-004,6.177676259540021E-004,-2.510871272534132E-004,
2.488233333333334E+009,6.433074013330042E-004,-3.431868099141866E-004,3.643762029241771E-004,-2.951400529127568E-004,
2.488266666666667E+009,5.152989760972560E-004,-3.437736304476857E-004,4.735138791147620E-004,-1.943312236107886E-004,
2.488300000000000E+009,5.007083527743816E-004,-2.952085342258215E-004,5.004091653972864E-004,-2.315044112037867E-004,
2.488333333333334E+009,5.418673972599208E-004,-2.215169515693560E-004,5.434204358607531E-004,-3.842680307570845E-004,
2.488366666666667E+009,4.437673196662217E-004,-3.532445116434246E-004,5.677409935742617E-004,-3.622416115831584E-004,
2.488400000000000E+009,4.985732957720757E-004,-1.942082890309393E-004,5.432178732007742E-004,-3.574879083316773E-004,
2.488433333333334E+009,4.578496736939997E-004,-1.976238709175959E-004,5.342004005797207E-004,-3.352602361701429E-004,
2.488466666666667E+009,3.372604842297733E-004,-3.596236638259143E-004,5.589152569882572E-004,-4.127949068788439E-004,
2.488500000000000E+009,5.891774781048298E-004,-4.036817408632487E-004,4.033184377476573E-004,-4.320181324146688E-004,
2.488533333333334E+009,5.468124873004854E-004,-3.783109132200480E-004,5.895441863685846E-004,-3.508153604343534E-004,
2.488566666666667E+009,4.937039338983595E-004,-2.816227206494659E-004,6.152776186354458E-004,-3.873946261592209E-004,
2.488600000000000E+009,4.781934258062393E-004,-2.606047783046961E-004,4.840090405195952E-004,-2.952319919131696E-004,
2.488633333333334E+009,6.396201788447797E-004,-1.823295897338539E-004,6.021192530170083E-004,-2.549955970607698E-004,
2.488666666666667E+009,4.250722995493561E-004,-1.834965369198471E-004,5.475454381667078E-004,-3.925873606931418E-004,
2.488700000000000E+009,5.125945899635553E-004,-2.040472027147189E-004,5.761077045463026E-004,-1.920184440677986E-004,
2.488733333333334E+009,5.228817462921143E-004,-2.069662441499531E-004,6.324119749478996E-004,-4.636773956008256E-004,
2.488766666666667E+009,4.488557169679552E-004,-3.485064953565598E-004,5.431626923382282E-004,-3.906367928721011E-004,
2.488800000000000E+009,5.654774140566587E-004,-4.289306525606662E-004,5.864095292054117E-004,-2.622256870381534E-004,
2.488833333333334E+009,4.965881817042828E-004,-3.047549980692565E-004,5.024929414503276E-004,-3.173140285070986E-004,
2.488866666666667E+009,5.221581086516380E-004,-3.221301012672484E-004,5.701697664335370E-004,-4.907411639578641E-004,
2.488900000000000E+009,6.349237519316375E-004,-2.404063561698422E-004,6.528833764605224E-004,-3.707604773808271E-004,
2.488933333333334E+009,4.450212873052806E-004,-4.223387513775379E-004,4.350777599029243E-004,-3.902970638591796E-004,
2.488966666666667E+009,4.983913386240602E-004,-3.169192641507834E-004,4.878427134826779E-004,-3.505587519612163E-004,
2.489000000000000E+009,4.676214884966612E-004,-3.174530866090208E-004,4.533467290457338E-004,-3.440958680585027E-004,
2.489033333333334E+009,5.091961356811225E-004,-2.812864258885384E-004,6.011516088619828E-004,-3.969252866227180E-004,
2.489066666666667E+009,5.094216903671622E-004,-4.451562708709389E-004,4.993212060071528E-004,-3.675419138744474E-004,
2.489100000000000E+009,4.842735943384469E-004,-4.813783743884414E-004,5.233295960351825E-004,-4.659301775973290E-004,
2.489133333333334E+009,4.333941615186632E-004,-4.637266101781279E-004,5.292430869303644E-004,-3.811127971857786E-004,
2.489166666666667E+009,5.072170170024037E-004,-2.594383549876511E-004,5.760415224358439E-004,-3.856600669678301E-004,
2.489200000000000E+009,5.085011362098157E-004,-4.121663514524698E-004,4.883198416791856E-004,-4.163015400990844E-004,
2.489233333333334E+009,5.007699946872890E-004,-4.327259375713766E-004,5.325707024894655E-004,-4.104984109289944E-004,
2.489266666666667E+009,5.291041452437639E-004,-4.665371379815042E-004,4.564733244478703E-004,-4.119774675928056E-004,
2.489300000000000E+009,4.494887834880501E-004,-3.459957952145487E-004,5.358799826353788E-004,-3.884211473632604E-004,
2.489333333333334E+009,5.781063809990883E-004,-4.459563642740250E-004,5.720059270970523E-004,-5.725249648094177E-004,
2.489366666666667E+009,4.729404754471034E-004,-3.620677453000099E-004,5.981900030747056E-004,-5.395413609221578E-004,
2.489400000000000E+009,6.123142084106803E-004,-5.202194442972541E-004,5.081956041976810E-004,-4.277812549844384E-004,
2.489433333333334E+009,4.683061561081559E-004,-3.835794923361391E-004,5.638450384140015E-004,-5.911831976845861E-004,
2.489466666666667E+009,5.325850797817111E-004,-6.039958680048585E-004,4.574873019009829E-004,-4.619927203748375E-004,
2.489500000000000E+009,4.942754167132080E-004,-4.946200060658157E-004,5.556604010052979E-004,-5.286401719786227E-004,
2.489533333333334E+009,4.143943078815937E-004,-4.388677189126611E-004,4.213102511130273E-004,-4.923876258544624E-004,
2.489566666666667E+009,4.395683936309069E-004,-4.328819049987942E-004,5.415324703790247E-004,-5.460289539769292E-004,
2.489600000000000E+009,5.743979127146304E-004,-5.169672658666968E-004,5.776808247901499E-004,-5.578217096626759E-004,
2.489633333333334E+009,6.118947057984769E-004,-5.134520470164716E-004,5.036924849264324E-004,-5.127121112309396E-004,
2.489666666666667E+009,4.963644896633923E-004,-6.228732527233660E-004,5.297288298606873E-004,-4.857739259023219E-004,
2.489700000000000E+009,5.656957509927452E-004,-4.229891055729240E-004,5.752180586569011E-004,-4.739500873256475E-004,
2.489733333333334E+009,4.444495716597885E-004,-6.214033346623182E-004,4.280952853150666E-004,-5.209426162764430E-004,
2.489766666666667E+009,5.408953875303268E-004,-5.659154849126935E-004,3.375818778295070E-004,-4.456178576219827E-004,
2.489800000000000E+009,5.940163391642273E-004,-5.912845372222364E-004,5.296460003592074E-004,-4.947162815369666E-004,
2.489833333333334E+009,4.487949481699616E-004,-5.316018941812217E-004,5.561278667300940E-004,-4.969837609678507E-004,
2.489866666666667E+009,3.781387931667268E-004,-4.445602826308459E-004,5.059964023530483E-004,-5.908457096666098E-004,
2.489900000000000E+009,4.226256569381803E-004,-5.166029441170394E-004,4.259695997461677E-004,-6.177878240123391E-004,
2.489933333333334E+009,4.071895964443684E-004,-6.004965980537236E-004,5.634406697936356E-004,-6.712437025271356E-004,
2.489966666666667E+009,4.630848125088960E-004,-5.445218412205577E-004,5.878512747585774E-004,-5.099258269183338E-004,
2.490000000000000E+009,4.552189202513546E-004,-5.453943158499897E-004,4.992856993339956E-004,-5.460075917653740E-004,
2.490033333333334E+009,5.306985112838447E-004,-6.232091691344976E-004,5.586776533164084E-004,-5.194824188947678E-004,
2.490066666666667E+009,4.868285323027521E-004,-4.803448391612619E-004,4.911937285214663E-004,-4.543041868600994E-004,
2.490100000000000E+009,5.221132887527347E-004,-6.111101829446852E-004,4.025304224342108E-004,-5.247014923952520E-004,
2.490133333333334E+009,5.147990887053311E-004,-5.532813374884427E-004,5.237642908468843E-004,-5.831678863614798E-004,
2.490166666666667E+009,5.166826886124909E-004,-5.375032196752727E-004,3.894427791237831E-004,-6.186494720168412E-004,
2.490200000000000E+009,5.079965339973569E-004,-5.599482683464885E-004,5.006063729524612E-004,-5.353299202397466E-004,
2.490233333333334E+009,4.145239072386175E-004,-4.677866236306727E-004,4.900284111499786E-004,-5.055907531641424E-004,
2.490266666666667E+009,6.258426001295447E-004,-5.526349414139986E-004,4.666313179768622E-004,-5.350813735276461E-004,
2.490300000000000E+009,4.484785022214055E-004,-7.116803899407387E-004,4.954629694111645E-004,-4.668979963753372E-004,
2.490333333333334E+009,4.859933396801353E-004,-5.717126769013703E-004,5.135002429597080E-004,-6.233297172002494E-004,
2.490366666666667E+009,5.361526273190975E-004,-5.587053601630032E-004,4.680906713474542E-004,-7.128872675821185E-004,
2.490400000000000E+009,4.592079494614154E-004,-7.581931422464550E-004,6.366312736645341E-004,-6.574864964932203E-004,
2.490433333333334E+009,4.323761386331171E-004,-6.537981098517776E-004,3.940965689253062E-004,-6.500181625597179E-004,
2.490466666666667E+009,4.483740485738963E-004,-7.963578100316227E-004,4.921229556202889E-004,-7.030412671156228E-004,
2.490500000000000E+009,4.239979607518762E-004,-4.868222458753735E-004,3.290179010946304E-004,-6.625950918532908E-004,
2.490533333333334E+009,5.153546808287501E-004,-6.175988819450140E-004,4.319162399042398E-004,-6.054118857719004E-004,
2.490566666666667E+009,3.996059240307659E-004,-3.883923345711082E-004,4.394054412841797E-004,-7.409596000798047E-004,
2.490600000000000E+009,5.071637569926679E-004,-7.770599913783371E-004,3.701976092997938E-004,-6.283778348006308E-004,
2.490633333333334E+009,5.032474291510880E-004,-6.883465102873743E-004,4.533854662440717E-004,-6.093027186580002E-004,
2.490666666666667E+009,4.714250098913908E-004,-7.471959688700736E-004,3.676043415907770E-004,-7.498170598410070E-004,
2.490700000000000E+009,3.152036515530199E-004,-7.179297390393913E-004,3.203479282092303E-004,-7.416927837766707E-004,
2.490733333333334E+009,3.014885005541146E-004,-7.955290493555367E-004,2.779045025818050E-004,-6.793917273171246E-004,
2.490766666666667E+009,4.014628939330578E-004,-7.181532564572990E-004,3.625148674473167E-004,-7.370046223513782E-004,
2.490800000000000E+009,2.799317589960992E-004,-6.869368953630328E-004,4.425497318152338E-004,-7.693250081501901E-004,
2.490833333333334E+009,4.297744890209287E-004,-7.147176656872034E-004,3.947580116800964E-004,-7.445419323630631E-004,
2.490866666666667E+009,5.021727411076427E-004,-7.128790603019297E-004,4.378968151286244E-004,-7.205503061413765E-004,
2.490900000000000E+009,4.889958072453737E-004,-8.012094185687602E-004,4.880948690697551E-004,-7.645147852599621E-004,
2.490933333333334E+009,4.680708225350827E-004,-6.658468046225607E-004,2.848963486030698E-004,-6.976012373343110E-004,
2.490966666666667E+009,3.489833034109324E-004,-7.067919941619039E-004,5.562207661569119E-004,-8.655027486383915E-004,
2.491000000000000E+009,4.873567959293723E-004,-7.202399428933859E-004,3.754235222004354E-004,-6.862034206278622E-004,
2.491033333333334E+009,4.131609457544982E-004,-9.040930890478194E-004,4.024323716294020E-004,-6.745649152435362E-004,
2.491066666666667E+009,3.067974466830492E-004,-7.058602641336620E-004,3.717546060215682E-004,-7.470137206837535E-004,
2.491100000000000E+009,4.167170845903456E-004,-7.685870514251292E-004,2.428775042062625E-004,-8.869401062838733E-004,
2.491133333333334E+009,4.252565850038081E-004,-7.959970389492810E-004,4.131088790018112E-004,-8.143573068082333E-004,
2.491166666666667E+009,4.841627669520676E-004,-9.700219379737973E-004,4.258346452843398E-004,-8.073893841356039E-004,
2.491200000000000E+009,2.778816851787269E-004,-8.581443107686937E-004,3.253193863201886E-004,-7.090424187481403E-004,
2.491233333333334E+009,3.468324430286884E-004,-9.425877942703664E-004,3.956250438932329E-004,-7.938479539006949E-004,
2.491266666666667E+009,2.290636184625328E-004,-7.119164220057428E-004,2.789947029668838E-004,-8.354779565706849E-004,
2.491300000000000E+009,1.857600291259587E-004,-6.844929885119200E-004,3.854784590657800E-004,-8.619051077403128E-004,
2.491333333333334E+009,2.427894505672157E-004,-8.515263325534761E-004,3.915979177691042E-004,-7.761786691844463E-004,
2.491366666666667E+009,2.796833286993206E-004,-8.866622229106724E-004,3.118606691714376E-004,-8.025965071283281E-004,
2.491400000000000E+009,3.807813918683678E-004,-8.000092930160463E-004,2.080011036014184E-004,-9.992776904255152E-004,
2.491433333333334E+009,3.852046502288431E-004,-8.780983625911176E-004,2.912168565671891E-004,-8.319245534949005E-004,
2.491466666666667E+009,2.720009651966393E-004,-7.584373233839870E-004,2.740184718277305E-004,-8.992758812382817E-004,
2.491500000000000E+009,3.459409635979682E-004,-8.486895239911974E-004,3.150276315864176E-004,-9.440125431865454E-004,
2.491533333333334E+009,3.045399789698422E-004,-8.816316258162260E-004,3.311756881885231E-004,-7.585363928228617E-004,
2.491566666666667E+009,4.215743101667613E-004,-9.569366811774671E-004,2.867948205675930E-004,-7.896611350588501E-004,
2.491600000000000E+009,1.778009755071253E-004,-9.323728154413402E-004,3.013379755429924E-004,-7.988005527295172E-004,
2.491633333333334E+009,2.535012608859688E-004,-8.657501311972737E-004,2.536448882892728E-004,-8.687314693816006E-004,
2.491666666666667E+009,3.783959255088121E-004,-7.362951291725040E-004,3.935023851227015E-004,-7.939802599139512E-004,
2.491700000000000E+009,2.024990390054882E-004,-1.007774961180985E-003,3.360764239914715E-004,-7.020811317488551E-004,
2.491733333333334E+009,2.697984164115042E-004,-8.070666226558387E-004,1.973225735127926E-004,-8.537985850125551E-004,
2.491766666666667E+009,1.615217042854056E-004,-8.076547528617084E-004,3.059630398638547E-004,-9.431725484319031E-004,
2.491800000000000E+009,1.457144098822027E-004,-8.844715775921941E-004,3.391574427951127E-004,-8.274426218122244E-004,
2.491833333333334E+009,2.173106331611052E-004,-1.048018690198660E-003,1.357614964945242E-004,-9.883026359602809E-004,
2.491866666666667E+009,2.403533580945805E-004,-8.200929150916636E-004,1.338426372967660E-004,-9.505330235697329E-004,
2.491900000000000E+009,2.415445778751746E-004,-9.332831250503659E-004,3.533822891768068E-004,-9.524032939225435E-004,
2.491933333333334E+009,3.717339131981134E-004,-9.384758886881173E-004,2.696412848308682E-004,-9.263441897928715E-004,
2.491966666666667E+009,3.107262891717255E-004,-9.737921645864844E-004,2.398085925960913E-004,-9.911893866956234E-004,
2.492000000000000E+009,1.965991687029600E-004,-9.647187544032931E-004,3.742135013453662E-004,-9.584650979377329E-004,
2.492033333333334E+009,1.361327449558303E-004,-1.004273304715753E-003,2.277244930155575E-004,-9.674118482507765E-004,
2.492066666666667E+009,1.419313193764538E-004,-9.794656652957201E-004,1.988122239708901E-004,-9.322187397629023E-004,
2.492100000000000E+009,2.708316314965487E-004,-1.056988025084138E-003,9.699821384856477E-005,-9.257405181415379E-004,
2.492133333333334E+009,2.797758497763425E-004,-1.144413719885051E-003,1.540936500532553E-004,-9.136721491813660E-004,
2.492166666666667E+009,1.230988564202562E-004,-1.007632468827069E-003,6.319802196230739E-005,-8.870992460288107E-004,
2.492200000000000E+009,1.540830853627995E-004,-8.250754326581955E-004,1.064693642547354E-004,-9.846229804679751E-004,
2.492233333333334E+009,6.641646177740768E-005,-9.306037682108581E-004,1.617350499145687E-004,-1.006928272545338E-003,
2.492266666666667E+009,1.456791651435196E-004,-8.757485193200409E-004,1.907460682559758E-004,-1.013297704048455E-003,
2.492300000000000E+009,2.633042458910495E-004,-1.097025815397501E-003,2.249773751827888E-005,-9.494911064393818E-004,
2.492333333333334E+009,1.129628581111319E-004,-9.504498448222876E-004,1.607867015991360E-004,-9.551715338602662E-004,
2.492366666666667E+009,1.036014873534441E-004,-1.143158646300435E-003,1.351820392301306E-004,-1.004855614155531E-003,
2.492400000000000E+009,3.418149935896508E-005,-1.021500211209059E-003,6.370129267452285E-005,-1.006198930554092E-003,
2.492433333333334E+009,9.805031731957570E-005,-1.065826858393848E-003,8.865547715686262E-005,-1.063471427187324E-003,
2.492466666666667E+009,2.151740482077003E-004,-9.352877968922257E-004,1.963038666872308E-004,-9.574496070854366E-004,
2.492500000000000E+009,-5.141602741787210E-005,-1.005812315270305E-003,1.773775584297255E-004,-9.050556109286845E-004,
2.492533333333334E+009,1.421194901922718E-004,-9.844584856182337E-004,1.856861103988194E-006,-9.842102881520987E-004,
2.492566666666667E+009,1.347396610071883E-004,-1.106109935790300E-003,5.799909922643565E-005,-1.040987088344991E-003,
2.492600000000000E+009,1.389557583024725E-004,-1.075400854460895E-003,6.320283864624798E-005,-1.065467600710690E-003,
2.492633333333334E+009,1.621920964680612E-004,-9.237111080437899E-004,8.666072972118855E-005,-8.892467594705522E-004,
2.492666666666667E+009,1.061532675521448E-004,-9.278106736019254E-004,1.357513101538643E-004,-1.058215857483447E-003,
2.492700000000000E+009,8.060009713517502E-005,-9.461846784688532E-004,3.724905764102005E-005,-1.015938469208777E-003,
2.492733333333334E+009,-2.837537795130629E-005,-1.008339691907167E-003,-4.339015868026763E-005,-1.175378682091832E-003,
2.492766666666667E+009,3.777825986617245E-005,-9.989424142986536E-004,5.143121597939171E-005,-1.019086223095655E-003,
2.492800000000000E+009,-7.941537478473038E-005,-1.020562136545777E-003,-1.408797688782215E-004,-9.651735308580101E-004,
2.492833333333334E+009,5.602520832326263E-005,-9.637822513468564E-004,-6.278311047935858E-005,-1.087875571101904E-003,
2.492866666666667E+009,3.504081541905180E-005,-9.800883708521724E-004,7.421976624755189E-005,-9.844878222793341E-004,
2.492900000000000E+009,-2.792645318550058E-005,-1.017500646412373E-003,-1.813533344829921E-005,-1.043644850142300E-003,
2.492933333333334E+009,2.259442771901377E-005,-1.053469954058528E-003,1.901274117699359E-005,-1.064532320015132E-003,
2.492966666666667E+009,2.461230724293273E-005,-8.185525075532496E-004,4.121650272281840E-005,-9.284713305532932E-004,
2.493000000000000E+009,-9.033842070493847E-005,-1.117730862461031E-003,-1.874451299954671E-005,-1.044853124767542E-003,
2.493033333333334E+009,-1.691425131866708E-004,-1.031341031193733E-003,-3.253483009757474E-005,-1.049158629029989E-003,
2.493066666666667E+009,-1.043491865857504E-004,-1.170194242149591E-003,4.696014002547599E-005,-1.103420392610133E-003,
2.493100000000000E+009,-5.500705083250068E-005,-1.032235100865364E-003,1.280504875467159E-005,-9.855678072199225E-004,
2.493133333333334E+009,-5.810656512039714E-005,-1.069494872353971E-003,-1.477043260820210E-004,-1.113154808990657E-003,
2.493166666666667E+009,-4.253256338415667E-005,-9.999963222071528E-004,-9.418599802302197E-005,-1.052631647326052E-003,
2.493200000000000E+009,-6.845028110546991E-005,-9.717846405692399E-004,-9.178790060104802E-005,-9.734508930705488E-004,
2.493233333333334E+009,-8.109999907901511E-005,-1.180215738713741E-003,-2.048715687124059E-004,-1.051961793564260E-003,
2.493266666666667E+009,-2.429026608297136E-005,-9.951918618753552E-004,-3.297200964880176E-005,-1.067300559952855E-003,
2.493300000000000E+009,-2.053771604551002E-004,-8.429564768448472E-004,-1.250815694220364E-004,-1.079765963368118E-003,
2.493333333333334E+009,-1.106484342017211E-004,-8.406193810515106E-004,-1.062242663465440E-004,-1.151526113972068E-003,
2.493366666666667E+009,-1.716370315989479E-004,-1.008709776215255E-003,-5.275463990983553E-005,-9.567590313963592E-004,
2.493400000000000E+009,-1.729990181047469E-004,-1.087696058675647E-003,-1.848303945735097E-004,-1.112675759941340E-003,
2.493433333333334E+009,3.506566281430423E-005,-1.034129294566810E-003,-1.119246880989522E-004,-9.917190764099360E-004,
2.493466666666667E+009,-1.115298073273152E-004,-1.182109233923256E-003,-1.822436024667695E-004,-1.076758606359363E-003,
2.493500000000000E+009,-2.463150885887444E-004,-1.075423671863973E-003,-9.376172238262370E-005,-1.084093353711069E-003,
2.493533333333334E+009,-1.556324132252485E-004,-1.017127768136561E-003,-1.512448943685740E-004,-1.081055495887995E-003,
2.493566666666667E+009,-2.427392173558474E-004,-1.069786027073860E-003,-1.496229378972203E-004,-1.062008668668568E-003,
2.493600000000000E+009,-2.135976974386722E-004,-9.857128607109189E-004,-1.708281633909792E-004,-1.108310185372829E-003,
2.493633333333334E+009,-3.767654416151345E-004,-1.050533959642053E-003,-2.190422237617895E-004,-1.147693721577525E-003,
2.493666666666667E+009,-1.773160765878856E-004,-1.061925897374749E-003,-1.764771150192246E-004,-9.874567622318864E-004,
2.493700000000000E+009,-2.810391597449780E-004,-1.120577799156308E-003,-2.148117928300053E-004,-9.791961638256908E-004,
2.493733333333334E+009,-1.298183924518526E-004,-9.313204209320247E-004,-2.251443947898224E-004,-1.036267029121518E-003,
2.493766666666667E+009,-3.045608755201101E-004,-1.167640322819352E-003,-1.954540057340637E-004,-9.591148118488491E-004,
2.493800000000000E+009,-1.803758495952934E-004,-1.032845699228346E-003,-3.313982451800257E-004,-9.724901756271720E-004,
2.493833333333334E+009,-2.635526179801673E-004,-9.868694469332695E-004,-3.942020121030510E-004,-9.583149221725762E-004,
2.493866666666667E+009,-1.952555903699249E-004,-9.994619758799672E-004,-2.871075703296810E-004,-9.157463209703565E-004,
2.493900000000000E+009,-2.922312996815890E-004,-1.090526930056512E-003,-1.134206613642164E-004,-1.094491221010685E-003,
2.493933333333334E+009,-2.521768619772047E-004,-1.062455005012453E-003,-3.927383222617209E-004,-1.023326534777880E-003,
2.493966666666667E+009,-3.576378512661904E-004,-1.037128269672394E-003,-4.347712674643844E-004,-1.041636220179498E-003,
2.494000000000000E+009,-3.063889453187585E-004,-1.042699790559709E-003,-3.238875942770392E-004,-9.748588199727237E-004,
2.494033333333334E+009,-3.147619718220085E-004,-1.040375442244113E-003,-3.554793074727058E-004,-1.097268890589476E-003,
2.494066666666667E+009,-2.625988272484392E-004,-1.081548049114645E-003,-4.512174346018583E-004,-1.017256057821214E-003,
2.494100000000000E+009,-3.020754083991051E-004,-1.041808864101768E-003,-3.899636503774673E-004,-1.090911100618541E-003,
2.494133333333334E+009,-3.850492066703737E-004,-9.759147069416940E-004,-3.686094423756003E-004,-1.107270712964237E-003,
2.494166666666667E+009,-2.681851619854569E-004,-9.986562654376030E-004,-3.282724646851420E-004,-1.131621422246099E-003,
2.494200000000000E+009,-4.105038242414594E-004,-1.168560702353716E-003,-3.486893838271499E-004,-1.095305779017508E-003,
2.494233333333334E+009,-4.010029078926891E-004,-1.099171815440059E-003,-5.355919129215181E-004,-9.443287854082882E-004,
2.494266666666667E+009,-3.249814035370946E-004,-1.016716705635190E-003,-4.263305163476616E-004,-9.838085388764739E-004,
2.494300000000000E+009,-3.841091529466212E-004,-1.047061174176633E-003,-4.131920577492565E-004,-1.122258487157524E-003,
2.494333333333334E+009,-4.306545888539404E-004,-1.053129672072828E-003,-3.526029759086669E-004,-1.108771772123873E-003,
2.494366666666667E+009,-4.166075086686760E-004,-9.433614904992282E-004,-2.688530075829476E-004,-1.073463237844408E-003,
2.494400000000000E+009,-4.636015801224858E-004,-1.055820146575570E-003,-3.823468287009746E-004,-1.015728572383523E-003,
2.494433333333334E+009,-4.711329820565879E-004,-9.527548099868000E-004,-3.564261714927852E-004,-1.072741579264402E-003,
2.494466666666667E+009,-4.702161822933704E-004,-1.100958208553493E-003,-3.940383321605623E-004,-1.217399840243161E-003,
2.494500000000000E+009,-3.608182887546718E-004,-1.028244267217815E-003,-5.907559534534812E-004,-1.081281690858305E-003,
2.494533333333334E+009,-5.365187535062432E-004,-1.065537449903786E-003,-5.254574934951961E-004,-1.187608577311039E-003,
2.494566666666667E+009,-3.677174099721015E-004,-1.080492860637605E-003,-4.447087121661753E-004,-1.075707376003265E-003,
2.494600000000000E+009,-4.305288020987064E-004,-1.019079703837633E-003,-4.851182748097926E-004,-8.874154882505536E-004,
2.494633333333334E+009,-4.891371936537325E-004,-9.617469622753561E-004,-3.876325790770352E-004,-9.628089610487223E-004,
2.494666666666667E+009,-4.866169474553317E-004,-9.169360855594277E-004,-4.071512084919959E-004,-1.131386728957295E-003,
2.494700000000000E+009,-4.839518223889172E-004,-1.046004821546376E-003,-5.519678234122694E-004,-9.914803085848689E-004,
2.494733333333334E+009,-5.214947159402072E-004,-1.040320028550923E-003,-5.294909933581948E-004,-9.892467642202973E-004,
2.494766666666667E+009,-5.536061362363398E-004,-9.764878195710480E-004,-5.158547428436577E-004,-1.126839430071414E-003,
2.494800000000000E+009,-4.837159649468958E-004,-1.009738654829562E-003,-5.809398717246950E-004,-1.090754405595362E-003,
2.494833333333334E+009,-4.850800905842334E-004,-9.182641515508294E-004,-5.521428538486362E-004,-1.024218276143074E-003,
2.494866666666667E+009,-5.448681768029928E-004,-9.657038026489317E-004,-5.404323455877602E-004,-1.113189850002527E-003,
2.494900000000000E+009,-5.227613728493452E-004,-9.599484619684517E-004,-5.489460309036076E-004,-1.075500855222344E-003,
2.494933333333334E+009,-3.926966455765069E-004,-9.551645489409566E-004,-4.132242174819112E-004,-1.104255788959563E-003,
2.494966666666667E+009,-4.603131383191794E-004,-9.053087560459971E-004,-4.718564450740814E-004,-8.886076393537223E-004,
2.495000000000000E+009,-6.068461807444692E-004,-1.116801169700921E-003,-5.717652966268361E-004,-1.140856882557273E-003,
2.495033333333334E+009,-5.531952483579516E-004,-1.180718652904034E-003,-5.038249073550105E-004,-1.062359893694520E-003,
2.495066666666667E+009,-4.303582245483995E-004,-1.114815007895231E-003,-5.402879323810339E-004,-1.014549052342773E-003,
2.495100000000000E+009,-6.550740217790008E-004,-9.880030993372202E-004,-6.080223247408867E-004,-9.325552382506430E-004,
2.495133333333334E+009,-6.974334828555584E-004,-9.905622573569417E-004,-6.754490896128118E-004,-9.070655214600265E-004,
2.495166666666667E+009,-6.735812057740986E-004,-9.650145657360554E-004,-5.368103738874197E-004,-1.025541801936925E-003,
2.495200000000000E+009,-7.433478604070842E-004,-9.468123898841441E-004,-5.905359284952283E-004,-9.873001836240292E-004,
2.495233333333334E+009,-7.229262264445424E-004,-9.313785703852773E-004,-6.934550474397838E-004,-9.827048052102327E-004,
2.495266666666667E+009,-6.402031285688281E-004,-9.213415323756635E-004,-6.365192239172757E-004,-1.030582818202674E-003,
2.495300000000000E+009,-6.486417260020971E-004,-1.015271176584065E-003,-6.025648326613009E-004,-9.606914827600122E-004,
2.495333333333334E+009,-7.091623265296221E-004,-8.732404676266015E-004,-6.557670421898365E-004,-9.988764068111777E-004,
2.495366666666667E+009,-7.635660585947335E-004,-1.017635688185692E-003,-7.580900564789772E-004,-1.019616611301899E-003,
2.495400000000000E+009,-7.732381345704198E-004,-9.866411564871669E-004,-7.330679218284786E-004,-1.067036064341664E-003,
2.495433333333334E+009,-6.760414689779282E-004,-1.032440806739032E-003,-5.962311988696456E-004,-9.002752485685051E-004,
2.495466666666667E+009,-7.070659194141626E-004,-9.998128516599536E-004,-5.568520864471793E-004,-9.950042003765702E-004,
2.495500000000000E+009,-6.370053743012250E-004,-9.233246673829854E-004,-5.968526238575578E-004,-1.085833297111094E-003,
2.495533333333334E+009,-7.486744434572756E-004,-1.206538174301386E-003,-7.746964110992849E-004,-9.006672771647573E-004,
2.495566666666667E+009,-7.203966379165649E-004,-9.320617537014186E-004,-8.056308724917471E-004,-9.646837715990841E-004,
2.495600000000000E+009,-7.200725376605988E-004,-9.480256703682244E-004,-8.488522144034505E-004,-8.906848961487413E-004,
2.495633333333334E+009,-6.515996064990759E-004,-9.623338119126856E-004,-7.342772441916168E-004,-9.906995110213757E-004,
2.495666666666667E+009,-7.065423415042460E-004,-9.186689276248217E-004,-7.053859299048781E-004,-8.808425627648830E-004,
2.495700000000000E+009,-6.969572277739644E-004,-9.271553135477006E-004,-6.242580711841583E-004,-9.454815881326795E-004,
2.495733333333334E+009,-7.785522611811757E-004,-8.937308448366821E-004,-9.027844644151628E-004,-8.630660595372319E-004,
2.495766666666667E+009,-7.411280530504882E-004,-9.472279925830662E-004,-7.747462950646877E-004,-9.484847541898489E-004,
2.495800000000000E+009,-8.606228511780500E-004,-8.939747931435704E-004,-8.761380449868739E-004,-9.037706768140197E-004,
2.495833333333334E+009,-7.571614114567637E-004,-9.518397273495793E-004,-6.585400551557541E-004,-9.803222492337227E-004,
2.495866666666667E+009,-8.466495200991631E-004,-1.026803860440850E-003,-8.942874264903367E-004,-8.303582435473800E-004,
2.495900000000000E+009,-7.925863610580564E-004,-9.258333593606949E-004,-7.658246322534978E-004,-1.071655540727079E-003,
2.495933333333334E+009,-8.867458091117442E-004,-9.338335366919637E-004,-7.916973554529250E-004,-1.035714871250093E-003,
2.495966666666667E+009,-6.771484622731805E-004,-9.876706171780825E-004,-8.962574065662921E-004,-9.151537087745965E-004,
2.496000000000000E+009,-9.364322759211063E-004,-8.787931874394417E-004,-8.838737849146128E-004,-7.265062886290252E-004,
2.496033333333334E+009,-7.898512994870544E-004,-1.030795276165009E-003,-8.194140391424298E-004,-9.157808381132782E-004,
2.496066666666667E+009,-8.596137631684542E-004,-8.454472408629954E-004,-9.134438587352634E-004,-9.734258055686951E-004,
2.496100000000000E+009,-8.263085619546473E-004,-8.828368154354394E-004,-8.640866144560278E-004,-9.216333855874836E-004,
2.496133333333334E+009,-9.453615057282150E-004,-8.438940276391804E-004,-7.922527729533613E-004,-9.396828827448189E-004,
2.496166666666667E+009,-8.872783510014415E-004,-9.321930119767785E-004,-9.506350615993142E-004,-8.613331010565162E-004,
2.496200000000000E+009,-9.627098334021866E-004,-7.935452158562839E-004,-9.471647790633142E-004,-8.557694382034242E-004,
2.496233333333334E+009,-1.002589822746813E-003,-8.541833958588541E-004,-8.866539574228227E-004,-7.764202309772372E-004,
2.496266666666667E+009,-9.571367991156876E-004,-9.294105111621320E-004,-9.079118026420474E-004,-9.152124985121191E-004,
2.496300000000000E+009,-6.924938061274588E-004,-9.546877117827535E-004,-9.688730351626873E-004,-7.833968265913427E-004,
2.496333333333334E+009,-1.034707529470325E-003,-8.324230439029634E-004,-9.061564342118800E-004,-8.056580554693937E-004,
2.496366666666667E+009,-8.977393154054880E-004,-7.135430932976306E-004,-7.946577388793230E-004,-1.061284798197448E-003,
2.496400000000000E+009,-8.709167013876140E-004,-8.508394821546972E-004,-8.915623184293509E-004,-1.022972399368882E-003,
2.496433333333334E+009,-8.831872255541384E-004,-9.025126346386969E-004,-8.936980157159269E-004,-8.276466978713870E-004,
2.496466666666667E+009,-9.861375438049436E-004,-8.334355661645532E-004,-9.541681502014399E-004,-1.026709331199527E-003,
2.496500000000000E+009,-8.146075997501612E-004,-9.107656660489738E-004,-8.359930361621082E-004,-9.983998024836183E-004,
2.496533333333334E+009,-9.340023971162736E-004,-9.734804043546319E-004,-8.418416837230325E-004,-8.343549561686814E-004,
2.496566666666667E+009,-9.651756263338029E-004,-7.873205468058586E-004,-8.279150351881981E-004,-8.439872181043029E-004,
2.496600000000000E+009,-8.912847260944545E-004,-8.590775541961193E-004,-8.843184914439917E-004,-9.358651586808264E-004,
2.496633333333334E+009,-8.933627395890653E-004,-9.648224804550409E-004,-8.990352507680655E-004,-8.983721490949392E-004,
2.496666666666667E+009,-9.507526992820203E-004,-8.665638742968440E-004,-8.471794426441193E-004,-8.597225532867014E-004,
2.496700000000000E+009,-9.055828559212387E-004,-8.987035253085196E-004,-9.766216389834881E-004,-8.058155653998256E-004,
2.496733333333334E+009,-9.683318785391748E-004,-7.347993669100106E-004,-1.039370545186102E-003,-8.756244205869734E-004,
2.496766666666667E+009,-9.295742493122816E-004,-7.606794242747128E-004,-8.464141283184290E-004,-8.296218584291637E-004,
2.496800000000000E+009,-9.641275973990560E-004,-7.884923834353685E-004,-1.006408943794668E-003,-9.040333097800612E-004,
2.496833333333334E+009,-8.837996865622699E-004,-8.771363063715398E-004,-8.362617809325457E-004,-8.976029930636287E-004,
2.496866666666667E+009,-9.644716628827155E-004,-7.631782791577280E-004,-8.315010345540941E-004,-8.621304295957089E-004,
2.496900000000000E+009,-9.979890892282128E-004,-8.225744822993875E-004,-1.061658840626478E-003,-8.378579514101148E-004,
2.496933333333334E+009,-8.552375948056579E-004,-8.981997962109745E-004,-8.994669187813997E-004,-8.112097857519984E-004,
2.496966666666667E+009,-9.895398980006576E-004,-7.583372062072158E-004,-1.039061229676008E-003,-8.494490175507963E-004,
2.497000000000000E+009,-1.071506994776428E-003,-9.039608994498849E-004,-9.871608344838023E-004,-7.743806345388293E-004,
2.497033333333334E+009,-1.232898561283946E-003,-7.408268284052610E-004,-1.022703130729497E-003,-8.387846173718572E-004,
2.497066666666667E+009,-9.392180363647640E-004,-9.084233315661550E-004,-1.040121656842530E-003,-8.030820754356682E-004,
2.497100000000000E+009,-1.007951796054840E-003,-9.323731646873057E-004,-1.110424404032528E-003,-7.795509882271290E-004,
2.497133333333334E+009,-1.039689988829196E-003,-8.317052852362394E-004,-1.172846183180809E-003,-8.967787143774331E-004,
2.497166666666667E+009,-9.468973148614168E-004,-8.204555488191545E-004,-9.809450712054968E-004,-7.959867361932993E-004,
2.497200000000000E+009,-1.084700343199074E-003,-6.002140580676496E-004,-1.012054621241987E-003,-7.555501651950181E-004,
2.497233333333334E+009,-1.187823829241097E-003,-6.898833089508116E-004,-1.168451970443130E-003,-7.868395769037306E-004,
2.497266666666667E+009,-1.145701622590423E-003,-8.416390628553927E-004,-1.332822255790234E-003,-7.149571902118623E-004,
2.497300000000000E+009,-1.045505399815738E-003,-7.921762880869210E-004,-1.249542692676187E-003,-7.385191274806857E-004,
2.497333333333334E+009,-1.011452171951532E-003,-7.337942952290177E-004,-1.247135573066771E-003,-8.841265807859600E-004,
2.497366666666667E+009,-1.236977055668831E-003,-7.492787553928793E-004,-9.446609765291214E-004,-7.966723060235381E-004,
2.497400000000000E+009,-1.069308025762439E-003,-6.855694809928536E-004,-1.140783890150487E-003,-7.697009132243693E-004,
2.497433333333334E+009,-1.033578882925212E-003,-7.185318390838802E-004,-1.147925388067961E-003,-6.872481317259371E-004,
2.497466666666667E+009,-1.263255369849503E-003,-7.060400675982237E-004,-1.335587119683623E-003,-6.778379320167005E-004,
2.497500000000000E+009,-1.197252189740539E-003,-8.161506848409772E-004,-1.178622129373252E-003,-9.111350518651307E-004,
2.497533333333334E+009,-1.115921302698553E-003,-7.515879115089774E-004,-1.142521155998111E-003,-8.920127293094993E-004,
2.497566666666667E+009,-1.232692156918347E-003,-7.639164687134326E-004,-1.256512827239931E-003,-6.045043701305986E-004,
2.497600000000000E+009,-1.285317353904247E-003,-6.638605264015496E-004,-1.118947635404766E-003,-8.678704616613686E-004,
2.497633333333334E+009,-1.250265515409410E-003,-5.752963479608297E-004,-1.165448571555316E-003,-7.786658825352788E-004,
2.497666666666667E+009,-1.348151243291795E-003,-7.130482117645443E-004,-1.246975152753294E-003,-6.974868592806160E-004,
2.497700000000000E+009,-1.205214881338179E-003,-8.371491567231715E-004,-1.261553377844393E-003,-7.623137789778411E-004,
2.497733333333334E+009,-1.330513972789049E-003,-6.898440187796950E-004,-1.217752927914262E-003,-7.124224794097245E-004,
2.497766666666667E+009,-1.201720442622900E-003,-6.263724062591791E-004,-1.390365301631391E-003,-7.898058393038809E-004,
2.497800000000000E+009,-1.130518037825823E-003,-7.019456243142486E-004,-1.349212485365570E-003,-6.329377065412700E-004,
2.497833333333334E+009,-1.292085624299943E-003,-8.087294991128147E-004,-1.174142933450639E-003,-7.259011035785079E-004,
2.497866666666667E+009,-1.389120239764452E-003,-6.944587803445756E-004,-1.224366365931928E-003,-7.302270969375968E-004,
2.497900000000000E+009,-1.127135124988854E-003,-6.879192660562694E-004,-1.357189030386508E-003,-7.524598622694612E-004,
2.497933333333334E+009,-1.138012390583754E-003,-7.578912191092968E-004,-1.272841356694698E-003,-7.353667169809341E-004,
2.497966666666667E+009,-1.336137996986508E-003,-5.565616302192211E-004,-1.214263844303787E-003,-7.701482973061502E-004,
2.498000000000000E+009,-1.281812437810004E-003,-7.826641085557640E-004,-1.210804563015699E-003,-6.570531986653805E-004,
2.498033333333334E+009,-1.417846069671214E-003,-6.502381293103099E-004,-1.295750495046377E-003,-7.218903047032654E-004,
2.498066666666667E+009,-1.347436336800456E-003,-7.515646284446120E-004,-1.366544514894486E-003,-7.921488722786307E-004,
2.498100000000000E+009,-1.318342634476721E-003,-7.007993408478797E-004,-1.302384654991329E-003,-7.008602842688561E-004,
2.498133333333334E+009,-1.234385417774320E-003,-7.358550210483372E-004,-1.357554690912366E-003,-8.017191430553794E-004,
2.498166666666667E+009,-1.433994388207793E-003,-7.534975884482265E-004,-1.435648533515632E-003,-5.800399230793119E-004,
2.498200000000000E+009,-1.328021869994700E-003,-4.974133335053921E-004,-1.485790591686964E-003,-6.563575007021427E-004,
2.498233333333334E+009,-1.362487208098173E-003,-6.558082532137632E-004,-1.422241446562111E-003,-7.756492123007774E-004,
2.498266666666667E+009,-1.370448735542595E-003,-5.632631364278495E-004,-1.490927650593221E-003,-7.639485993422568E-004,
2.498300000000000E+009,-1.322630909271538E-003,-7.319374708458781E-004,-1.389829558320344E-003,-6.244058022275567E-004,
2.498333333333334E+009,-1.440551597625017E-003,-7.525220862589777E-004,-1.469463575631380E-003,-5.558077828027308E-004,
2.498366666666667E+009,-1.380768371745944E-003,-5.551245994865894E-004,-1.402170513756573E-003,-4.880972264800221E-004,
2.498400000000000E+009,-1.296941307373345E-003,-5.198170547373593E-004,-1.472870004363358E-003,-5.949394544586539E-004,
2.498433333333334E+009,-1.357884146273136E-003,-4.734639951493591E-004,-1.491462346166372E-003,-3.869380743708462E-004,
2.498466666666667E+009,-1.554622896946967E-003,-5.631063831970096E-004,-1.514567527920008E-003,-4.848483076784760E-004,
2.498500000000000E+009,-1.370303914882243E-003,-5.094925872981548E-004,-1.506174565292895E-003,-5.394187173806131E-004,
2.498533333333334E+009,-1.535812742076814E-003,-4.727981868200004E-004,-1.583753270097077E-003,-4.474132147151977E-004,
2.498566666666667E+009,-1.427236129529774E-003,-4.505541583057493E-004,-1.511793932877481E-003,-5.501460982486606E-004,
2.498600000000000E+009,-1.463497756049037E-003,-5.239977617748082E-004,-1.510386937297881E-003,-4.922720254398882E-004,
2.498633333333334E+009,-1.436007092706859E-003,-4.463843069970608E-004,-1.609267666935921E-003,-5.164087633602321E-004,
2.498666666666667E+009,-1.486575929448009E-003,-5.374966422095895E-004,-1.499593839980662E-003,-5.226207431405783E-004,
2.498700000000000E+009,-1.575177186168730E-003,-4.702284350059927E-004,-1.506149419583380E-003,-4.837581946048886E-004,
2.498733333333334E+009,-1.615523477084935E-003,-3.189726849086583E-004,-1.705360831692815E-003,-5.734857404604554E-004,
2.498766666666667E+009,-1.539467717520893E-003,-4.043282824568451E-004,-1.586662023328245E-003,-4.675638920161873E-004,
2.498800000000000E+009,-1.624321099370718E-003,-3.747063456103206E-004,-1.627426012419164E-003,-3.320044488646090E-004,
2.498833333333334E+009,-1.536118565127254E-003,-6.084056803956628E-004,-1.503963954746723E-003,-4.673373769037426E-004,
2.498866666666667E+009,-1.597504480741918E-003,-5.566106992773712E-004,-1.573709887452424E-003,-3.685638075694442E-004,
2.498900000000000E+009,-1.634022453799844E-003,-3.431975783314556E-004,-1.620595925487578E-003,-4.918051999993622E-004,
2.498933333333334E+009,-1.530548091977835E-003,-3.678146167658269E-004,-1.639554393477738E-003,-3.980865876656026E-004,
2.498966666666667E+009,-1.668751705437899E-003,-3.874326357617974E-004,-1.710279495455325E-003,-3.378280380275101E-004,
2.499000000000000E+009,-1.546892221085727E-003,-4.487068508751690E-004,-1.799071789719164E-003,-4.327998613007367E-004,
2.499033333333334E+009,-1.646845485083759E-003,-4.207319580018520E-004,-1.902309595607221E-003,-2.965422172565013E-004,
2.499066666666667E+009,-1.722846063785255E-003,-3.296971553936601E-004,-1.662517897784710E-003,-2.538740518502891E-004,
2.499100000000000E+009,-1.676859566941857E-003,-2.106163010466844E-004,-1.665091491304338E-003,-4.801897739525884E-004,
2.499133333333334E+009,-1.803554710932076E-003,-3.367170575074852E-004,-1.598015078343451E-003,-2.179792936658487E-004,
2.499166666666667E+009,-1.631346996873617E-003,-3.197607002221048E-004,-1.638598972931504E-003,-3.503220505081117E-004,
2.499200000000000E+009,-1.800563302822411E-003,-3.109580720774829E-004,-1.721977139823139E-003,-4.325651680119336E-004,
2.499233333333334E+009,-1.584779471158981E-003,-2.101495047099888E-004,-1.717858714982867E-003,-2.836753847077489E-004,
2.499266666666667E+009,-1.743531669490039E-003,-2.527112083043903E-004,-1.606851350516081E-003,-2.245942596346140E-004,
2.499300000000000E+009,-1.672680955380201E-003,-1.092739621526562E-004,-1.565701095387340E-003,-2.551110228523612E-004,
2.499333333333334E+009,-1.793949399143457E-003,-2.443139092065394E-004,-1.697905943728983E-003,-2.515974047128111E-004,
2.499366666666667E+009,-1.608594320714474E-003,-3.338192182127386E-004,-1.815384603105485E-003,-1.075139007298276E-004,
2.499400000000000E+009,-1.732403412461281E-003,-1.038395857904106E-004,-1.840474666096270E-003,-1.611145562492311E-004,
2.499433333333334E+009,-1.720027765259147E-003,-1.871002023108304E-004,-1.814927207306027E-003,-1.505260297562927E-004,
2.499466666666667E+009,-1.867183484137058E-003,-1.628676545806229E-004,-1.693474128842354E-003,-1.062110386556014E-004,
2.499500000000000E+009,-1.801879145205021E-003,-1.980504021048546E-005,-1.724987989291549E-003,-2.603079192340374E-004,
2.499533333333334E+009,-1.718724495731294E-003,-2.008840383496136E-004,-1.709847827441990E-003,-1.507464330643416E-004,
2.499566666666667E+009,-1.701227156445384E-003,-1.728764764266089E-004,-1.749709830619395E-003,-2.625889901537448E-004,
2.499600000000000E+009,-1.636094646528363E-003,-1.796794531401247E-004,-1.722711836919189E-003,-5.883156700292602E-005,
2.499633333333334E+009,-1.675230218097568E-003,-2.574349055066705E-004,-1.801403588615358E-003,-1.478324702475220E-004,
2.499666666666667E+009,-1.756013720296323E-003,-1.045672397594899E-004,-1.871923799626529E-003,-3.744800778804347E-005,
2.499700000000000E+009,-1.740495441481471E-003,-1.012524589896202E-004,-1.855538925155997E-003,-1.724974135868251E-004,
2.499733333333334E+009,-1.898385118693113E-003,-1.963144895853475E-004,-1.938435831107199E-003,-1.093202663469128E-004,
2.499766666666667E+009,-1.906724413856864E-003,-1.569313608342782E-004,-1.834717346355319E-003,-8.292784332297742E-005,
2.499800000000000E+009,-1.939696492627263E-003,-8.986551983980462E-005,-1.863100216723979E-003,-6.634441524511203E-005,
2.499833333333334E+009,-1.834776136092842E-003,-2.479986287653446E-004,-1.736619509756565E-003,-9.191203571390361E-005,
2.499866666666667E+009,-1.796044060029090E-003,-4.750001608044840E-005,-1.904148492030799E-003,-1.295649854000658E-004,
2.499900000000000E+009,-1.774189062416554E-003,2.425275670248084E-005,-1.808505505323410E-003,3.827855471172370E-005,
2.499933333333334E+009,-1.872459310106933E-003,-1.824206810852047E-005,-1.802921527996659E-003,3.079950693063438E-005,
2.499966666666667E+009,-1.744422828778625E-003,-6.834290979895741E-005,-1.825895393267274E-003,9.507734830549453E-006,
2.500000000000000E+009,-1.721637672744691E-003,-1.340518792858347E-005,-1.769975875504315E-003,8.419264486292377E-005,
