% Version 1.00
%
%freq[Hz];re:Trc1_S21;im:Trc1_S21;re:Trc2_S12;im:Trc2_S12;
2.480000000000000E+009,-4.717363917734474E-004,2.028580347541720E-004,-5.617687711492181E-004,2.014805504586548E-004,
2.480033333333334E+009,-4.807417863048613E-004,1.266994804609567E-004,-4.750108637381345E-004,2.745276433415711E-004,
2.480066666666667E+009,-4.831931146327406E-004,1.392665144521743E-004,-6.218617781996727E-004,1.342944888165221E-004,
2.480100000000000E+009,-7.102848612703383E-004,1.450832060072571E-004,-5.640494637191296E-004,1.589644089108333E-004,
2.480133333333334E+009,-5.847857682965696E-004,2.610230003483594E-004,-5.511709023267031E-004,2.869653399102390E-004,
2.480166666666667E+009,-5.697230808436871E-004,1.420118787791580E-004,-4.850620462093502E-004,1.580660027684644E-004,
2.480200000000000E+009,-4.882619832642376E-004,2.995008835569024E-004,-5.700450274161995E-004,2.940896956715733E-004,
2.480233333333334E+009,-3.977984306402504E-004,2.228588855359703E-004,-3.523715131450445E-004,1.718954736134037E-004,
2.480266666666667E+009,-3.212175215594471E-004,3.534852003213018E-004,-5.295600858516991E-004,2.928331086877734E-004,
2.480300000000000E+009,-5.191147211007774E-004,1.403421338181943E-004,-3.336504742037505E-004,3.096737782470882E-004,
2.480333333333334E+009,-4.153287736698985E-004,3.337920934427530E-004,-5.720360204577446E-004,3.447990457061678E-004,
2.480366666666667E+009,-4.038735642097890E-004,2.543952141422778E-004,-3.875368856824935E-004,3.377477405592799E-004,
2.480400000000000E+009,-3.086205688305199E-004,2.993541420437396E-004,-4.933455493301153E-004,3.621660580392927E-004,
2.480433333333334E+009,-3.940397582482547E-004,5.023333942517638E-004,-4.922248772345483E-004,3.279410011600703E-004,
2.480466666666667E+009,-4.327732603996992E-004,3.866537881549448E-004,-4.458478942979127E-004,4.257420659996569E-004,
2.480500000000000E+009,-3.412463411223143E-004,4.016614984720945E-004,-4.049924900755286E-004,4.846738593187183E-004,
2.480533333333334E+009,-4.438843461684883E-004,3.016256960108876E-004,-4.870117700193077E-004,4.547502903733403E-004,
2.480566666666667E+009,-4.439832118805498E-004,4.671506758313626E-004,-4.969257279299200E-004,3.386813623365015E-004,
2.480600000000000E+009,-3.588272084016353E-004,3.707067517098039E-004,-4.042630607727915E-004,3.553927526809275E-004,
2.480633333333334E+009,-4.120827070437372E-004,5.899841780774295E-004,-3.589329135138542E-004,4.922181833535433E-004,
2.480666666666667E+009,-4.020325141027570E-004,2.904655411839485E-004,-4.144452977925539E-004,4.643913707695901E-004,
2.480700000000000E+009,-3.489149094093591E-004,4.222014977131039E-004,-4.604905552696437E-004,4.097606579307467E-004,
2.480733333333334E+009,-3.677583881653845E-004,3.478499420452863E-004,-4.495110479183495E-004,4.682110738940537E-004,
2.480766666666667E+009,-3.242972597945482E-004,3.132794226985425E-004,-3.577405877877027E-004,4.381200415082276E-004,
2.480800000000000E+009,-3.095451393164694E-004,3.397941763978452E-004,-3.919665759894997E-004,5.235146963968873E-004,
2.480833333333334E+009,-4.297363630030304E-004,4.171126929577440E-004,-3.476187703199685E-004,5.388878053054214E-004,
2.480866666666667E+009,-3.954250423703343E-004,4.388962406665087E-004,-3.169149567838758E-004,5.163031164556742E-004,
2.480900000000000E+009,-3.373901417944580E-004,4.063849046360701E-004,-3.588890831451863E-004,4.761285381391645E-004,
2.480933333333334E+009,-4.782123432960361E-004,4.532793827820569E-004,-3.611519059631974E-004,6.283571128733456E-004,
2.480966666666667E+009,-4.189297615084797E-004,4.423809004947543E-004,-3.703288384713233E-004,4.119856457691640E-004,
2.481000000000000E+009,-4.042902728542686E-004,3.133029968012124E-004,-2.590182120911777E-004,3.559463075362146E-004,
2.481033333333334E+009,-2.864113193936646E-004,5.103519069962204E-004,-4.560867964755744E-004,5.072936182841659E-004,
2.481066666666667E+009,-3.594963054638356E-004,4.407742235343903E-004,-2.572394150774926E-004,5.384199903346598E-004,
2.481100000000000E+009,-3.269183798693121E-004,3.764214052353054E-004,-3.193216689396650E-004,4.573758051265031E-004,
2.481133333333334E+009,-3.018773277290165E-004,4.013609141111374E-004,-2.254752034787089E-004,5.406247219070792E-004,
2.481166666666667E+009,-2.385177940595895E-004,4.761145683005452E-004,-2.989901113323867E-004,5.468165036290884E-004,
2.481200000000000E+009,-2.214909764006734E-004,4.799173329956830E-004,-1.973015314433724E-004,4.291188379283994E-004,
2.481233333333334E+009,-4.325767513364554E-004,4.029778356198221E-004,-2.494364453013986E-004,4.404386272653937E-004,
2.481266666666667E+009,-3.657427441794425E-004,6.414364906959236E-004,-2.179903967771679E-004,4.817498265765607E-004,
2.481300000000000E+009,-1.738827413646504E-004,4.362988402135670E-004,-2.773262094706297E-004,4.702514852397144E-004,
2.481333333333334E+009,-3.029192739631981E-004,4.576156497932971E-004,-3.181106294505298E-004,4.796380817424506E-004,
2.481366666666667E+009,-3.400869318284094E-004,3.562642668839544E-004,-1.613429631106556E-004,4.222269053570926E-004,
2.481400000000000E+009,-2.833300677593797E-004,6.583947688341141E-004,-2.970195200759918E-004,4.479901108425111E-004,
2.481433333333334E+009,-1.352767721982673E-004,4.666041932068765E-004,-2.476569497957826E-004,4.023609799332917E-004,
2.481466666666667E+009,-1.662386639509350E-004,3.737916413228959E-004,-2.965179155580699E-004,3.852101508527994E-004,
2.481500000000000E+009,-1.618110254639760E-004,3.922727773897350E-004,-1.990986929740757E-004,4.202789277769625E-004,
2.481533333333334E+009,-2.156531263608486E-004,2.923917490988970E-004,-2.385532716289163E-004,3.189905546605587E-004,
2.481566666666667E+009,-1.410454424330965E-004,3.457400016486645E-004,-1.730885269353166E-004,4.128481959924102E-004,
2.481600000000000E+009,-1.166408837889321E-004,3.824420855380595E-004,-2.542904694564641E-004,4.202459240332246E-004,
2.481633333333334E+009,-2.509484183974564E-004,3.871364169754088E-004,-1.875377347460017E-004,3.136817831546068E-004,
2.481666666666667E+009,-2.160433505196124E-004,3.834889794234186E-004,-3.610258572734892E-004,4.072363662999123E-004,
2.481700000000000E+009,-1.933486346388236E-004,5.197906866669655E-004,-3.512532857712358E-004,4.960166988894343E-004,
2.481733333333334E+009,-1.816663134377450E-004,4.328211070969701E-004,-2.306570386281237E-004,2.781042712740600E-004,
2.481766666666667E+009,-1.368589000776410E-004,4.578586958814412E-004,-2.645210770424455E-004,2.740233903750777E-004,
2.481800000000000E+009,-2.426179999019951E-004,4.922734224237502E-004,-2.316806057933718E-004,4.254056548234075E-004,
2.481833333333334E+009,-1.445960806449875E-004,2.998381387442350E-004,-2.490718034096062E-004,5.630706436932087E-004,
2.481866666666667E+009,-9.025270992424339E-005,4.832697741221637E-004,-2.296255406690761E-004,5.500989500433207E-004,
2.481900000000000E+009,-1.121848326874897E-004,4.589907184708864E-004,-1.153130360762589E-004,3.097189473919570E-004,
2.481933333333334E+009,-1.481298677390441E-004,5.923489807173610E-004,-3.893854955094867E-005,5.106656462885439E-004,
2.481966666666667E+009,-9.661947115091607E-005,3.553592541720718E-004,-2.233064151369035E-004,5.755730671808124E-004,
2.482000000000000E+009,3.294542693765834E-005,5.085986340418458E-004,-2.032595657510683E-004,4.203073331154883E-004,
2.482033333333334E+009,-1.957011118065566E-004,5.329115665517747E-004,-2.335155440960079E-004,5.056308582425118E-004,
2.482066666666667E+009,-7.220643601613119E-005,5.871198954991996E-004,-1.546064449939877E-004,5.961285205557942E-004,
2.482100000000000E+009,8.805577817838639E-005,3.957788867410272E-004,-1.047206533257850E-004,4.727670457214117E-004,
2.482133333333334E+009,-1.615477085579187E-004,5.542580620385706E-004,-3.032227505173069E-005,4.150730383116752E-004,
2.482166666666667E+009,-5.560254794545472E-005,5.747276009060442E-004,-1.061232251231559E-004,6.068969378247857E-004,
2.482200000000000E+009,-9.305771300205379E-007,5.158743588253856E-004,-7.305395411094651E-005,5.744830705225468E-004,
2.482233333333334E+009,-1.326298079220578E-004,4.103443643543869E-004,-1.633063948247582E-004,5.708526587113738E-004,
2.482266666666667E+009,-3.424936585361138E-005,5.592486704699695E-004,4.543985050986521E-005,5.069881444796920E-004,
2.482300000000000E+009,-9.445817704545334E-005,6.866116891615093E-004,-3.309003295726143E-005,4.598044615704566E-004,
2.482333333333334E+009,-3.093947088927962E-005,5.346106481738389E-004,-1.698036503512412E-004,6.142529891803861E-004,
2.482366666666667E+009,-2.165444493584801E-005,5.024817655794323E-004,-5.649947706842795E-005,5.543183069676161E-004,
2.482400000000000E+009,4.333810284151696E-005,6.201871437951922E-004,5.963864532532170E-005,5.142187001183629E-004,
2.482433333333334E+009,1.426779926987365E-004,5.413893959484994E-004,5.926083758822642E-006,5.033195484429598E-004,
2.482466666666667E+009,-3.572787682060152E-005,5.393395549617708E-004,-1.521421945653856E-004,6.348041933961213E-004,
2.482500000000000E+009,-8.710318070370704E-006,4.772210377268493E-004,-4.831562910112552E-005,4.349571536295116E-004,
2.482533333333334E+009,-3.671072408906184E-005,5.806075641885400E-004,4.139263546676375E-005,6.035335827618837E-004,
2.482566666666667E+009,-1.973140388145112E-005,4.808675148524344E-004,6.006843250361271E-005,4.651612252928317E-004,
2.482600000000000E+009,9.296533971792087E-005,6.177991162985563E-004,-2.478220267221332E-005,5.747473333030939E-004,
2.482633333333334E+009,7.166220711951610E-006,4.327314381953329E-004,1.392126578139141E-004,4.731625376734883E-004,
2.482666666666667E+009,-6.248685531318188E-005,4.429648688528687E-004,2.683147249626927E-005,4.679361009038985E-004,
2.482700000000000E+009,-3.882203236571513E-005,5.035201320424676E-004,4.212079511489719E-005,5.787908448837698E-004,
2.482733333333334E+009,6.121069600339979E-005,4.740678996313363E-004,7.128829747671261E-005,5.126813775859773E-004,
2.482766666666667E+009,9.832269279286265E-005,6.000519497320056E-004,-1.036120665958151E-004,4.777651338372380E-004,
2.482800000000000E+009,2.701590892684180E-005,5.505058798007667E-004,1.727205562929157E-005,4.714717215392739E-004,
2.482833333333334E+009,-2.855968705262058E-005,4.524512041825801E-004,1.742535096127540E-005,5.060163093730807E-004,
2.482866666666667E+009,2.169448089262005E-005,7.087294361554086E-004,3.033667235285975E-005,5.539936828427017E-004,
2.482900000000000E+009,1.890068233478814E-004,4.061438085045666E-004,1.550290035083890E-004,4.480206989683211E-004,
2.482933333333334E+009,5.871027951798169E-006,5.700390320271254E-004,7.330805237870663E-005,6.069994415156543E-004,
2.482966666666667E+009,-1.906763827719260E-005,4.051726718898863E-004,6.607254908885807E-005,4.860374610871077E-004,
2.483000000000000E+009,1.709120842861012E-004,4.917118931189179E-004,1.105051924241707E-004,3.700425731949508E-004,
2.483033333333334E+009,3.379244008101523E-004,4.432311689015478E-004,1.406692754244432E-004,4.117932112421840E-004,
2.483066666666667E+009,1.349072554148734E-004,4.469503182917833E-004,-1.835557486629114E-005,5.205738125368953E-004,
2.483100000000000E+009,1.336486602667719E-004,4.105781554244459E-004,8.497417729813606E-005,4.438589967321605E-004,
2.483133333333334E+009,1.719338761176914E-004,4.214181390125305E-004,7.923453813418746E-005,4.034683515783399E-004,
2.483166666666667E+009,1.305882178712636E-004,3.985140647273511E-004,1.043080701492727E-004,3.474646946415305E-004,
2.483200000000000E+009,-4.640160477720201E-005,2.773790329229087E-004,4.470067869988270E-005,3.181978536304086E-004,
2.483233333333334E+009,7.969840225996450E-005,5.125135066919029E-004,7.863346399972215E-005,5.023694830015302E-004,
2.483266666666667E+009,1.143639892688952E-004,5.354918539524078E-004,1.669031626079232E-004,4.066769615747035E-004,
2.483300000000000E+009,1.833627175074071E-004,4.463851510081440E-004,2.194239641539753E-006,3.516472934279591E-004,
2.483333333333334E+009,4.380991231300868E-005,3.951414255425334E-004,6.161453347885981E-005,3.296227077953517E-004,
2.483366666666667E+009,-1.523287392046768E-005,4.009048570878804E-004,2.392347960267216E-004,4.468359984457493E-004,
2.483400000000000E+009,2.417611976852641E-004,5.358961061574519E-004,2.693514716156642E-006,3.154858131892979E-004,
2.483433333333334E+009,1.213381983689033E-004,3.661926602944732E-004,1.072116938303225E-004,3.906125493813306E-004,
2.483466666666667E+009,6.225531978998333E-005,4.741345765069127E-004,2.199552545789629E-004,3.890479274559766E-004,
2.483500000000000E+009,2.507319150026888E-004,4.080978105776012E-004,1.029064369504340E-004,4.968125140294433E-004,
2.483533333333334E+009,2.143653400707990E-004,3.132508427370340E-004,1.957754138857126E-004,5.368068814277649E-004,
2.483566666666667E+009,2.113884838763624E-004,3.403199661988765E-004,2.412319590803236E-004,3.829973575193435E-004,
2.483600000000000E+009,1.802708138711751E-004,4.387927765492350E-004,2.207337238360196E-004,4.153638146817684E-004,
2.483633333333334E+009,2.759736380539835E-004,2.601590822450817E-004,2.308245311724022E-004,4.031491698697209E-004,
2.483666666666667E+009,2.521608257666230E-004,3.149260301142931E-004,2.636815188452601E-004,3.731797914952040E-004,
2.483700000000000E+009,2.737035392783582E-004,3.272297908551991E-004,3.068371152039617E-004,3.823234583251178E-004,
2.483733333333334E+009,1.778777805157006E-004,4.521367372944951E-004,2.646659268066287E-004,3.902945318259299E-004,
2.483766666666667E+009,2.729382540564984E-004,5.466721486300230E-004,2.527207834646106E-004,3.554674040060490E-004,
2.483800000000000E+009,3.017986600752920E-004,3.862832381855696E-004,1.384403149131686E-004,4.712381341960281E-004,
2.483833333333334E+009,2.907222660724074E-004,4.142169200349599E-004,3.077455330640078E-004,5.042274715378881E-004,
2.483866666666667E+009,4.493068554438651E-004,5.328262341208756E-004,3.900156007148325E-004,4.680959973484278E-004,
2.483900000000000E+009,2.607959613669664E-004,4.205170844215900E-004,2.430936874588952E-004,2.870924363378435E-004,
2.483933333333334E+009,2.018764644162729E-004,4.467021790333092E-004,3.069430531468242E-004,3.571551060304046E-004,
2.483966666666667E+009,2.970915229525417E-004,4.163166449870914E-004,3.647898847702891E-004,3.480764862615615E-004,
2.484000000000000E+009,3.945014614146203E-004,3.549151588231325E-004,1.701954315649346E-004,3.749238967429847E-004,
2.484033333333334E+009,4.345016786828637E-004,3.553923743311316E-004,3.321627154946327E-004,4.887698451057077E-004,
2.484066666666667E+009,2.695141592994332E-004,4.591235483530909E-004,3.237097116652876E-004,4.072371229995042E-004,
2.484100000000000E+009,3.377613029442728E-004,4.716907860711217E-004,3.483292530290783E-004,4.126148705836386E-004,
2.484133333333334E+009,2.420165401417762E-004,4.002624482382089E-004,3.889184445142746E-004,4.008856485597789E-004,
2.484166666666667E+009,4.326760245021433E-004,4.810643731616437E-004,3.384528972674161E-004,4.321580345276743E-004,
2.484200000000000E+009,3.243953397031874E-004,4.846654192078859E-004,2.993302477989346E-004,3.359619586262852E-004,
2.484233333333334E+009,3.732164623215795E-004,3.191847936250269E-004,2.663411141838878E-004,3.275599156040698E-004,
2.484266666666667E+009,3.952010010834783E-004,4.250719794072211E-004,3.672457241918892E-004,2.656668657436967E-004,
2.484300000000000E+009,3.756941878236830E-004,3.729946038220078E-004,4.075152392033488E-004,4.094825126230717E-004,
2.484333333333334E+009,4.178744566161186E-004,5.077603273093700E-004,3.110351390205324E-004,3.371212806086987E-004,
2.484366666666667E+009,3.112785925623030E-004,3.188819391652942E-004,4.623369313776493E-004,3.426788316573948E-004,
2.484400000000000E+009,2.074950898531824E-004,4.287775373086333E-004,4.181235563009977E-004,3.201123035978526E-004,
2.484433333333334E+009,4.165967984590679E-004,3.360900736879557E-004,4.001401248387992E-004,4.005135851912201E-004,
2.484466666666667E+009,4.433576832525432E-004,1.907215919345617E-004,4.279447312001139E-004,3.574643051251769E-004,
2.484500000000000E+009,3.118727181572467E-004,3.283047699369490E-004,3.755319630727172E-004,2.681191253941506E-004,
2.484533333333334E+009,2.992298104800284E-004,4.483161319512874E-004,3.887946077156812E-004,3.293438639957458E-004,
2.484566666666667E+009,3.551102709025145E-004,2.541901776567102E-004,3.467350325081497E-004,2.668962115421891E-004,
2.484600000000000E+009,3.505474887788296E-004,2.722874924074858E-004,3.535397991072387E-004,4.093394964002073E-004,
2.484633333333334E+009,3.439517167862505E-004,4.339050792623311E-004,4.831432015635073E-004,2.970087516587228E-004,
2.484666666666667E+009,4.107267886865884E-004,3.170068666804582E-004,2.524954907130450E-004,3.521785256452858E-004,
2.484700000000000E+009,2.655614516697824E-004,2.223063784185797E-004,2.094537776429206E-004,3.321740659885109E-004,
2.484733333333334E+009,2.743176009971649E-004,4.613395722117275E-004,3.430113138165325E-004,2.845434355549514E-004,
2.484766666666667E+009,2.118891716236249E-004,4.844204813707620E-004,3.751699987333268E-004,2.743374498095363E-004,
2.484800000000000E+009,3.513403353281319E-004,2.769888669718057E-004,4.257857508491725E-004,3.546122170519084E-004,
2.484833333333334E+009,3.645888064056635E-004,3.867873456329107E-004,3.502313920762390E-004,3.698699583765119E-004,
2.484866666666667E+009,5.267314845696092E-004,2.756727626547217E-004,4.808641097042710E-004,3.149264666717500E-004,
2.484900000000000E+009,4.976389463990927E-004,1.963631511898711E-004,3.478085855022073E-004,2.874548081308603E-004,
2.484933333333334E+009,3.590412088669837E-004,3.331388579681516E-004,3.601443604566157E-004,2.086384047288448E-004,
2.484966666666667E+009,4.584327689372003E-004,2.154610847355798E-004,4.119286313652992E-004,2.645050117280334E-004,
2.485000000000000E+009,4.106026026420295E-004,3.361981071066111E-004,5.859472439624369E-004,2.201353345299140E-004,
2.485033333333334E+009,4.889419651590288E-004,3.473574761301279E-004,2.971184148918837E-004,1.681509165791795E-004,
2.485066666666667E+009,3.735400969162583E-004,2.743108780123293E-004,5.059050163254142E-004,2.972038055304438E-004,
2.485100000000000E+009,5.133429658599198E-004,1.210421469295397E-004,4.309189098421484E-004,2.396145137026906E-004,
2.485133333333334E+009,5.819742218591273E-004,3.025938931386918E-004,4.470477579161525E-004,6.903088069520891E-005,
2.485166666666667E+009,5.552105722017586E-004,2.985000028274953E-004,5.831212620250881E-004,2.678789023775607E-004,
2.485200000000000E+009,4.637044330593199E-004,3.078588633798063E-004,4.336799029260874E-004,8.846350101521239E-005,
2.485233333333334E+009,4.874921869486570E-004,1.544556580483913E-004,4.160519747529179E-004,2.558715350460261E-004,
2.485266666666667E+009,4.688226035796106E-004,9.460109868086875E-005,5.163170862942934E-004,2.485925215296447E-004,
2.485300000000000E+009,4.936080076731741E-004,6.652467709500343E-005,3.048533399123699E-004,3.113072016276419E-004,
2.485333333333334E+009,4.962589591741562E-004,2.109845372615382E-004,5.440075765363872E-004,3.457512939348817E-004,
2.485366666666667E+009,5.468481103889644E-004,1.379595923935995E-004,5.760382628068328E-004,1.708523486740887E-004,
2.485400000000000E+009,5.950398626737297E-004,2.186557539971545E-004,4.284849273972213E-004,2.481260744389147E-004,
2.485433333333334E+009,4.840739420615137E-004,2.648135705385357E-004,5.170028889551759E-004,1.549517037346959E-004,
2.485466666666667E+009,4.286355688236654E-004,1.802566112019122E-004,5.598496063612402E-004,1.704045716905966E-004,
2.485500000000000E+009,5.802602390758693E-004,2.806645934469998E-004,5.837007774971426E-004,1.337456051260233E-004,
2.485533333333334E+009,6.046453490853310E-004,1.402144116582349E-004,4.879754560533911E-004,1.451681018806994E-004,
2.485566666666667E+009,5.568171036429703E-004,9.685792610980570E-005,4.947950947098434E-004,2.685044892132282E-004,
2.485600000000000E+009,5.674407002516091E-004,1.074948668247089E-004,5.412374739535153E-004,1.621237897779793E-004,
2.485633333333334E+009,4.230190243106335E-004,2.236960281152278E-004,6.731668254360557E-004,1.467338734073564E-004,
2.485666666666667E+009,5.595739930868149E-004,8.215617708628997E-005,4.827232623938471E-004,-1.974492806766648E-005,
2.485700000000000E+009,5.329661071300507E-004,1.544878905406222E-004,5.090810009278357E-004,2.858510379155632E-005,
2.485733333333334E+009,6.155953742563725E-004,2.177425049012527E-004,5.649686791002750E-004,8.740011980989948E-005,
2.485766666666667E+009,5.481992848217487E-004,2.352654701098800E-004,5.469705793075264E-004,1.625765871722251E-004,
2.485800000000000E+009,5.172285600565374E-004,8.412473107455298E-005,5.883704870939255E-004,1.726286427583545E-004,
2.485833333333334E+009,6.928293150849640E-004,1.147191651398316E-004,7.248694309964776E-004,1.249374472536147E-004,
2.485866666666667E+009,6.417027907446027E-004,1.661980058997870E-004,6.018005660735071E-004,1.393170823575929E-004,
2.485900000000000E+009,5.756440805271268E-004,1.169869210571051E-004,5.975036765448749E-004,1.489936985308304E-004,
2.485933333333334E+009,5.506142042577267E-004,2.831290839822032E-005,6.198734627105296E-004,6.400335405487567E-005,
2.485966666666667E+009,5.667099612765014E-004,9.853526717051864E-005,6.054995465092361E-004,4.872683712164871E-005,
2.486000000000000E+009,6.514721899293363E-004,9.539242455502972E-005,4.967310815118253E-004,-4.196413647150621E-005,
2.486033333333334E+009,5.430600140243769E-004,5.367217454477213E-005,6.165598169900477E-004,9.499250882072374E-005,
2.486066666666667E+009,6.334245554171503E-004,6.755986396456137E-005,5.034551722928882E-004,1.701991277514026E-004,
2.486100000000000E+009,5.278675234876573E-004,-6.420965655706823E-005,6.010281504131854E-004,8.597350097261369E-005,
2.486133333333334E+009,5.913093336857855E-004,1.665603667788673E-005,6.028250791132450E-004,4.628306851373054E-005,
2.486166666666667E+009,5.936818779446185E-004,-8.808224265521858E-006,5.853101611137390E-004,1.211583658005111E-004,
2.486200000000000E+009,7.827591034583747E-004,8.149405039148405E-005,3.929267404600978E-004,2.904839311668184E-005,
2.486233333333334E+009,5.908266175538302E-004,8.745764353079721E-005,4.999952507205308E-004,-3.300641401438043E-005,
2.486266666666667E+009,4.744103353004903E-004,1.260110439034179E-004,5.894831265322864E-004,6.128192035248503E-005,
2.486300000000000E+009,5.425981944426894E-004,1.279602147405967E-004,6.232787272892892E-004,-3.429005801081075E-006,
2.486333333333334E+009,5.255412543192506E-004,1.949992292793468E-004,4.046228714287281E-004,8.976625395007432E-005,
2.486366666666667E+009,3.789659240283072E-004,1.622830168344080E-004,3.460562147665769E-004,1.554548798594624E-004,
2.486400000000000E+009,5.075397784821689E-004,4.303263267502189E-005,6.430078647099435E-004,5.679754394805059E-005,
2.486433333333334E+009,4.836039734072983E-004,1.022935903165489E-004,6.159677868708968E-004,3.841186298814137E-006,
2.486466666666667E+009,5.314936279319227E-004,-1.254366270586615E-005,6.233278545551002E-004,-6.053196557331830E-005,
2.486500000000000E+009,5.377776105888188E-004,9.831152419792488E-005,6.342953420244157E-004,-3.117989035672508E-005,
2.486533333333334E+009,5.862102843821049E-004,-1.351673927274533E-005,5.812588497065008E-004,-5.201522071729414E-005,
2.486566666666667E+009,5.432853940874338E-004,1.268558389710961E-005,6.208185222931206E-004,-6.506029603770003E-005,
2.486600000000000E+009,6.526390789076686E-004,-5.251216498436406E-005,5.089619080536068E-004,3.609113628044725E-005,
2.486633333333334E+009,5.656437715515494E-004,-9.778774983715266E-005,4.882157663814724E-004,-7.827291119610891E-005,
2.486666666666667E+009,6.556967855431140E-004,-1.397878368152306E-004,6.359888357110322E-004,-6.910150841576979E-005,
2.486700000000000E+009,4.457175964489579E-004,-1.302843884332106E-004,4.921344225294888E-004,7.809268572600558E-005,
2.486733333333334E+009,6.283731781877577E-004,-5.858587246621028E-005,5.844802944920957E-004,-1.623814750928432E-004,
2.486766666666667E+009,6.465025362558663E-004,1.966033232747577E-005,5.578962154686451E-004,-6.638032209593803E-005,
2.486800000000000E+009,5.356107139959931E-004,-1.631428895052522E-004,5.945272278040648E-004,-4.978260403731838E-005,
2.486833333333334E+009,5.629615043289959E-004,-8.972764044301584E-005,6.241722148843110E-004,-1.920781942317262E-004,
2.486866666666667E+009,6.801609415560961E-004,-1.288010680582374E-004,5.097932880744338E-004,-6.046214548405260E-005,
2.486900000000000E+009,6.131856353022158E-004,-1.984364644158632E-004,5.137212574481964E-004,-1.186610752483830E-004,
2.486933333333334E+009,7.361925672739744E-004,-1.638990033825394E-005,6.750313914380968E-004,-7.589167216792703E-005,
2.486966666666667E+009,5.757046164944768E-004,-1.023263757815585E-004,5.768386763520539E-004,-9.708248398965225E-005,
2.487000000000000E+009,5.615440895780921E-004,-2.223507472081110E-004,5.960888229310513E-004,-2.203008480137214E-004,
2.487033333333334E+009,6.155948503874242E-004,-2.556584659032524E-004,6.084668566472828E-004,-1.350286183878779E-004,
2.487066666666667E+009,5.936494562774897E-004,-1.547314168419689E-004,5.752192228101194E-004,-9.157875319942832E-005,
2.487100000000000E+009,6.854307721368969E-004,-1.599697716301307E-004,5.623593460768461E-004,-1.985502603929490E-004,
2.487133333333334E+009,6.622549844905734E-004,-1.646185410209000E-004,4.456070601008833E-004,-1.799480378394947E-004,
2.487166666666667E+009,6.996271549724042E-004,-1.733125100145116E-004,6.105448701418936E-004,-1.428582763765007E-004,
2.487200000000000E+009,5.660870228894055E-004,-1.663654547883198E-004,5.803589592687786E-004,-1.031634528771974E-004,
2.487233333333334E+009,5.866842693649232E-004,-8.733556023798883E-005,6.496530841104686E-004,-1.407482486683875E-004,
2.487266666666667E+009,5.213830154389143E-004,-2.367868437431753E-004,6.028732750564814E-004,-1.556867646286264E-004,
2.487300000000000E+009,6.201899377629161E-004,-9.395872621098533E-005,6.700382800772786E-004,-3.201092476956546E-005,
2.487333333333334E+009,5.813717143610120E-004,-1.798956654965878E-004,5.467727896757424E-004,-9.178591426461935E-005,
2.487366666666667E+009,5.757680046372116E-004,-2.630275848787278E-004,5.808001733385027E-004,-1.585153077030554E-004,
2.487400000000000E+009,6.100555765442550E-004,-1.224343723151833E-004,6.833398947492242E-004,-2.143273450201377E-004,
2.487433333333334E+009,5.374616594053805E-004,-9.841779683483765E-005,5.655820714309812E-004,-2.215367130702362E-004,
2.487466666666667E+009,5.926665035076439E-004,-2.333062438992783E-004,6.182025535963476E-004,-1.997679355554283E-004,
2.487500000000000E+009,4.908424452878535E-004,-2.113163791364059E-004,6.226626574061811E-004,-1.797586737666279E-004,
2.487533333333334E+009,4.442581557668746E-004,-2.243600465590134E-004,5.721278721466661E-004,-2.577851992100477E-004,
2.487566666666667E+009,4.861458437517285E-004,-1.895067543955520E-004,5.130615900270641E-004,-2.006869908655062E-004,
2.487600000000000E+009,5.581511650234461E-004,-2.538126718718559E-004,5.953842191956937E-004,-2.156335249310359E-004,
2.487633333333334E+009,6.845603347755969E-004,-1.506559347035363E-004,4.945902619510889E-004,-4.958901627105661E-005,
2.487666666666667E+009,5.180747830308974E-004,-2.438001392874867E-004,5.706115625798702E-004,-2.030063187703490E-004,
2.487700000000000E+009,5.562587175518274E-004,-2.808404387906194E-004,4.583966510836035E-004,-2.065711742034182E-004,
2.487733333333334E+009,6.367017049342394E-004,-2.337166224606335E-004,6.118385936133564E-004,-2.880047541111708E-004,
2.487766666666667E+009,5.696727894246578E-004,-2.887316222768277E-004,5.254590068943799E-004,-1.167042937595397E-004,
2.487800000000000E+009,4.915451281704009E-004,-1.323886972386390E-004,5.504423752427101E-004,-1.982373069040477E-004,
2.487833333333334E+009,3.838167176581919E-004,-2.256673760712147E-004,6.639278726652265E-004,-9.980804316001013E-005,
2.487866666666667E+009,3.868678759317845E-004,-3.245966508984566E-004,4.482599615585059E-004,-1.557063369546086E-004,
2.487900000000000E+009,4.319605068303645E-004,-1.800747122615576E-004,4.501960647758097E-004,-2.427665895083919E-004,
2.487933333333334E+009,5.675787106156349E-004,-1.477807818446308E-004,5.147046758793294E-004,-1.759960723575205E-004,
2.487966666666667E+009,4.884346853941679E-004,-1.638792018638924E-004,3.863828314933926E-004,-2.014000201597810E-004,
2.488000000000000E+009,6.276523345150054E-004,-2.072094939649105E-004,5.856951465830207E-004,-1.102612368413247E-004,
2.488033333333334E+009,6.029326468706131E-004,-2.632477553561330E-004,4.834663413930684E-004,-2.553184458520263E-004,
2.488066666666667E+009,4.336697165854275E-004,-3.367945028003305E-004,5.951524362899363E-004,-2.686816733330488E-004,
2.488100000000000E+009,4.903866793029010E-004,-2.080586564261466E-004,5.435763741843402E-004,-2.901710977312177E-004,
2.488133333333334E+009,4.547582066152245E-004,-1.509477879153565E-004,4.188959428574890E-004,-3.153119178023189E-004,
2.488166666666667E+009,4.288695345167071E-004,-3.603326040320098E-004,5.266586085781455E-004,-3.902032913174480E-004,
2.488200000000000E+009,5.965112941339612E-004,-2.966309257317334E-004,6.104500498622656E-004,-2.420220262138173E-004,
2.488233333333334E+009,4.809228412341327E-004,-2.847262949217111E-004,6.198507035151124E-004,-3.012862289324403E-004,
2.488266666666667E+009,5.675834836438298E-004,-2.098186960211024E-004,6.069054361432791E-004,-2.677706361282617E-004,
2.488300000000000E+009,4.968367866240442E-004,-3.553638816811144E-004,6.095930584706366E-004,-4.132944450248033E-004,
2.488333333333334E+009,4.007282841484994E-004,-3.239614306949079E-004,5.556753603741527E-004,-3.217586781829596E-004,
2.488366666666667E+009,4.853563441429287E-004,-4.014908045064658E-004,4.636938974726945E-004,-3.803586587309837E-004,
2.488400000000000E+009,6.574178696610034E-004,-1.532078458694741E-004,4.806731885764748E-004,-2.578138955868781E-004,
2.488433333333334E+009,6.387201137840748E-004,-4.398636228870601E-004,5.174803663976491E-004,-1.553606125526130E-004,
2.488466666666667E+009,5.190052324905992E-004,-1.867257233243436E-004,6.228063139133155E-004,-4.044458910357207E-004,
2.488500000000000E+009,4.397063166834414E-004,-2.095357340294868E-004,4.935084143653512E-004,-3.408033517189324E-004,
2.488533333333334E+009,5.284691578708589E-004,-4.368757945485413E-004,5.827309214510024E-004,-3.551502013579011E-004,
2.488566666666667E+009,4.677639517467469E-004,-4.044892266392708E-004,4.893828881904483E-004,-3.103124327026308E-004,
2.488600000000000E+009,4.728204221464694E-004,-2.786995901260525E-004,4.975600168108940E-004,-2.829726727213711E-004,
2.488633333333334E+009,5.961647839285433E-004,-3.491437237244099E-004,4.997808719053865E-004,-3.898186550941318E-004,
2.488666666666667E+009,3.784112923312932E-004,-4.726035986095667E-004,5.624640034511685E-004,-3.824492741841823E-004,
2.488700000000000E+009,5.716761224903166E-004,-3.328325110487640E-004,5.692910053767264E-004,-4.010724369436503E-004,
2.488733333333334E+009,5.414594197645783E-004,-3.310428583063185E-004,4.975832998752594E-004,-3.929390222765505E-004,
2.488766666666667E+009,6.526813958771527E-004,-3.814886440522969E-004,5.375629989430308E-004,-4.160559328738600E-004,
2.488800000000000E+009,4.981476813554764E-004,-5.283271893858910E-004,4.691939684562385E-004,-3.764120046980679E-004,
2.488833333333334E+009,4.355902783572674E-004,-3.314890782348812E-004,5.811682203784585E-004,-3.264202096033841E-004,
2.488866666666667E+009,5.512792849913240E-004,-3.531795227900147E-004,5.534592201001942E-004,-3.233562747482210E-004,
2.488900000000000E+009,5.237087025307119E-004,-3.550489200279117E-004,4.703757585957646E-004,-5.035315989516676E-004,
2.488933333333334E+009,5.937509704381228E-004,-2.487975871190429E-004,4.917215555906296E-004,-5.198005237616599E-004,
2.488966666666667E+009,4.068033013027161E-004,-3.753002383746207E-004,5.284734652377665E-004,-3.391478676348925E-004,
2.489000000000000E+009,4.722456214949489E-004,-2.887508308049291E-004,6.713255424983800E-004,-3.971117257606238E-004,
2.489033333333334E+009,5.326547543518245E-004,-4.592411860357970E-004,5.804742104373872E-004,-3.085388161707670E-004,
2.489066666666667E+009,3.852474037557840E-004,-5.227980436757207E-004,5.237113218754530E-004,-4.608072049450129E-004,
2.489100000000000E+009,5.412474856711924E-004,-4.157678049523383E-004,5.365349352359772E-004,-4.871606361120939E-004,
2.489133333333334E+009,5.008589359931648E-004,-5.188111099414527E-004,5.533163202926517E-004,-3.814064257312566E-004,
2.489166666666667E+009,5.091345519758761E-004,-4.351502866484225E-004,5.254354909993708E-004,-4.400872276164591E-004,
2.489200000000000E+009,6.095169810578227E-004,-3.833354276139289E-004,4.187001031823456E-004,-4.881431523244828E-004,
2.489233333333334E+009,6.544537609443069E-004,-4.327480855863541E-004,5.629856605082750E-004,-4.899861523881555E-004,
2.489266666666667E+009,5.297988536767662E-004,-4.455860471352935E-004,4.619457758963108E-004,-4.666984023060650E-004,
2.489300000000000E+009,5.298458854667842E-004,-5.188233917579055E-004,6.672926247119904E-004,-5.007485742680728E-004,
2.489333333333334E+009,3.788792819250375E-004,-4.540022055152804E-004,4.825040232390165E-004,-3.878356947097927E-004,
2.489366666666667E+009,5.910750478506088E-004,-3.822919388767332E-004,5.884320125915110E-004,-4.363852494861931E-004,
2.489400000000000E+009,4.287555930204690E-004,-3.355731896590442E-004,5.677574081346393E-004,-4.957147175446153E-004,
2.489433333333334E+009,4.719446878880262E-004,-3.054022090509534E-004,5.729929544031620E-004,-3.774502838496119E-004,
2.489466666666667E+009,5.234226118773222E-004,-2.741268835961819E-004,5.263179773464799E-004,-4.876675666309893E-004,
2.489500000000000E+009,5.588111816905439E-004,-3.968273813370615E-004,3.827777691185474E-004,-6.214380846358836E-004,
2.489533333333334E+009,5.512532079592347E-004,-3.916820860467851E-004,5.262715276330710E-004,-3.333461936563253E-004,
2.489566666666667E+009,4.635479999706149E-004,-4.737099225167185E-004,5.662679905071855E-004,-5.442863912321627E-004,
2.489600000000000E+009,5.420555826276541E-004,-5.671373801305890E-004,5.488632596097887E-004,-4.721646837424487E-004,
2.489633333333334E+009,5.305933300405741E-004,-4.173267807345837E-004,4.416534502524883E-004,-4.764903860632330E-004,
2.489666666666667E+009,4.757664864882827E-004,-5.713450373150408E-004,4.969556466676295E-004,-4.632691852748394E-004,
2.489700000000000E+009,5.365833058021963E-004,-5.757352337241173E-004,4.499319475144148E-004,-5.466733709909022E-004,
2.489733333333334E+009,3.969219105783850E-004,-5.087914178147912E-004,4.398082674015313E-004,-4.033348814118654E-004,
2.489766666666667E+009,5.159534630365670E-004,-5.042938282713294E-004,5.190137890167534E-004,-5.632255924865603E-004,
2.489800000000000E+009,6.750904140062630E-004,-5.107632605358958E-004,5.706839147023857E-004,-5.137319094501436E-004,
2.489833333333334E+009,4.901938373222947E-004,-6.237556808628142E-004,4.435690061654896E-004,-5.380063084885478E-004,
2.489866666666667E+009,5.151124205440283E-004,-5.428615841083229E-004,4.202826239634305E-004,-4.740929289255291E-004,
2.489900000000000E+009,5.961344577372074E-004,-4.559230874292553E-004,4.728453932330012E-004,-6.236378685571253E-004,
2.489933333333334E+009,6.313553894869983E-004,-5.800104700028896E-004,4.812174593098462E-004,-5.011737812310457E-004,
2.489966666666667E+009,5.314297159202397E-004,-5.756652099080384E-004,5.549070192500949E-004,-5.885120481252670E-004,
2.490000000000000E+009,4.085944674443454E-004,-6.310784374363720E-004,4.329133953433484E-004,-6.397219840437174E-004,
2.490033333333334E+009,4.246002936270088E-004,-4.706347826868296E-004,5.419368389993906E-004,-5.302647477947176E-004,
2.490066666666667E+009,4.892256692983210E-004,-4.344046174082905E-004,6.147753447294235E-004,-6.121538463048637E-004,
2.490100000000000E+009,3.359023539815098E-004,-5.588874919340015E-004,4.572331672534347E-004,-5.213159602135420E-004,
2.490133333333334E+009,5.042410339228809E-004,-5.708034732379019E-004,4.341271996963769E-004,-6.435899413190782E-004,
2.490166666666667E+009,4.868835094384849E-004,-5.681437323801220E-004,3.985103685408831E-004,-4.370616807136685E-004,
2.490200000000000E+009,3.757288213819265E-004,-6.654981407336891E-004,5.346027901396155E-004,-6.559766479767859E-004,
2.490233333333334E+009,5.507409223355353E-004,-5.501515697687864E-004,4.666700842790306E-004,-6.565317162312567E-004,
2.490266666666667E+009,3.807395405601710E-004,-4.713166854344308E-004,5.127242184244096E-004,-4.391240654513240E-004,
2.490300000000000E+009,5.255423602648079E-004,-6.225503748282790E-004,4.296373808756471E-004,-6.368203903548420E-004,
2.490333333333334E+009,4.279837885405868E-004,-6.964714848436415E-004,4.166358266957104E-004,-5.862918915227056E-004,
2.490366666666667E+009,4.389649839140475E-004,-6.519422167912126E-004,6.077910074964166E-004,-6.384602165780962E-004,
2.490400000000000E+009,4.902042564935982E-004,-6.014661048538983E-004,4.545466799754649E-004,-6.082954932935536E-004,
2.490433333333334E+009,5.522071733139455E-004,-7.151711615733802E-004,5.460975226014853E-004,-6.103222840465605E-004,
2.490466666666667E+009,4.264874733053148E-004,-6.726089632138610E-004,3.935038112103939E-004,-6.578956963494420E-004,
2.490500000000000E+009,5.350205465219915E-004,-5.710828700102866E-004,4.462560173124075E-004,-7.059629424475133E-004,
2.490533333333334E+009,4.013179277535528E-004,-7.433922728523612E-004,5.100931157357991E-004,-6.546036456711590E-004,
2.490566666666667E+009,4.071059520356357E-004,-6.837491528131068E-004,3.807678294833750E-004,-7.501789368689060E-004,
2.490600000000000E+009,3.770808398257941E-004,-7.260242709890008E-004,5.226414068602026E-004,-6.170947453938425E-004,
2.490633333333334E+009,4.846897791139782E-004,-5.865417770110071E-004,5.243869381956756E-004,-5.589018110185862E-004,
2.490666666666667E+009,4.303472233004868E-004,-5.920810508541763E-004,4.084203974343836E-004,-7.999392691999674E-004,
2.490700000000000E+009,4.241781134624034E-004,-6.292479229159653E-004,4.266227188054472E-004,-7.050057756714523E-004,
2.490733333333334E+009,4.932775627821684E-004,-7.168888114392757E-004,4.018430190626532E-004,-6.441350560635328E-004,
2.490766666666667E+009,3.811147762462497E-004,-5.644133780151606E-004,4.167970910202712E-004,-7.553655887022615E-004,
2.490800000000000E+009,5.109013873152435E-004,-7.998578948900104E-004,4.348339571151882E-004,-7.417218293994665E-004,
2.490833333333334E+009,3.434573300182819E-004,-7.798209553584456E-004,4.769804363604635E-004,-8.358028717339039E-004,
2.490866666666667E+009,4.489503044169396E-004,-8.231679094024003E-004,4.026917158626020E-004,-7.158887456171215E-004,
2.490900000000000E+009,4.250911879353225E-004,-7.191806798800826E-004,3.296028007753193E-004,-6.207019905559719E-004,
2.490933333333334E+009,4.021245113108307E-004,-6.651158328168094E-004,3.933901316486299E-004,-6.597985047847033E-004,
2.490966666666667E+009,3.691562742460519E-004,-7.919978233985603E-004,3.529883106239140E-004,-6.800284027121961E-004,
2.491000000000000E+009,4.004933289252222E-004,-6.633446901105344E-004,4.275365499779582E-004,-7.987482822500169E-004,
2.491033333333334E+009,5.151611403562129E-004,-8.263348136097193E-004,4.077763587702066E-004,-6.193101871758699E-004,
2.491066666666667E+009,5.651667015627027E-004,-8.563558803871274E-004,4.246911266818643E-004,-6.898488500155509E-004,
2.491100000000000E+009,3.252348105888814E-004,-7.296879193745554E-004,3.101709589827806E-004,-7.785005727782846E-004,
2.491133333333334E+009,3.481447929516435E-004,-8.673894917592406E-004,3.151656710542738E-004,-8.211592794395983E-004,
2.491166666666667E+009,2.809901197906584E-004,-7.457034662365913E-004,4.725597100332379E-004,-8.176349801942706E-004,
2.491200000000000E+009,3.565693914424628E-004,-6.852102233096957E-004,3.316103830002248E-004,-7.229218608699739E-004,
2.491233333333334E+009,3.776970552280545E-004,-8.698583696968854E-004,2.764200326055288E-004,-8.561440045014024E-004,
2.491266666666667E+009,4.048561386298388E-004,-8.397304918617010E-004,3.520467435009778E-004,-7.931081927381456E-004,
2.491300000000000E+009,3.442969173192978E-004,-6.570538971573114E-004,4.553860926534981E-004,-8.468598243780434E-004,
2.491333333333334E+009,2.518703113310039E-004,-7.428232929669321E-004,3.425802278798074E-004,-8.740011835470796E-004,
2.491366666666667E+009,3.320027026347816E-004,-9.242045343853533E-004,3.135942388325930E-004,-8.159133139997721E-004,
2.491400000000000E+009,2.979409764520824E-004,-8.067607996053994E-004,2.759708149824292E-004,-7.645775913260877E-004,
2.491433333333334E+009,3.668517165351659E-004,-8.081629639491439E-004,3.166713868267834E-004,-7.532149902544916E-004,
2.491466666666667E+009,4.643414285965264E-004,-8.932880009524524E-004,3.143995127175003E-004,-9.390263003297150E-004,
2.491500000000000E+009,2.415784256299958E-004,-8.647200884297490E-004,2.316217724001035E-004,-8.980025304481387E-004,
2.491533333333334E+009,3.047591308131814E-004,-9.039297001436353E-004,3.503521438688040E-004,-8.120610727928579E-004,
2.491566666666667E+009,3.376218664925546E-004,-1.006733160465956E-003,3.476863785181195E-004,-8.343236404471099E-004,
2.491600000000000E+009,2.375773474341258E-004,-8.603394380770624E-004,3.118877357337624E-004,-9.657937916927040E-004,
2.491633333333334E+009,3.764816792681813E-004,-8.594654500484467E-004,3.019045689143241E-004,-7.812190451659262E-004,
2.491666666666667E+009,3.260966914240271E-004,-8.885981515049934E-004,1.628060854272917E-004,-7.708483608439565E-004,
2.491700000000000E+009,3.157852333970368E-004,-7.335632108151913E-004,3.232136659789830E-004,-8.982691215351224E-004,
2.491733333333334E+009,9.606935054762289E-005,-8.475920185446739E-004,3.468000795692205E-004,-9.314711787737906E-004,
2.491766666666667E+009,3.831638605333865E-004,-8.917467785067856E-004,2.782003721222282E-004,-8.951587369665504E-004,
2.491800000000000E+009,1.915280590765178E-004,-9.724815608933568E-004,3.651327861007303E-004,-8.424259722232819E-004,
2.491833333333334E+009,3.999033942818642E-004,-8.972845971584320E-004,3.324910940136761E-004,-8.790239226073027E-004,
2.491866666666667E+009,1.707353658275679E-004,-9.607466054148972E-004,1.376187283312902E-004,-9.173399885185063E-004,
2.491900000000000E+009,2.930818882305175E-004,-9.010218200273812E-004,3.373334184288979E-004,-8.792623993940651E-004,
2.491933333333334E+009,2.337743208045140E-004,-1.000075018964708E-003,2.550229546613991E-004,-9.690778679214418E-004,
2.491966666666667E+009,1.809789682738483E-004,-8.605029433965683E-004,2.152685337932780E-004,-8.617818239144981E-004,
2.492000000000000E+009,1.951472659129649E-004,-9.485085611231625E-004,3.173025907017291E-004,-9.092157124541700E-004,
2.492033333333334E+009,1.655137311900035E-004,-9.123609052039683E-004,1.366452488582581E-004,-9.259913349524140E-004,
2.492066666666667E+009,3.078477748204023E-004,-9.948378428816795E-004,2.387383719906211E-004,-1.018291106447578E-003,
2.492100000000000E+009,1.516528573120013E-004,-9.323085541836917E-004,7.787372305756435E-005,-9.446214535273612E-004,
2.492133333333334E+009,2.059136459138244E-004,-9.650569409132004E-004,2.932644856628031E-004,-1.021597185172141E-003,
2.492166666666667E+009,1.438041508663446E-004,-1.025647041387856E-003,2.139977441402152E-004,-1.037160749547184E-003,
2.492200000000000E+009,2.393920003669336E-004,-1.042640767991543E-003,1.464173838030547E-004,-1.074302475899458E-003,
2.492233333333334E+009,1.792875700630248E-004,-1.044820412062109E-003,1.646058371989057E-004,-8.735134033486247E-004,
2.492266666666667E+009,2.801855443976820E-004,-1.038431189954281E-003,1.650316989980638E-004,-9.099025046452880E-004,
2.492300000000000E+009,2.204479096690193E-004,-9.800018742680550E-004,2.356473851250485E-004,-1.007411512546241E-003,
2.492333333333334E+009,1.804697385523468E-004,-9.362947894260287E-004,1.833971473388374E-004,-1.012934604659677E-003,
2.492366666666667E+009,1.925873220898211E-004,-9.549244423396885E-004,3.612870932556689E-005,-9.416076936759055E-004,
2.492400000000000E+009,1.625117147341371E-004,-1.073555671609938E-003,2.916530356742442E-004,-1.067020813934505E-003,
2.492433333333334E+009,6.815593224018812E-005,-1.003093901090324E-003,-1.003919023787603E-004,-9.822889696806669E-004,
2.492466666666667E+009,2.203585609095171E-005,-1.035495079122484E-003,4.611133408616297E-005,-9.824744192883372E-004,
2.492500000000000E+009,1.093814862542786E-004,-9.662359952926636E-004,-1.110587891162140E-005,-9.857073891907930E-004,
2.492533333333334E+009,1.926297118188813E-004,-8.869584416970611E-004,-1.629031066840980E-005,-1.085377181880176E-003,
2.492566666666667E+009,7.074185123201460E-005,-1.042806310579181E-003,1.063749150489457E-004,-1.045913551934063E-003,
2.492600000000000E+009,8.389202412217856E-005,-9.289220906794071E-004,-3.404658127692528E-005,-9.374919463880360E-004,
2.492633333333334E+009,-3.093470724024883E-008,-9.003271698020399E-004,-3.832199217868038E-005,-1.001949305646122E-003,
2.492666666666667E+009,8.096687088254839E-005,-9.817725513130426E-004,6.038008359610103E-005,-9.062566095963121E-004,
2.492700000000000E+009,9.017507181852125E-006,-9.716579806990922E-004,1.436740967619699E-005,-1.075983163900673E-003,
2.492733333333334E+009,2.995664544869214E-005,-9.395346278324723E-004,1.148410083260387E-004,-9.661401272751391E-004,
2.492766666666667E+009,7.816385732439812E-006,-1.067225937731564E-003,3.208197813364677E-005,-9.044958278536797E-004,
2.492800000000000E+009,5.532926297746599E-005,-1.026759506203234E-003,4.972212263965048E-005,-1.022968324832618E-003,
2.492833333333334E+009,-6.055825451767305E-006,-8.615777478553355E-004,-4.192421329207718E-005,-1.002053148113191E-003,
2.492866666666667E+009,4.601223918143660E-005,-9.886752814054489E-004,-7.713852392043918E-005,-1.010384876281023E-003,
2.492900000000000E+009,9.413382213097066E-005,-1.051196013577282E-003,-4.878621257375926E-005,-1.046503079123795E-003,
2.492933333333334E+009,-3.363904761499725E-005,-1.150356722064316E-003,-7.721337169641629E-006,-1.102104550227523E-003,
2.492966666666667E+009,2.626999958010856E-005,-1.126920804381371E-003,1.582336553838104E-004,-8.708323584869504E-004,
2.493000000000000E+009,-2.348370435356628E-005,-1.056184526532888E-003,-3.523333725752309E-005,-9.963825577870011E-004,
2.493033333333334E+009,-1.261550787603483E-004,-1.010228879749775E-003,-6.581878551514819E-005,-1.040213974192739E-003,
2.493066666666667E+009,6.674770702375099E-005,-9.191859280690551E-004,-1.300566800637171E-004,-1.067190896719694E-003,
2.493100000000000E+009,1.655610140005592E-005,-1.075387117452920E-003,-1.230557827511802E-004,-1.175723504275084E-003,
2.493133333333334E+009,3.906639540218748E-005,-1.006311969831586E-003,4.067144982400350E-005,-1.110147917643189E-003,
2.493166666666667E+009,-5.686426084139384E-005,-1.060248585417867E-003,-9.192826109938324E-005,-1.135653001256287E-003,
2.493200000000000E+009,1.135076763603138E-005,-1.025064382702112E-003,-5.512782445293851E-005,-1.022024895064533E-003,
2.493233333333334E+009,-8.809573773760349E-005,-9.753630729392171E-004,-2.359746431466192E-004,-1.085987430997193E-003,
2.493266666666667E+009,-5.392873936216347E-005,-1.086789998225868E-003,-1.376108411932364E-004,-1.012916560284793E-003,
2.493300000000000E+009,-1.228176843142137E-004,-1.005597179755569E-003,-7.113281026249751E-005,-9.202920482493937E-004,
2.493333333333334E+009,-1.633094507269561E-004,-1.039881957694888E-003,-1.308532664552331E-004,-1.067078090272844E-003,
2.493366666666667E+009,-1.941789523698390E-004,-1.027565216645598E-003,-1.143412955570966E-004,-1.075858948752284E-003,
2.493400000000000E+009,3.751819974695536E-007,-1.174026867374778E-003,-1.120296292356215E-004,-9.587549720890820E-004,
2.493433333333334E+009,-6.347392627503723E-005,-1.101170433685184E-003,-7.692279177717865E-005,-9.646541438996792E-004,
2.493466666666667E+009,-1.886125246528536E-004,-1.065189484506846E-003,-1.471565337851644E-004,-1.089604105800390E-003,
2.493500000000000E+009,-1.476861361879855E-004,-1.013991306535900E-003,-2.581003354862332E-004,-1.078379806131125E-003,
2.493533333333334E+009,-8.236322173615918E-005,-1.127626397646964E-003,-1.318793365499005E-004,-1.060803537257016E-003,
2.493566666666667E+009,-2.217060973634943E-004,-1.078494591638446E-003,-2.670869871508330E-004,-1.109607517719269E-003,
2.493600000000000E+009,-2.906372828874737E-004,-1.158531638793647E-003,-2.570335054770112E-004,-1.098423497751355E-003,
2.493633333333334E+009,-2.000256645260379E-004,-1.032070023939014E-003,-3.503797634039074E-004,-1.133965444751084E-003,
2.493666666666667E+009,-2.130247012246400E-004,-1.135113299824297E-003,-6.693668547086418E-005,-1.118704210966826E-003,
2.493700000000000E+009,-3.074699488934130E-004,-1.056415261700749E-003,-2.748356782831252E-004,-1.026965794153512E-003,
2.493733333333334E+009,-2.052627824014053E-004,-1.011048094369471E-003,-2.850506280083209E-004,-1.068096258677542E-003,
2.493766666666667E+009,-2.435168280499056E-004,-1.104993163608015E-003,-2.298114850418642E-004,-1.022429205477238E-003,
2.493800000000000E+009,-3.166346868965775E-004,-1.092078047804534E-003,-1.934692263603210E-004,-1.101389061659575E-003,
2.493833333333334E+009,-1.876261812867597E-004,-1.164182671345770E-003,-2.176884881919250E-004,-1.103532849811018E-003,
2.493866666666667E+009,-2.572052180767059E-004,-1.086748903617263E-003,-3.150776319671422E-004,-1.052543520927429E-003,
2.493900000000000E+009,-3.380221314728260E-004,-9.702185634523630E-004,-2.812968450598419E-004,-9.973325068131089E-004,
2.493933333333334E+009,-2.933466166723520E-004,-1.111573306843638E-003,-2.982556470669806E-004,-1.027307007461786E-003,
2.493966666666667E+009,-2.635427808854729E-004,-8.941746782511473E-004,-2.004317502724007E-004,-1.031948486343026E-003,
2.494000000000000E+009,-1.638324465602636E-004,-1.141989836469293E-003,-3.597945324145258E-004,-9.676919435150921E-004,
2.494033333333334E+009,-3.446447080932558E-004,-9.737740620039403E-004,-2.870215685106814E-004,-1.016601338051260E-003,
2.494066666666667E+009,-2.608133945614100E-004,-1.100189285352826E-003,-4.020186897832900E-004,-1.067413482815027E-003,
2.494100000000000E+009,-1.134604826802388E-004,-1.029275706969202E-003,-3.027193597517908E-004,-1.002249890007079E-003,
2.494133333333334E+009,-2.341255312785506E-004,-9.315880015492439E-004,-2.321617357665673E-004,-1.077231019735336E-003,
2.494166666666667E+009,-2.975609095301479E-004,-9.853682713583112E-004,-3.529908135533333E-004,-1.023224438540638E-003,
2.494200000000000E+009,-3.072819381486625E-004,-1.115748891606927E-003,-3.267703577876091E-004,-1.126807415857911E-003,
2.494233333333334E+009,-3.584711812436581E-004,-1.001308788545430E-003,-4.295400285627693E-004,-1.166716217994690E-003,
2.494266666666667E+009,-3.435203980188817E-004,-1.039749011397362E-003,-3.790339396800846E-004,-9.140624897554517E-004,
2.494300000000000E+009,-4.250798956491053E-004,-1.033251406624913E-003,-4.204768629278988E-004,-1.035774126648903E-003,
2.494333333333334E+009,-2.829414152074605E-004,-1.041013863869011E-003,-5.639191949740052E-004,-1.046406105160713E-003,
2.494366666666667E+009,-3.371072525624186E-004,-9.664875688031316E-004,-3.592472348827869E-004,-9.356192313134670E-004,
2.494400000000000E+009,-3.177914768457413E-004,-8.430082816630602E-004,-3.434864920563996E-004,-1.167411915957928E-003,
2.494433333333334E+009,-3.470955416560173E-004,-1.055773580446839E-003,-4.805871576536447E-004,-9.563457570038736E-004,
2.494466666666667E+009,-4.171610344201326E-004,-9.599541663192213E-004,-4.164305864833295E-004,-9.890759829431772E-004,
2.494500000000000E+009,-3.860127180814743E-004,-1.040334813296795E-003,-4.278926935512573E-004,-1.069739926606417E-003,
2.494533333333334E+009,-4.467536928132176E-004,-1.037386711686850E-003,-5.330936401151121E-004,-1.069206628017128E-003,
2.494566666666667E+009,-5.507088499143720E-004,-9.817603277042508E-004,-5.813555908389390E-004,-9.456173283979297E-004,
2.494600000000000E+009,-4.904006491415203E-004,-9.797012899070978E-004,-5.085834418423474E-004,-9.311495232395828E-004,
2.494633333333334E+009,-3.378927649464458E-004,-1.060769311152399E-003,-4.397667944431305E-004,-9.917210554704070E-004,
2.494666666666667E+009,-4.781220923177898E-004,-9.277738863602281E-004,-5.693602724932134E-004,-9.498611907474697E-004,
2.494700000000000E+009,-4.786144709214568E-004,-1.013133092783392E-003,-4.535041516646743E-004,-1.040731323882937E-003,
2.494733333333334E+009,-4.921030486002564E-004,-9.818468242883682E-004,-5.515482625924051E-004,-1.058295834809542E-003,
2.494766666666667E+009,-4.942008526995778E-004,-1.065348507836461E-003,-5.785811808891594E-004,-9.391373023390770E-004,
2.494800000000000E+009,-5.354603054001927E-004,-1.074040425010026E-003,-5.833943141624332E-004,-1.003486686386168E-003,
2.494833333333334E+009,-6.528776139020920E-004,-1.028556725941598E-003,-6.311572506092489E-004,-9.578227763995528E-004,
2.494866666666667E+009,-3.896950802300125E-004,-9.787777671590447E-004,-6.720764795318246E-004,-9.309235028922558E-004,
2.494900000000000E+009,-5.244017811492086E-004,-9.790186304599047E-004,-5.326118553057313E-004,-1.014193869195879E-003,
2.494933333333334E+009,-5.300051416270435E-004,-7.768826908431947E-004,-5.792160518467426E-004,-8.943622233346105E-004,
2.494966666666667E+009,-4.354684788268060E-004,-9.567257948219776E-004,-4.625932197086513E-004,-9.207905386574566E-004,
2.495000000000000E+009,-5.231871036812663E-004,-1.169665367342532E-003,-6.569306133314967E-004,-1.009367755614221E-003,
2.495033333333334E+009,-5.464577116072178E-004,-1.034531160257757E-003,-5.305421072989702E-004,-9.990127291530371E-004,
2.495066666666667E+009,-5.391793674789369E-004,-8.812468731775880E-004,-5.804641405120492E-004,-9.961160831153393E-004,
2.495100000000000E+009,-6.343111163005233E-004,-1.074017491191626E-003,-5.193919641897082E-004,-1.004147808998823E-003,
2.495133333333334E+009,-6.659071659669280E-004,-1.096931286156178E-003,-6.820657290518284E-004,-1.029058359563351E-003,
2.495166666666667E+009,-5.688203964382410E-004,-9.737962973304093E-004,-5.268229288049042E-004,-9.246534318663180E-004,
2.495200000000000E+009,-6.269978475756943E-004,-1.092732534743846E-003,-6.122761988081038E-004,-9.361430420540273E-004,
2.495233333333334E+009,-5.700891488231719E-004,-1.006818376481533E-003,-6.076756981201470E-004,-1.035654451698065E-003,
2.495266666666667E+009,-8.397627389058471E-004,-8.840534719638526E-004,-5.804165848530829E-004,-8.833046886138618E-004,
2.495300000000000E+009,-6.423802697099745E-004,-8.856448694132268E-004,-5.320389172993600E-004,-9.630942367948592E-004,
2.495333333333334E+009,-7.605665014125407E-004,-1.156218349933624E-003,-5.579631542786956E-004,-1.018854090943933E-003,
2.495366666666667E+009,-6.948760710656643E-004,-9.774380596354604E-004,-7.706490578129888E-004,-1.044611446559429E-003,
2.495400000000000E+009,-6.436854018829763E-004,-8.309024269692600E-004,-5.922398413531482E-004,-9.564398205839098E-004,
2.495433333333334E+009,-6.341161788441241E-004,-1.044717500917614E-003,-7.290695211850107E-004,-1.118225511163473E-003,
2.495466666666667E+009,-7.599629461765289E-004,-9.699726360850036E-004,-7.571526803076267E-004,-8.948779432103038E-004,
2.495500000000000E+009,-6.675485055893660E-004,-8.972632349468768E-004,-8.861711830832064E-004,-1.074007246643305E-003,
2.495533333333334E+009,-7.137930952012539E-004,-9.314354392699897E-004,-6.002002046443522E-004,-8.852796163409948E-004,
2.495566666666667E+009,-7.207886083051562E-004,-8.374209864996374E-004,-6.779170944355428E-004,-8.854500483721495E-004,
2.495600000000000E+009,-7.859067991375923E-004,-9.274259209632874E-004,-6.856088875792921E-004,-8.674202254042029E-004,
2.495633333333334E+009,-6.421872531063855E-004,-9.158012107945979E-004,-6.856478867121041E-004,-9.100269526243210E-004,
2.495666666666667E+009,-7.703243172727525E-004,-9.006517357192934E-004,-5.311504937708378E-004,-9.929449297487736E-004,
2.495700000000000E+009,-6.704015540890396E-004,-1.114945975132287E-003,-8.814805187284946E-004,-8.574703824706376E-004,
2.495733333333334E+009,-7.755614933557808E-004,-9.209628333337605E-004,-7.595010101795197E-004,-9.476742125116289E-004,
2.495766666666667E+009,-6.637874175794423E-004,-9.277790668420494E-004,-7.400442846119404E-004,-1.028460334055126E-003,
2.495800000000000E+009,-8.133481023833156E-004,-8.933837525546551E-004,-8.743856451474130E-004,-7.837593439035118E-004,
2.495833333333334E+009,-7.335570990107954E-004,-7.492457516491413E-004,-8.185186889022589E-004,-9.161937050521374E-004,
2.495866666666667E+009,-8.759237243793905E-004,-9.823043365031481E-004,-7.110847509466112E-004,-9.952990803867579E-004,
2.495900000000000E+009,-7.209259783849120E-004,-9.486710769124329E-004,-6.980404723435640E-004,-8.412391762249172E-004,
2.495933333333334E+009,-6.844054441899061E-004,-8.860455127432942E-004,-7.875262526795268E-004,-9.906272171065211E-004,
2.495966666666667E+009,-8.383029489777982E-004,-1.086807809770107E-003,-7.534385658800602E-004,-9.641397045925260E-004,
2.496000000000000E+009,-8.418518700636923E-004,-8.914698264561594E-004,-7.670077611692250E-004,-8.472723420709372E-004,
2.496033333333334E+009,-8.430673624388874E-004,-9.305228013545275E-004,-6.814914522692561E-004,-7.726981421001256E-004,
2.496066666666667E+009,-8.090833434835076E-004,-9.115693974308670E-004,-8.400070946663618E-004,-8.722085040062666E-004,
2.496100000000000E+009,-8.245932403951883E-004,-9.096657740883529E-004,-9.199871565215290E-004,-7.914386224001646E-004,
2.496133333333334E+009,-7.574218907393515E-004,-8.246494107879698E-004,-7.581152021884918E-004,-8.669112576171756E-004,
2.496166666666667E+009,-9.343855781480670E-004,-8.563222945667803E-004,-9.785445872694254E-004,-8.770030690357089E-004,
2.496200000000000E+009,-9.848632616922259E-004,-9.490888332948089E-004,-8.465275750495493E-004,-8.091629715636373E-004,
2.496233333333334E+009,-7.638097740709782E-004,-1.018445240333676E-003,-8.995353709906340E-004,-8.875572239048779E-004,
2.496266666666667E+009,-8.843351388350129E-004,-8.280556648969650E-004,-8.542591822333634E-004,-7.995233172550798E-004,
2.496300000000000E+009,-9.434331441298127E-004,-8.664050837978721E-004,-9.028553613461554E-004,-9.253803291358054E-004,
2.496333333333334E+009,-9.776432998478413E-004,-8.987524197436869E-004,-9.258306236006320E-004,-8.173111127689481E-004,
2.496366666666667E+009,-9.854090167209506E-004,-7.401357288472354E-004,-9.851965587586165E-004,-8.320058113895357E-004,
2.496400000000000E+009,-8.206974016502500E-004,-8.857096545398235E-004,-7.750783115625382E-004,-9.082782198674977E-004,
2.496433333333334E+009,-7.352494285441935E-004,-9.510635863989592E-004,-9.106389479711652E-004,-7.902669021859765E-004,
2.496466666666667E+009,-7.983858231455088E-004,-9.466849151067436E-004,-9.341572877019644E-004,-8.885493152774870E-004,
2.496500000000000E+009,-9.384829900227487E-004,-7.857469026930630E-004,-8.934995275922120E-004,-8.097624522633851E-004,
2.496533333333334E+009,-8.957016398198903E-004,-9.793002391234040E-004,-9.192258585244417E-004,-9.015048271976411E-004,
2.496566666666667E+009,-9.431100334040821E-004,-8.532786159776151E-004,-9.728876175358892E-004,-9.416824905201793E-004,
2.496600000000000E+009,-9.487586794421077E-004,-9.386889287270606E-004,-9.246681001968682E-004,-7.777130231261253E-004,
2.496633333333334E+009,-1.064464449882507E-003,-9.766235016286373E-004,-9.665194083936513E-004,-8.744956576265395E-004,
2.496666666666667E+009,-1.021563657559454E-003,-7.547938148491085E-004,-8.689998649060726E-004,-7.702634320594370E-004,
2.496700000000000E+009,-1.019524526782334E-003,-8.670323295518756E-004,-9.824333246797323E-004,-8.096464443951845E-004,
2.496733333333334E+009,-9.779316606000066E-004,-7.919796626083553E-004,-9.380058036185801E-004,-8.062725537456572E-004,
2.496766666666667E+009,-9.489897638559341E-004,-1.017723232507706E-003,-1.024004537612200E-003,-9.175276500172913E-004,
2.496800000000000E+009,-1.215700525790453E-003,-8.307626703754067E-004,-9.505693451501429E-004,-9.198692278005183E-004,
2.496833333333334E+009,-1.009681145660579E-003,-7.391769904643297E-004,-1.006768783554435E-003,-7.987463613972068E-004,
2.496866666666667E+009,-1.106420648284257E-003,-7.893990841694176E-004,-9.940934833139181E-004,-8.413645555265248E-004,
2.496900000000000E+009,-1.095286454074085E-003,-8.507020538672805E-004,-1.003530225716531E-003,-8.383747190237045E-004,
2.496933333333334E+009,-1.025250181555748E-003,-8.777106995694339E-004,-1.021563424728811E-003,-8.956448873504996E-004,
2.496966666666667E+009,-1.078874804079533E-003,-7.622806006111205E-004,-9.905237238854170E-004,-8.490479667671025E-004,
2.497000000000000E+009,-1.065930235199630E-003,-7.999691879376769E-004,-1.020885305479169E-003,-7.901063072495163E-004,
2.497033333333334E+009,-9.309616871178150E-004,-7.279902347363532E-004,-1.014986541122198E-003,-7.129959994927049E-004,
2.497066666666667E+009,-1.136190490797162E-003,-7.913010776974261E-004,-1.091755693778396E-003,-7.383431075140834E-004,
2.497100000000000E+009,-1.063178409822285E-003,-7.817441364750266E-004,-1.073223655112088E-003,-8.246124489232898E-004,
2.497133333333334E+009,-9.736586944200099E-004,-7.640700205229223E-004,-1.056012697517872E-003,-7.792021497152746E-004,
2.497166666666667E+009,-1.024836907163262E-003,-8.317084284499288E-004,-1.012742053717375E-003,-8.662530453875661E-004,
2.497200000000000E+009,-1.070923637598753E-003,-7.898758631199598E-004,-1.154556171968579E-003,-8.283385541290045E-004,
2.497233333333334E+009,-1.020919997245073E-003,-7.530201110057533E-004,-1.034667016938329E-003,-8.630784577690065E-004,
2.497266666666667E+009,-1.108667813241482E-003,-7.589061278849840E-004,-1.153778051957488E-003,-7.063099183142185E-004,
2.497300000000000E+009,-1.092227525077760E-003,-7.097697234712541E-004,-1.099154702387750E-003,-7.844473002478480E-004,
2.497333333333334E+009,-1.081494963727891E-003,-6.392803625203669E-004,-1.059650443494320E-003,-7.302860030904412E-004,
2.497366666666667E+009,-1.137421000748873E-003,-8.926435839384794E-004,-1.122271409258246E-003,-7.510604918934405E-004,
2.497400000000000E+009,-1.271340996026993E-003,-7.118635112419725E-004,-1.075005740858614E-003,-7.627102895639837E-004,
2.497433333333334E+009,-1.135380123741925E-003,-8.378828060813248E-004,-1.035562017932534E-003,-7.823040941730142E-004,
2.497466666666667E+009,-1.150925178080797E-003,-8.394920150749385E-004,-1.088339835405350E-003,-6.829677149653435E-004,
2.497500000000000E+009,-1.075160806067288E-003,-7.427118252962828E-004,-1.249540713615716E-003,-8.038005908019841E-004,
2.497533333333334E+009,-1.155888079665601E-003,-7.284325547516346E-004,-1.247089821845293E-003,-6.687685963697732E-004,
2.497566666666667E+009,-1.233958289958537E-003,-6.063306936994195E-004,-1.301463460549712E-003,-7.018715259619057E-004,
2.497600000000000E+009,-1.173569937236607E-003,-6.804752047173679E-004,-1.203890074975789E-003,-7.233611540868878E-004,
2.497633333333334E+009,-1.005106139928103E-003,-7.158660446293652E-004,-1.199806807562709E-003,-8.182424353435636E-004,
2.497666666666667E+009,-1.056706998497248E-003,-6.911326199769974E-004,-1.213687239214778E-003,-5.989103228785098E-004,
2.497700000000000E+009,-1.170666422694922E-003,-6.942564505152404E-004,-1.221483224071562E-003,-6.321172113530338E-004,
2.497733333333334E+009,-1.133544603362680E-003,-6.587384268641472E-004,-1.361615257337689E-003,-6.585405208170414E-004,
2.497766666666667E+009,-1.285691978409886E-003,-7.456916500814259E-004,-1.298594870604575E-003,-7.448413525708020E-004,
2.497800000000000E+009,-1.291158376261592E-003,-9.265303378924727E-004,-1.343683456070721E-003,-7.028709514997900E-004,
2.497833333333334E+009,-1.308855949901044E-003,-7.348753861151636E-004,-1.259398879483342E-003,-5.437642103061080E-004,
2.497866666666667E+009,-1.339610549621284E-003,-7.437957101501524E-004,-1.297311391681433E-003,-7.172097684815526E-004,
2.497900000000000E+009,-1.238249824382365E-003,-6.114517454989255E-004,-1.290334505029023E-003,-8.232289110310376E-004,
2.497933333333334E+009,-1.323765143752098E-003,-6.456302362494171E-004,-1.317206304520369E-003,-7.955881883390248E-004,
2.497966666666667E+009,-1.246342551894486E-003,-6.219098577275872E-004,-1.257899566553533E-003,-6.953933043405414E-004,
2.498000000000000E+009,-1.282550045289099E-003,-6.596050807274878E-004,-1.411796198226512E-003,-7.512640440836549E-004,
2.498033333333334E+009,-1.263532787561417E-003,-6.007674382999539E-004,-1.269067637622356E-003,-6.829291814938188E-004,
2.498066666666667E+009,-1.452517113648355E-003,-6.880849250592291E-004,-1.304758596234024E-003,-6.581092602573335E-004,
2.498100000000000E+009,-1.387114636600018E-003,-5.712554557248950E-004,-1.219545025378466E-003,-5.962247960269451E-004,
2.498133333333334E+009,-1.425962778739631E-003,-5.306288949213922E-004,-1.458678860217333E-003,-6.355316145345569E-004,
2.498166666666667E+009,-1.390354358591139E-003,-6.180629134178162E-004,-1.528338296338916E-003,-6.602661451324821E-004,
2.498200000000000E+009,-1.353907166048884E-003,-5.674802232533693E-004,-1.352130086161196E-003,-5.476623773574829E-004,
2.498233333333334E+009,-1.435683807358146E-003,-4.770679806824774E-004,-1.401315326802433E-003,-5.481334519572556E-004,
2.498266666666667E+009,-1.402414869517088E-003,-6.784624420106411E-004,-1.471201423555613E-003,-6.099517922848463E-004,
2.498300000000000E+009,-1.470725866965950E-003,-4.628163296729326E-004,-1.380718429572880E-003,-6.938144215382636E-004,
2.498333333333334E+009,-1.444066059775651E-003,-6.576891173608601E-004,-1.505375490523875E-003,-4.635034129023552E-004,
2.498366666666667E+009,-1.429710653610528E-003,-5.529198679141700E-004,-1.457889797165990E-003,-5.917602102272213E-004,
2.498400000000000E+009,-1.605659374035895E-003,-4.828607779927552E-004,-1.408801297657192E-003,-7.329051150009036E-004,
2.498433333333334E+009,-1.518610282801092E-003,-5.557229742407799E-004,-1.509749097749591E-003,-5.844011320732534E-004,
2.498466666666667E+009,-1.561639015562832E-003,-5.114640807732940E-004,-1.393027137964964E-003,-6.806500605307519E-004,
2.498500000000000E+009,-1.405467162840068E-003,-4.360016027931124E-004,-1.420664833858609E-003,-5.361672956496477E-004,
2.498533333333334E+009,-1.402203459292650E-003,-5.529097979888320E-004,-1.498868456110358E-003,-4.224381700623781E-004,
2.498566666666667E+009,-1.479465281590819E-003,-4.852080601267517E-004,-1.606289763003588E-003,-5.413835169747472E-004,
2.498600000000000E+009,-1.395682920701802E-003,-5.455997888930142E-004,-1.355338608846068E-003,-5.516762030310929E-004,
2.498633333333334E+009,-1.553250476717949E-003,-2.977174299303442E-004,-1.558742951601744E-003,-6.040645530447364E-004,
2.498666666666667E+009,-1.567322295159102E-003,-4.902491928078234E-004,-1.600054907612503E-003,-4.903718363493681E-004,
2.498700000000000E+009,-1.610126812011004E-003,-3.909824881702662E-004,-1.573453773744404E-003,-4.835843865294009E-004,
2.498733333333334E+009,-1.536354538984597E-003,-4.340596206020564E-004,-1.531892456114292E-003,-3.611243155319244E-004,
2.498766666666667E+009,-1.649954007007182E-003,-4.745091719087213E-004,-1.605762867256999E-003,-4.619630053639412E-004,
2.498800000000000E+009,-1.596876652911305E-003,-4.137585638090968E-004,-1.568880630657077E-003,-5.208193324506283E-004,
2.498833333333334E+009,-1.527511514723301E-003,-3.922753967344761E-004,-1.524986349977553E-003,-5.578704294748604E-004,
2.498866666666667E+009,-1.507809269241989E-003,-5.404664552770555E-004,-1.539024058729410E-003,-4.428543907124549E-004,
2.498900000000000E+009,-1.622903160750866E-003,-4.377330478746444E-004,-1.653367187827826E-003,-5.466004367917776E-004,
2.498933333333334E+009,-1.601749449037015E-003,-4.499776405282319E-004,-1.700784428976476E-003,-3.047172212973237E-004,
2.498966666666667E+009,-1.536476775072515E-003,-5.306889652274549E-004,-1.677728374488652E-003,-4.856780578847975E-004,
2.499000000000000E+009,-1.536033698357642E-003,-4.745628975797445E-004,-1.726427697576582E-003,-3.841915167868137E-004,
2.499033333333334E+009,-1.558413961902261E-003,-2.990784996654838E-004,-1.648980542086065E-003,-4.983498365618289E-004,
2.499066666666667E+009,-1.584305078722537E-003,-3.147384559269995E-004,-1.632655621506274E-003,-4.733249952550978E-004,
2.499100000000000E+009,-1.850437605753541E-003,-3.067699726670981E-004,-1.604154822416604E-003,-3.523666237015277E-004,
2.499133333333334E+009,-1.751922187395394E-003,-4.129973531235009E-004,-1.654418068937957E-003,-3.859089629258961E-004,
2.499166666666667E+009,-1.681677531450987E-003,-3.126111405435950E-004,-1.654553576372564E-003,-4.367395886220038E-004,
2.499200000000000E+009,-1.832270761951804E-003,-2.827733405865729E-004,-1.652813400141895E-003,-3.871636290568858E-004,
2.499233333333334E+009,-1.693724421784282E-003,-2.653291739989072E-004,-1.739126746542752E-003,-3.384265291970223E-004,
2.499266666666667E+009,-1.616673194803298E-003,-2.596567501313984E-004,-1.811092486605048E-003,-3.227771085221320E-004,
2.499300000000000E+009,-1.681231777183712E-003,-2.064429427264258E-004,-1.612307270988822E-003,-3.684989060275257E-004,
2.499333333333334E+009,-1.722097629681230E-003,-1.799452729756013E-004,-1.689773635007441E-003,-1.599017850821838E-004,
2.499366666666667E+009,-1.772522111423314E-003,-2.809051366057247E-004,-1.755107659846544E-003,-2.814268227666616E-004,
2.499400000000000E+009,-1.767613110132515E-003,-8.404834079556167E-005,-1.747446367517114E-003,-2.615444245748222E-004,
2.499433333333334E+009,-1.741682295687497E-003,-5.595868424279615E-005,-1.635690103285015E-003,-2.144947211490944E-004,
2.499466666666667E+009,-1.683645765297115E-003,-7.549332076450810E-005,-1.794601674191654E-003,-2.565929025877267E-004,
2.499500000000000E+009,-1.621986273676157E-003,-1.284224854316562E-004,-1.857725204899907E-003,-1.480325299780816E-004,
2.499533333333334E+009,-1.738955033943057E-003,-1.719291904009879E-004,-1.703927409835160E-003,-8.888816955732182E-005,
2.499566666666667E+009,-1.769874943420291E-003,-5.087481986265630E-005,-1.853238558396697E-003,-2.345373832213227E-005,
2.499600000000000E+009,-1.671907841227949E-003,-1.011286949506030E-004,-2.002303721383214E-003,-1.811800175346434E-004,
2.499633333333334E+009,-1.717986888252199E-003,3.043130709556863E-005,-1.897615147754550E-003,-3.232185918022879E-005,
2.499666666666667E+009,-1.918613445013762E-003,-9.123150084633380E-005,-1.821953919716179E-003,-7.591620669700205E-005,
2.499700000000000E+009,-1.822780934162438E-003,-1.510273286839947E-004,-1.908041420392692E-003,7.804053166182712E-005,
2.499733333333334E+009,-1.796426251530647E-003,1.403979695169255E-005,-1.856777700595558E-003,-1.146504946518689E-004,
2.499766666666667E+009,-1.747577101923525E-003,-1.136504943133332E-004,-1.826264313422144E-003,-3.925273631466553E-006,
2.499800000000000E+009,-1.829265500418842E-003,1.319998318649596E-006,-1.763518783263862E-003,1.226099702762440E-004,
2.499833333333334E+009,-1.793629489839077E-003,3.088287121499889E-005,-1.855965820141137E-003,-2.718025461945217E-005,
2.499866666666667E+009,-1.782273757271469E-003,1.942989729286637E-005,-1.749179209582508E-003,2.237485568912234E-005,
2.499900000000000E+009,-1.702653826214373E-003,-6.503212352981791E-005,-1.799744670279324E-003,-6.588445830857381E-005,
2.499933333333334E+009,-1.848708954639733E-003,7.710033969487995E-005,-1.904947566799820E-003,7.053380249999464E-005,
2.499966666666667E+009,-1.809263252653182E-003,1.868862018454820E-004,-1.765872584655881E-003,1.245558232767507E-004,
2.500000000000000E+009,-1.816526520997286E-003,1.057658373611048E-004,-1.805791049264371E-003,1.848475367296487E-004,
