% Version 1.00
%
%freq[Hz];re:Trc1_S21;im:Trc1_S21;re:Trc2_S12;im:Trc2_S12;
2.480000000000000E+009,-1.674923696555197E-003,-2.245445037260652E-003,-1.655425527133048E-003,-2.259980188682675E-003,
2.480033333333334E+009,-1.742301275953651E-003,-2.219404326751828E-003,-1.750984927639365E-003,-2.234529703855515E-003,
2.480066666666667E+009,-1.810949528589845E-003,-2.174641005694866E-003,-1.768205547705293E-003,-2.186776371672750E-003,
2.480100000000000E+009,-1.888540806248784E-003,-2.148666651919484E-003,-1.883511315099895E-003,-2.151956548914313E-003,
2.480133333333334E+009,-1.922412775456905E-003,-2.106816507875919E-003,-1.996746053919196E-003,-2.106923842802644E-003,
2.480166666666667E+009,-1.978598767891526E-003,-2.034951932728291E-003,-1.992057077586651E-003,-2.063254127278924E-003,
2.480200000000000E+009,-1.959515735507011E-003,-2.021802589297295E-003,-2.018957631662488E-003,-2.005409216508269E-003,
2.480233333333334E+009,-2.083582570776343E-003,-1.963543007150292E-003,-2.086498774588108E-003,-1.983587164431810E-003,
2.480266666666667E+009,-2.055996330454946E-003,-1.922543509863317E-003,-2.175491070374847E-003,-1.879653427749872E-003,
2.480300000000000E+009,-2.158726798370481E-003,-1.839803881011903E-003,-2.149188891053200E-003,-1.902562216855586E-003,
2.480333333333334E+009,-2.202048432081938E-003,-1.783414278179407E-003,-2.188278129324317E-003,-1.809797948226333E-003,
2.480366666666667E+009,-2.247576601803303E-003,-1.748581533320248E-003,-2.228420227766037E-003,-1.775151351466775E-003,
2.480400000000000E+009,-2.312488853931427E-003,-1.727578579448164E-003,-2.293189056217670E-003,-1.674955012276769E-003,
2.480433333333334E+009,-2.332419855520129E-003,-1.642167568206787E-003,-2.319295890629292E-003,-1.621665549464524E-003,
2.480466666666667E+009,-2.436273731291294E-003,-1.560108154080808E-003,-2.316141733899713E-003,-1.599633949808776E-003,
2.480500000000000E+009,-2.391099231317639E-003,-1.499759382568300E-003,-2.424772130325437E-003,-1.529457862488926E-003,
2.480533333333334E+009,-2.391282701864839E-003,-1.493167714215815E-003,-2.389625879004598E-003,-1.479434897191823E-003,
2.480566666666667E+009,-2.458630362525582E-003,-1.437551109120250E-003,-2.457705559208989E-003,-1.403323025442660E-003,
2.480600000000000E+009,-2.449611201882362E-003,-1.366053475067020E-003,-2.468688879162073E-003,-1.427106792107225E-003,
2.480633333333334E+009,-2.544602146372199E-003,-1.295241992920637E-003,-2.556083956733346E-003,-1.236058305948973E-003,
2.480666666666667E+009,-2.567573450505734E-003,-1.259199343621731E-003,-2.497217385098338E-003,-1.273295842111111E-003,
2.480700000000000E+009,-2.529149176552892E-003,-1.162530505098403E-003,-2.509319456294179E-003,-1.185275730676949E-003,
2.480733333333334E+009,-2.493060426786542E-003,-1.118168700486422E-003,-2.540632151067257E-003,-1.137444050982595E-003,
2.480766666666667E+009,-2.515653613954783E-003,-1.121021341532469E-003,-2.563574351370335E-003,-1.171238487586379E-003,
2.480800000000000E+009,-2.569580450654030E-003,-1.104154507629573E-003,-2.530314493924379E-003,-1.079160487279296E-003,
2.480833333333334E+009,-2.575989579781890E-003,-1.014252076856792E-003,-2.558629261329770E-003,-1.018665265291929E-003,
2.480866666666667E+009,-2.569187898188829E-003,-9.716593194752932E-004,-2.623116131871939E-003,-9.651574073359370E-004,
2.480900000000000E+009,-2.607628470286727E-003,-9.280310478061438E-004,-2.622899832203984E-003,-8.749305270612240E-004,
2.480933333333334E+009,-2.697601215913892E-003,-8.056956576183438E-004,-2.669680165126920E-003,-7.695951499044895E-004,
2.480966666666667E+009,-2.708782907575369E-003,-7.874150760471821E-004,-2.711376640945673E-003,-6.844705203548074E-004,
2.481000000000000E+009,-2.733211265876889E-003,-6.466317572630942E-004,-2.757848240435123E-003,-6.179875927045941E-004,
2.481033333333334E+009,-2.771476283669472E-003,-5.661646137014031E-004,-2.783355303108692E-003,-5.509646725840867E-004,
2.481066666666667E+009,-2.767300698906183E-003,-5.306341918185353E-004,-2.777905669063330E-003,-5.436636274680495E-004,
2.481100000000000E+009,-2.791668055579066E-003,-4.129211010877043E-004,-2.814633073285222E-003,-4.153144254814833E-004,
2.481133333333334E+009,-2.762923482805491E-003,-4.554063489194959E-004,-2.818455919623375E-003,-3.831392969004810E-004,
2.481166666666667E+009,-2.757598645985127E-003,-3.186960530001670E-004,-2.819471526890993E-003,-2.803624665830284E-004,
2.481200000000000E+009,-2.828431082889438E-003,-2.444189449306577E-004,-2.821391681209207E-003,-1.930315629579127E-004,
2.481233333333334E+009,-2.796553308144212E-003,-1.313511602347717E-004,-2.817469416186214E-003,-1.336195127805695E-004,
2.481266666666667E+009,-2.835088409483433E-003,-7.768062641844153E-005,-2.875403501093388E-003,-3.344045398989692E-005,
2.481300000000000E+009,-2.806237433105707E-003,4.623419226845726E-005,-2.863873960450292E-003,-2.366784974583425E-005,
2.481333333333334E+009,-2.844227710738778E-003,5.980539935990237E-005,-2.891460666432977E-003,8.755984890740365E-005,
2.481366666666667E+009,-2.849146723747253E-003,8.108936162898317E-005,-2.887395676225424E-003,1.016071255435236E-004,
2.481400000000000E+009,-2.872494515031576E-003,2.055033692158759E-004,-2.889595692977309E-003,2.007952716667205E-004,
2.481433333333334E+009,-2.844227012246847E-003,2.682289632502943E-004,-2.842525951564312E-003,2.582317974884063E-004,
2.481466666666667E+009,-2.797327004373074E-003,3.303061239421368E-004,-2.873661927878857E-003,3.279308148194104E-004,
2.481500000000000E+009,-2.780269831418991E-003,4.267237090971321E-004,-2.885402878746390E-003,4.054959572385997E-004,
2.481533333333334E+009,-2.757859649136663E-003,4.526008269749582E-004,-2.842554124072194E-003,4.515534092206508E-004,
2.481566666666667E+009,-2.811807440593839E-003,5.677914014086127E-004,-2.848896663635969E-003,5.711395642720163E-004,
2.481600000000000E+009,-2.782172756269574E-003,5.962625145912170E-004,-2.800077665597200E-003,6.242265808396041E-004,
2.481633333333334E+009,-2.766274847090244E-003,6.456144619733095E-004,-2.746025100350380E-003,6.890270742587745E-004,
2.481666666666667E+009,-2.773502608761191E-003,7.717441185377538E-004,-2.740188501775265E-003,7.623381679877639E-004,
2.481700000000000E+009,-2.729303436353803E-003,7.818346493877471E-004,-2.790102967992425E-003,8.587298798374832E-004,
2.481733333333334E+009,-2.686101943254471E-003,8.611497469246388E-004,-2.713639056310058E-003,8.639895822852850E-004,
2.481766666666667E+009,-2.724117133766413E-003,9.077803115360439E-004,-2.707612700760365E-003,9.721912210807204E-004,
2.481800000000000E+009,-2.684006700292230E-003,9.768883464857936E-004,-2.735764719545841E-003,9.897961281239986E-004,
2.481833333333334E+009,-2.686922904103994E-003,1.053638989105821E-003,-2.672266680747271E-003,1.081586233340204E-003,
2.481866666666667E+009,-2.618902362883091E-003,1.067248871549964E-003,-2.650142647325993E-003,1.107499818317592E-003,
2.481900000000000E+009,-2.610447350889444E-003,1.235484261997044E-003,-2.619509585201740E-003,1.176554942503572E-003,
2.481933333333334E+009,-2.567309420555830E-003,1.182700973004103E-003,-2.612118609249592E-003,1.208096859045327E-003,
2.481966666666667E+009,-2.556242980062962E-003,1.282275188714266E-003,-2.541250083595514E-003,1.282829674892128E-003,
2.482000000000000E+009,-2.564666559919715E-003,1.284991856664419E-003,-2.465514000505209E-003,1.370876096189022E-003,
2.482033333333334E+009,-2.464555203914642E-003,1.407448668032885E-003,-2.496093278750777E-003,1.417807885445654E-003,
2.482066666666667E+009,-2.453114371746779E-003,1.424737391062081E-003,-2.441418124362826E-003,1.431137672625482E-003,
2.482100000000000E+009,-2.426295541226864E-003,1.527419895865023E-003,-2.373027848079801E-003,1.511603593826294E-003,
2.482133333333334E+009,-2.358958590775728E-003,1.586715341545641E-003,-2.368164015933871E-003,1.597417984157801E-003,
2.482166666666667E+009,-2.328858710825443E-003,1.563696889206767E-003,-2.397136762738228E-003,1.587687758728862E-003,
2.482200000000000E+009,-2.266478724777699E-003,1.599866314791143E-003,-2.327664755284786E-003,1.609984203241766E-003,
2.482233333333334E+009,-2.284173155203462E-003,1.647304394282401E-003,-2.267387462779880E-003,1.712116645649076E-003,
2.482266666666667E+009,-2.194455824792385E-003,1.675237203016877E-003,-2.221372677013278E-003,1.773362513631582E-003,
2.482300000000000E+009,-2.215902786701918E-003,1.779115293174982E-003,-2.145415637642145E-003,1.756754121743143E-003,
2.482333333333334E+009,-2.195355482399464E-003,1.721425913274288E-003,-2.147540217265487E-003,1.797155709937215E-003,
2.482366666666667E+009,-2.115102950483561E-003,1.788441906683147E-003,-2.119038254022598E-003,1.789348549209535E-003,
2.482400000000000E+009,-2.081545069813728E-003,1.839230768382549E-003,-2.079569501802325E-003,1.893148757517338E-003,
2.482433333333334E+009,-2.015948994085193E-003,1.880147494375706E-003,-2.018119441345334E-003,1.919263391755521E-003,
2.482466666666667E+009,-2.005730988457799E-003,1.954470295459032E-003,-1.987589756026864E-003,1.994869671761990E-003,
2.482500000000000E+009,-1.957683824002743E-003,1.997427782043815E-003,-1.898623886518180E-003,1.996734412387013E-003,
2.482533333333334E+009,-1.880828640423715E-003,2.116864547133446E-003,-1.846232102252543E-003,2.140696393325925E-003,
2.482566666666667E+009,-1.813014270737767E-003,2.175586065277457E-003,-1.837472082115710E-003,2.198524074628949E-003,
2.482600000000000E+009,-1.763767679221928E-003,2.217080444097519E-003,-1.767952460795641E-003,2.225645817816258E-003,
2.482633333333334E+009,-1.677796710282564E-003,2.282077679410577E-003,-1.744228764437139E-003,2.300182823091745E-003,
2.482666666666667E+009,-1.617950503714383E-003,2.279921201989055E-003,-1.626179669983685E-003,2.339245285838842E-003,
2.482700000000000E+009,-1.560650300234556E-003,2.357879187911749E-003,-1.582525321282446E-003,2.350867260247469E-003,
2.482733333333334E+009,-1.529597328044474E-003,2.379848621785641E-003,-1.527733169496059E-003,2.379366662353277E-003,
2.482766666666667E+009,-1.468264032155275E-003,2.443554112687707E-003,-1.492799259722233E-003,2.492995234206319E-003,
2.482800000000000E+009,-1.403999980539084E-003,2.495187567546964E-003,-1.358771231025457E-003,2.479023765772581E-003,
2.482833333333334E+009,-1.334029133431613E-003,2.484812401235104E-003,-1.381483511067927E-003,2.503255382180214E-003,
2.482866666666667E+009,-1.292794826440513E-003,2.550588222220540E-003,-1.275877351872623E-003,2.560799708589912E-003,
2.482900000000000E+009,-1.273146481253207E-003,2.505084732547402E-003,-1.163619337603450E-003,2.583965659141541E-003,
2.482933333333334E+009,-1.164966262876988E-003,2.586542628705502E-003,-1.115894643589854E-003,2.664880128577352E-003,
2.482966666666667E+009,-1.117167994379997E-003,2.647245302796364E-003,-1.109202741645277E-003,2.648183377459645E-003,
2.483000000000000E+009,-1.076917513273656E-003,2.624607644975185E-003,-1.012205961160362E-003,2.643869724124670E-003,
2.483033333333334E+009,-9.928412036970258E-004,2.731498098000884E-003,-1.013492466881871E-003,2.728481777012348E-003,
2.483066666666667E+009,-9.202582878060639E-004,2.716280054301024E-003,-9.015603573061526E-004,2.752717118710280E-003,
2.483100000000000E+009,-7.955392356961966E-004,2.721947152167559E-003,-8.233730914071202E-004,2.718592295423150E-003,
2.483133333333334E+009,-8.281641057692468E-004,2.742291428148747E-003,-7.450158009305596E-004,2.790688304230571E-003,
2.483166666666667E+009,-7.146304124034941E-004,2.744764322414994E-003,-6.942832842469215E-004,2.827852498739958E-003,
2.483200000000000E+009,-6.598961190320551E-004,2.816721564158797E-003,-6.215329631231725E-004,2.857262035831809E-003,
2.483233333333334E+009,-5.111907958053052E-004,2.817622618749738E-003,-5.665189237333834E-004,2.819329965859652E-003,
2.483266666666667E+009,-5.000024102628231E-004,2.830880694091320E-003,-4.967720014974475E-004,2.812617225572467E-003,
2.483300000000000E+009,-4.549566656351090E-004,2.817782340571284E-003,-4.586170834954828E-004,2.858260413631797E-003,
2.483333333333334E+009,-4.246486350893974E-004,2.859482541680336E-003,-3.923351177945733E-004,2.831634599715471E-003,
2.483366666666667E+009,-2.977299736812711E-004,2.825995208695531E-003,-2.687413361854851E-004,2.877099439501762E-003,
2.483400000000000E+009,-2.634260745253414E-004,2.902182284742594E-003,-2.540328423492611E-004,2.835284685716033E-003,
2.483433333333334E+009,-1.687343610683456E-004,2.905783941969276E-003,-1.690313802100718E-004,2.855307422578335E-003,
2.483466666666667E+009,-1.546870480524376E-004,2.876466140151024E-003,-8.265044743893668E-005,2.883550478145480E-003,
2.483500000000000E+009,-9.418036643182859E-005,2.860407577827573E-003,-4.374054333311506E-005,2.971940441057086E-003,
2.483533333333334E+009,2.101892096106894E-005,2.860087901353836E-003,3.039594957954250E-005,2.873603720217943E-003,
2.483566666666667E+009,7.257334800669923E-005,2.869975520297885E-003,8.153631642926484E-005,2.799691632390022E-003,
2.483600000000000E+009,1.312264212174341E-004,2.795541193336248E-003,1.594895293237642E-004,2.870730357244611E-003,
2.483633333333334E+009,1.961759262485430E-004,2.860987558960915E-003,2.242436894448474E-004,2.840483561158180E-003,
2.483666666666667E+009,2.596408012323082E-004,2.808030694723129E-003,2.867852454073727E-004,2.852696692571044E-003,
2.483700000000000E+009,3.420106950215995E-004,2.796862972900271E-003,3.284219419583678E-004,2.816468244418502E-003,
2.483733333333334E+009,3.585629165172577E-004,2.797014312818646E-003,4.467529070097953E-004,2.793003339320421E-003,
2.483766666666667E+009,4.315155965741724E-004,2.797853900119662E-003,4.658212419599295E-004,2.830988029018045E-003,
2.483800000000000E+009,5.248685483820736E-004,2.763400319963694E-003,5.422778194770217E-004,2.789138350635767E-003,
2.483833333333334E+009,5.214710836298764E-004,2.817948814481497E-003,5.643933545798063E-004,2.784518059343100E-003,
2.483866666666667E+009,5.524002481251955E-004,2.702124882489443E-003,5.447557196021080E-004,2.730008680373430E-003,
2.483900000000000E+009,6.123441853560507E-004,2.707448089495301E-003,6.391560309566557E-004,2.741495845839381E-003,
2.483933333333334E+009,6.641657673753798E-004,2.734067151322961E-003,6.246209377422929E-004,2.709744963794947E-003,
2.483966666666667E+009,6.889508804306388E-004,2.717267023399472E-003,7.003027712926269E-004,2.688172738999128E-003,
2.484000000000000E+009,7.497560000047088E-004,2.713744528591633E-003,7.807363290339708E-004,2.733581932261586E-003,
2.484033333333334E+009,8.046842413023114E-004,2.698024734854698E-003,8.727968088351190E-004,2.660393249243498E-003,
2.484066666666667E+009,9.034858085215092E-004,2.660175785422325E-003,9.162650676444173E-004,2.704888116568327E-003,
2.484100000000000E+009,9.786055888980627E-004,2.583674853667617E-003,1.067380420863628E-003,2.632768824696541E-003,
2.484133333333334E+009,1.012295833788812E-003,2.603246131911874E-003,1.195028773508966E-003,2.578413346782327E-003,
2.484166666666667E+009,1.122100744396448E-003,2.534227212890983E-003,1.147489878349006E-003,2.530651167035103E-003,
2.484200000000000E+009,1.224878011271358E-003,2.508533420041204E-003,1.259311917237938E-003,2.523168688639998E-003,
2.484233333333334E+009,1.268792198970914E-003,2.483479212969542E-003,1.302252407185733E-003,2.524293260648847E-003,
2.484266666666667E+009,1.360808033496141E-003,2.555280923843384E-003,1.387843862175942E-003,2.455835929140449E-003,
2.484300000000000E+009,1.461697509512305E-003,2.492937259376049E-003,1.471115043386817E-003,2.395540941506624E-003,
2.484333333333334E+009,1.480680541135371E-003,2.426275983452797E-003,1.492448383942246E-003,2.433232730254531E-003,
2.484366666666667E+009,1.518782577477396E-003,2.340187318623066E-003,1.539126853458583E-003,2.378862351179123E-003,
2.484400000000000E+009,1.621876726858318E-003,2.322905929759145E-003,1.648302306421101E-003,2.336582634598017E-003,
2.484433333333334E+009,1.633507432416081E-003,2.334290416911244E-003,1.661609509028494E-003,2.279857173562050E-003,
2.484466666666667E+009,1.724262372590601E-003,2.214752603322268E-003,1.732718665152788E-003,2.238081768155098E-003,
2.484500000000000E+009,1.777700264938176E-003,2.194396220147610E-003,1.789833186194301E-003,2.222735201939941E-003,
2.484533333333334E+009,1.798366545699537E-003,2.176242414861918E-003,1.838386757299304E-003,2.174952067434788E-003,
2.484566666666667E+009,1.795277581550181E-003,2.120802644640207E-003,1.888214377686381E-003,2.056286204606295E-003,
2.484600000000000E+009,1.927405013702810E-003,2.102816477417946E-003,1.925467746332288E-003,2.079708734527230E-003,
2.484633333333334E+009,1.953155500814319E-003,2.060357714071870E-003,1.968438969925046E-003,2.029560273513198E-003,
2.484666666666667E+009,1.977124484255910E-003,2.008919604122639E-003,2.032978693023324E-003,1.985309645533562E-003,
2.484700000000000E+009,2.029509283602238E-003,1.949806581251323E-003,2.073877491056919E-003,1.911104540340602E-003,
2.484733333333334E+009,2.117766765877605E-003,1.870884909294546E-003,2.094696043059230E-003,1.859314274042845E-003,
2.484766666666667E+009,2.170178806409240E-003,1.843130565248430E-003,2.211739774793387E-003,1.843674341216683E-003,
2.484800000000000E+009,2.165348734706640E-003,1.766049419529736E-003,2.222641371190548E-003,1.784973312169313E-003,
2.484833333333334E+009,2.240969799458981E-003,1.726192072965205E-003,2.250146819278598E-003,1.730236341245472E-003,
2.484866666666667E+009,2.230497542768717E-003,1.678404631093144E-003,2.259082859382033E-003,1.683868234977126E-003,
2.484900000000000E+009,2.319175284355879E-003,1.603862270712853E-003,2.340090461075306E-003,1.607953803613782E-003,
2.484933333333334E+009,2.341541694477201E-003,1.602703356184065E-003,2.368817571550608E-003,1.552865491248667E-003,
2.484966666666667E+009,2.374457195401192E-003,1.500633312389255E-003,2.406167797744274E-003,1.505751977674663E-003,
2.485000000000000E+009,2.453102963045239E-003,1.465035835281014E-003,2.423141384497285E-003,1.435030600987375E-003,
2.485033333333334E+009,2.411176217719913E-003,1.388751436024904E-003,2.410842105746269E-003,1.436740159988403E-003,
2.485066666666667E+009,2.403874881565571E-003,1.357991830445826E-003,2.479644725099206E-003,1.313984510488808E-003,
2.485100000000000E+009,2.467354526743293E-003,1.266482984647155E-003,2.434282563626766E-003,1.306056161411107E-003,
2.485133333333334E+009,2.502468880265951E-003,1.231785048730671E-003,2.536074956879020E-003,1.257589785382152E-003,
2.485166666666667E+009,2.509294077754021E-003,1.138487132266164E-003,2.518146764487028E-003,1.141452230513096E-003,
2.485200000000000E+009,2.516861539334059E-003,1.123576075769961E-003,2.571525052189827E-003,1.108817290514708E-003,
2.485233333333334E+009,2.627507084980607E-003,1.056020613759756E-003,2.602432854473591E-003,1.103911432437599E-003,
2.485266666666667E+009,2.607141388580203E-003,1.025964622385800E-003,2.690437715500593E-003,1.025260193273425E-003,
2.485300000000000E+009,2.625360852107406E-003,9.823854779824615E-004,2.635435201227665E-003,9.529641247354448E-004,
2.485333333333334E+009,2.574776299297810E-003,9.176815510727465E-004,2.602913416922092E-003,9.092699037864804E-004,
2.485366666666667E+009,2.680356847122312E-003,8.647941867820919E-004,2.657056320458651E-003,8.343215449713171E-004,
2.485400000000000E+009,2.661156468093395E-003,8.558827103115618E-004,2.667728345841169E-003,7.822898332960904E-004,
2.485433333333334E+009,2.669288543984294E-003,7.645484292879701E-004,2.675580326467753E-003,7.939679780974984E-004,
2.485466666666667E+009,2.700149081647396E-003,7.357265567407012E-004,2.693404210731387E-003,8.125772001221776E-004,
2.485500000000000E+009,2.707690699025989E-003,7.448007236234844E-004,2.711425768211484E-003,7.238002144731581E-004,
2.485533333333334E+009,2.766394754871726E-003,7.101819501258433E-004,2.722771605476737E-003,6.321244291029871E-004,
2.485566666666667E+009,2.735193818807602E-003,5.815405747853220E-004,2.747501712292433E-003,6.008267519064248E-004,
2.485600000000000E+009,2.731525339186192E-003,5.245360662229359E-004,2.773469081148505E-003,4.913747543469071E-004,
2.485633333333334E+009,2.723246347159147E-003,3.978191816713661E-004,2.775574335828424E-003,3.966635267715901E-004,
2.485666666666667E+009,2.727682469412684E-003,3.382431168574840E-004,2.769735176116228E-003,2.795378095470369E-004,
2.485700000000000E+009,2.775035100057721E-003,2.808081044349819E-004,2.795281587168574E-003,1.887022081064060E-004,
2.485733333333334E+009,2.787373960018158E-003,1.551569002913311E-004,2.766280667856336E-003,1.268454507226124E-004,
2.485766666666667E+009,2.769883256405592E-003,7.711829675827175E-005,2.726640785112977E-003,3.020575059053954E-005,
2.485800000000000E+009,2.777609275653958E-003,4.151255052420311E-005,2.846738556399941E-003,-3.300224489066750E-005,
2.485833333333334E+009,2.784934593364596E-003,-3.047579048143234E-005,2.841868670657277E-003,-3.400686546228826E-005,
2.485866666666667E+009,2.836458617821336E-003,-1.211720809806138E-004,2.778422785922885E-003,-1.440600462956354E-004,
2.485900000000000E+009,2.842496382072568E-003,-1.580315583851188E-004,2.763484371826053E-003,-1.687995390966535E-004,
2.485933333333334E+009,2.775570144876838E-003,-2.522740105632693E-004,2.807253738865256E-003,-2.911873743869364E-004,
2.485966666666667E+009,2.777215326204896E-003,-2.940717677120119E-004,2.773377345874906E-003,-3.611455904319882E-004,
2.486000000000000E+009,2.790191676467657E-003,-3.288243606220931E-004,2.751555759459734E-003,-4.307260969653726E-004,
2.486033333333334E+009,2.763519994914532E-003,-4.724494647234678E-004,2.718867035582662E-003,-4.791759129147977E-004,
2.486066666666667E+009,2.738699549809098E-003,-5.152010708115995E-004,2.734951209276915E-003,-5.639740847982466E-004,
2.486100000000000E+009,2.777500776574016E-003,-5.876015638932586E-004,2.735083224251866E-003,-6.905258051119745E-004,
2.486133333333334E+009,2.746819285675883E-003,-6.781584816053510E-004,2.751910127699375E-003,-7.031609420664609E-004,
2.486166666666667E+009,2.694908762350678E-003,-7.395364227704704E-004,2.699892967939377E-003,-7.252205978147686E-004,
2.486200000000000E+009,2.730710664764047E-003,-8.513065986335278E-004,2.676209900528193E-003,-8.173848618753254E-004,
2.486233333333334E+009,2.730984007939696E-003,-8.014352642931044E-004,2.696781884878874E-003,-8.729290566407144E-004,
2.486266666666667E+009,2.634731587022543E-003,-8.336952887475491E-004,2.699448261409998E-003,-9.600479970686138E-004,
2.486300000000000E+009,2.571620047092438E-003,-9.743676055222750E-004,2.675526076927781E-003,-1.038545393384993E-003,
2.486333333333334E+009,2.577889477834106E-003,-1.020994619466364E-003,2.609763760119677E-003,-1.046324847266078E-003,
2.486366666666667E+009,2.588155912235379E-003,-1.079490059055388E-003,2.549051307141781E-003,-1.069844933226705E-003,
2.486400000000000E+009,2.528934273868799E-003,-1.184513443149626E-003,2.600376261398196E-003,-1.116917934268713E-003,
2.486433333333334E+009,2.533491002395749E-003,-1.189348986372352E-003,2.531888661906123E-003,-1.221846090629697E-003,
2.486466666666667E+009,2.508425386622548E-003,-1.301661366596818E-003,2.444953192025423E-003,-1.279268297366798E-003,
2.486500000000000E+009,2.436565002426505E-003,-1.314598950557411E-003,2.430010586977005E-003,-1.365982810966671E-003,
2.486533333333334E+009,2.463263459503651E-003,-1.383701572194696E-003,2.384799299761653E-003,-1.394277671352029E-003,
2.486566666666667E+009,2.386359497904778E-003,-1.465377747081220E-003,2.365232445299625E-003,-1.411344623193145E-003,
2.486600000000000E+009,2.341570099815726E-003,-1.541098929010332E-003,2.403129125013948E-003,-1.464124303311110E-003,
2.486633333333334E+009,2.372941235080361E-003,-1.538713579066098E-003,2.413039095699787E-003,-1.537299947813153E-003,
2.486666666666667E+009,2.301575150340796E-003,-1.562875113449991E-003,2.289611846208572E-003,-1.659514964558184E-003,
2.486700000000000E+009,2.276309300214052E-003,-1.608781982213259E-003,2.272586338222027E-003,-1.661508111283183E-003,
2.486733333333334E+009,2.207902027294040E-003,-1.686594914644957E-003,2.207470359280706E-003,-1.652629463933408E-003,
2.486766666666667E+009,2.195668173953891E-003,-1.753523130901158E-003,2.149788429960609E-003,-1.765749300830066E-003,
2.486800000000000E+009,2.154619898647070E-003,-1.782351755537093E-003,2.126547507941723E-003,-1.755979144945741E-003,
2.486833333333334E+009,2.148768631741405E-003,-1.846772269345820E-003,2.101193415001035E-003,-1.847468432970345E-003,
2.486866666666667E+009,2.052796073257923E-003,-1.869403989985585E-003,2.043783897534013E-003,-1.892605563625693E-003,
2.486900000000000E+009,2.005801303312182E-003,-1.916921697556973E-003,2.014968777075410E-003,-1.970887882634997E-003,
2.486933333333334E+009,1.973235048353672E-003,-1.933220773935318E-003,1.951970858499408E-003,-1.958201872184873E-003,
2.486966666666667E+009,1.974939601495862E-003,-1.942618633620441E-003,1.878830371424556E-003,-2.018801169469953E-003,
2.487000000000000E+009,1.866289880126715E-003,-2.057709032669663E-003,1.884367899037898E-003,-1.983345719054341E-003,
2.487033333333334E+009,1.842165715061128E-003,-1.981673995032907E-003,1.884791650809348E-003,-2.003901638090611E-003,
2.487066666666667E+009,1.890830229967833E-003,-2.060007071122527E-003,1.828311826102436E-003,-2.054112497717142E-003,
2.487100000000000E+009,1.822444261051714E-003,-2.067591063678265E-003,1.859534066170454E-003,-2.130811801180244E-003,
2.487133333333334E+009,1.713854027912021E-003,-2.089113928377628E-003,1.790787559002638E-003,-2.173949033021927E-003,
2.487166666666667E+009,1.756321056745946E-003,-2.188312588259578E-003,1.736965030431747E-003,-2.172482898458839E-003,
2.487200000000000E+009,1.685712020844221E-003,-2.239655703306198E-003,1.640983507968485E-003,-2.187480451539159E-003,
2.487233333333334E+009,1.603510114364326E-003,-2.273194724693894E-003,1.553043839521706E-003,-2.278979634866118E-003,
2.487266666666667E+009,1.511335489340127E-003,-2.350589027628303E-003,1.471040188334882E-003,-2.315799472853541E-003,
2.487300000000000E+009,1.477254205383360E-003,-2.391691319644451E-003,1.472812844440341E-003,-2.372978953644633E-003,
2.487333333333334E+009,1.427158480510116E-003,-2.397467615082860E-003,1.366285141557455E-003,-2.440671203657985E-003,
2.487366666666667E+009,1.351347542367876E-003,-2.470887033268809E-003,1.372029539197683E-003,-2.411566441878676E-003,
2.487400000000000E+009,1.230855355970562E-003,-2.456438727676868E-003,1.275219488888979E-003,-2.445566467940807E-003,
2.487433333333334E+009,1.227194210514426E-003,-2.494482556357980E-003,1.166069763712585E-003,-2.505850978195667E-003,
2.487466666666667E+009,1.168703078292310E-003,-2.503052819520235E-003,1.111861434765160E-003,-2.567244926467538E-003,
2.487500000000000E+009,1.040349598042667E-003,-2.551077166572213E-003,1.086845179088414E-003,-2.594404155388475E-003,
2.487533333333334E+009,9.663406526669860E-004,-2.637162338942289E-003,1.022626762278378E-003,-2.606263151392341E-003,
2.487566666666667E+009,9.490073425695300E-004,-2.607628703117371E-003,8.882441907189786E-004,-2.663005841895938E-003,
2.487600000000000E+009,9.092279360629618E-004,-2.626166213303804E-003,8.408099529333413E-004,-2.648173598572612E-003,
2.487633333333334E+009,7.883190992288292E-004,-2.659328049048781E-003,8.161497535184026E-004,-2.580704400315881E-003,
2.487666666666667E+009,7.616588263772428E-004,-2.618559403344989E-003,7.454336155205965E-004,-2.685400890186429E-003,
2.487700000000000E+009,6.909714429639280E-004,-2.682138001546264E-003,7.047756225802004E-004,-2.721894532442093E-003,
2.487733333333334E+009,6.208617705851793E-004,-2.726043108850718E-003,6.352435448206961E-004,-2.708156593143940E-003,
2.487766666666667E+009,5.916326190344989E-004,-2.712114714086056E-003,6.125018699094653E-004,-2.755100838840008E-003,
2.487800000000000E+009,5.593656678684056E-004,-2.727487590163946E-003,4.993234178982675E-004,-2.753197681158781E-003,
2.487833333333334E+009,4.480672942008823E-004,-2.721025375649333E-003,4.294861573725939E-004,-2.765590557828546E-003,
2.487866666666667E+009,3.759557730518282E-004,-2.726438455283642E-003,3.927836078219116E-004,-2.748318947851658E-003,
2.487900000000000E+009,3.172515425831080E-004,-2.798198722302914E-003,2.886353177018464E-004,-2.745030447840691E-003,
2.487933333333334E+009,2.294326550327241E-004,-2.760422881692648E-003,2.578937273938209E-004,-2.723403740674257E-003,
2.487966666666667E+009,1.591885957168415E-004,-2.774409716948867E-003,1.254376402357593E-004,-2.820792375132442E-003,
2.488000000000000E+009,1.691586221568286E-004,-2.738153329119086E-003,5.957698522252031E-005,-2.791603561490774E-003,
2.488033333333334E+009,-9.883602615445852E-006,-2.777706366032362E-003,3.268277941970155E-005,-2.748023252934218E-003,
2.488066666666667E+009,-6.781798583688214E-005,-2.790180733427405E-003,1.687862823018804E-005,-2.752439351752400E-003,
2.488100000000000E+009,-1.168651579064317E-004,-2.819967688992620E-003,-5.807678826386109E-005,-2.825020113959909E-003,
2.488133333333334E+009,-7.687073957640678E-005,-2.746800426393747E-003,-2.020287502091378E-004,-2.772298641502857E-003,
2.488166666666667E+009,-2.143325400538743E-004,-2.752050524577498E-003,-1.725922047626227E-004,-2.798368223011494E-003,
2.488200000000000E+009,-2.805092663038522E-004,-2.742333803325892E-003,-2.921882551163435E-004,-2.791723702102900E-003,
2.488233333333334E+009,-3.337160160299391E-004,-2.806228818371892E-003,-2.955254458356649E-004,-2.773558720946312E-003,
2.488266666666667E+009,-4.145144775975496E-004,-2.770645311102271E-003,-3.912870306521654E-004,-2.720089629292488E-003,
2.488300000000000E+009,-4.193820641376078E-004,-2.718275180086494E-003,-4.362904583103955E-004,-2.780149457976222E-003,
2.488333333333334E+009,-5.209111259318888E-004,-2.747135004028678E-003,-5.406815907917917E-004,-2.758928807452321E-003,
2.488366666666667E+009,-5.724347429350019E-004,-2.690844703465700E-003,-5.562314763665199E-004,-2.728036139160395E-003,
2.488400000000000E+009,-6.488594226539135E-004,-2.728508086875081E-003,-6.023233872838318E-004,-2.675030147656798E-003,
2.488433333333334E+009,-6.986988591961563E-004,-2.700770739465952E-003,-6.892686942592263E-004,-2.735900226980448E-003,
2.488466666666667E+009,-6.843890878371894E-004,-2.607943257316947E-003,-7.235560915432870E-004,-2.681515645235777E-003,
2.488500000000000E+009,-7.510086870752275E-004,-2.623416017740965E-003,-7.606502040289342E-004,-2.653053961694241E-003,
2.488533333333334E+009,-8.468441665172577E-004,-2.630850300192833E-003,-9.099714807234705E-004,-2.657625591382384E-003,
2.488566666666667E+009,-8.860599482432008E-004,-2.603415166959167E-003,-8.718807948753238E-004,-2.637316007167101E-003,
2.488600000000000E+009,-9.368240134790540E-004,-2.640025923028588E-003,-9.298576624132693E-004,-2.588761737570167E-003,
2.488633333333334E+009,-9.808365721255541E-004,-2.648055320605636E-003,-9.941112948581576E-004,-2.621005987748504E-003,
2.488666666666667E+009,-9.826967725530267E-004,-2.619229722768068E-003,-1.009080791845918E-003,-2.642662730067968E-003,
2.488700000000000E+009,-1.102136913686991E-003,-2.546841045841575E-003,-1.069734105840325E-003,-2.616548212245107E-003,
2.488733333333334E+009,-1.157405553385615E-003,-2.541323890909553E-003,-1.147840637713671E-003,-2.530338009819388E-003,
2.488766666666667E+009,-1.163451583124697E-003,-2.493746811524034E-003,-1.215620897710323E-003,-2.502073533833027E-003,
2.488800000000000E+009,-1.290728454478085E-003,-2.437228104099631E-003,-1.282930606976152E-003,-2.491522114723921E-003,
2.488833333333334E+009,-1.338265486992896E-003,-2.419034251943231E-003,-1.362778362818062E-003,-2.413993002846837E-003,
2.488866666666667E+009,-1.405760296620429E-003,-2.369299298152328E-003,-1.422000001184642E-003,-2.357691526412964E-003,
2.488900000000000E+009,-1.460206462070346E-003,-2.276599407196045E-003,-1.483540399931371E-003,-2.279219450429082E-003,
2.488933333333334E+009,-1.542935846373439E-003,-2.264372538775206E-003,-1.544905710034072E-003,-2.269646385684609E-003,
2.488966666666667E+009,-1.573213725350797E-003,-2.200940158218145E-003,-1.613503787666559E-003,-2.264509676024318E-003,
2.489000000000000E+009,-1.634629326872528E-003,-2.186403842642903E-003,-1.598824281245470E-003,-2.195188542827964E-003,
2.489033333333334E+009,-1.752502517774701E-003,-2.200674964115024E-003,-1.709081698209047E-003,-2.172095235437155E-003,
2.489066666666667E+009,-1.765292487107217E-003,-2.103466074913740E-003,-1.755938166752458E-003,-2.118257572874427E-003,
2.489100000000000E+009,-1.780869904905558E-003,-2.049091970548034E-003,-1.846743398346007E-003,-2.088918816298246E-003,
2.489133333333334E+009,-1.837347284890711E-003,-2.079810947179794E-003,-1.885088044218719E-003,-2.051313174888492E-003,
2.489166666666667E+009,-1.872493885457516E-003,-1.982696820050478E-003,-1.932298764586449E-003,-1.978019718080759E-003,
2.489200000000000E+009,-1.976287690922618E-003,-1.963214715942740E-003,-1.953674713149667E-003,-1.902602962218225E-003,
2.489233333333334E+009,-1.984221395105124E-003,-1.810115296393633E-003,-1.996703445911408E-003,-1.864447956904769E-003,
2.489266666666667E+009,-2.053857548162341E-003,-1.839365111663938E-003,-2.065475331619382E-003,-1.857225201092660E-003,
2.489300000000000E+009,-2.133361762389541E-003,-1.794347655959427E-003,-2.098950324580073E-003,-1.747697126120329E-003,
2.489333333333334E+009,-2.171703614294529E-003,-1.742497435770929E-003,-2.168246079236269E-003,-1.703113433904946E-003,
2.489366666666667E+009,-2.236145082861185E-003,-1.614146400243044E-003,-2.200737595558167E-003,-1.705353381112218E-003,
2.489400000000000E+009,-2.143366727977991E-003,-1.624687109142542E-003,-2.214771928265691E-003,-1.624865108169615E-003,
2.489433333333334E+009,-2.247766824439168E-003,-1.573594636283815E-003,-2.209095750004053E-003,-1.558448653668165E-003,
2.489466666666667E+009,-2.235576510429382E-003,-1.585122663527727E-003,-2.328813076019287E-003,-1.535241957753897E-003,
2.489500000000000E+009,-2.289809053763747E-003,-1.545949489809573E-003,-2.303449437022209E-003,-1.447963179089129E-003,
2.489533333333334E+009,-2.326200250536203E-003,-1.406123745255172E-003,-2.372073242440820E-003,-1.411967212334275E-003,
2.489566666666667E+009,-2.377270255237818E-003,-1.384311704896390E-003,-2.416067058220506E-003,-1.321049756370485E-003,
2.489600000000000E+009,-2.410975284874439E-003,-1.363468356430531E-003,-2.386878943070769E-003,-1.272463588975370E-003,
2.489633333333334E+009,-2.410219982266426E-003,-1.229907269589603E-003,-2.448199084028602E-003,-1.223222003318369E-003,
2.489666666666667E+009,-2.514373743906617E-003,-1.172520336695015E-003,-2.453803084790707E-003,-1.240829704329372E-003,
2.489700000000000E+009,-2.489760750904679E-003,-1.107437186874449E-003,-2.502436516806483E-003,-1.153127872385085E-003,
2.489733333333334E+009,-2.485248493030667E-003,-1.135007129050791E-003,-2.533124526962638E-003,-1.069257967174053E-003,
2.489766666666667E+009,-2.581282751634717E-003,-1.026679994538426E-003,-2.639743499457836E-003,-1.058205962181091E-003,
2.489800000000000E+009,-2.574386307969689E-003,-9.608091204427183E-004,-2.592306584119797E-003,-9.698974899947643E-004,
2.489833333333334E+009,-2.640366787090898E-003,-8.962287683971226E-004,-2.557481639087200E-003,-8.503085118718445E-004,
2.489866666666667E+009,-2.615585224702954E-003,-8.509149192832410E-004,-2.605821704491973E-003,-8.333649602718651E-004,
2.489900000000000E+009,-2.583684632554650E-003,-7.667265599593520E-004,-2.572019817307591E-003,-8.028513984754682E-004,
2.489933333333334E+009,-2.633870812132955E-003,-7.112097227945924E-004,-2.657450502738357E-003,-7.504842360503972E-004,
2.489966666666667E+009,-2.715200884267688E-003,-7.024614023976028E-004,-2.627793932333589E-003,-6.879664142616093E-004,
2.490000000000000E+009,-2.673736773431301E-003,-6.119513418525457E-004,-2.663475228473544E-003,-5.993774975650013E-004,
2.490033333333334E+009,-2.685396466404200E-003,-5.872959154658020E-004,-2.696564653888345E-003,-5.622868775390089E-004,
2.490066666666667E+009,-2.642336534336209E-003,-4.671644710469991E-004,-2.689485903829336E-003,-4.561814421322197E-004,
2.490100000000000E+009,-2.693719929084182E-003,-4.143062105868012E-004,-2.705659251660109E-003,-4.007474053651094E-004,
2.490133333333334E+009,-2.711080946028233E-003,-4.610898031387478E-004,-2.660945989191532E-003,-3.725717542693019E-004,
2.490166666666667E+009,-2.700959332287312E-003,-3.295831556897610E-004,-2.687500091269612E-003,-3.537482407409698E-004,
2.490200000000000E+009,-2.675589406862855E-003,-3.151240234728903E-004,-2.717616502195597E-003,-2.958827535621822E-004,
2.490233333333334E+009,-2.718999749049544E-003,-2.862859109882265E-004,-2.798119094222784E-003,-2.417584328213707E-004,
2.490266666666667E+009,-2.658237470313907E-003,-2.574042009655386E-004,-2.746413229033351E-003,-2.051253104582429E-004,
2.490300000000000E+009,-2.713217632845044E-003,-1.975786581169814E-004,-2.778776222839952E-003,-1.718309940770268E-004,
2.490333333333334E+009,-2.807773882523179E-003,-7.753407408017665E-005,-2.730675507336855E-003,-1.218757606693544E-004,
2.490366666666667E+009,-2.772636478766799E-003,-5.452356708701700E-005,-2.797201275825501E-003,-1.208038884215057E-005,
2.490400000000000E+009,-2.726915990933776E-003,9.719810623209924E-005,-2.758871298283339E-003,1.144902053056285E-004,
2.490433333333334E+009,-2.772811800241470E-003,1.257679396076128E-004,-2.711647190153599E-003,1.868952967924997E-004,
2.490466666666667E+009,-2.715061884373426E-003,1.964201073860750E-004,-2.712275367230177E-003,1.893811277113855E-004,
2.490500000000000E+009,-2.658758079633117E-003,2.902372216340154E-004,-2.683975500985980E-003,3.037543501704931E-004,
2.490533333333334E+009,-2.648337977007031E-003,3.686425625346601E-004,-2.705161925405264E-003,3.377080429345369E-004,
2.490566666666667E+009,-2.676385920494795E-003,4.013206926174462E-004,-2.680525649338961E-003,4.667443281505257E-004,
2.490600000000000E+009,-2.686695894226432E-003,4.700589634012431E-004,-2.654479350894690E-003,5.191201926209033E-004,
2.490633333333334E+009,-2.624866785481572E-003,5.583972088061273E-004,-2.667641034349799E-003,5.556263495236635E-004,
2.490666666666667E+009,-2.595064463093877E-003,6.417334661819041E-004,-2.691449131816626E-003,7.085226243361831E-004,
2.490700000000000E+009,-2.626269822940230E-003,6.705601699650288E-004,-2.570197684690356E-003,6.916245911270380E-004,
2.490733333333334E+009,-2.591829514130950E-003,7.290341309271753E-004,-2.620021812617779E-003,7.732845842838287E-004,
2.490766666666667E+009,-2.639261074364185E-003,8.283951319754124E-004,-2.609444083645940E-003,8.041485561989248E-004,
2.490800000000000E+009,-2.569345291703939E-003,8.702101767994463E-004,-2.593077020719647E-003,8.807076374068856E-004,
2.490833333333334E+009,-2.581486944109201E-003,9.680564980953932E-004,-2.498300047591329E-003,9.063602774403989E-004,
2.490866666666667E+009,-2.472071209922433E-003,9.726391872391105E-004,-2.552142599597573E-003,9.880188154056668E-004,
2.490900000000000E+009,-2.496411325410008E-003,1.027415040880442E-003,-2.564357593655586E-003,1.072455663233995E-003,
2.490933333333334E+009,-2.484579570591450E-003,1.101049245335162E-003,-2.504852134734392E-003,1.109675155021250E-003,
2.490966666666667E+009,-2.448177197948098E-003,1.139232073910534E-003,-2.437560353428125E-003,1.200119499117136E-003,
2.491000000000000E+009,-2.439811360090971E-003,1.191032002680004E-003,-2.394824521616101E-003,1.259564305655658E-003,
2.491033333333334E+009,-2.366318367421627E-003,1.297219190746546E-003,-2.375391544774175E-003,1.248711836524308E-003,
2.491066666666667E+009,-2.342047402635217E-003,1.321058371104300E-003,-2.356911776587367E-003,1.360934926196933E-003,
2.491100000000000E+009,-2.326396526768804E-003,1.344543532468379E-003,-2.331847092136741E-003,1.421129098162055E-003,
2.491133333333334E+009,-2.289919415488839E-003,1.419431529939175E-003,-2.272251993417740E-003,1.417885650880635E-003,
2.491166666666667E+009,-2.260857261717320E-003,1.490711700171232E-003,-2.219530520960689E-003,1.503633684478700E-003,
2.491200000000000E+009,-2.175792120397091E-003,1.506815198808909E-003,-2.227765042334795E-003,1.537249190732837E-003,
2.491233333333334E+009,-2.160867443308234E-003,1.589490915648639E-003,-2.129751257598400E-003,1.615680870600045E-003,
2.491266666666667E+009,-2.142592333257198E-003,1.624145894311369E-003,-2.123541664332151E-003,1.661183778196573E-003,
2.491300000000000E+009,-2.103557111695409E-003,1.702473964542151E-003,-2.151589374989271E-003,1.707172254100442E-003,
2.491333333333334E+009,-2.054725307971239E-003,1.730435993522406E-003,-2.035456011071801E-003,1.718457089737058E-003,
2.491366666666667E+009,-1.980614615604281E-003,1.771325012668967E-003,-2.009712858125567E-003,1.795163145288825E-003,
2.491400000000000E+009,-2.001648535951972E-003,1.830074121244252E-003,-2.011285629123449E-003,1.834921888075769E-003,
2.491433333333334E+009,-1.916928682476282E-003,1.832032226957381E-003,-1.945803873240948E-003,1.840311684645712E-003,
2.491466666666667E+009,-1.895846566185355E-003,1.909229089505971E-003,-1.904121483676136E-003,1.870269770734012E-003,
2.491500000000000E+009,-1.850359840318561E-003,1.965644070878625E-003,-1.839666510932148E-003,1.965779345482588E-003,
2.491533333333334E+009,-1.785357831977308E-003,1.923892297782004E-003,-1.762848347425461E-003,1.992656849324703E-003,
2.491566666666667E+009,-1.781559316441417E-003,1.999640604481101E-003,-1.768480986356735E-003,2.054884098470211E-003,
2.491600000000000E+009,-1.700359163805842E-003,2.021926455199719E-003,-1.695652841590345E-003,2.041363855823875E-003,
2.491633333333334E+009,-1.680391607806087E-003,2.070203423500061E-003,-1.732898410409689E-003,2.079915953800082E-003,
2.491666666666667E+009,-1.601530238986015E-003,2.114990027621388E-003,-1.661570509895682E-003,2.090480178594589E-003,
2.491700000000000E+009,-1.648825476877391E-003,2.132841851562262E-003,-1.641529728658497E-003,2.136730588972569E-003,
2.491733333333334E+009,-1.585754565894604E-003,2.212866209447384E-003,-1.607076614163816E-003,2.207323443144560E-003,
2.491766666666667E+009,-1.559242373332381E-003,2.187682781368494E-003,-1.552167814224958E-003,2.206681529060006E-003,
2.491800000000000E+009,-1.544447732158005E-003,2.256644656881690E-003,-1.540130935609341E-003,2.264080801978707E-003,
2.491833333333334E+009,-1.506732311099768E-003,2.260300563648343E-003,-1.458245329558849E-003,2.281851600855589E-003,
2.491866666666667E+009,-1.401849323883653E-003,2.341656247153878E-003,-1.431003562174738E-003,2.332491567358375E-003,
2.491900000000000E+009,-1.320027513429523E-003,2.339303027838469E-003,-1.353139407001436E-003,2.386737847700715E-003,
2.491933333333334E+009,-1.326260156929493E-003,2.363177947700024E-003,-1.267386134713888E-003,2.338832942768931E-003,
2.491966666666667E+009,-1.220971229486167E-003,2.368652960285544E-003,-1.206416985951364E-003,2.402360551059246E-003,
2.492000000000000E+009,-1.086012460291386E-003,2.403041580691934E-003,-1.134900725446641E-003,2.406441839411855E-003,
2.492033333333334E+009,-1.077249180525541E-003,2.452953020110726E-003,-1.061706454493105E-003,2.390508772805333E-003,
2.492066666666667E+009,-9.799824329093099E-004,2.467488870024681E-003,-9.995796717703342E-004,2.474162960425019E-003,
2.492100000000000E+009,-9.534980054013431E-004,2.454440109431744E-003,-9.334774804301560E-004,2.516536740586162E-003,
2.492133333333334E+009,-8.805941324681044E-004,2.454216824844480E-003,-8.391661103814840E-004,2.467839978635311E-003,
2.492166666666667E+009,-7.856769370846450E-004,2.502030925825238E-003,-8.421845850534737E-004,2.541243564337492E-003,
2.492200000000000E+009,-7.793484255671501E-004,2.533688908442855E-003,-7.463158108294010E-004,2.547759562730789E-003,
2.492233333333334E+009,-7.144357077777386E-004,2.601523185148835E-003,-6.414761301130056E-004,2.540057757869363E-003,
2.492266666666667E+009,-6.290657911449671E-004,2.552553080022335E-003,-5.864394479431212E-004,2.512358594685793E-003,
2.492300000000000E+009,-5.418148357421160E-004,2.541213529184461E-003,-5.448493175208569E-004,2.550013596192002E-003,
2.492333333333334E+009,-4.797214933205396E-004,2.561733825132251E-003,-4.895060556009412E-004,2.573971869423986E-003,
2.492366666666667E+009,-4.663542786147445E-004,2.605861751362681E-003,-4.090691800229251E-004,2.605176530778408E-003,
2.492400000000000E+009,-3.667009295895696E-004,2.604057546705008E-003,-4.022408684249967E-004,2.567095682024956E-003,
2.492433333333334E+009,-3.064941847696900E-004,2.587101887911558E-003,-3.343700082041323E-004,2.635293873026967E-003,
2.492466666666667E+009,-2.689575194381177E-004,2.601810963824391E-003,-2.199002483393997E-004,2.582759130746126E-003,
2.492500000000000E+009,-1.913071901071817E-004,2.610758412629366E-003,-1.615317305549979E-004,2.612714422866702E-003,
2.492533333333334E+009,-1.811714755604044E-004,2.589378040283918E-003,-1.584347337484360E-004,2.703880891203880E-003,
2.492566666666667E+009,-8.197350689442828E-005,2.617462305352092E-003,-5.569777567870915E-005,2.693728310987353E-003,
2.492600000000000E+009,-3.216507320757955E-005,2.626072382554412E-003,-1.890050953079481E-006,2.623472828418016E-003,
2.492633333333334E+009,7.910675049060956E-005,2.625962020829320E-003,5.281304765958339E-005,2.604568377137184E-003,
2.492666666666667E+009,7.669892511330545E-005,2.649681875482202E-003,1.322431344306096E-004,2.641337923705578E-003,
2.492700000000000E+009,2.087432221742347E-004,2.608689945191145E-003,2.181114105042070E-004,2.653836039826274E-003,
2.492733333333334E+009,2.676303847692907E-004,2.611636649817228E-003,2.283203793922439E-004,2.616435755044222E-003,
2.492766666666667E+009,2.936908567789942E-004,2.512794220820069E-003,2.655579301062971E-004,2.584486035630107E-003,
2.492800000000000E+009,3.208033740520477E-004,2.630736213177443E-003,3.927153593394905E-004,2.617024350911379E-003,
2.492833333333334E+009,3.983239876106381E-004,2.558754291385412E-003,4.220191622152925E-004,2.627969952300191E-003,
2.492866666666667E+009,4.229021724313498E-004,2.520068548619747E-003,4.866452945861965E-004,2.580111380666494E-003,
2.492900000000000E+009,4.458632320165634E-004,2.538610948249698E-003,5.263680941425264E-004,2.552650403231382E-003,
2.492933333333334E+009,5.667341756634414E-004,2.624097047373653E-003,6.337550003081560E-004,2.524459967389703E-003,
2.492966666666667E+009,5.765368696302176E-004,2.518481807783246E-003,6.411887588910759E-004,2.542842179536820E-003,
2.493000000000000E+009,7.102211820892990E-004,2.486811252310872E-003,6.659468053840101E-004,2.500804141163826E-003,
2.493033333333334E+009,7.297475240193307E-004,2.516265027225018E-003,7.256675162352622E-004,2.505874959751964E-003,
2.493066666666667E+009,7.994796615093947E-004,2.434168243780732E-003,7.761614397168160E-004,2.478011185303330E-003,
2.493100000000000E+009,8.372250595130026E-004,2.444578101858497E-003,8.055981015786529E-004,2.508558798581362E-003,
2.493133333333334E+009,9.226109250448644E-004,2.393201459199190E-003,8.587738266214728E-004,2.434378024190664E-003,
2.493166666666667E+009,9.511525859124959E-004,2.449302002787590E-003,9.517817525193095E-004,2.374922623857856E-003,
2.493200000000000E+009,9.836860699579120E-004,2.439268399029970E-003,9.893928654491901E-004,2.399647841230035E-003,
2.493233333333334E+009,1.097967615351081E-003,2.366696950048208E-003,9.944514604285359E-004,2.350899390876293E-003,
2.493266666666667E+009,1.087751938030124E-003,2.310251118615270E-003,1.046141493134201E-003,2.370544942095876E-003,
2.493300000000000E+009,1.120409579016268E-003,2.330661751329899E-003,1.160149695351720E-003,2.352118957787752E-003,
2.493333333333334E+009,1.105047296732664E-003,2.292258897796273E-003,1.119103981181979E-003,2.320230705663562E-003,
2.493366666666667E+009,1.140499371103942E-003,2.295088954269886E-003,1.209801761433482E-003,2.375191543251276E-003,
2.493400000000000E+009,1.241289894096553E-003,2.266240771859884E-003,1.302340417169035E-003,2.254471182823181E-003,
2.493433333333334E+009,1.258409000001848E-003,2.272481797263026E-003,1.277094823308289E-003,2.293395344167948E-003,
2.493466666666667E+009,1.385808805935085E-003,2.332013798877597E-003,1.342994277365506E-003,2.312646480277181E-003,
2.493500000000000E+009,1.491432194598019E-003,2.215873450040817E-003,1.415406819432974E-003,2.189097693189979E-003,
2.493533333333334E+009,1.399352331645787E-003,2.114076167345047E-003,1.487021450884640E-003,2.179120900109410E-003,
2.493566666666667E+009,1.474871882237494E-003,2.144732745364308E-003,1.517446129582822E-003,2.078755060210824E-003,
2.493600000000000E+009,1.593640772625804E-003,2.023529727011919E-003,1.593510271050036E-003,2.072232775390148E-003,
2.493633333333334E+009,1.559562748298049E-003,1.988965319469571E-003,1.614075852558017E-003,2.032388001680374E-003,
2.493666666666667E+009,1.582485856488347E-003,2.013197401538491E-003,1.667613163590431E-003,1.978261861950159E-003,
2.493700000000000E+009,1.713337958790362E-003,1.940224436111748E-003,1.694675534963608E-003,1.919569564051926E-003,
2.493733333333334E+009,1.669169170781970E-003,1.924798823893070E-003,1.751021365635097E-003,1.882562646642327E-003,
2.493766666666667E+009,1.764546614140272E-003,1.849317573942244E-003,1.828639884479344E-003,1.893634092994034E-003,
2.493800000000000E+009,1.807858701795340E-003,1.843374804593623E-003,1.825654529966414E-003,1.784719293937087E-003,
2.493833333333334E+009,1.945061725564301E-003,1.720799366012216E-003,1.907948520965874E-003,1.720967469736934E-003,
2.493866666666667E+009,1.927270903252065E-003,1.773693133145571E-003,1.922858180478215E-003,1.745569519698620E-003,
2.493900000000000E+009,1.926569268107414E-003,1.656662556342781E-003,1.914304681122303E-003,1.686086761765182E-003,
2.493933333333334E+009,1.959522720426321E-003,1.596512040123344E-003,1.989933894947171E-003,1.608463469892740E-003,
2.493966666666667E+009,2.017917344346643E-003,1.578632974997163E-003,2.044486114755273E-003,1.540730241686106E-003,
2.494000000000000E+009,2.085748361423612E-003,1.523863058537245E-003,2.116295043379068E-003,1.526930369436741E-003,
2.494033333333334E+009,2.111189998686314E-003,1.489247544668615E-003,2.112385351210833E-003,1.499328296631575E-003,
2.494066666666667E+009,2.146137878298760E-003,1.431744080036879E-003,2.158825751394033E-003,1.436876715160906E-003,
2.494100000000000E+009,2.175137400627136E-003,1.382491085678339E-003,2.168441656976938E-003,1.359362970106304E-003,
2.494133333333334E+009,2.161205047741532E-003,1.361707574687898E-003,2.146370941773057E-003,1.328175654634833E-003,
2.494166666666667E+009,2.208559075370431E-003,1.303429249674082E-003,2.235820982605219E-003,1.247293315827847E-003,
2.494200000000000E+009,2.242562826722860E-003,1.268087071366608E-003,2.274669473990798E-003,1.245129271410406E-003,
2.494233333333334E+009,2.267758129164577E-003,1.226527616381645E-003,2.263284055516124E-003,1.162859494797885E-003,
2.494266666666667E+009,2.301944419741631E-003,1.169661292806268E-003,2.378665609285235E-003,1.154895639047027E-003,
2.494300000000000E+009,2.279328880831599E-003,1.094453502446413E-003,2.301113912835717E-003,1.072219223715365E-003,
2.494333333333334E+009,2.329946728423238E-003,1.032647327519953E-003,2.379975980147719E-003,1.057663583196700E-003,
2.494366666666667E+009,2.397582167759538E-003,9.914884576573968E-004,2.407516818493605E-003,9.858115809038281E-004,
2.494400000000000E+009,2.377993660047650E-003,9.024735772982240E-004,2.338854130357504E-003,9.255948825739324E-004,
2.494433333333334E+009,2.395886927843094E-003,8.719349279999733E-004,2.399798249825835E-003,8.508000173605979E-004,
2.494466666666667E+009,2.393713686615229E-003,8.543966105207801E-004,2.462660893797875E-003,8.604854810982943E-004,
2.494500000000000E+009,2.415949013084173E-003,7.269152556546032E-004,2.450249390676618E-003,7.907937979325652E-004,
2.494533333333334E+009,2.485872479155660E-003,6.617826875299215E-004,2.483227755874395E-003,7.173499325290322E-004,
2.494566666666667E+009,2.455372596159577E-003,6.362742278724909E-004,2.483202610164881E-003,6.061721360310912E-004,
2.494600000000000E+009,2.482540439814329E-003,5.760591011494398E-004,2.445319434627891E-003,5.864778067916632E-004,
2.494633333333334E+009,2.438542665913701E-003,5.859631346538663E-004,2.475008368492127E-003,4.661579732783139E-004,
2.494666666666667E+009,2.506460994482040E-003,5.460710381157696E-004,2.535983920097351E-003,4.775653651449829E-004,
2.494700000000000E+009,2.504639327526093E-003,4.563794936984778E-004,2.544653369113803E-003,3.882942255586386E-004,
2.494733333333334E+009,2.613430144265294E-003,3.770682669710368E-004,2.535054460167885E-003,3.607748367357999E-004,
2.494766666666667E+009,2.490265294909477E-003,3.233087190892547E-004,2.549661556258798E-003,3.736657672561705E-004,
2.494800000000000E+009,2.577826147899032E-003,3.310450701974332E-004,2.577992854639888E-003,2.716971503105015E-004,
2.494833333333334E+009,2.537066815420985E-003,2.961753634735942E-004,2.555726794525981E-003,3.090003447141498E-004,
2.494866666666667E+009,2.501221839338541E-003,2.595299156382680E-004,2.577601233497262E-003,1.925955293700099E-004,
2.494900000000000E+009,2.627670764923096E-003,2.389956935076043E-004,2.603814238682389E-003,2.116022224072367E-004,
2.494933333333334E+009,2.621812745928764E-003,1.255840179510415E-004,2.664628438651562E-003,6.956181459827349E-005,
2.494966666666667E+009,2.568020718172193E-003,1.426872622687370E-004,2.646512351930141E-003,9.698614303488284E-005,
2.495000000000000E+009,2.602540655061603E-003,-7.235138764372096E-005,2.648202702403069E-003,2.191760177083779E-005,
2.495033333333334E+009,2.581675536930561E-003,-7.076856036292156E-006,2.595954807475209E-003,-7.759227446513251E-005,
2.495066666666667E+009,2.575209131464362E-003,-7.768520299578086E-005,2.562365029007196E-003,-8.979407721199095E-005,
2.495100000000000E+009,2.568405121564865E-003,-1.927236880874261E-004,2.552019897848368E-003,-1.623460120754316E-004,
2.495133333333334E+009,2.525251591578126E-003,-1.993621262954548E-004,2.537566237151623E-003,-2.038670500041917E-004,
2.495166666666667E+009,2.516921609640122E-003,-2.659301680978388E-004,2.533288439735770E-003,-3.074975102208555E-004,
2.495200000000000E+009,2.528259297832847E-003,-3.665601252578199E-004,2.495662076398730E-003,-4.000304616056383E-004,
2.495233333333334E+009,2.476427238434553E-003,-4.310369840823114E-004,2.477422356605530E-003,-4.367214860394597E-004,
2.495266666666667E+009,2.519469009712338E-003,-5.022640107199550E-004,2.505667041987181E-003,-5.196800921112299E-004,
2.495300000000000E+009,2.464782912284136E-003,-5.214436096139252E-004,2.552035963162780E-003,-5.843454273417592E-004,
2.495333333333334E+009,2.467500744387507E-003,-5.706888623535633E-004,2.479285234585404E-003,-6.645967951044440E-004,
2.495366666666667E+009,2.396457595750690E-003,-6.613522418774664E-004,2.473050961270928E-003,-6.488225772045553E-004,
2.495400000000000E+009,2.430459018796682E-003,-7.613537600263953E-004,2.422149758785963E-003,-7.195525104179978E-004,
2.495433333333334E+009,2.413221169263125E-003,-7.963767275214195E-004,2.449512947350740E-003,-7.822047336958349E-004,
2.495466666666667E+009,2.412032568827272E-003,-8.368513081222773E-004,2.350773196667433E-003,-8.905834984034300E-004,
2.495500000000000E+009,2.381783677265048E-003,-8.181217126548290E-004,2.372100017964840E-003,-8.802231168374419E-004,
2.495533333333334E+009,2.347846981137991E-003,-9.468300268054009E-004,2.380428835749626E-003,-9.936186252161861E-004,
2.495566666666667E+009,2.311390824615955E-003,-1.004250487312675E-003,2.300376072525978E-003,-1.093406463041902E-003,
2.495600000000000E+009,2.317150589078665E-003,-1.045357319526374E-003,2.308992668986321E-003,-1.118409098125994E-003,
2.495633333333334E+009,2.254954306408763E-003,-1.107823685742915E-003,2.265886170789599E-003,-1.159229199402034E-003,
2.495666666666667E+009,2.276870887726545E-003,-1.193445292301476E-003,2.266719238832593E-003,-1.179730519652367E-003,
2.495700000000000E+009,2.221374539658427E-003,-1.244015409611166E-003,2.223170129582286E-003,-1.286972314119339E-003,
2.495733333333334E+009,2.220531227067113E-003,-1.213452429510653E-003,2.175750909373164E-003,-1.265219179913402E-003,
2.495766666666667E+009,2.200813498347998E-003,-1.317305839620531E-003,2.179556526243687E-003,-1.359975314699113E-003,
2.495800000000000E+009,2.122547477483749E-003,-1.394925056956708E-003,2.136972965672612E-003,-1.401210785843432E-003,
2.495833333333334E+009,2.088211476802826E-003,-1.456736586987972E-003,2.116164425387979E-003,-1.449899515137076E-003,
2.495866666666667E+009,2.094144234433770E-003,-1.465002074837685E-003,2.061814535409212E-003,-1.517604221589863E-003,
2.495900000000000E+009,2.073199721053243E-003,-1.535870251245797E-003,2.039048122242093E-003,-1.554921153001487E-003,
2.495933333333334E+009,2.034286269918084E-003,-1.586774247698486E-003,2.037923550233245E-003,-1.592952641658485E-003,
2.495966666666667E+009,2.025826135650277E-003,-1.629708800464869E-003,1.942991395480931E-003,-1.625458360649645E-003,
2.496000000000000E+009,1.923027099110186E-003,-1.625832286663353E-003,1.924137002788484E-003,-1.638652058318257E-003,
2.496033333333334E+009,1.913355081342161E-003,-1.698828302323818E-003,1.910833176225424E-003,-1.701334724202752E-003,
2.496066666666667E+009,1.870041945949197E-003,-1.782687730155885E-003,1.848440035246313E-003,-1.792644616216421E-003,
2.496100000000000E+009,1.784070627763867E-003,-1.747256261296570E-003,1.831547240726650E-003,-1.769364927895367E-003,
2.496133333333334E+009,1.797304837964475E-003,-1.826725201681256E-003,1.773600815795362E-003,-1.857704250141978E-003,
2.496166666666667E+009,1.773100928403437E-003,-1.870226929895580E-003,1.756443874910474E-003,-1.875743851996958E-003,
2.496200000000000E+009,1.743215834721923E-003,-1.895757508464158E-003,1.707817893475294E-003,-1.859926036559045E-003,
2.496233333333334E+009,1.656389678828418E-003,-1.907363999634981E-003,1.673116930760443E-003,-1.916243927553296E-003,
2.496266666666667E+009,1.657239743508399E-003,-1.943872892297804E-003,1.598991686478257E-003,-1.957667991518974E-003,
2.496300000000000E+009,1.587872393429279E-003,-2.028930000960827E-003,1.601601252332330E-003,-2.010052558034658E-003,
2.496333333333334E+009,1.585548161529005E-003,-1.999398227781057E-003,1.557254581712186E-003,-2.018411643803120E-003,
2.496366666666667E+009,1.479552011005580E-003,-2.037491416558623E-003,1.528234337456524E-003,-2.031725831329823E-003,
2.496400000000000E+009,1.475610537454486E-003,-2.093624323606491E-003,1.481143874116242E-003,-2.102173166349530E-003,
2.496433333333334E+009,1.439028186723590E-003,-2.107501961290836E-003,1.444017048925161E-003,-2.117726486176252E-003,
2.496466666666667E+009,1.462327083572745E-003,-2.130293752998114E-003,1.364026335068047E-003,-2.161474665626884E-003,
2.496500000000000E+009,1.403737347573042E-003,-2.154519781470299E-003,1.377569977194071E-003,-2.198895206674933E-003,
2.496533333333334E+009,1.345232944004238E-003,-2.231435151770711E-003,1.343438751064241E-003,-2.203580923378468E-003,
2.496566666666667E+009,1.295980648137629E-003,-2.338097896426916E-003,1.316019799560309E-003,-2.304770983755589E-003,
2.496600000000000E+009,1.303437165915966E-003,-2.353986492380500E-003,1.243553822860122E-003,-2.334583550691605E-003,
2.496633333333334E+009,1.237670425325632E-003,-2.320594852790237E-003,1.173359807580710E-003,-2.356705488637090E-003,
2.496666666666667E+009,1.137979910708964E-003,-2.353297546505928E-003,1.155472011305392E-003,-2.350412542000413E-003,
2.496700000000000E+009,1.051319995895028E-003,-2.394291339442134E-003,1.107119023799896E-003,-2.360400976613164E-003,
2.496733333333334E+009,1.048775622621179E-003,-2.369128167629242E-003,9.491517557762563E-004,-2.387409564107657E-003,
2.496766666666667E+009,9.121841867454350E-004,-2.423200756311417E-003,9.389700135216117E-004,-2.438788069412112E-003,
2.496800000000000E+009,9.236357873305678E-004,-2.435225760564208E-003,8.672307594679296E-004,-2.421756973490119E-003,
2.496833333333334E+009,8.198412251658738E-004,-2.493873471394181E-003,8.336696191690862E-004,-2.431819681078196E-003,
2.496866666666667E+009,7.795433048158884E-004,-2.433974063023925E-003,7.596848881803453E-004,-2.497358946129680E-003,
2.496900000000000E+009,6.728151347488165E-004,-2.458896022289991E-003,6.604403606615961E-004,-2.460350049659610E-003,
2.496933333333334E+009,6.048725335858762E-004,-2.477210247889161E-003,6.745366263203323E-004,-2.449977910146117E-003,
2.496966666666667E+009,5.766857648268342E-004,-2.508057747036219E-003,6.109403329901397E-004,-2.483899472281337E-003,
2.497000000000000E+009,5.284794024191797E-004,-2.562334062531591E-003,4.690960340667516E-004,-2.533990889787674E-003,
2.497033333333334E+009,4.438375763129443E-004,-2.579910447821021E-003,4.464077064767480E-004,-2.563465153798461E-003,
2.497066666666667E+009,3.851951914839447E-004,-2.534047467634082E-003,3.933873958885670E-004,-2.552835969254375E-003,
2.497100000000000E+009,3.233561292290688E-004,-2.582475310191512E-003,3.592814027797431E-004,-2.524031791836023E-003,
2.497133333333334E+009,2.339989878237248E-004,-2.527011558413506E-003,2.126071340171620E-004,-2.550316043198109E-003,
2.497166666666667E+009,2.017106162384152E-004,-2.580900210887194E-003,1.840582699514926E-004,-2.548567019402981E-003,
2.497200000000000E+009,1.655027299420908E-004,-2.536318730562925E-003,1.358742010779679E-004,-2.582574030384421E-003,
2.497233333333334E+009,1.828470994951204E-004,-2.561782719567418E-003,1.074900064850226E-004,-2.609287155792117E-003,
2.497266666666667E+009,2.769868842733558E-005,-2.659667748957872E-003,-1.570629137859214E-005,-2.599176252260804E-003,
2.497300000000000E+009,-8.294755389215425E-005,-2.588790375739336E-003,-3.420417488086969E-005,-2.595606027171016E-003,
2.497333333333334E+009,-7.557979552075267E-005,-2.562910784035921E-003,-1.275550166610628E-004,-2.565614879131317E-003,
2.497366666666667E+009,-2.260451583424583E-004,-2.557103289291263E-003,-1.864414662122726E-004,-2.606998896226287E-003,
2.497400000000000E+009,-1.972450118046254E-004,-2.639934420585632E-003,-2.676579752005637E-004,-2.578508108854294E-003,
2.497433333333334E+009,-2.939865516964346E-004,-2.603803295642138E-003,-3.328302991576493E-004,-2.577441511675715E-003,
2.497466666666667E+009,-3.566608356777579E-004,-2.563099609687924E-003,-3.364452277310193E-004,-2.506921999156475E-003,
2.497500000000000E+009,-3.493921831250191E-004,-2.574236365035176E-003,-4.236873064655811E-004,-2.545873867347837E-003,
2.497533333333334E+009,-4.143094120081514E-004,-2.517997054383159E-003,-4.130541929043829E-004,-2.524473937228322E-003,
2.497566666666667E+009,-4.872388381045312E-004,-2.544441493228078E-003,-5.163069581612945E-004,-2.539548790082336E-003,
2.497600000000000E+009,-5.563824088312686E-004,-2.515444299206138E-003,-6.191257270984352E-004,-2.516588196158409E-003,
2.497633333333334E+009,-6.193493609316647E-004,-2.488532569259405E-003,-6.485601188614965E-004,-2.518179593607783E-003,
2.497666666666667E+009,-6.584817310795188E-004,-2.504365751519799E-003,-6.635759491473436E-004,-2.501007867977023E-003,
2.497700000000000E+009,-7.326012128032744E-004,-2.489748410880566E-003,-6.958969170227647E-004,-2.453478984534740E-003,
2.497733333333334E+009,-7.725062896497548E-004,-2.443557372316718E-003,-7.900152122601867E-004,-2.431657398119569E-003,
2.497766666666667E+009,-8.625845657661557E-004,-2.419359982013702E-003,-8.907003793865442E-004,-2.437456045299768E-003,
2.497800000000000E+009,-8.431343012489379E-004,-2.408548491075635E-003,-9.219425264745951E-004,-2.437372226268053E-003,
2.497833333333334E+009,-9.394171647727490E-004,-2.444885671138763E-003,-9.120578761212528E-004,-2.430422930046916E-003,
2.497866666666667E+009,-1.039898837916553E-003,-2.427542116492987E-003,-9.936764836311340E-004,-2.423721598461270E-003,
2.497900000000000E+009,-1.024293713271618E-003,-2.415237482637167E-003,-1.068025128915906E-003,-2.367517445236445E-003,
2.497933333333334E+009,-1.043379539623857E-003,-2.380503341555595E-003,-1.103901886381209E-003,-2.341020386666060E-003,
2.497966666666667E+009,-1.192880794405937E-003,-2.363320905715227E-003,-1.157043734565377E-003,-2.391978399828076E-003,
2.498000000000000E+009,-1.196626457385719E-003,-2.368226647377014E-003,-1.132585224695504E-003,-2.373357303440571E-003,
2.498033333333334E+009,-1.243648934178054E-003,-2.323345979675651E-003,-1.218562945723534E-003,-2.350211609154940E-003,
2.498066666666667E+009,-1.283439691178501E-003,-2.331811701878905E-003,-1.341048628091812E-003,-2.316135214641690E-003,
2.498100000000000E+009,-1.322611118666828E-003,-2.351780422031879E-003,-1.398316468112171E-003,-2.328664064407349E-003,
2.498133333333334E+009,-1.418570755049586E-003,-2.283517038449645E-003,-1.379928435198963E-003,-2.291401149705052E-003,
2.498166666666667E+009,-1.486193505115807E-003,-2.294123405590653E-003,-1.444020541384816E-003,-2.276820130646229E-003,
2.498200000000000E+009,-1.471037510782480E-003,-2.207401907071471E-003,-1.450505806133151E-003,-2.229513134807348E-003,
2.498233333333334E+009,-1.538261654786766E-003,-2.199883339926601E-003,-1.486206892877817E-003,-2.201221184805036E-003,
2.498266666666667E+009,-1.551675843074918E-003,-2.127120271325111E-003,-1.539999037049711E-003,-2.042838139459491E-003,
2.498300000000000E+009,-1.606944482773542E-003,-2.054087817668915E-003,-1.671163598075509E-003,-2.053780946880579E-003,
2.498333333333334E+009,-1.692982274107635E-003,-2.031800802797079E-003,-1.677156426012516E-003,-2.010659081861377E-003,
2.498366666666667E+009,-1.726188464090228E-003,-1.997633837163448E-003,-1.690807635895908E-003,-1.968032913282514E-003,
2.498400000000000E+009,-1.823581405915320E-003,-1.965624047443271E-003,-1.727735158056021E-003,-1.916090608574450E-003,
2.498433333333334E+009,-1.779105863533914E-003,-1.910935156047344E-003,-1.833187532611191E-003,-1.861045602709055E-003,
2.498466666666667E+009,-1.852699089795351E-003,-1.824957667849958E-003,-1.786821754649282E-003,-1.807671622373164E-003,
2.498500000000000E+009,-1.930896891281009E-003,-1.735478756017983E-003,-1.894856686703861E-003,-1.783107756637037E-003,
2.498533333333334E+009,-1.929035293869674E-003,-1.718166517093778E-003,-1.939325360581279E-003,-1.760371495038271E-003,
2.498566666666667E+009,-2.004985697567463E-003,-1.687359064817429E-003,-2.035393845289946E-003,-1.682806876488030E-003,
2.498600000000000E+009,-2.012992510572076E-003,-1.593825174495578E-003,-2.063105348497629E-003,-1.552556641399860E-003,
2.498633333333334E+009,-2.065051347017288E-003,-1.586852595210075E-003,-2.018044469878078E-003,-1.568422769196332E-003,
2.498666666666667E+009,-2.142670797184110E-003,-1.490215887315571E-003,-2.164883306249976E-003,-1.497321412898600E-003,
2.498700000000000E+009,-2.194766420871019E-003,-1.451369142159820E-003,-2.158508868888021E-003,-1.460508210584521E-003,
2.498733333333334E+009,-2.189834369346499E-003,-1.409093383699656E-003,-2.243866678327322E-003,-1.407400239259005E-003,
2.498766666666667E+009,-2.236232394352555E-003,-1.386829768307507E-003,-2.218510024249554E-003,-1.345086377114058E-003,
2.498800000000000E+009,-2.259571338072419E-003,-1.312521984800696E-003,-2.261433284729719E-003,-1.351318671368063E-003,
2.498833333333334E+009,-2.279457869008184E-003,-1.245171413756907E-003,-2.345109824091196E-003,-1.268009655177593E-003,
2.498866666666667E+009,-2.289806259796023E-003,-1.214850810356438E-003,-2.359149046242237E-003,-1.159541890956461E-003,
2.498900000000000E+009,-2.371096983551979E-003,-1.195608172565699E-003,-2.341109327971935E-003,-1.162314438261092E-003,
2.498933333333334E+009,-2.355532953515649E-003,-1.041509560309351E-003,-2.391092013567686E-003,-1.129610929638147E-003,
2.498966666666667E+009,-2.372577553614974E-003,-9.983006166294217E-004,-2.406560815870762E-003,-9.860910940915346E-004,
2.499000000000000E+009,-2.427938161417842E-003,-9.943534387275577E-004,-2.488921862095594E-003,-1.001785858534277E-003,
2.499033333333334E+009,-2.487679477781057E-003,-9.274400654248893E-004,-2.486684592440724E-003,-9.035778930410743E-004,
2.499066666666667E+009,-2.491101622581482E-003,-8.662924519740045E-004,-2.469623461365700E-003,-8.641691529192030E-004,
2.499100000000000E+009,-2.533168066293001E-003,-8.062943816184998E-004,-2.504719188436866E-003,-8.150924695655704E-004,
2.499133333333334E+009,-2.516671549528837E-003,-8.118959376588464E-004,-2.473727567121387E-003,-7.848062668927014E-004,
2.499166666666667E+009,-2.565264236181974E-003,-7.561735692434013E-004,-2.513586776331067E-003,-6.636240286752582E-004,
2.499200000000000E+009,-2.534080063924193E-003,-6.602175417356193E-004,-2.582181477919221E-003,-5.909265018999577E-004,
2.499233333333334E+009,-2.588736591860652E-003,-5.514007061719894E-004,-2.556689549237490E-003,-5.486250738613308E-004,
2.499266666666667E+009,-2.562183653935790E-003,-5.409567966125906E-004,-2.593295183032751E-003,-5.224064225330949E-004,
2.499300000000000E+009,-2.553045982494950E-003,-4.909262643195689E-004,-2.546489937230945E-003,-4.632600757759064E-004,
2.499333333333334E+009,-2.557767555117607E-003,-4.159236850682646E-004,-2.561790402978659E-003,-4.142887482885271E-004,
2.499366666666667E+009,-2.653662580996752E-003,-3.443465393502265E-004,-2.586838323622942E-003,-3.878595307469368E-004,
2.499400000000000E+009,-2.610552124679089E-003,-3.382283321116120E-004,-2.588961040601134E-003,-2.761399082373828E-004,
2.499433333333334E+009,-2.546867821365595E-003,-2.605387417133898E-004,-2.620472339913249E-003,-2.772160805761814E-004,
2.499466666666667E+009,-2.596565755084157E-003,-1.597231603227556E-004,-2.616761950775981E-003,-1.921245275298134E-004,
2.499500000000000E+009,-2.645633881911635E-003,-1.478855410823599E-004,-2.641214290633798E-003,-1.612403139006347E-004,
2.499533333333334E+009,-2.645120723173022E-003,-6.556152220582590E-005,-2.602110384032130E-003,-7.985159754753113E-005,
2.499566666666667E+009,-2.616651123389602E-003,-5.101034912513569E-005,-2.666190499439836E-003,-5.327583130565472E-005,
2.499600000000000E+009,-2.583330264315009E-003,2.576723773017875E-006,-2.637483645230532E-003,-2.700281129364157E-006,
2.499633333333334E+009,-2.647602697834373E-003,3.468939394224435E-005,-2.665143460035324E-003,6.596920138690621E-005,
2.499666666666667E+009,-2.691026777029038E-003,9.691034210845828E-005,-2.643658546730876E-003,6.738587399013341E-005,
2.499700000000000E+009,-2.672202419489622E-003,1.609041646588594E-004,-2.664836589246988E-003,1.197168749058619E-004,
2.499733333333334E+009,-2.601539948955178E-003,2.197722060373053E-004,-2.729283412918448E-003,2.600423176772893E-004,
2.499766666666667E+009,-2.689692191779614E-003,2.900464169215411E-004,-2.719837706536055E-003,2.603850152809173E-004,
2.499800000000000E+009,-2.668412867933512E-003,3.736708895303309E-004,-2.683148020878434E-003,3.502081963233650E-004,
2.499833333333334E+009,-2.649575471878052E-003,4.117433854844421E-004,-2.680064877495170E-003,4.315456026233733E-004,
2.499866666666667E+009,-2.580077387392521E-003,4.732968809548765E-004,-2.663730178028345E-003,4.870216653216630E-004,
2.499900000000000E+009,-2.612669719383121E-003,5.214056000113487E-004,-2.593972254544497E-003,5.142953596077859E-004,
2.499933333333334E+009,-2.585120266303420E-003,6.091299583204091E-004,-2.593677258118987E-003,6.026389892213047E-004,
2.499966666666667E+009,-2.545709721744061E-003,6.169730913825333E-004,-2.614407101646066E-003,6.515828426927328E-004,
2.500000000000000E+009,-2.493051579222083E-003,7.093813619576395E-004,-2.511919941753149E-003,7.046845275908709E-004,
