% Version 1.00
%
%freq[Hz];re:Trc1_S21;im:Trc1_S21;re:Trc2_S12;im:Trc2_S12;
2.480000000000000E+009,-1.669921446591616E-003,-2.199925715103746E-003,-1.689863041974604E-003,-2.235528081655502E-003,
2.480033333333334E+009,-1.719966763630509E-003,-2.149415202438831E-003,-1.701051252894104E-003,-2.134545473381877E-003,
2.480066666666667E+009,-1.752824173308909E-003,-2.160045085474849E-003,-1.748399692587555E-003,-2.140313154086471E-003,
2.480100000000000E+009,-1.739651779644191E-003,-2.070335671305656E-003,-1.714619342237711E-003,-2.095313509926200E-003,
2.480133333333334E+009,-1.779593876563013E-003,-2.045906148850918E-003,-1.710820244625211E-003,-2.073685871437192E-003,
2.480166666666667E+009,-1.827199477702379E-003,-2.015415346249938E-003,-1.810637768357992E-003,-2.050645183771849E-003,
2.480200000000000E+009,-1.810782938264310E-003,-1.997831044718623E-003,-1.870461041107774E-003,-2.012043492868543E-003,
2.480233333333334E+009,-1.907919300720096E-003,-1.953840721398592E-003,-1.917496323585510E-003,-2.000593347474933E-003,
2.480266666666667E+009,-1.939751207828522E-003,-1.879912684671581E-003,-2.001995453611016E-003,-1.920554554089904E-003,
2.480300000000000E+009,-2.025029156357050E-003,-1.856754301115871E-003,-2.037273021414876E-003,-1.846401486545801E-003,
2.480333333333334E+009,-2.105045132339001E-003,-1.812072703614831E-003,-2.135084709152579E-003,-1.820309902541339E-003,
2.480366666666667E+009,-2.148420549929142E-003,-1.723569119349122E-003,-2.089963294565678E-003,-1.762144733220339E-003,
2.480400000000000E+009,-2.236407715827227E-003,-1.670857309363782E-003,-2.228855388239026E-003,-1.706857816316187E-003,
2.480433333333334E+009,-2.255144761875272E-003,-1.619554590433836E-003,-2.234728774055839E-003,-1.641188049688935E-003,
2.480466666666667E+009,-2.287450013682246E-003,-1.616478082723916E-003,-2.322031883522868E-003,-1.611123676411808E-003,
2.480500000000000E+009,-2.335570985451341E-003,-1.552573521621525E-003,-2.377836033701897E-003,-1.537735923193395E-003,
2.480533333333334E+009,-2.389079658314586E-003,-1.499964855611324E-003,-2.369852270931006E-003,-1.425669062882662E-003,
2.480566666666667E+009,-2.429963788017631E-003,-1.415630569681525E-003,-2.414750400930643E-003,-1.452686265110970E-003,
2.480600000000000E+009,-2.445567166432738E-003,-1.320299925282598E-003,-2.412657719105482E-003,-1.366295269690454E-003,
2.480633333333334E+009,-2.508328296244144E-003,-1.285390695556998E-003,-2.519533038139343E-003,-1.362686511129141E-003,
2.480666666666667E+009,-2.546459669247270E-003,-1.220568199642003E-003,-2.554307458922267E-003,-1.215711352415383E-003,
2.480700000000000E+009,-2.525686286389828E-003,-1.167186652310193E-003,-2.587554277852178E-003,-1.162156346254051E-003,
2.480733333333334E+009,-2.573843346908689E-003,-1.108206575736404E-003,-2.613242482766509E-003,-1.134690828621388E-003,
2.480766666666667E+009,-2.652131486684084E-003,-1.086277305148542E-003,-2.647342858836055E-003,-1.069687306880951E-003,
2.480800000000000E+009,-2.650694688782096E-003,-9.216034086421132E-004,-2.634748117998242E-003,-9.902195306494832E-004,
2.480833333333334E+009,-2.754474291577935E-003,-9.411874925717711E-004,-2.743281889706850E-003,-9.620166383683682E-004,
2.480866666666667E+009,-2.737338887527585E-003,-8.143450831994414E-004,-2.753236331045628E-003,-8.371711010113359E-004,
2.480900000000000E+009,-2.769338665530086E-003,-7.585719577036798E-004,-2.672524657100439E-003,-8.017314830794931E-004,
2.480933333333334E+009,-2.770290011540055E-003,-7.954960456117988E-004,-2.754166023805738E-003,-7.065348909236491E-004,
2.480966666666667E+009,-2.758622402325273E-003,-6.667186389677227E-004,-2.817841479554772E-003,-6.376726669259369E-004,
2.481000000000000E+009,-2.797894878312945E-003,-6.043800967745483E-004,-2.828049007803202E-003,-6.043132743798196E-004,
2.481033333333334E+009,-2.796421991661191E-003,-5.173758254386485E-004,-2.785776974633336E-003,-5.324849626049399E-004,
2.481066666666667E+009,-2.793911611661315E-003,-4.478409246075898E-004,-2.798820612952113E-003,-4.764240002259612E-004,
2.481100000000000E+009,-2.911434741690755E-003,-3.540294128470123E-004,-2.858187071979046E-003,-4.351920506451279E-004,
2.481133333333334E+009,-2.837429055944085E-003,-3.956792934332043E-004,-2.921171253547072E-003,-3.569496620912105E-004,
2.481166666666667E+009,-2.848880598321557E-003,-2.497154346201569E-004,-2.875596284866333E-003,-2.843253023456782E-004,
2.481200000000000E+009,-2.902570879086852E-003,-1.495450851507485E-004,-2.877977909520268E-003,-1.487446425016969E-004,
2.481233333333334E+009,-2.857514424249530E-003,-1.065729520632885E-004,-2.902755280956626E-003,-1.150235329987481E-004,
2.481266666666667E+009,-2.815425628796220E-003,-1.083381066564471E-004,-2.886998001486063E-003,-2.985632454510778E-005,
2.481300000000000E+009,-2.813764149323106E-003,-2.260845030832570E-005,-2.855555852875114E-003,5.247031003818847E-005,
2.481333333333334E+009,-2.853395417332649E-003,1.324391050729901E-004,-2.859701169654727E-003,7.119971269275993E-005,
2.481366666666667E+009,-2.873364603146911E-003,1.771318056853488E-004,-2.874940400943160E-003,1.383397902827710E-004,
2.481400000000000E+009,-2.871693810448051E-003,1.791062677511945E-004,-2.856188686564565E-003,2.519547706469894E-004,
2.481433333333334E+009,-2.826594980433583E-003,3.097256703767926E-004,-2.820155117660761E-003,2.386035484960303E-004,
2.481466666666667E+009,-2.838928950950503E-003,3.115879953838885E-004,-2.841872628778219E-003,3.084060736000538E-004,
2.481500000000000E+009,-2.808094024658203E-003,4.002014466095716E-004,-2.838040236383677E-003,4.132952308282256E-004,
2.481533333333334E+009,-2.743924502283335E-003,4.443873185664415E-004,-2.814247272908688E-003,4.329127841629088E-004,
2.481566666666667E+009,-2.780334092676640E-003,4.667766625061631E-004,-2.789378399029374E-003,4.807878285646439E-004,
2.481600000000000E+009,-2.737976843491197E-003,5.291715497151017E-004,-2.793443622067571E-003,5.101172719150782E-004,
2.481633333333334E+009,-2.724249148741365E-003,5.474717472679913E-004,-2.736882073804736E-003,6.095003336668015E-004,
2.481666666666667E+009,-2.731883898377419E-003,6.132293492555618E-004,-2.751736436039209E-003,5.959755508229137E-004,
2.481700000000000E+009,-2.714364789426327E-003,6.930463132448494E-004,-2.691779285669327E-003,6.607188261114061E-004,
2.481733333333334E+009,-2.682283520698547E-003,6.760797114111483E-004,-2.714105881750584E-003,7.421484333463013E-004,
2.481766666666667E+009,-2.743626711890101E-003,7.658723625354469E-004,-2.687481930479407E-003,7.350756204687059E-004,
2.481800000000000E+009,-2.747971564531326E-003,8.355695754289627E-004,-2.643195679411292E-003,8.582149166613817E-004,
2.481833333333334E+009,-2.639928134158254E-003,9.576100856065750E-004,-2.634119940921664E-003,9.591078269295394E-004,
2.481866666666667E+009,-2.589990384876728E-003,1.020330702885985E-003,-2.638422185555100E-003,9.866362670436502E-004,
2.481900000000000E+009,-2.587235765531659E-003,1.077498309314251E-003,-2.602023305371404E-003,1.166647300124168E-003,
2.481933333333334E+009,-2.567752497270703E-003,1.113248988986015E-003,-2.531528472900391E-003,1.163968699984253E-003,
2.481966666666667E+009,-2.524160780012608E-003,1.190881826914847E-003,-2.453800057992339E-003,1.308923005126417E-003,
2.482000000000000E+009,-2.523876959457994E-003,1.282798708416522E-003,-2.556626219302416E-003,1.361727714538574E-003,
2.482033333333334E+009,-2.505697542801499E-003,1.426881062798202E-003,-2.508421894162893E-003,1.382373040542007E-003,
2.482066666666667E+009,-2.469984116032720E-003,1.394900260493159E-003,-2.444111509248614E-003,1.465895562432706E-003,
2.482100000000000E+009,-2.452787477523089E-003,1.539256074465811E-003,-2.424800070002675E-003,1.548247295431793E-003,
2.482133333333334E+009,-2.378381090238690E-003,1.566472114063799E-003,-2.393785864114761E-003,1.578349154442549E-003,
2.482166666666667E+009,-2.307109301909804E-003,1.639490947127342E-003,-2.337396843358874E-003,1.631513587199152E-003,
2.482200000000000E+009,-2.267156960442662E-003,1.650603371672332E-003,-2.345543121919036E-003,1.715690945275128E-003,
2.482233333333334E+009,-2.274955622851849E-003,1.716620638035238E-003,-2.219407120719552E-003,1.747114700265229E-003,
2.482266666666667E+009,-2.247360534965992E-003,1.811269670724869E-003,-2.228409750387073E-003,1.850139582529664E-003,
2.482300000000000E+009,-2.143527846783400E-003,1.859661890193820E-003,-2.180504379794002E-003,1.852690824307501E-003,
2.482333333333334E+009,-2.126103267073631E-003,1.942221890203655E-003,-2.134446054697037E-003,1.917766523547471E-003,
2.482366666666667E+009,-2.113701775670052E-003,1.943530631251633E-003,-2.097012242302299E-003,1.905875746160746E-003,
2.482400000000000E+009,-2.045930596068502E-003,1.966892508789897E-003,-2.051156247034669E-003,2.034801058471203E-003,
2.482433333333334E+009,-1.990440301597118E-003,2.035278361290693E-003,-2.043300308287144E-003,2.101317048072815E-003,
2.482466666666667E+009,-1.975478837266564E-003,2.062341431155801E-003,-1.989838201552630E-003,2.135392744094133E-003,
2.482500000000000E+009,-1.863640034571290E-003,2.139976713806391E-003,-1.921771676279604E-003,2.204040298238397E-003,
2.482533333333334E+009,-1.829700428061187E-003,2.198752481490374E-003,-1.844710088334978E-003,2.206896198913455E-003,
2.482566666666667E+009,-1.828935230150819E-003,2.238490385934711E-003,-1.796471304260194E-003,2.293567871674895E-003,
2.482600000000000E+009,-1.813548617064953E-003,2.207445446401835E-003,-1.758584752678871E-003,2.346481895074248E-003,
2.482633333333334E+009,-1.670560450293124E-003,2.305645728483796E-003,-1.664753654040396E-003,2.339066704735160E-003,
2.482666666666667E+009,-1.577518065460026E-003,2.376308431848884E-003,-1.677130348980427E-003,2.418406074866653E-003,
2.482700000000000E+009,-1.545230159536004E-003,2.365278778597713E-003,-1.599041046574712E-003,2.388025633990765E-003,
2.482733333333334E+009,-1.512101851403713E-003,2.406390616670251E-003,-1.556597650051117E-003,2.448483370244503E-003,
2.482766666666667E+009,-1.441051834262908E-003,2.439579227939248E-003,-1.462033018469811E-003,2.472343156114221E-003,
2.482800000000000E+009,-1.414404250681400E-003,2.488024765625596E-003,-1.455755671486259E-003,2.528448123484850E-003,
2.482833333333334E+009,-1.322258147411048E-003,2.574176760390401E-003,-1.408767187967897E-003,2.539599081501365E-003,
2.482866666666667E+009,-1.298750517889857E-003,2.594326157122850E-003,-1.244922401383519E-003,2.593359444290400E-003,
2.482900000000000E+009,-1.268791966140270E-003,2.656148979440332E-003,-1.194023527204990E-003,2.586865564808250E-003,
2.482933333333334E+009,-1.183653366751969E-003,2.590773161500692E-003,-1.137710874900222E-003,2.637368859723210E-003,
2.482966666666667E+009,-1.081085647456348E-003,2.657132223248482E-003,-1.058641821146011E-003,2.716903574764729E-003,
2.483000000000000E+009,-1.036345725879073E-003,2.666080370545387E-003,-1.004091580398381E-003,2.656756434589624E-003,
2.483033333333334E+009,-9.761428227648139E-004,2.703181700780988E-003,-9.813755750656128E-004,2.728922059759498E-003,
2.483066666666667E+009,-8.788759587332606E-004,2.700605895370245E-003,-8.856165804900229E-004,2.687794854864478E-003,
2.483100000000000E+009,-8.668858208693564E-004,2.698260126635432E-003,-8.712215349078178E-004,2.735635498538613E-003,
2.483133333333334E+009,-8.190576918423176E-004,2.740628086030483E-003,-7.670971681363881E-004,2.743007848039269E-003,
2.483166666666667E+009,-7.438877946697176E-004,2.701771445572376E-003,-7.058463525027037E-004,2.760278526693583E-003,
2.483200000000000E+009,-6.597854662686586E-004,2.757261041551828E-003,-6.881437730044127E-004,2.728549763560295E-003,
2.483233333333334E+009,-6.019319989718497E-004,2.697695745155215E-003,-6.137512973509729E-004,2.715268405154347E-003,
2.483266666666667E+009,-6.806557066738606E-004,2.734512556344271E-003,-6.223893142305315E-004,2.741683972999454E-003,
2.483300000000000E+009,-5.434325430542231E-004,2.728743944317102E-003,-5.092434003017843E-004,2.803586656227708E-003,
2.483333333333334E+009,-5.097382236272097E-004,2.723735524341464E-003,-4.762983298860490E-004,2.804726362228394E-003,
2.483366666666667E+009,-4.766691126860678E-004,2.763505559414625E-003,-4.445545200724155E-004,2.806374104693532E-003,
2.483400000000000E+009,-4.114753392059356E-004,2.734351204708219E-003,-3.704003174789250E-004,2.805478638038039E-003,
2.483433333333334E+009,-2.793357998598367E-004,2.777704503387213E-003,-2.714845177251846E-004,2.773531246930361E-003,
2.483466666666667E+009,-2.285242371726781E-004,2.794052474200726E-003,-1.910569699248299E-004,2.822479931637645E-003,
2.483500000000000E+009,-1.400543842464685E-004,2.824857132509351E-003,-1.438427716493607E-004,2.831998979672790E-003,
2.483533333333334E+009,-7.347417704295367E-005,2.816251479089260E-003,-4.847157106269151E-005,2.790363738313317E-003,
2.483566666666667E+009,1.599533788976260E-006,2.813434461131692E-003,2.765720637398772E-006,2.813116181641817E-003,
2.483600000000000E+009,9.435598622076213E-005,2.813373925164342E-003,1.291621156269684E-004,2.788703888654709E-003,
2.483633333333334E+009,1.307728962274268E-004,2.832479076460004E-003,1.909230632008985E-004,2.821905771270394E-003,
2.483666666666667E+009,1.965178380487487E-004,2.794899279251695E-003,2.250159450341016E-004,2.803737530484796E-003,
2.483700000000000E+009,2.476782246958464E-004,2.848707139492035E-003,3.006045881193131E-004,2.791603561490774E-003,
2.483733333333334E+009,3.644355747383088E-004,2.778902882710099E-003,4.361409519333392E-004,2.832239028066397E-003,
2.483766666666667E+009,4.443991347216070E-004,2.752457046881318E-003,4.458480689208955E-004,2.803328912705183E-003,
2.483800000000000E+009,5.187730421312153E-004,2.760850591585040E-003,5.648679798468947E-004,2.791960723698139E-003,
2.483833333333334E+009,6.168363033793867E-004,2.792285755276680E-003,6.265335250645876E-004,2.756817732006311E-003,
2.483866666666667E+009,6.305028218775988E-004,2.755733206868172E-003,6.872888188809156E-004,2.731572370976210E-003,
2.483900000000000E+009,7.213556673377752E-004,2.772105624899268E-003,7.663979195058346E-004,2.791849663481116E-003,
2.483933333333334E+009,7.330548251047730E-004,2.745105884969235E-003,7.769336807541549E-004,2.762265969067812E-003,
2.483966666666667E+009,8.086901507340372E-004,2.693380462005734E-003,8.603445021435618E-004,2.667800756171346E-003,
2.484000000000000E+009,9.102649637497962E-004,2.677489072084427E-003,9.139944449998438E-004,2.721510827541351E-003,
2.484033333333334E+009,9.931828826665878E-004,2.644914900884032E-003,1.003723475150764E-003,2.680984558537602E-003,
2.484066666666667E+009,9.932657703757286E-004,2.674450166523457E-003,1.089568366296589E-003,2.623831620439887E-003,
2.484100000000000E+009,1.088180229999125E-003,2.604108070954680E-003,1.150490599684417E-003,2.600758802145720E-003,
2.484133333333334E+009,1.112383673898876E-003,2.581635490059853E-003,1.182592473924160E-003,2.547494834288955E-003,
2.484166666666667E+009,1.182146603241563E-003,2.525080461055040E-003,1.257952651940286E-003,2.587534254416823E-003,
2.484200000000000E+009,1.304618665017188E-003,2.534078434109688E-003,1.281486591324210E-003,2.549877855926752E-003,
2.484233333333334E+009,1.333543332293630E-003,2.538187894970179E-003,1.396142411977053E-003,2.481466159224510E-003,
2.484266666666667E+009,1.371623133309186E-003,2.491766354069114E-003,1.367778400890529E-003,2.509565791115165E-003,
2.484300000000000E+009,1.413125195540488E-003,2.411501016467810E-003,1.468398026190698E-003,2.428148640319705E-003,
2.484333333333334E+009,1.471284776926041E-003,2.379675162956119E-003,1.554861315526068E-003,2.347709843888879E-003,
2.484366666666667E+009,1.599592273123562E-003,2.327112946659327E-003,1.622379175387323E-003,2.384773455560207E-003,
2.484400000000000E+009,1.608034479431808E-003,2.322246320545673E-003,1.628452795557678E-003,2.327836118638516E-003,
2.484433333333334E+009,1.629560720175505E-003,2.297317842021585E-003,1.675032079219818E-003,2.242062706500292E-003,
2.484466666666667E+009,1.711297431029379E-003,2.269981428980827E-003,1.745607703924179E-003,2.251025056466460E-003,
2.484500000000000E+009,1.711346325464547E-003,2.186158206313849E-003,1.834723050706089E-003,2.203144365921617E-003,
2.484533333333334E+009,1.823490485548973E-003,2.211967948824167E-003,1.789389410987496E-003,2.135915914550424E-003,
2.484566666666667E+009,1.850295695476234E-003,2.094756579026580E-003,1.911391853354871E-003,2.127682557329536E-003,
2.484600000000000E+009,1.842920319177210E-003,2.112626098096371E-003,1.913601998239756E-003,2.063604770228267E-003,
2.484633333333334E+009,1.988686388358474E-003,2.073801122605801E-003,1.954537816345692E-003,2.001855988055468E-003,
2.484666666666667E+009,1.996310194954276E-003,1.966545358300209E-003,1.976147992536426E-003,1.965293427929282E-003,
2.484700000000000E+009,2.031713724136353E-003,1.958080567419529E-003,2.031063660979271E-003,1.970774028450251E-003,
2.484733333333334E+009,2.068827394396067E-003,1.892521861009300E-003,2.094222465530038E-003,1.878745388239622E-003,
2.484766666666667E+009,2.127132378518581E-003,1.886230544187129E-003,2.089468762278557E-003,1.891141757369041E-003,
2.484800000000000E+009,2.081385347992182E-003,1.877856790088117E-003,2.144788624718785E-003,1.873075729236007E-003,
2.484833333333334E+009,2.118827775120735E-003,1.843209494836628E-003,2.074190415441990E-003,1.803715364076197E-003,
2.484866666666667E+009,2.192247193306685E-003,1.733863377012312E-003,2.162073738873005E-003,1.740523730404675E-003,
2.484900000000000E+009,2.176430774852634E-003,1.784741296432912E-003,2.211892977356911E-003,1.687507377937436E-003,
2.484933333333334E+009,2.218036912381649E-003,1.686638570390642E-003,2.269825199618936E-003,1.640878152102232E-003,
2.484966666666667E+009,2.293024910613895E-003,1.613336033187807E-003,2.311527729034424E-003,1.600361312739551E-003,
2.485000000000000E+009,2.246401738375425E-003,1.601936761289835E-003,2.354960655793548E-003,1.527380896732211E-003,
2.485033333333334E+009,2.345022978261113E-003,1.477347919717431E-003,2.410895191133022E-003,1.404495909810066E-003,
2.485066666666667E+009,2.421937650069594E-003,1.460029860027134E-003,2.464977093040943E-003,1.396185369230807E-003,
2.485100000000000E+009,2.464305609464645E-003,1.391533995047212E-003,2.478733891621232E-003,1.303227036260068E-003,
2.485133333333334E+009,2.429088111966848E-003,1.277283998206258E-003,2.548214048147202E-003,1.207678928039968E-003,
2.485166666666667E+009,2.501792740076780E-003,1.227222499437630E-003,2.518228720873594E-003,1.154409837909043E-003,
2.485200000000000E+009,2.547399839386344E-003,1.081672147847712E-003,2.547252923250198E-003,1.118874642997980E-003,
2.485233333333334E+009,2.574744634330273E-003,1.112768426537514E-003,2.618333091959357E-003,1.046321820467711E-003,
2.485266666666667E+009,2.675164723768830E-003,9.927349165081978E-004,2.654574578627944E-003,1.013840083032847E-003,
2.485300000000000E+009,2.633814234286547E-003,9.294303017668426E-004,2.598020480945706E-003,9.016348631121218E-004,
2.485333333333334E+009,2.671379828825593E-003,9.061059681698680E-004,2.655329182744026E-003,9.133017738349736E-004,
2.485366666666667E+009,2.716679591685534E-003,8.006618591025472E-004,2.736216643825173E-003,8.092400385066867E-004,
2.485400000000000E+009,2.655481686815620E-003,7.714700186625123E-004,2.756777219474316E-003,7.755809929221869E-004,
2.485433333333334E+009,2.792183542624116E-003,6.920255837030709E-004,2.736235968768597E-003,7.109402795322239E-004,
2.485466666666667E+009,2.739227376878262E-003,5.872435867786408E-004,2.703469013795257E-003,6.289769080467522E-004,
2.485500000000000E+009,2.762606600299478E-003,6.609027623198926E-004,2.750848652794957E-003,5.416636704467237E-004,
2.485533333333334E+009,2.772865816950798E-003,5.259018507786095E-004,2.762950258329511E-003,4.799485905095935E-004,
2.485566666666667E+009,2.718613715842366E-003,4.129292792640626E-004,2.785827498883009E-003,3.379939589649439E-004,
2.485600000000000E+009,2.747652586549521E-003,3.905238991137594E-004,2.803573384881020E-003,3.262964892201126E-004,
2.485633333333334E+009,2.792122540995479E-003,2.379017241764814E-004,2.832520054653287E-003,2.550990902818739E-004,
2.485666666666667E+009,2.779672853648663E-003,2.191361272707582E-004,2.772171515971422E-003,2.141100703738630E-004,
2.485700000000000E+009,2.868432318791747E-003,1.392041594954208E-004,2.809828612953425E-003,1.455070450901985E-004,
2.485733333333334E+009,2.818559762090445E-003,1.577035145601258E-004,2.839130116626620E-003,1.004026998998597E-004,
2.485766666666667E+009,2.801204798743129E-003,2.594094803498592E-005,2.792546991258860E-003,8.579845598433167E-005,
2.485800000000000E+009,2.745018340647221E-003,-1.947698183357716E-005,2.795214066281915E-003,-6.020876753609628E-005,
2.485833333333334E+009,2.810724312439561E-003,-7.360281597357243E-005,2.811882877722383E-003,-1.436388847650960E-004,
2.485866666666667E+009,2.776241628453136E-003,-1.497208140790463E-004,2.825433155521751E-003,-2.166073390981183E-004,
2.485900000000000E+009,2.813562983646989E-003,-2.216665598098189E-004,2.798479516059160E-003,-2.476583467796445E-004,
2.485933333333334E+009,2.821904607117176E-003,-2.424556732876226E-004,2.767843659967184E-003,-2.713259891606867E-004,
2.485966666666667E+009,2.788420068100095E-003,-3.472074749879539E-004,2.784154843539000E-003,-3.480720915831626E-004,
2.486000000000000E+009,2.787752542644739E-003,-3.760835679713637E-004,2.782111754640937E-003,-4.049554991070181E-004,
2.486033333333334E+009,2.746232319623232E-003,-4.798846784979105E-004,2.755199791863561E-003,-5.005258135497570E-004,
2.486066666666667E+009,2.776762237772346E-003,-4.757276328746229E-004,2.735920250415802E-003,-5.206036148592830E-004,
2.486100000000000E+009,2.720257034525275E-003,-5.687973462045193E-004,2.701421966776252E-003,-5.979228299111128E-004,
2.486133333333334E+009,2.780825830996037E-003,-6.062513566575944E-004,2.697005402296782E-003,-6.703886319883168E-004,
2.486166666666667E+009,2.639215905219317E-003,-7.122932584024966E-004,2.660518512129784E-003,-7.419078610837460E-004,
2.486200000000000E+009,2.690038410946727E-003,-7.372708641923964E-004,2.654422307386994E-003,-7.649846374988556E-004,
2.486233333333334E+009,2.637605182826519E-003,-8.900237153284252E-004,2.655785996466875E-003,-8.689409587532282E-004,
2.486266666666667E+009,2.661865204572678E-003,-8.950257324613631E-004,2.602415392175317E-003,-8.665919303894043E-004,
2.486300000000000E+009,2.573400270193815E-003,-9.389928891323507E-004,2.600464038550854E-003,-9.807827882468700E-004,
2.486333333333334E+009,2.582435496151447E-003,-9.697409695945680E-004,2.565536415204406E-003,-1.028709113597870E-003,
2.486366666666667E+009,2.530391560867429E-003,-9.783721761777997E-004,2.591897966340184E-003,-1.014988636597991E-003,
2.486400000000000E+009,2.486142329871655E-003,-1.046850229613483E-003,2.520972397178412E-003,-1.085603144019842E-003,
2.486433333333334E+009,2.551652723923326E-003,-1.119710155762732E-003,2.534094033762813E-003,-1.098320586606860E-003,
2.486466666666667E+009,2.548246877267957E-003,-1.115241786465049E-003,2.503300784155726E-003,-1.105131465010345E-003,
2.486500000000000E+009,2.514946041628718E-003,-1.192466239444912E-003,2.524805488064885E-003,-1.191080431453884E-003,
2.486533333333334E+009,2.523057395592332E-003,-1.269704778678715E-003,2.507251687347889E-003,-1.211809809319675E-003,
2.486566666666667E+009,2.489319536834955E-003,-1.336767105385661E-003,2.455128589645028E-003,-1.363014918752015E-003,
2.486600000000000E+009,2.471185056492686E-003,-1.429461990483105E-003,2.371886512264609E-003,-1.410126802511513E-003,
2.486633333333334E+009,2.359941601753235E-003,-1.427284325473011E-003,2.348214620724320E-003,-1.455782796256244E-003,
2.486666666666667E+009,2.344682114198804E-003,-1.483447384089232E-003,2.333891578018665E-003,-1.588431070558727E-003,
2.486700000000000E+009,2.268041949719191E-003,-1.592780114151537E-003,2.264305716380477E-003,-1.582620199769735E-003,
2.486733333333334E+009,2.278893487527967E-003,-1.646784483455122E-003,2.235561842098832E-003,-1.673858729191124E-003,
2.486766666666667E+009,2.167696831747890E-003,-1.702004228718579E-003,2.205294091254473E-003,-1.682908623479307E-003,
2.486800000000000E+009,2.072994597256184E-003,-1.746717724017799E-003,2.104073995724320E-003,-1.773725496605039E-003,
2.486833333333334E+009,2.137180650606751E-003,-1.856180722825229E-003,2.090157009661198E-003,-1.847412670031190E-003,
2.486866666666667E+009,2.096013864502311E-003,-1.833318383432925E-003,2.055809600278735E-003,-1.815337920561433E-003,
2.486900000000000E+009,1.986102899536490E-003,-1.869347412139177E-003,1.990780467167497E-003,-1.924691605381668E-003,
2.486933333333334E+009,1.965313451364636E-003,-1.976084429770708E-003,1.982420450076461E-003,-1.966933719813824E-003,
2.486966666666667E+009,1.889965729787946E-003,-2.035768236964941E-003,1.901324605569243E-003,-1.997280167415738E-003,
2.487000000000000E+009,1.926027936860919E-003,-1.950098667293787E-003,1.920927665196359E-003,-2.093755174428225E-003,
2.487033333333334E+009,1.797057338990271E-003,-2.078834921121597E-003,1.832147245295346E-003,-2.075285417959094E-003,
2.487066666666667E+009,1.747976639308035E-003,-2.197009045630693E-003,1.730927848257124E-003,-2.146341837942600E-003,
2.487100000000000E+009,1.713588717393577E-003,-2.244043862447143E-003,1.738923019729555E-003,-2.218551700934768E-003,
2.487133333333334E+009,1.750195864588022E-003,-2.190910046920180E-003,1.646284130401909E-003,-2.257924992591143E-003,
2.487166666666667E+009,1.622774521820247E-003,-2.285441849380732E-003,1.656985259614885E-003,-2.279744017869234E-003,
2.487200000000000E+009,1.597219030372798E-003,-2.269234275445342E-003,1.569249085150659E-003,-2.390322741121054E-003,
2.487233333333334E+009,1.497147721238434E-003,-2.324634464457631E-003,1.562832389026880E-003,-2.316636266186833E-003,
2.487266666666667E+009,1.472561503760517E-003,-2.381377853453159E-003,1.432890770956874E-003,-2.405389444902539E-003,
2.487300000000000E+009,1.407734816893935E-003,-2.439409727230668E-003,1.384898321703076E-003,-2.398785203695297E-003,
2.487333333333334E+009,1.386286690831184E-003,-2.420186763629317E-003,1.360143418423832E-003,-2.494159620255232E-003,
2.487366666666667E+009,1.254266710020602E-003,-2.447078470140696E-003,1.326358295045793E-003,-2.473178552463651E-003,
2.487400000000000E+009,1.318039139732719E-003,-2.532376442104578E-003,1.209081034176052E-003,-2.542651491239667E-003,
2.487433333333334E+009,1.164135523140431E-003,-2.525897696614265E-003,1.188507536426187E-003,-2.478257520124316E-003,
2.487466666666667E+009,1.084815827198327E-003,-2.551532350480557E-003,1.087279641069472E-003,-2.522155176848173E-003,
2.487500000000000E+009,1.054322579875588E-003,-2.607795409858227E-003,1.068090670742095E-003,-2.564769703894854E-003,
2.487533333333334E+009,9.695866028778255E-004,-2.602951368317008E-003,9.736987994983792E-004,-2.564053516834974E-003,
2.487566666666667E+009,9.817150421440601E-004,-2.596599748358131E-003,8.996967808343470E-004,-2.645142376422882E-003,
2.487600000000000E+009,8.479511598125100E-004,-2.622965723276138E-003,8.534135413356125E-004,-2.671261550858617E-003,
2.487633333333334E+009,7.946562254801393E-004,-2.689818618819118E-003,7.941509247757494E-004,-2.651672344654799E-003,
2.487666666666667E+009,7.451355922967196E-004,-2.662994200363755E-003,7.340683951042593E-004,-2.634767908602953E-003,
2.487700000000000E+009,7.381180766969919E-004,-2.665481530129910E-003,7.199040846899152E-004,-2.686521038413048E-003,
2.487733333333334E+009,6.083536427468061E-004,-2.672309521585703E-003,6.255814805626869E-004,-2.716603688895702E-003,
2.487766666666667E+009,5.672317929565907E-004,-2.725531347095966E-003,6.121200858615339E-004,-2.670324873179197E-003,
2.487800000000000E+009,5.094595835544169E-004,-2.770028077065945E-003,5.237014847807586E-004,-2.757779555395246E-003,
2.487833333333334E+009,4.870030097663403E-004,-2.751560416072607E-003,5.088415346108377E-004,-2.722086152061820E-003,
2.487866666666667E+009,4.402306512929499E-004,-2.774406457319856E-003,4.115295596420765E-004,-2.751321531832218E-003,
2.487900000000000E+009,3.066952340304852E-004,-2.738692564889789E-003,3.084974014200270E-004,-2.724456368014216E-003,
2.487933333333334E+009,3.079504240304232E-004,-2.752177417278290E-003,3.159526677336544E-004,-2.735823858529329E-003,
2.487966666666667E+009,2.610999508760870E-004,-2.729966072365642E-003,2.488199970684946E-004,-2.760977484285832E-003,
2.488000000000000E+009,2.550362260080874E-004,-2.821434754878283E-003,2.327093097846955E-004,-2.768546342849731E-003,
2.488033333333334E+009,1.790602836990729E-004,-2.805056283250451E-003,1.435435260646045E-004,-2.836635801941156E-003,
2.488066666666667E+009,1.201281702378765E-004,-2.830210141837597E-003,1.091994781745598E-004,-2.757225185632706E-003,
2.488100000000000E+009,6.116333679528907E-005,-2.754413057118654E-003,9.269579459214583E-005,-2.804257208481431E-003,
2.488133333333334E+009,-2.197006506321486E-005,-2.791681559756398E-003,-3.193018346792087E-005,-2.741659292951226E-003,
2.488166666666667E+009,-1.078275454347022E-004,-2.770501887425780E-003,-1.042007788782939E-004,-2.780470997095108E-003,
2.488200000000000E+009,-1.719840947771445E-004,-2.764963079243898E-003,-1.595523644937202E-004,-2.772174542769790E-003,
2.488233333333334E+009,-2.814684703480452E-004,-2.762218937277794E-003,-2.453780034556985E-004,-2.711040433496237E-003,
2.488266666666667E+009,-2.851868630386889E-004,-2.792883431538940E-003,-3.939921443816274E-004,-2.810588106513023E-003,
2.488300000000000E+009,-3.864093159791082E-004,-2.712693996727467E-003,-4.523223033174872E-004,-2.734222682192922E-003,
2.488333333333334E+009,-4.985675914213061E-004,-2.755424706265330E-003,-4.820826579816639E-004,-2.720114542171359E-003,
2.488366666666667E+009,-5.737213650718331E-004,-2.694084541872144E-003,-5.766887334175408E-004,-2.666588174179196E-003,
2.488400000000000E+009,-6.277838256210089E-004,-2.685073064640164E-003,-6.456006667576730E-004,-2.655603457242250E-003,
2.488433333333334E+009,-6.949496455490589E-004,-2.746030688285828E-003,-7.042362703941762E-004,-2.661651000380516E-003,
2.488466666666667E+009,-7.075789035297930E-004,-2.613255521282554E-003,-7.366967620328069E-004,-2.678532851859927E-003,
2.488500000000000E+009,-7.892356370575726E-004,-2.657979959622026E-003,-8.360828505828977E-004,-2.632011659443378E-003,
2.488533333333334E+009,-8.776392787694931E-004,-2.633903874084353E-003,-9.502271423116326E-004,-2.599583240225911E-003,
2.488566666666667E+009,-9.638991323299706E-004,-2.615235047414899E-003,-9.920902084559202E-004,-2.599304076284170E-003,
2.488600000000000E+009,-1.051013590767980E-003,-2.562781097367406E-003,-9.916684357449412E-004,-2.584625035524368E-003,
2.488633333333334E+009,-1.094190403819084E-003,-2.529573859646916E-003,-1.085192547179759E-003,-2.586333779618144E-003,
2.488666666666667E+009,-1.179536571726203E-003,-2.538286847993732E-003,-1.130663440562785E-003,-2.530732424929738E-003,
2.488700000000000E+009,-1.252190442755818E-003,-2.480075927451253E-003,-1.240745652467012E-003,-2.525132149457932E-003,
2.488733333333334E+009,-1.251289853826165E-003,-2.456703223288059E-003,-1.244682818651199E-003,-2.488234778866172E-003,
2.488766666666667E+009,-1.350584323517978E-003,-2.452363027259708E-003,-1.303305267356336E-003,-2.405952196568251E-003,
2.488800000000000E+009,-1.357821747660637E-003,-2.436055336147547E-003,-1.390649937093258E-003,-2.425192156806588E-003,
2.488833333333334E+009,-1.415883656591177E-003,-2.339449012652040E-003,-1.495788572356105E-003,-2.419710159301758E-003,
2.488866666666667E+009,-1.527258660644293E-003,-2.280557528138161E-003,-1.481292187236249E-003,-2.345232060179114E-003,
2.488900000000000E+009,-1.560552511364222E-003,-2.289308933541179E-003,-1.533659291453660E-003,-2.341417595744133E-003,
2.488933333333334E+009,-1.538780517876148E-003,-2.303576795384288E-003,-1.588159473612905E-003,-2.282751025632024E-003,
2.488966666666667E+009,-1.648548291996121E-003,-2.196216257289052E-003,-1.603896380402148E-003,-2.209772588685155E-003,
2.489000000000000E+009,-1.701347762718797E-003,-2.187951933592558E-003,-1.637654961086810E-003,-2.222379203885794E-003,
2.489033333333334E+009,-1.787068089470267E-003,-2.204673364758492E-003,-1.720507396385074E-003,-2.117630792781711E-003,
2.489066666666667E+009,-1.752909505739808E-003,-2.112699905410409E-003,-1.803870196454227E-003,-2.077931305393577E-003,
2.489100000000000E+009,-1.837260089814663E-003,-2.090563066303730E-003,-1.862017088569701E-003,-2.061634790152311E-003,
2.489133333333334E+009,-1.853580120950937E-003,-1.999865286052227E-003,-1.844897749833763E-003,-2.035088604316115E-003,
2.489166666666667E+009,-1.964000985026360E-003,-2.070034621283412E-003,-1.951054204255343E-003,-1.992947421967983E-003,
2.489200000000000E+009,-1.976402243599296E-003,-1.978222280740738E-003,-1.935095642693341E-003,-1.977158710360527E-003,
2.489233333333334E+009,-1.984330825507641E-003,-1.914184191264212E-003,-2.051456598564982E-003,-1.854641363024712E-003,
2.489266666666667E+009,-2.075062599033117E-003,-1.849565538577735E-003,-2.025064313784242E-003,-1.863013254478574E-003,
2.489300000000000E+009,-2.062630606815219E-003,-1.838529249653220E-003,-2.111538546159864E-003,-1.780839869752526E-003,
2.489333333333334E+009,-2.083951840177178E-003,-1.751219504512847E-003,-2.148753730580211E-003,-1.750619383528829E-003,
2.489366666666667E+009,-2.141265897080302E-003,-1.722235232591629E-003,-2.190795494243503E-003,-1.732456847093999E-003,
2.489400000000000E+009,-2.203963231295347E-003,-1.632687868550420E-003,-2.199237002059817E-003,-1.682722591795027E-003,
2.489433333333334E+009,-2.193072345107794E-003,-1.578125869855285E-003,-2.256364794448018E-003,-1.583865727297962E-003,
2.489466666666667E+009,-2.269691089168191E-003,-1.528161810711026E-003,-2.267461037263274E-003,-1.509973313659430E-003,
2.489500000000000E+009,-2.264670096337795E-003,-1.475543598644435E-003,-2.246628981083632E-003,-1.478093210607767E-003,
2.489533333333334E+009,-2.258014166727662E-003,-1.483949366956949E-003,-2.299370011314750E-003,-1.502482802607119E-003,
2.489566666666667E+009,-2.299379557371140E-003,-1.495015225373209E-003,-2.300105756148696E-003,-1.423198496922851E-003,
2.489600000000000E+009,-2.377148019149900E-003,-1.405852613970637E-003,-2.394213341176510E-003,-1.450177864171565E-003,
2.489633333333334E+009,-2.408198313787580E-003,-1.406974508427084E-003,-2.346233464777470E-003,-1.404676004312933E-003,
2.489666666666667E+009,-2.453131368383765E-003,-1.315518980845809E-003,-2.476546913385391E-003,-1.287572667934001E-003,
2.489700000000000E+009,-2.520060166716576E-003,-1.280447933822870E-003,-2.470947569236159E-003,-1.259536016732454E-003,
2.489733333333334E+009,-2.476720605045557E-003,-1.217206357978284E-003,-2.517305081710219E-003,-1.128558418713510E-003,
2.489766666666667E+009,-2.487825928255916E-003,-1.109721022658050E-003,-2.535626990720630E-003,-1.127827214077115E-003,
2.489800000000000E+009,-2.518347464501858E-003,-1.029561739414930E-003,-2.506782300770283E-003,-9.915030095726252E-004,
2.489833333333334E+009,-2.570675918832421E-003,-9.856799151748419E-004,-2.617662074044347E-003,-9.540932369418442E-004,
2.489866666666667E+009,-2.586545422673225E-003,-8.285583462566137E-004,-2.569908509030938E-003,-8.937015081755817E-004,
2.489900000000000E+009,-2.607630565762520E-003,-7.806104258634150E-004,-2.607650356367230E-003,-7.947109406813979E-004,
2.489933333333334E+009,-2.620192477479577E-003,-7.752679521217942E-004,-2.605021465569735E-003,-7.314280956052244E-004,
2.489966666666667E+009,-2.607866423204541E-003,-7.167985895648599E-004,-2.672423375770450E-003,-7.346852216869593E-004,
2.490000000000000E+009,-2.644704887643457E-003,-6.576623418368399E-004,-2.653720555827022E-003,-5.988031625747681E-004,
2.490033333333334E+009,-2.672407077625394E-003,-5.370213766582310E-004,-2.730195876210928E-003,-5.606952472589910E-004,
2.490066666666667E+009,-2.674740506336093E-003,-4.719247808679938E-004,-2.699182368814945E-003,-4.803990887012333E-004,
2.490100000000000E+009,-2.691248897463083E-003,-4.198981041554362E-004,-2.698712283745408E-003,-4.341671883594245E-004,
2.490133333333334E+009,-2.689464949071407E-003,-3.622624208219349E-004,-2.678439486771822E-003,-3.464687033556402E-004,
2.490166666666667E+009,-2.667623804882169E-003,-2.755664463620633E-004,-2.719832351431251E-003,-2.971011563204229E-004,
2.490200000000000E+009,-2.726880833506584E-003,-2.520244161132723E-004,-2.738509792834520E-003,-2.286362432641909E-004,
2.490233333333334E+009,-2.720873104408383E-003,-1.740681618684903E-004,-2.783222356811166E-003,-1.375239517074078E-004,
2.490266666666667E+009,-2.761891111731529E-003,-1.820355537347496E-004,-2.707562875002623E-003,-1.037288820953108E-004,
2.490300000000000E+009,-2.762192161753774E-003,-5.155783219379373E-005,-2.720376243814826E-003,-5.624324330710806E-005,
2.490333333333334E+009,-2.735865535214543E-003,2.531654354243074E-005,-2.691443078219891E-003,1.376220916426973E-005,
2.490366666666667E+009,-2.736522816121578E-003,4.222002462483943E-005,-2.750501502305269E-003,5.629725274047814E-005,
2.490400000000000E+009,-2.717023249715567E-003,9.880196012090892E-005,-2.784710377454758E-003,1.444321533199400E-004,
2.490433333333334E+009,-2.750765066593885E-003,1.884664961835370E-004,-2.738555660471320E-003,2.024446148425341E-004,
2.490466666666667E+009,-2.702699275687337E-003,2.530417696107179E-004,-2.703669480979443E-003,2.447752049192786E-004,
2.490500000000000E+009,-2.713396213948727E-003,3.952605475205928E-004,-2.717603696510196E-003,3.055411507375538E-004,
2.490533333333334E+009,-2.661310601979494E-003,4.080618673469871E-004,-2.671446185559034E-003,4.048117843922228E-004,
2.490566666666667E+009,-2.713346853852272E-003,4.499674541875720E-004,-2.733711851760745E-003,4.766267957165837E-004,
2.490600000000000E+009,-2.648335881531239E-003,4.720139841083437E-004,-2.670664107427001E-003,5.633565015159547E-004,
2.490633333333334E+009,-2.628158777952194E-003,6.003745365887880E-004,-2.685288432985544E-003,5.604717880487442E-004,
2.490666666666667E+009,-2.649220172315836E-003,6.706031854264438E-004,-2.671178430318832E-003,6.136883748695254E-004,
2.490700000000000E+009,-2.645177533850074E-003,7.038841140456498E-004,-2.628916176036000E-003,6.616264581680298E-004,
2.490733333333334E+009,-2.638760954141617E-003,7.546165725216270E-004,-2.589253475889564E-003,7.104672258719802E-004,
2.490766666666667E+009,-2.577674342319369E-003,8.509582839906216E-004,-2.602375578135252E-003,8.196993730962277E-004,
2.490800000000000E+009,-2.523406874388456E-003,9.834174998104572E-004,-2.550956094637513E-003,8.653206750750542E-004,
2.490833333333334E+009,-2.514244755730033E-003,9.000139543786645E-004,-2.558713778853416E-003,9.306011488661170E-004,
2.490866666666667E+009,-2.501119393855333E-003,9.789068717509508E-004,-2.542134607210755E-003,1.028541126288474E-003,
2.490900000000000E+009,-2.505854703485966E-003,1.004332094453275E-003,-2.520982874557376E-003,1.076651038601995E-003,
2.490933333333334E+009,-2.496317960321903E-003,1.076892483979464E-003,-2.410248154774308E-003,1.034685759805143E-003,
2.490966666666667E+009,-2.483439631760120E-003,1.169235678389669E-003,-2.472240943461657E-003,1.169768744148314E-003,
2.491000000000000E+009,-2.415877534076572E-003,1.194025157019496E-003,-2.426075981929898E-003,1.126265036873519E-003,
2.491033333333334E+009,-2.378955250605941E-003,1.161559484899044E-003,-2.432223875075579E-003,1.242408994585276E-003,
2.491066666666667E+009,-2.385725267231464E-003,1.242972910404205E-003,-2.399602672085166E-003,1.263603917323053E-003,
2.491100000000000E+009,-2.336743054911494E-003,1.329894992522895E-003,-2.419710392132402E-003,1.374318497255445E-003,
2.491133333333334E+009,-2.348672831431031E-003,1.366996322758496E-003,-2.364883897826076E-003,1.348628429695964E-003,
2.491166666666667E+009,-2.294816309586167E-003,1.414863625541329E-003,-2.336026169359684E-003,1.416603103280067E-003,
2.491200000000000E+009,-2.338073216378689E-003,1.465347246266902E-003,-2.325458684936166E-003,1.507356530055404E-003,
2.491233333333334E+009,-2.274235477671027E-003,1.524028368294239E-003,-2.309667645022273E-003,1.498893485404551E-003,
2.491266666666667E+009,-2.198256086558104E-003,1.568847103044391E-003,-2.236785599961877E-003,1.563421450555325E-003,
2.491300000000000E+009,-2.109001623466611E-003,1.591096282936633E-003,-2.190883504226804E-003,1.619182410649955E-003,
2.491333333333334E+009,-2.116147894412279E-003,1.675565610639751E-003,-2.052887575700879E-003,1.725682523101568E-003,
2.491366666666667E+009,-2.129853703081608E-003,1.706875162199140E-003,-2.062306273728609E-003,1.702616689726710E-003,
2.491400000000000E+009,-2.016871003434062E-003,1.756292534992099E-003,-1.992170698940754E-003,1.764694345183671E-003,
2.491433333333334E+009,-1.990035641938448E-003,1.851749839261174E-003,-1.949672587215900E-003,1.852647750638425E-003,
2.491466666666667E+009,-1.976054161787033E-003,1.830400549806655E-003,-1.938571687787771E-003,1.831401837989688E-003,
2.491500000000000E+009,-1.864046673290432E-003,1.918830676004291E-003,-1.886606914922595E-003,1.953107188455761E-003,
2.491533333333334E+009,-1.802857383154333E-003,1.982766203582287E-003,-1.847845036536455E-003,1.986801624298096E-003,
2.491566666666667E+009,-1.751055940985680E-003,2.007959177717567E-003,-1.773622003383935E-003,2.015404636040330E-003,
2.491600000000000E+009,-1.698623760603368E-003,2.035676036030054E-003,-1.765073277056217E-003,2.068912843242288E-003,
2.491633333333334E+009,-1.674503786489368E-003,2.067111665382981E-003,-1.685902592726052E-003,2.122306730598211E-003,
2.491666666666667E+009,-1.600132673047483E-003,2.127547282725573E-003,-1.627410063520074E-003,2.098114462569356E-003,
2.491700000000000E+009,-1.558832009322941E-003,2.164424164220691E-003,-1.605736557394266E-003,2.171307336539030E-003,
2.491733333333334E+009,-1.496028620749712E-003,2.162654185667634E-003,-1.539910212159157E-003,2.169155981391668E-003,
2.491766666666667E+009,-1.421409659087658E-003,2.192372456192970E-003,-1.442211214452982E-003,2.187614561989904E-003,
2.491800000000000E+009,-1.373161096125841E-003,2.232011640444398E-003,-1.374094281345606E-003,2.237622626125813E-003,
2.491833333333334E+009,-1.306916121393442E-003,2.238148590549827E-003,-1.332314452156425E-003,2.316984580829740E-003,
2.491866666666667E+009,-1.278653275221586E-003,2.312339842319489E-003,-1.281128381378949E-003,2.348229521885514E-003,
2.491900000000000E+009,-1.258677453733981E-003,2.322283806279302E-003,-1.219002529978752E-003,2.342211082577705E-003,
2.491933333333334E+009,-1.178093370981515E-003,2.408768748864532E-003,-1.172555261291564E-003,2.385964384302497E-003,
2.491966666666667E+009,-1.043372205458581E-003,2.385147381573916E-003,-1.089848694391549E-003,2.423915779218078E-003,
2.492000000000000E+009,-1.031235791742802E-003,2.473294502124190E-003,-1.037953654304147E-003,2.484831959009171E-003,
2.492033333333334E+009,-1.010245643556118E-003,2.484468510374427E-003,-9.661499643698335E-004,2.481663366779685E-003,
2.492066666666667E+009,-1.002032775431871E-003,2.434869762510061E-003,-9.164017392322421E-004,2.513850340619683E-003,
2.492100000000000E+009,-8.363670203834772E-004,2.542095724493265E-003,-8.870113524608314E-004,2.504240721464157E-003,
2.492133333333334E+009,-8.478771196678281E-004,2.503059571608901E-003,-8.357350598089397E-004,2.545686904340982E-003,
2.492166666666667E+009,-7.958131609484553E-004,2.518166089430451E-003,-7.969699800014496E-004,2.572042867541313E-003,
2.492200000000000E+009,-7.432834245264530E-004,2.551057143136859E-003,-6.823560688644648E-004,2.593417884781957E-003,
2.492233333333334E+009,-6.402345024980605E-004,2.572169993072748E-003,-6.379727856256068E-004,2.572483615949750E-003,
2.492266666666667E+009,-5.901161930523813E-004,2.578332787379623E-003,-6.382381543517113E-004,2.590450691059232E-003,
2.492300000000000E+009,-5.391240702010691E-004,2.539317356422544E-003,-5.478287930600345E-004,2.633511554449797E-003,
2.492333333333334E+009,-4.751285014208406E-004,2.569525735452771E-003,-4.981762613169849E-004,2.545243594795466E-003,
2.492366666666667E+009,-4.558409273158759E-004,2.597534097731113E-003,-4.250759666319937E-004,2.626868896186352E-003,
2.492400000000000E+009,-4.119554942008108E-004,2.629708265885711E-003,-4.241968272253871E-004,2.618645550683141E-003,
2.492433333333334E+009,-2.650804235599935E-004,2.622672356665134E-003,-3.589454281609505E-004,2.612226875498891E-003,
2.492466666666667E+009,-2.387721033301204E-004,2.556416904553771E-003,-2.755736350081861E-004,2.622063737362623E-003,
2.492500000000000E+009,-1.786944485502318E-004,2.567719202488661E-003,-2.263576898258179E-004,2.640056191012263E-003,
2.492533333333334E+009,-2.090637281071395E-004,2.646594308316708E-003,-9.243642853107303E-005,2.617543097585440E-003,
2.492566666666667E+009,-9.950298408512026E-005,2.592189237475395E-003,-6.167666288092732E-005,2.639175159856677E-003,
2.492600000000000E+009,-2.445095560688060E-005,2.622884465381503E-003,-5.627096834359691E-005,2.550832927227020E-003,
2.492633333333334E+009,1.271767177968286E-005,2.641768194735050E-003,7.423190027111559E-007,2.618044149130583E-003,
2.492666666666667E+009,3.526928048813716E-005,2.599934116005898E-003,-6.463774298026692E-006,2.571585355326533E-003,
2.492700000000000E+009,3.901365926139988E-005,2.574025420472026E-003,3.745723370229825E-005,2.623052103444934E-003,
2.492733333333334E+009,6.767984450561926E-005,2.608464099466801E-003,1.430443953722715E-004,2.618602244183421E-003,
2.492766666666667E+009,2.023635170189664E-004,2.633969299495220E-003,1.877770118881017E-004,2.683651400730014E-003,
2.492800000000000E+009,1.426826929673553E-004,2.644972410053015E-003,2.245598006993532E-004,2.692874288186431E-003,
2.492833333333334E+009,2.466245787218213E-004,2.637017983943224E-003,3.203621599823237E-004,2.673662034794688E-003,
2.492866666666667E+009,3.886959166266024E-004,2.675779862329364E-003,3.862101584672928E-004,2.643608720973134E-003,
2.492900000000000E+009,4.522361559793353E-004,2.561522414907813E-003,4.606386355590075E-004,2.611314179375768E-003,
2.492933333333334E+009,5.079412367194891E-004,2.578696701675654E-003,5.067480960860848E-004,2.610143972560763E-003,
2.492966666666667E+009,5.523748113773763E-004,2.513892250135541E-003,5.602371529676020E-004,2.609063871204853E-003,
2.493000000000000E+009,6.085481145419180E-004,2.568733412772417E-003,6.304436828941107E-004,2.518603578209877E-003,
2.493033333333334E+009,6.692236056551337E-004,2.493482315912843E-003,6.817642133682966E-004,2.498995279893279E-003,
2.493066666666667E+009,7.192515186034143E-004,2.521003130823374E-003,7.709938799962401E-004,2.523141913115978E-003,
2.493100000000000E+009,7.781878230161965E-004,2.487204736098647E-003,7.934986497275531E-004,2.465922385454178E-003,
2.493133333333334E+009,8.810289436951280E-004,2.420614240691066E-003,8.929207106120884E-004,2.470158273354173E-003,
2.493166666666667E+009,9.581636404618621E-004,2.409003674983978E-003,1.039338763803244E-003,2.444981830194593E-003,
2.493200000000000E+009,9.599342010915279E-004,2.442640950903297E-003,1.028449274599552E-003,2.404865808784962E-003,
2.493233333333334E+009,1.047911471687257E-003,2.376951975747943E-003,1.028601080179215E-003,2.374734263867140E-003,
2.493266666666667E+009,1.073646475560963E-003,2.325792564079166E-003,1.128609292209148E-003,2.342907479032874E-003,
2.493300000000000E+009,1.148101175203919E-003,2.312552416697145E-003,1.156520331278443E-003,2.318544080480933E-003,
2.493333333333334E+009,1.211805967614055E-003,2.255247440189123E-003,1.250462140887976E-003,2.310615964233875E-003,
2.493366666666667E+009,1.254276023246348E-003,2.239343011751771E-003,1.265913248062134E-003,2.262303140014410E-003,
2.493400000000000E+009,1.305108889937401E-003,2.242713700979948E-003,1.330074970610440E-003,2.175457309931517E-003,
2.493433333333334E+009,1.389144570566714E-003,2.206175122410059E-003,1.364935073070228E-003,2.203870564699173E-003,
2.493466666666667E+009,1.424159738235176E-003,2.199499402195215E-003,1.403184374794364E-003,2.193235559388995E-003,
2.493500000000000E+009,1.410451252013445E-003,2.100814832374454E-003,1.446712412871420E-003,2.132131718099117E-003,
2.493533333333334E+009,1.452462514862418E-003,2.101875143125653E-003,1.529475441202521E-003,2.130619250237942E-003,
2.493566666666667E+009,1.542708487249911E-003,2.065605949610472E-003,1.492981449700892E-003,2.079949015751481E-003,
2.493600000000000E+009,1.603043172508478E-003,1.995870145037770E-003,1.599535811692476E-003,1.994960708543658E-003,
2.493633333333334E+009,1.656548003666103E-003,1.948204007931054E-003,1.686164643615484E-003,1.971250632777810E-003,
2.493666666666667E+009,1.728829112835228E-003,1.925053424201906E-003,1.737407525070012E-003,1.960836583748460E-003,
2.493700000000000E+009,1.677910564467311E-003,1.835119095630944E-003,1.773702213540673E-003,1.900527859106660E-003,
2.493733333333334E+009,1.752786920405924E-003,1.926395110785961E-003,1.817320007830858E-003,1.865627476945519E-003,
2.493766666666667E+009,1.768541522324085E-003,1.813307753764093E-003,1.788010471500456E-003,1.867100480012596E-003,
2.493800000000000E+009,1.899679773487151E-003,1.844107173383236E-003,1.824258710257709E-003,1.748664770275354E-003,
2.493833333333334E+009,1.897518290206790E-003,1.705208909697831E-003,1.903079333715141E-003,1.706788665615022E-003,
2.493866666666667E+009,1.942785456776619E-003,1.738240476697683E-003,1.927696284838021E-003,1.728948554955423E-003,
2.493900000000000E+009,1.882700133137405E-003,1.647051656618714E-003,1.951283193193376E-003,1.661095418967307E-003,
2.493933333333334E+009,1.982848625630140E-003,1.605524565093219E-003,1.996452221646905E-003,1.595184323377907E-003,
2.493966666666667E+009,2.010814379900694E-003,1.596865477040410E-003,2.021425403654575E-003,1.552071538753808E-003,
2.494000000000000E+009,2.056173514574766E-003,1.599863404408097E-003,2.097039250656962E-003,1.534255919978023E-003,
2.494033333333334E+009,2.093120245262981E-003,1.482087303884327E-003,2.119621494784951E-003,1.500267419032753E-003,
2.494066666666667E+009,2.103022066876292E-003,1.443396089598537E-003,2.163259778171778E-003,1.428659539669752E-003,
2.494100000000000E+009,2.181201009079814E-003,1.395196421071887E-003,2.168889157474041E-003,1.381217152811587E-003,
2.494133333333334E+009,2.172153675928712E-003,1.390738179907203E-003,2.213211264461279E-003,1.371856196783483E-003,
2.494166666666667E+009,2.180917887017131E-003,1.322827534750104E-003,2.233524806797504E-003,1.320765470154584E-003,
2.494200000000000E+009,2.200922928750515E-003,1.331631559878588E-003,2.243516501039267E-003,1.289274892769754E-003,
2.494233333333334E+009,2.310895128175616E-003,1.200869795866311E-003,2.252066507935524E-003,1.216130331158638E-003,
2.494266666666667E+009,2.282465109601617E-003,1.215861644595861E-003,2.287797397002578E-003,1.232338952831924E-003,
2.494300000000000E+009,2.341998275369406E-003,1.182279200293124E-003,2.326047746464610E-003,1.205187989398837E-003,
2.494333333333334E+009,2.326841000467539E-003,1.160757616162300E-003,2.394705312326551E-003,1.099079381674528E-003,
2.494366666666667E+009,2.441103570163250E-003,1.111696707084775E-003,2.405373146757484E-003,1.027052174322307E-003,
2.494400000000000E+009,2.408273983746767E-003,1.041587674990296E-003,2.338977530598640E-003,1.032292144373059E-003,
2.494433333333334E+009,2.391447545960546E-003,9.458236163482070E-004,2.379952231422067E-003,9.590280824340880E-004,
2.494466666666667E+009,2.438322408124805E-003,8.957876125350595E-004,2.451909938827157E-003,8.558048284612596E-004,
2.494500000000000E+009,2.386865206062794E-003,8.441503159701824E-004,2.420268021523953E-003,7.977734203450382E-004,
2.494533333333334E+009,2.442058641463518E-003,7.550746086053550E-004,2.456943970173597E-003,7.830160320736468E-004,
2.494566666666667E+009,2.471166197210550E-003,6.887943600304425E-004,2.509023295715451E-003,7.130979211069644E-004,
2.494600000000000E+009,2.494857413694263E-003,6.741227116435766E-004,2.449139021337032E-003,5.962810828350484E-004,
2.494633333333334E+009,2.448889194056392E-003,5.471384502016008E-004,2.456760965287685E-003,5.988026387058199E-004,
2.494666666666667E+009,2.519863890483975E-003,5.490311305038631E-004,2.483891788870096E-003,5.139419226907194E-004,
2.494700000000000E+009,2.504455158486962E-003,4.492475418373942E-004,2.528117271140218E-003,4.341622407082468E-004,
2.494733333333334E+009,2.513618441298604E-003,3.896105336025357E-004,2.522085560485721E-003,3.962985065300018E-004,
2.494766666666667E+009,2.552193822339177E-003,3.495653800200671E-004,2.559565473347902E-003,3.489448572508991E-004,
2.494800000000000E+009,2.512399805709720E-003,3.019566938746721E-004,2.527006668969989E-003,2.849731536116451E-004,
2.494833333333334E+009,2.571832621470094E-003,2.490952902007848E-004,2.542730420827866E-003,2.184078475693241E-004,
2.494866666666667E+009,2.548199379816651E-003,1.574443012941629E-004,2.561692381277680E-003,1.376044674543664E-004,
2.494900000000000E+009,2.559132408350706E-003,2.980192221002653E-005,2.573769306764007E-003,4.626359805115499E-005,
2.494933333333334E+009,2.539275214076042E-003,1.644691838009749E-005,2.529043704271317E-003,2.052237687166780E-005,
2.494966666666667E+009,2.592954551801086E-003,1.133060777647188E-006,2.534155501052737E-003,-6.288926670094952E-005,
2.495000000000000E+009,2.554339356720448E-003,-5.443613554234617E-005,2.543668262660503E-003,-1.389969402225688E-004,
2.495033333333334E+009,2.542235190048814E-003,-1.437399623682722E-004,2.572547178715468E-003,-1.046336255967617E-004,
2.495066666666667E+009,2.595250960439444E-003,-1.885180536191911E-004,2.564884722232819E-003,-2.368050190852955E-004,
2.495100000000000E+009,2.543118083849549E-003,-2.599749714136124E-004,2.530850935727358E-003,-2.168780920328572E-004,
2.495133333333334E+009,2.530326135456562E-003,-3.370682534296066E-004,2.545987023040652E-003,-3.415634564589709E-004,
2.495166666666667E+009,2.541832625865936E-003,-4.028991097584367E-004,2.544404473155737E-003,-3.836647083517164E-004,
2.495200000000000E+009,2.512747654691339E-003,-4.173046909272671E-004,2.474228153005242E-003,-4.499697242863476E-004,
2.495233333333334E+009,2.461785450577736E-003,-4.818402812816203E-004,2.513411920517683E-003,-4.809104430023581E-004,
2.495266666666667E+009,2.504166681319475E-003,-5.980254500173032E-004,2.519171684980393E-003,-5.264114588499069E-004,
2.495300000000000E+009,2.455233829095960E-003,-6.200455827638507E-004,2.432573353871703E-003,-6.150649860501289E-004,
2.495333333333334E+009,2.487823832780123E-003,-7.024132064543665E-004,2.482243813574314E-003,-6.539046298712492E-004,
2.495366666666667E+009,2.444453071802855E-003,-7.002324564382434E-004,2.450857777148485E-003,-7.756394916214049E-004,
2.495400000000000E+009,2.397777279838920E-003,-7.417003507725895E-004,2.446541329845786E-003,-7.719761924818158E-004,
2.495433333333334E+009,2.422474557533860E-003,-7.906950195319951E-004,2.434725640341640E-003,-8.452153997495771E-004,
2.495466666666667E+009,2.368297427892685E-003,-8.487821323797107E-004,2.328373026102781E-003,-8.587808697484434E-004,
2.495500000000000E+009,2.394014270976186E-003,-9.614353184588254E-004,2.387410495430231E-003,-9.296025964431465E-004,
2.495533333333334E+009,2.321057487279177E-003,-9.531906107440591E-004,2.351120347157121E-003,-9.578181197866797E-004,
2.495566666666667E+009,2.360987244173884E-003,-9.933102410286665E-004,2.300810301676393E-003,-1.030476763844490E-003,
2.495600000000000E+009,2.297478262335062E-003,-1.095170737244189E-003,2.300865482538939E-003,-1.019489835016429E-003,
2.495633333333334E+009,2.272874815389514E-003,-1.103133778087795E-003,2.259629778563976E-003,-1.171071780845523E-003,
2.495666666666667E+009,2.289730822667480E-003,-1.124021480791271E-003,2.254892606288195E-003,-1.189173199236393E-003,
2.495700000000000E+009,2.253883518278599E-003,-1.258800039067864E-003,2.251832513138652E-003,-1.175317796878517E-003,
2.495733333333334E+009,2.229270758107305E-003,-1.203040941618383E-003,2.223188756033778E-003,-1.230697962455452E-003,
2.495766666666667E+009,2.165852114558220E-003,-1.240455079823732E-003,2.235222840681672E-003,-1.251220353879035E-003,
2.495800000000000E+009,2.207149285823107E-003,-1.359331421554089E-003,2.182448748499155E-003,-1.275576301850379E-003,
2.495833333333334E+009,2.148850355297327E-003,-1.324133831076324E-003,2.149348147213459E-003,-1.405754708684981E-003,
2.495866666666667E+009,2.157635521143675E-003,-1.432618941180408E-003,2.142879879102111E-003,-1.392747857607901E-003,
2.495900000000000E+009,2.180369105190039E-003,-1.504385145381093E-003,2.166521036997438E-003,-1.483289059251547E-003,
2.495933333333334E+009,2.204453572630882E-003,-1.505281776189804E-003,2.111042849719524E-003,-1.519452314823866E-003,
2.495966666666667E+009,2.132869791239500E-003,-1.531715621240437E-003,2.131466986611486E-003,-1.604883815161884E-003,
2.496000000000000E+009,2.056578174233437E-003,-1.626985264010727E-003,2.013833262026310E-003,-1.615024521015585E-003,
2.496033333333334E+009,1.965148840099573E-003,-1.614500419236720E-003,1.971356337890029E-003,-1.699316082522273E-003,
2.496066666666667E+009,1.938913832418621E-003,-1.725099631585181E-003,1.977836480364204E-003,-1.725863665342331E-003,
2.496100000000000E+009,1.904719974845648E-003,-1.761999563314021E-003,1.919789239764214E-003,-1.721277250908315E-003,
2.496133333333334E+009,1.836934126913548E-003,-1.781885977834463E-003,1.862129662185907E-003,-1.802680664695799E-003,
2.496166666666667E+009,1.796105527319014E-003,-1.807306427508593E-003,1.774702570401132E-003,-1.891261315904558E-003,
2.496200000000000E+009,1.717487699352205E-003,-1.848849351517856E-003,1.758371014147997E-003,-1.922581344842911E-003,
2.496233333333334E+009,1.736849197186530E-003,-1.883598510175943E-003,1.671123667620122E-003,-1.900973264127970E-003,
2.496266666666667E+009,1.649374840781093E-003,-1.954545965418220E-003,1.610174309462309E-003,-1.938299858011305E-003,
2.496300000000000E+009,1.596262096427381E-003,-1.998574240133166E-003,1.572887529619038E-003,-1.989237964153290E-003,
2.496333333333334E+009,1.543490332551301E-003,-2.026948845013976E-003,1.581067685037851E-003,-2.031413605436683E-003,
2.496366666666667E+009,1.516990712843835E-003,-2.048323862254620E-003,1.500256825238466E-003,-2.073263749480248E-003,
2.496400000000000E+009,1.498166122473776E-003,-2.089599613100290E-003,1.467359834350646E-003,-2.120512304827571E-003,
2.496433333333334E+009,1.378225744701922E-003,-2.160414354875684E-003,1.421470660716295E-003,-2.140434226021171E-003,
2.496466666666667E+009,1.331251929514110E-003,-2.151531400159001E-003,1.356446067802608E-003,-2.209094585850835E-003,
2.496500000000000E+009,1.316763460636139E-003,-2.205131808295846E-003,1.354072126559913E-003,-2.202050993219018E-003,
2.496533333333334E+009,1.264214981347323E-003,-2.253900282084942E-003,1.226026215590537E-003,-2.256826264783740E-003,
2.496566666666667E+009,1.164815388619900E-003,-2.224524505436420E-003,1.194024924188852E-003,-2.226026030257344E-003,
2.496600000000000E+009,1.175831770524383E-003,-2.316145459190011E-003,1.212625997141004E-003,-2.282416215166450E-003,
2.496633333333334E+009,1.107268035411835E-003,-2.321069594472647E-003,1.088534016162157E-003,-2.307529328390956E-003,
2.496666666666667E+009,1.050529303029180E-003,-2.366720465943217E-003,1.034806249663234E-003,-2.404926344752312E-003,
2.496700000000000E+009,9.341373806819320E-004,-2.386933192610741E-003,1.017388189211488E-003,-2.407251391559839E-003,
2.496733333333334E+009,9.285267442464829E-004,-2.329371869564056E-003,9.272535680793226E-004,-2.373632974922657E-003,
2.496766666666667E+009,8.609303040429950E-004,-2.390741370618343E-003,8.564228774048388E-004,-2.409441629424691E-003,
2.496800000000000E+009,8.207678911276162E-004,-2.417575567960739E-003,8.050686446949840E-004,-2.421209355816245E-003,
2.496833333333334E+009,7.652561180293560E-004,-2.460254589095712E-003,7.499833009205759E-004,-2.409089589491487E-003,
2.496866666666667E+009,7.203710847534239E-004,-2.527288626879454E-003,7.058423361741006E-004,-2.428050851449370E-003,
2.496900000000000E+009,6.495154229924083E-004,-2.501126611605287E-003,6.197344046086073E-004,-2.469099825248122E-003,
2.496933333333334E+009,6.000153371132910E-004,-2.461677882820368E-003,5.709321121685207E-004,-2.476484281942248E-003,
2.496966666666667E+009,5.437834188342094E-004,-2.511923434212804E-003,5.163222085684538E-004,-2.513202372938395E-003,
2.497000000000000E+009,4.618302918970585E-004,-2.531091216951609E-003,4.661235143430531E-004,-2.566156443208456E-003,
2.497033333333334E+009,3.850334614980966E-004,-2.598491962999106E-003,3.957047301810235E-004,-2.552771242335439E-003,
2.497066666666667E+009,3.414772218093276E-004,-2.539239358156920E-003,4.054719174746424E-004,-2.497648587450385E-003,
2.497100000000000E+009,3.076786233577877E-004,-2.585476031526923E-003,2.927947207354009E-004,-2.513014012947679E-003,
2.497133333333334E+009,2.447504957672209E-004,-2.567948540672660E-003,2.416500792605802E-004,-2.529766410589218E-003,
2.497166666666667E+009,2.042198611889035E-004,-2.571434713900089E-003,2.142546727554873E-004,-2.543337643146515E-003,
2.497200000000000E+009,1.794092677300796E-004,-2.530743135139346E-003,1.606711884960532E-004,-2.599707338958979E-003,
2.497233333333334E+009,1.288603671127930E-004,-2.593537094071508E-003,1.056188630172983E-004,-2.615614095702767E-003,
2.497266666666667E+009,7.748547795927152E-005,-2.645787317305803E-003,8.665997484058607E-006,-2.581087639555335E-003,
2.497300000000000E+009,-3.243115861550905E-005,-2.621894702315331E-003,-1.777082252374385E-005,-2.622609259560704E-003,
2.497333333333334E+009,-4.371572867967188E-005,-2.647887216880918E-003,-6.015038889017887E-005,-2.621497493237257E-003,
2.497366666666667E+009,-1.117860010708682E-004,-2.612364944070578E-003,-1.438596809748560E-004,-2.578003797680140E-003,
2.497400000000000E+009,-1.197838573716581E-004,-2.663305727764964E-003,-1.506523840362206E-004,-2.632525283843279E-003,
2.497433333333334E+009,-2.237349690403789E-004,-2.656474476680160E-003,-1.887302350951359E-004,-2.631582552567124E-003,
2.497466666666667E+009,-3.006783954333514E-004,-2.649505855515599E-003,-2.280019398313016E-004,-2.653588773682714E-003,
2.497500000000000E+009,-2.637342840898782E-004,-2.665055450052023E-003,-3.062363539356738E-004,-2.649611094966531E-003,
2.497533333333334E+009,-3.162902721669525E-004,-2.680809469893575E-003,-3.539146564435214E-004,-2.682733349502087E-003,
2.497566666666667E+009,-4.148211446590722E-004,-2.569779520854354E-003,-3.983228525612503E-004,-2.611452480778098E-003,
2.497600000000000E+009,-3.889660583809018E-004,-2.552643185481429E-003,-4.931953153572977E-004,-2.554703969508410E-003,
2.497633333333334E+009,-4.461432981770486E-004,-2.596000907942653E-003,-4.918167833238840E-004,-2.572948578745127E-003,
2.497666666666667E+009,-6.140319746918976E-004,-2.549340017139912E-003,-5.921580595895648E-004,-2.546664560213685E-003,
2.497700000000000E+009,-6.666175904683769E-004,-2.527585253119469E-003,-6.778917741030455E-004,-2.488751895725727E-003,
2.497733333333334E+009,-6.996901938691735E-004,-2.486931160092354E-003,-7.556814816780388E-004,-2.531584817916155E-003,
2.497766666666667E+009,-7.898114854469895E-004,-2.553309546783567E-003,-8.465973660349846E-004,-2.467472339048982E-003,
2.497800000000000E+009,-8.386343251913786E-004,-2.456278773024678E-003,-9.138439781963825E-004,-2.441139658913016E-003,
2.497833333333334E+009,-9.452023077756167E-004,-2.417552983388305E-003,-9.309466113336384E-004,-2.437363611534238E-003,
2.497866666666667E+009,-9.998540626838803E-004,-2.404696540907025E-003,-9.809092152863741E-004,-2.393883420154452E-003,
2.497900000000000E+009,-1.073925872333348E-003,-2.410877030342817E-003,-1.017989241518080E-003,-2.355610253289342E-003,
2.497933333333334E+009,-1.098804874345660E-003,-2.376301912590861E-003,-1.109026023186743E-003,-2.339633880183101E-003,
2.497966666666667E+009,-1.160517451353371E-003,-2.306552371010184E-003,-1.185675500892103E-003,-2.302400534972549E-003,
2.498000000000000E+009,-1.242266502231360E-003,-2.214617328718305E-003,-1.194601296447218E-003,-2.272012876346707E-003,
2.498033333333334E+009,-1.278458046726883E-003,-2.249322598800063E-003,-1.278081210330129E-003,-2.274075290188193E-003,
2.498066666666667E+009,-1.323233940638602E-003,-2.255528001114726E-003,-1.333880005404353E-003,-2.197398571297526E-003,
2.498100000000000E+009,-1.376486849039793E-003,-2.229139907285571E-003,-1.381391310133040E-003,-2.180341631174088E-003,
2.498133333333334E+009,-1.436689053662121E-003,-2.196048619225621E-003,-1.452769269235432E-003,-2.193912630900741E-003,
2.498166666666667E+009,-1.482109306380153E-003,-2.115892246365547E-003,-1.518068835139275E-003,-2.157734706997871E-003,
2.498200000000000E+009,-1.452290685847402E-003,-2.105951076373458E-003,-1.596788060851395E-003,-2.099031349644065E-003,
2.498233333333334E+009,-1.567227183841169E-003,-2.060705330222845E-003,-1.547881751321256E-003,-2.047221176326275E-003,
2.498266666666667E+009,-1.614195760339499E-003,-2.037445083260536E-003,-1.633306266739965E-003,-1.967069227248430E-003,
2.498300000000000E+009,-1.738885650411248E-003,-2.011690521612763E-003,-1.644511707127094E-003,-2.033770084381104E-003,
2.498333333333334E+009,-1.684552524238825E-003,-1.948002027347684E-003,-1.744659966789186E-003,-1.998464344069362E-003,
2.498366666666667E+009,-1.733296085149050E-003,-1.895634224638343E-003,-1.771335955709219E-003,-1.916430774144828E-003,
2.498400000000000E+009,-1.841878984123468E-003,-1.847409177571535E-003,-1.805603387765586E-003,-1.859874464571476E-003,
2.498433333333334E+009,-1.899474067613483E-003,-1.854831119999290E-003,-1.921878429129720E-003,-1.806846703402698E-003,
2.498466666666667E+009,-1.906717079691589E-003,-1.830654684454203E-003,-1.899075810797513E-003,-1.792664173990488E-003,
2.498500000000000E+009,-1.933262799866498E-003,-1.752601121552289E-003,-1.929666963405907E-003,-1.761547289788723E-003,
2.498533333333334E+009,-1.970335375517607E-003,-1.698045758530498E-003,-1.974084647372365E-003,-1.688616932369769E-003,
2.498566666666667E+009,-2.041596919298172E-003,-1.667947857640684E-003,-2.021657535806298E-003,-1.630218117497861E-003,
2.498600000000000E+009,-2.022689906880260E-003,-1.639724592678249E-003,-2.091420115903020E-003,-1.632431522011757E-003,
2.498633333333334E+009,-2.082426100969315E-003,-1.564042875543237E-003,-2.110723871737719E-003,-1.585372956469655E-003,
2.498666666666667E+009,-2.122564008459449E-003,-1.543326419778168E-003,-2.122623147442937E-003,-1.540442695841193E-003,
2.498700000000000E+009,-2.124651568010449E-003,-1.521655358374119E-003,-2.233708277344704E-003,-1.466120476834476E-003,
2.498733333333334E+009,-2.199204172939062E-003,-1.464985427446663E-003,-2.221928676590323E-003,-1.448918832466006E-003,
2.498766666666667E+009,-2.158375456929207E-003,-1.334789092652500E-003,-2.231461228802800E-003,-1.348386751487851E-003,
2.498800000000000E+009,-2.250943100079894E-003,-1.311285654082894E-003,-2.305943751707673E-003,-1.306010526604950E-003,
2.498833333333334E+009,-2.276202198117971E-003,-1.306807156652212E-003,-2.308573108166456E-003,-1.344483927823603E-003,
2.498866666666667E+009,-2.332956762984395E-003,-1.239572186022997E-003,-2.345193875953555E-003,-1.191359362564981E-003,
2.498900000000000E+009,-2.334674820303917E-003,-1.231674454174936E-003,-2.346225315704942E-003,-1.200703904032707E-003,
2.498933333333334E+009,-2.380208810791373E-003,-1.167752197943628E-003,-2.379122190177441E-003,-1.127267139963806E-003,
2.498966666666667E+009,-2.424243371933699E-003,-1.068982528522611E-003,-2.345539163798094E-003,-1.137135084718466E-003,
2.499000000000000E+009,-2.442035125568509E-003,-1.094949198886752E-003,-2.466266974806786E-003,-1.120641012676060E-003,
2.499033333333334E+009,-2.440501702949405E-003,-1.053989399224520E-003,-2.485603792592883E-003,-1.041284296661615E-003,
2.499066666666667E+009,-2.510138321667910E-003,-1.029206207022071E-003,-2.489137928932905E-003,-9.816774399951100E-004,
2.499100000000000E+009,-2.511523663997650E-003,-9.560036123730242E-004,-2.541237976402044E-003,-9.382487041875720E-004,
2.499133333333334E+009,-2.595444675534964E-003,-8.999705896712840E-004,-2.562548965215683E-003,-9.021279402077198E-004,
2.499166666666667E+009,-2.560899825766683E-003,-7.743785390630364E-004,-2.573063829913735E-003,-8.777566836215556E-004,
2.499200000000000E+009,-2.567042130976915E-003,-7.952745654620230E-004,-2.543007023632526E-003,-7.355989655479789E-004,
2.499233333333334E+009,-2.583493711426854E-003,-6.171379936859012E-004,-2.591533353552222E-003,-7.256344542838633E-004,
2.499266666666667E+009,-2.587441820651293E-003,-6.149975233711302E-004,-2.627476351335645E-003,-6.042693275958300E-004,
2.499300000000000E+009,-2.575346967205405E-003,-5.494215292856097E-004,-2.549420576542616E-003,-5.213584518060088E-004,
2.499333333333334E+009,-2.596246544271708E-003,-4.720972501672804E-004,-2.600655192509294E-003,-4.425245278980583E-004,
2.499366666666667E+009,-2.589083742350340E-003,-4.432350688148290E-004,-2.615065546706319E-003,-4.001820343546569E-004,
2.499400000000000E+009,-2.599136903882027E-003,-3.209375718142837E-004,-2.598360180854797E-003,-3.121848858427256E-004,
2.499433333333334E+009,-2.571212593466044E-003,-3.207089612260461E-004,-2.603797474876046E-003,-3.038041468244046E-004,
2.499466666666667E+009,-2.650623908266425E-003,-2.291025884915143E-004,-2.619771519675851E-003,-2.509321784600616E-004,
2.499500000000000E+009,-2.638284116983414E-003,-1.208139001391828E-004,-2.621864667162299E-003,-1.648334873607382E-004,
2.499533333333334E+009,-2.585368696600199E-003,-9.407618927070871E-005,-2.621202729642391E-003,-6.721029058098793E-005,
2.499566666666667E+009,-2.593898680061102E-003,-9.322499681729823E-005,-2.622703090310097E-003,1.488995053477993E-006,
2.499600000000000E+009,-2.585168229416013E-003,2.312885044375435E-005,-2.606055932119489E-003,4.718406853498891E-005,
2.499633333333334E+009,-2.649212721735239E-003,6.088909867685288E-005,-2.614650176838040E-003,1.576905196998268E-004,
2.499666666666667E+009,-2.568255178630352E-003,1.957450731424615E-004,-2.608564449474216E-003,1.927656121551991E-004,
2.499700000000000E+009,-2.647177083417773E-003,2.526637108530849E-004,-2.558871172368527E-003,2.277129096910358E-004,
2.499733333333334E+009,-2.571792574599385E-003,3.171713906340301E-004,-2.597407670691609E-003,3.380680864211172E-004,
2.499766666666667E+009,-2.543439157307148E-003,3.793357172980905E-004,-2.610635478049517E-003,4.010000848211348E-004,
2.499800000000000E+009,-2.558717969805002E-003,3.781418781727552E-004,-2.545071765780449E-003,4.292981466278434E-004,
2.499833333333334E+009,-2.574906684458256E-003,4.804008640348911E-004,-2.558809472247958E-003,4.554163606371731E-004,
2.499866666666667E+009,-2.625337569043040E-003,6.431122310459614E-004,-2.523395698517561E-003,5.315627204254270E-004,
2.499900000000000E+009,-2.566477516666055E-003,6.066202186048031E-004,-2.582279965281487E-003,6.964835920371115E-004,
2.499933333333334E+009,-2.526628086343408E-003,7.403093040920794E-004,-2.504808362573385E-003,6.832817452959716E-004,
2.499966666666667E+009,-2.599852392449975E-003,7.125520496629179E-004,-2.513516927137971E-003,7.510983850806952E-004,
2.500000000000000E+009,-2.453774912282825E-003,8.217574213631451E-004,-2.470833016559482E-003,7.916335598565638E-004,
