% Version 1.00
%
%freq[Hz];re:Trc1_S21;im:Trc1_S21;re:Trc2_S12;im:Trc2_S12;
2.480000000000000E+009,1.039303140714765E-003,-1.330182189121842E-003,9.923024335876107E-004,-1.348309917375445E-003,
2.480033333333334E+009,9.720581583678722E-004,-1.391257275827229E-003,9.977445006370544E-004,-1.399351400323212E-003,
2.480066666666667E+009,9.286393760703504E-004,-1.336515182629228E-003,9.130683029070497E-004,-1.380837871693075E-003,
2.480100000000000E+009,9.324363782070577E-004,-1.379459863528609E-003,9.044160251505673E-004,-1.408861251547933E-003,
2.480133333333334E+009,8.677037549205124E-004,-1.433237572200596E-003,9.069984080269933E-004,-1.485423883423209E-003,
2.480166666666667E+009,8.572586812078953E-004,-1.449777628295124E-003,8.219606243073940E-004,-1.442593988031149E-003,
2.480200000000000E+009,8.423014660365880E-004,-1.453512115404010E-003,8.270451216958463E-004,-1.447850023396313E-003,
2.480233333333334E+009,7.467109826393426E-004,-1.529368222691119E-003,7.529642898589373E-004,-1.507662702351809E-003,
2.480266666666667E+009,7.241445709951222E-004,-1.504132989794016E-003,7.528395508415997E-004,-1.533943577669561E-003,
2.480300000000000E+009,6.935038254596293E-004,-1.536668511107564E-003,7.135282503440976E-004,-1.522479113191366E-003,
2.480333333333334E+009,6.188307888805866E-004,-1.548287575133145E-003,6.175375892780721E-004,-1.584510901011527E-003,
2.480366666666667E+009,5.511819617822766E-004,-1.479865401051939E-003,5.728337564505637E-004,-1.540194964036346E-003,
2.480400000000000E+009,5.500118131749332E-004,-1.516805030405521E-003,5.844745319336653E-004,-1.549218432046473E-003,
2.480433333333334E+009,5.672518745996058E-004,-1.550026820041239E-003,5.960275302641094E-004,-1.551789231598377E-003,
2.480466666666667E+009,5.666598444804549E-004,-1.582516124472022E-003,6.382210412994027E-004,-1.615958288311958E-003,
2.480500000000000E+009,5.278177559375763E-004,-1.636442495509982E-003,4.404230567160994E-004,-1.602562027983367E-003,
2.480533333333334E+009,4.299934080336243E-004,-1.556089147925377E-003,3.904278273694217E-004,-1.562869059853256E-003,
2.480566666666667E+009,3.838623233605176E-004,-1.611197832971811E-003,4.239739500917494E-004,-1.617535948753357E-003,
2.480600000000000E+009,3.247344284318388E-004,-1.556748640723527E-003,3.438875428400934E-004,-1.652728300541639E-003,
2.480633333333334E+009,2.629650989547372E-004,-1.634439104236662E-003,2.938859979622066E-004,-1.665259129367769E-003,
2.480666666666667E+009,2.257808519061655E-004,-1.640799804590643E-003,2.240354806417599E-004,-1.644623698666692E-003,
2.480700000000000E+009,1.589639141457155E-004,-1.669842866249383E-003,1.744074688758701E-004,-1.678232452832162E-003,
2.480733333333334E+009,1.799567107809708E-004,-1.625451142899692E-003,1.584026031196117E-004,-1.651834114454687E-003,
2.480766666666667E+009,1.075762193067931E-004,-1.693675061687827E-003,1.098690700018778E-004,-1.643560710363090E-003,
2.480800000000000E+009,5.282068741507828E-005,-1.710775191895664E-003,1.220473131979816E-004,-1.665265532210469E-003,
2.480833333333334E+009,1.022056858346332E-005,-1.670935540460050E-003,3.920404196833260E-005,-1.696509891189635E-003,
2.480866666666667E+009,-3.505174390738830E-005,-1.676231389865279E-003,-8.588119271735195E-006,-1.696748775430024E-003,
2.480900000000000E+009,-4.256409010849893E-005,-1.668241340667009E-003,-6.452371599152684E-005,-1.659614266827703E-003,
2.480933333333334E+009,-5.357835470931605E-005,-1.661243033595383E-003,-1.199627804453485E-004,-1.680858898907900E-003,
2.480966666666667E+009,-1.598736707819626E-004,-1.657158136367798E-003,-1.389421231579036E-004,-1.648669946007431E-003,
2.481000000000000E+009,-1.739547005854547E-004,-1.683158916421235E-003,-2.071759081445634E-004,-1.687456504441798E-003,
2.481033333333334E+009,-2.144742029486224E-004,-1.677024411037564E-003,-2.234742860309780E-004,-1.697435625828803E-003,
2.481066666666667E+009,-2.734534500632435E-004,-1.661638380028307E-003,-2.494962536729872E-004,-1.660148031078279E-003,
2.481100000000000E+009,-3.086167853325605E-004,-1.697735628113151E-003,-2.797037013806403E-004,-1.629968639463186E-003,
2.481133333333334E+009,-3.938035515602678E-004,-1.666231662966311E-003,-3.656791523098946E-004,-1.603906392119825E-003,
2.481166666666667E+009,-4.132796311751008E-004,-1.639196067117155E-003,-4.040176863782108E-004,-1.608163467608392E-003,
2.481200000000000E+009,-4.141723329667002E-004,-1.620917930267751E-003,-4.600651445798576E-004,-1.627955702133477E-003,
2.481233333333334E+009,-4.785428463947028E-004,-1.624531811103225E-003,-4.653066862374544E-004,-1.595433917827904E-003,
2.481266666666667E+009,-5.522380815818906E-004,-1.584828714840114E-003,-5.500261904671788E-004,-1.612610532902181E-003,
2.481300000000000E+009,-5.543984589166939E-004,-1.618891255930066E-003,-5.270801484584808E-004,-1.634304877370596E-003,
2.481333333333334E+009,-5.812839954160154E-004,-1.595766749233007E-003,-6.109313108026981E-004,-1.562003861181438E-003,
2.481366666666667E+009,-6.741093238815665E-004,-1.479827682487667E-003,-6.576154264621437E-004,-1.579665578901768E-003,
2.481400000000000E+009,-6.633935263380408E-004,-1.542457262985408E-003,-6.845794268883765E-004,-1.528860768303275E-003,
2.481433333333334E+009,-7.203512359410524E-004,-1.576902577653527E-003,-7.473394507542253E-004,-1.528579392470419E-003,
2.481466666666667E+009,-7.445512455888093E-004,-1.539066666737199E-003,-7.883825455792248E-004,-1.500373589806259E-003,
2.481500000000000E+009,-8.106049499474466E-004,-1.439206418581307E-003,-8.083375287242234E-004,-1.456317375414074E-003,
2.481533333333334E+009,-8.274759165942669E-004,-1.470402814447880E-003,-8.099693222902715E-004,-1.480025937780738E-003,
2.481566666666667E+009,-8.919402607716620E-004,-1.406033290550113E-003,-8.942735148593783E-004,-1.383979921229184E-003,
2.481600000000000E+009,-8.757954929023981E-004,-1.397846965119243E-003,-9.196097380481660E-004,-1.383283175528050E-003,
2.481633333333334E+009,-9.508075308986008E-004,-1.399008557200432E-003,-9.461440495215356E-004,-1.405391027219594E-003,
2.481666666666667E+009,-9.563601342961192E-004,-1.331379055045545E-003,-9.557264856994152E-004,-1.379305380396545E-003,
2.481700000000000E+009,-1.020131050609052E-003,-1.338553614914417E-003,-9.951441315934062E-004,-1.361654489301145E-003,
2.481733333333334E+009,-1.054350752383471E-003,-1.266611507162452E-003,-1.070878119207919E-003,-1.356978551484644E-003,
2.481766666666667E+009,-1.142504392191768E-003,-1.320127514190972E-003,-1.116649480536580E-003,-1.265936880372465E-003,
2.481800000000000E+009,-1.094339066185057E-003,-1.229076180607081E-003,-1.164678484201431E-003,-1.335397362709045E-003,
2.481833333333334E+009,-1.186890993267298E-003,-1.252128626219928E-003,-1.147628412581980E-003,-1.211308524943888E-003,
2.481866666666667E+009,-1.171653857454658E-003,-1.205617329105735E-003,-1.197780482470989E-003,-1.161214662715793E-003,
2.481900000000000E+009,-1.174235832877457E-003,-1.147410133853555E-003,-1.207055989652872E-003,-1.169722061604261E-003,
2.481933333333334E+009,-1.246157684363425E-003,-1.122026587836444E-003,-1.167996553704143E-003,-1.112470868974924E-003,
2.481966666666667E+009,-1.282326993532479E-003,-1.124713104218245E-003,-1.235164003446698E-003,-1.109067117795348E-003,
2.482000000000000E+009,-1.232457230798900E-003,-1.073344494216144E-003,-1.234222669154406E-003,-1.032262458465993E-003,
2.482033333333334E+009,-1.279904507100582E-003,-1.072407001629472E-003,-1.218795543536544E-003,-1.046199351549149E-003,
2.482066666666667E+009,-1.220527454279363E-003,-1.021535717882216E-003,-1.271676155738533E-003,-9.977957233786583E-004,
2.482100000000000E+009,-1.288403756916523E-003,-9.601188939996064E-004,-1.366271753795445E-003,-9.282274986617267E-004,
2.482133333333334E+009,-1.356249325908721E-003,-9.571519913151860E-004,-1.304731005802751E-003,-9.172023856081069E-004,
2.482166666666667E+009,-1.406088471412659E-003,-8.627253118902445E-004,-1.380303525365889E-003,-8.559157722629607E-004,
2.482200000000000E+009,-1.481280429288745E-003,-8.429315639659762E-004,-1.399675151333213E-003,-8.412832976318896E-004,
2.482233333333334E+009,-1.368277939036489E-003,-7.852622075006366E-004,-1.392923411913216E-003,-8.050667820498347E-004,
2.482266666666667E+009,-1.425528549589217E-003,-7.409136742353439E-004,-1.441580243408680E-003,-7.724430761300027E-004,
2.482300000000000E+009,-1.423273701220751E-003,-7.791370153427124E-004,-1.463492051698268E-003,-7.017406169325113E-004,
2.482333333333334E+009,-1.529548084363341E-003,-6.713771144859493E-004,-1.481857849285007E-003,-6.609773263335228E-004,
2.482366666666667E+009,-1.475435914471746E-003,-6.047663046047092E-004,-1.547366264276207E-003,-6.076649297028780E-004,
2.482400000000000E+009,-1.546210842207074E-003,-5.954984808340669E-004,-1.603064010851085E-003,-5.820170044898987E-004,
2.482433333333334E+009,-1.580184907652438E-003,-6.331696058623493E-004,-1.566427061334252E-003,-5.662978510372341E-004,
2.482466666666667E+009,-1.575031201355159E-003,-5.792334559373558E-004,-1.587455277331173E-003,-5.601017037406564E-004,
2.482500000000000E+009,-1.645573647692800E-003,-5.235851858742535E-004,-1.578377909027040E-003,-4.694540984928608E-004,
2.482533333333334E+009,-1.573426299728453E-003,-4.711367655545473E-004,-1.614586217328906E-003,-4.605985304806382E-004,
2.482566666666667E+009,-1.585559919476509E-003,-4.105269908905029E-004,-1.658622641116381E-003,-4.128181899432093E-004,
2.482600000000000E+009,-1.622267882339656E-003,-4.113824688829482E-004,-1.643480965867639E-003,-3.805313608609140E-004,
2.482633333333334E+009,-1.666840864345431E-003,-3.096017171628773E-004,-1.656919368542731E-003,-3.417009720578790E-004,
2.482666666666667E+009,-1.648550271056593E-003,-2.810075238812715E-004,-1.623976044356823E-003,-2.718581235967577E-004,
2.482700000000000E+009,-1.652125851251185E-003,-2.542408765293658E-004,-1.619314542040229E-003,-2.191800449509174E-004,
2.482733333333334E+009,-1.647754223085940E-003,-1.561889366712421E-004,-1.689972123131156E-003,-2.285864175064489E-004,
2.482766666666667E+009,-1.607896178029478E-003,-1.852762070484459E-004,-1.679488457739353E-003,-1.472934236517176E-004,
2.482800000000000E+009,-1.624598749913275E-003,-7.702208677073941E-005,-1.671696431003511E-003,-1.377950247842819E-004,
2.482833333333334E+009,-1.653715735301375E-003,-7.697970431763679E-005,-1.606726553291082E-003,-1.107791758840904E-004,
2.482866666666667E+009,-1.614345121197403E-003,-2.248281089123339E-005,-1.629399484954774E-003,-9.433605555386748E-006,
2.482900000000000E+009,-1.684015966020525E-003,1.830727160267998E-005,-1.645195065066218E-003,3.683175236801617E-006,
2.482933333333334E+009,-1.646897406317294E-003,3.473196557024494E-005,-1.644944888539612E-003,7.397367153316736E-005,
2.482966666666667E+009,-1.670709578320384E-003,1.218499019159935E-004,-1.649843296036124E-003,8.614912076154724E-005,
2.483000000000000E+009,-1.666285214014351E-003,1.727706403471530E-004,-1.597836264409125E-003,1.215039519593120E-004,
2.483033333333334E+009,-1.653614221140742E-003,1.667962933424860E-004,-1.613351283594966E-003,2.175329718738794E-004,
2.483066666666667E+009,-1.643992727622390E-003,2.379100624239072E-004,-1.643813913688064E-003,2.749290724750608E-004,
2.483100000000000E+009,-1.606694306246936E-003,2.807356650009751E-004,-1.654407009482384E-003,3.079401503782719E-004,
2.483133333333334E+009,-1.581517863087356E-003,2.863921981770545E-004,-1.597452908754349E-003,2.695374423637986E-004,
2.483166666666667E+009,-1.598723116330802E-003,3.548116656020284E-004,-1.522772829048336E-003,3.811778733506799E-004,
2.483200000000000E+009,-1.634807093068957E-003,3.709818411152810E-004,-1.591428881511092E-003,4.208970349282026E-004,
2.483233333333334E+009,-1.579447649419308E-003,4.555034101940692E-004,-1.596091431565583E-003,4.034537414554507E-004,
2.483266666666667E+009,-1.582566415891051E-003,4.590788739733398E-004,-1.604292774572969E-003,4.219352849759162E-004,
2.483300000000000E+009,-1.512283924967051E-003,4.693000810220838E-004,-1.564156380482018E-003,5.077053792774677E-004,
2.483333333333334E+009,-1.491513801738620E-003,5.277356249280274E-004,-1.501964638009667E-003,5.477120866999030E-004,
2.483366666666667E+009,-1.532617257907987E-003,5.583970341831446E-004,-1.581366988830268E-003,6.326669827103615E-004,
2.483400000000000E+009,-1.515700598247349E-003,6.124412175267935E-004,-1.504240790382028E-003,6.672884919680655E-004,
2.483433333333334E+009,-1.450506271794438E-003,6.821975111961365E-004,-1.425698865205050E-003,6.395793752744794E-004,
2.483466666666667E+009,-1.423809677362442E-003,7.281700964085758E-004,-1.420009997673333E-003,6.934148841537535E-004,
2.483500000000000E+009,-1.403326750732958E-003,7.452791905961931E-004,-1.411249511875212E-003,7.466542301699519E-004,
2.483533333333334E+009,-1.375774852931500E-003,7.856400916352868E-004,-1.373748527839780E-003,7.655874942429364E-004,
2.483566666666667E+009,-1.407877309247851E-003,6.554766441695392E-004,-1.420562388375402E-003,7.258578552864492E-004,
2.483600000000000E+009,-1.404199050739408E-003,7.152782054618001E-004,-1.390456338413060E-003,7.485912647098303E-004,
2.483633333333334E+009,-1.412256155163050E-003,7.357603753916919E-004,-1.373676583170891E-003,7.775388075970113E-004,
2.483666666666667E+009,-1.340877846814692E-003,8.115734090097249E-004,-1.312741544097662E-003,8.996359538286924E-004,
2.483700000000000E+009,-1.373727922327817E-003,9.028926142491400E-004,-1.362906768918037E-003,9.859944693744183E-004,
2.483733333333334E+009,-1.261157914996147E-003,9.117126464843750E-004,-1.257058233022690E-003,9.692362509667873E-004,
2.483766666666667E+009,-1.220465870574117E-003,9.869144996628165E-004,-1.299005234614015E-003,9.979230817407370E-004,
2.483800000000000E+009,-1.271285582333803E-003,1.074175466783345E-003,-1.238024095073342E-003,1.032571424730122E-003,
2.483833333333334E+009,-1.227992703206837E-003,1.062606228515506E-003,-1.206328510306776E-003,1.057812594808638E-003,
2.483866666666667E+009,-1.198929152451456E-003,1.127621624618769E-003,-1.175745390355587E-003,1.128906500525773E-003,
2.483900000000000E+009,-1.099903369322419E-003,1.139625557698309E-003,-1.166869304142892E-003,1.124252215959132E-003,
2.483933333333334E+009,-1.131074852310121E-003,1.175974961370230E-003,-1.152182579971850E-003,1.190931070595980E-003,
2.483966666666667E+009,-1.119434600695968E-003,1.213411567732692E-003,-1.078158500604332E-003,1.242605969309807E-003,
2.484000000000000E+009,-1.052672043442726E-003,1.279405085369945E-003,-1.098322914913297E-003,1.184318214654923E-003,
2.484033333333334E+009,-1.076234155334532E-003,1.278003444895148E-003,-1.073277671821415E-003,1.261530094780028E-003,
2.484066666666667E+009,-9.681174997240305E-004,1.223947503603995E-003,-9.757791412994266E-004,1.300545176491141E-003,
2.484100000000000E+009,-9.826972382143140E-004,1.272506080567837E-003,-9.882880840450525E-004,1.305112382397056E-003,
2.484133333333334E+009,-9.036862757056952E-004,1.370241981931031E-003,-9.331075125373900E-004,1.291096326895058E-003,
2.484166666666667E+009,-9.022232261486352E-004,1.351333106867969E-003,-9.093079715967178E-004,1.340008340775967E-003,
2.484200000000000E+009,-8.755986928008497E-004,1.366600859910250E-003,-8.649495430290699E-004,1.393410610035062E-003,
2.484233333333334E+009,-7.840666803531349E-004,1.329877064563334E-003,-8.128612535074353E-004,1.392970909364522E-003,
2.484266666666667E+009,-7.966183475218713E-004,1.397325657308102E-003,-8.316159946843982E-004,1.442331937141717E-003,
2.484300000000000E+009,-7.608643500134349E-004,1.377188251353800E-003,-7.169453892856836E-004,1.452603028155863E-003,
2.484333333333334E+009,-7.228731992654502E-004,1.447754213586450E-003,-7.345194462686777E-004,1.474659307859838E-003,
2.484366666666667E+009,-6.544332718476653E-004,1.376879285089672E-003,-6.345076253637672E-004,1.437024446204305E-003,
2.484400000000000E+009,-6.466092891059816E-004,1.510745147243142E-003,-6.568633252754808E-004,1.431381795555353E-003,
2.484433333333334E+009,-6.146705127321184E-004,1.491078292019665E-003,-5.573696689680219E-004,1.498166238889098E-003,
2.484466666666667E+009,-5.294915172271431E-004,1.489539630711079E-003,-5.738732288591564E-004,1.536579220555723E-003,
2.484500000000000E+009,-5.465516587719321E-004,1.443245448172092E-003,-4.816648433916271E-004,1.524134073406458E-003,
2.484533333333334E+009,-5.849878652952611E-004,1.565050217323005E-003,-4.931965377181768E-004,1.542837359011173E-003,
2.484566666666667E+009,-4.687568871304393E-004,1.535838702693582E-003,-4.753498069476336E-004,1.591928885318339E-003,
2.484600000000000E+009,-4.054458404425532E-004,1.537686795927584E-003,-4.057046025991440E-004,1.608836348168552E-003,
2.484633333333334E+009,-3.458648570813239E-004,1.508726156316698E-003,-3.370460181031376E-004,1.519121695309877E-003,
2.484666666666667E+009,-3.164551744703203E-004,1.602494274266064E-003,-2.859724627342075E-004,1.560688717290759E-003,
2.484700000000000E+009,-3.140955814160407E-004,1.570909284055233E-003,-2.404924598522484E-004,1.586248516105115E-003,
2.484733333333334E+009,-2.443032281007618E-004,1.564542879350483E-003,-2.274856378789991E-004,1.552293426357210E-003,
2.484766666666667E+009,-1.991630124393851E-004,1.561971148476005E-003,-1.389197423122823E-004,1.558716758154333E-003,
2.484800000000000E+009,-1.372703554807231E-004,1.587465871125460E-003,-1.567686267662793E-004,1.572176697663963E-003,
2.484833333333334E+009,-8.838525536702946E-005,1.497444929555059E-003,-9.971283725462854E-005,1.574421417899430E-003,
2.484866666666667E+009,-5.938943286309950E-005,1.564456848427653E-003,-5.403836621553637E-005,1.539813121780753E-003,
2.484900000000000E+009,-1.157642873295117E-005,1.560015021823347E-003,5.125842150732751E-008,1.629162230528891E-003,
2.484933333333334E+009,6.134863360784948E-005,1.566134276799858E-003,8.914609679777641E-006,1.607749960385263E-003,
2.484966666666667E+009,1.426230119250249E-005,1.632953411899507E-003,9.224368841387332E-005,1.576560316607356E-003,
2.485000000000000E+009,8.476770744891837E-005,1.578801777213812E-003,9.935072739608586E-005,1.550404005683959E-003,
2.485033333333334E+009,1.619452377781272E-004,1.522880862466991E-003,1.454602315789089E-004,1.530066947452724E-003,
2.485066666666667E+009,1.407146628480405E-004,1.507592038251460E-003,2.092206996167079E-004,1.470404909923673E-003,
2.485100000000000E+009,2.005510177696124E-004,1.530848676338792E-003,1.902438671095297E-004,1.512052956968546E-003,
2.485133333333334E+009,2.395685878582299E-004,1.508055953308940E-003,1.843257196014747E-004,1.475616358220577E-003,
2.485166666666667E+009,2.545385505072773E-004,1.498559722676873E-003,2.523491857573390E-004,1.482961815781891E-003,
2.485200000000000E+009,2.645129279699177E-004,1.491214032284915E-003,2.578973653726280E-004,1.497510471381247E-003,
2.485233333333334E+009,2.732303983066231E-004,1.523384125903249E-003,3.335428773425520E-004,1.465053530409932E-003,
2.485266666666667E+009,3.187813563272357E-004,1.445917761884630E-003,3.707837604451925E-004,1.446365844458342E-003,
2.485300000000000E+009,4.546697891782969E-004,1.472112257033587E-003,3.904170298483223E-004,1.445104135200381E-003,
2.485333333333334E+009,4.600980901159346E-004,1.459103776142001E-003,4.608015588019043E-004,1.433615107089281E-003,
2.485366666666667E+009,4.696920805145055E-004,1.414359896443784E-003,5.030769971199334E-004,1.432168763130903E-003,
2.485400000000000E+009,5.332314758561552E-004,1.435286132618785E-003,5.432576290331781E-004,1.394168706610799E-003,
2.485433333333334E+009,5.470439791679382E-004,1.346971141174436E-003,5.365123506635428E-004,1.421241089701653E-003,
2.485466666666667E+009,6.362355197779834E-004,1.372494152747095E-003,6.234076572582126E-004,1.361627480946481E-003,
2.485500000000000E+009,6.052527460269630E-004,1.351686893031001E-003,6.774676148779690E-004,1.378175220452249E-003,
2.485533333333334E+009,6.958254380151629E-004,1.381678273901343E-003,7.462963112629950E-004,1.331568928435445E-003,
2.485566666666667E+009,7.735199178569019E-004,1.316917594522238E-003,7.257030811160803E-004,1.328466460108757E-003,
2.485600000000000E+009,7.320643635466695E-004,1.325728837400675E-003,7.451694691553712E-004,1.265255268663168E-003,
2.485633333333334E+009,7.875656010583043E-004,1.342335133813322E-003,8.214107947424054E-004,1.281394506804645E-003,
2.485666666666667E+009,8.546019089408219E-004,1.222769846208394E-003,7.832899573259056E-004,1.261836499907076E-003,
2.485700000000000E+009,8.523947908543050E-004,1.300407922826707E-003,8.423900580964983E-004,1.280144089832902E-003,
2.485733333333334E+009,8.846802520565689E-004,1.235815230756998E-003,8.870231686159968E-004,1.176425023004413E-003,
2.485766666666667E+009,9.426473989151418E-004,1.273464877158403E-003,8.979982812888920E-004,1.181447296403348E-003,
2.485800000000000E+009,9.442314621992409E-004,1.156416605226696E-003,9.320243261754513E-004,1.201712759211659E-003,
2.485833333333334E+009,9.432309307157993E-004,1.144278910942376E-003,9.991528932005167E-004,1.157438266091049E-003,
2.485866666666667E+009,1.027848338708282E-003,1.118937623687089E-003,9.824318112805486E-004,1.161846215836704E-003,
2.485900000000000E+009,1.057572313584387E-003,1.076404470950365E-003,1.050773309543729E-003,1.145069836638868E-003,
2.485933333333334E+009,1.074794214218855E-003,1.123501337133348E-003,1.029269071295857E-003,1.030455809086561E-003,
2.485966666666667E+009,1.055762520991266E-003,1.041845185682178E-003,1.073060091584921E-003,1.037862850353122E-003,
2.486000000000000E+009,1.058231689967215E-003,1.018895069137216E-003,1.119283027946949E-003,1.015696092508733E-003,
2.486033333333334E+009,1.164931920357049E-003,9.854546515271068E-004,1.149102696217597E-003,9.867510525509715E-004,
2.486066666666667E+009,1.182026579044759E-003,9.161866619251669E-004,1.173299853689969E-003,1.007971586659551E-003,
2.486100000000000E+009,1.223760307766497E-003,8.997335680760443E-004,1.149437157437205E-003,8.826338453218341E-004,
2.486133333333334E+009,1.203101361170411E-003,9.290540474466980E-004,1.187005545943975E-003,8.363405358977616E-004,
2.486166666666667E+009,1.181688741780818E-003,8.409389411099255E-004,1.205882872454822E-003,8.503908175043762E-004,
2.486200000000000E+009,1.193405711092055E-003,8.287354721687734E-004,1.234983676113188E-003,8.694343850947917E-004,
2.486233333333334E+009,1.274313777685165E-003,7.741105509921908E-004,1.228273729793727E-003,7.965817931108177E-004,
2.486266666666667E+009,1.287222490645945E-003,8.361972286365926E-004,1.206771703436971E-003,7.802288746461272E-004,
2.486300000000000E+009,1.292686676606536E-003,7.144044502638280E-004,1.314615015871823E-003,6.680352380499244E-004,
2.486333333333334E+009,1.382615417242050E-003,7.002894417382777E-004,1.300728064961731E-003,6.491035455837846E-004,
2.486366666666667E+009,1.319412142038345E-003,6.425638566724956E-004,1.289085019379854E-003,6.087987567298114E-004,
2.486400000000000E+009,1.405802555382252E-003,6.383830332197249E-004,1.353425439447165E-003,6.459731957875192E-004,
2.486433333333334E+009,1.346641452983022E-003,5.984224844723940E-004,1.352838356979191E-003,6.220495561137795E-004,
2.486466666666667E+009,1.384737319312990E-003,5.184630863368511E-004,1.315300236456096E-003,5.218613659963012E-004,
2.486500000000000E+009,1.362972310744226E-003,5.347143742255867E-004,1.386655843816698E-003,5.219958839006722E-004,
2.486533333333334E+009,1.405304414220154E-003,4.905608948320150E-004,1.384048257023096E-003,4.328781506046653E-004,
2.486566666666667E+009,1.407508272677660E-003,4.144635167904198E-004,1.362560316920281E-003,4.256172687746584E-004,
2.486600000000000E+009,1.388895674608648E-003,3.387284232303500E-004,1.410727156326175E-003,4.149324086029083E-004,
2.486633333333334E+009,1.402944326400757E-003,3.459862782619894E-004,1.427186303772032E-003,3.942997427657247E-004,
2.486666666666667E+009,1.385137089528143E-003,3.975974104832858E-004,1.344655407592654E-003,3.481508756522089E-004,
2.486700000000000E+009,1.344272284768522E-003,3.296608629170805E-004,1.327927806414664E-003,3.432370140217245E-004,
2.486733333333334E+009,1.323010423220694E-003,2.882090338971466E-004,1.362965907901526E-003,3.511419345159084E-004,
2.486766666666667E+009,1.370680402033031E-003,2.861601242329925E-004,1.387326279655099E-003,3.335825167596340E-004,
2.486800000000000E+009,1.388104748912156E-003,2.316892641829327E-004,1.401382964104414E-003,2.467354934196919E-004,
2.486833333333334E+009,1.373772858642042E-003,1.820245670387521E-004,1.488673035055399E-003,2.143826422980055E-004,
2.486866666666667E+009,1.381374546326697E-003,1.698111736914143E-004,1.448842114768922E-003,1.502036175224930E-004,
2.486900000000000E+009,1.402331516146660E-003,6.564459908986464E-005,1.426063827238977E-003,1.027718608384021E-004,
2.486933333333334E+009,1.435052603483200E-003,5.682865958078764E-005,1.409641583450139E-003,3.392644794075750E-005,
2.486966666666667E+009,1.449440023861826E-003,1.514468294772087E-005,1.422273344360292E-003,-3.091477537964238E-006,
2.487000000000000E+009,1.445871428586543E-003,-5.055938891018741E-005,1.433386933058500E-003,-2.206218778155744E-005,
2.487033333333334E+009,1.438943319953978E-003,-3.341947376611643E-005,1.483464380726218E-003,-6.631803989876062E-005,
2.487066666666667E+009,1.359421992674470E-003,-1.018135808408260E-004,1.371063990518451E-003,-1.278374256798998E-004,
2.487100000000000E+009,1.378849265165627E-003,-1.143763511208817E-004,1.389465061947703E-003,-1.580605458002538E-004,
2.487133333333334E+009,1.418105210177600E-003,-1.929560094140470E-004,1.415880396962166E-003,-1.852993300417438E-004,
2.487166666666667E+009,1.394855906255543E-003,-1.344894262729213E-004,1.399840926751494E-003,-1.584327692398801E-004,
2.487200000000000E+009,1.410108874551952E-003,-2.352894080104306E-004,1.375905703753233E-003,-2.693582209758461E-004,
2.487233333333334E+009,1.400770270265639E-003,-2.965141029562801E-004,1.361593604087830E-003,-2.392971073277295E-004,
2.487266666666667E+009,1.365241478197277E-003,-2.983803860843182E-004,1.381369424052537E-003,-2.979780838359147E-004,
2.487300000000000E+009,1.367019372992218E-003,-3.406328905839473E-004,1.352938241325319E-003,-3.398798580747098E-004,
2.487333333333334E+009,1.404834911227226E-003,-4.175906651653349E-004,1.331062871031463E-003,-3.969751123804599E-004,
2.487366666666667E+009,1.335863373242319E-003,-4.094603064004332E-004,1.378995249979198E-003,-3.808530454989523E-004,
2.487400000000000E+009,1.354090403765440E-003,-4.188581660855562E-004,1.316790468990803E-003,-4.477555630728602E-004,
2.487433333333334E+009,1.288491417653859E-003,-4.156058712396771E-004,1.324006705544889E-003,-4.744448815472424E-004,
2.487466666666667E+009,1.306304009631276E-003,-5.218726000748575E-004,1.316575333476067E-003,-4.981206730008125E-004,
2.487500000000000E+009,1.307606347836554E-003,-5.363358068279922E-004,1.312304404564202E-003,-6.183269433677197E-004,
2.487533333333334E+009,1.305465470068157E-003,-5.855561466887593E-004,1.268951105885208E-003,-5.586837651208043E-004,
2.487566666666667E+009,1.297644106671214E-003,-6.015450926497579E-004,1.260222517885268E-003,-6.378155085258186E-004,
2.487600000000000E+009,1.215785043314099E-003,-6.245336262509227E-004,1.240410143509507E-003,-6.354884244501591E-004,
2.487633333333334E+009,1.205604407005012E-003,-7.080234936438501E-004,1.260837074369192E-003,-6.719816592521966E-004,
2.487666666666667E+009,1.164183602668345E-003,-7.077749469317496E-004,1.188225811347365E-003,-6.946387584321201E-004,
2.487700000000000E+009,1.230980735272169E-003,-6.762466509826481E-004,1.179945189505816E-003,-6.628796691074967E-004,
2.487733333333334E+009,1.128476927988231E-003,-8.148269262164831E-004,1.126902410760522E-003,-7.042505894787610E-004,
2.487766666666667E+009,1.150451716966927E-003,-8.213584660552442E-004,1.136080594733357E-003,-8.071806514635682E-004,
2.487800000000000E+009,1.141932094469667E-003,-8.268110104836524E-004,1.148266135714948E-003,-8.296124869957566E-004,
2.487833333333334E+009,1.111625344492495E-003,-8.579236455261707E-004,1.145535614341497E-003,-8.249065140262246E-004,
2.487866666666667E+009,1.074769184924662E-003,-8.534623193554580E-004,1.065443153493106E-003,-8.593091042712331E-004,
2.487900000000000E+009,1.090525533072650E-003,-8.653223630972207E-004,1.048430684022605E-003,-8.944450528360903E-004,
2.487933333333334E+009,1.040508970618248E-003,-9.071325184777379E-004,1.031428691931069E-003,-9.343005367554724E-004,
2.487966666666667E+009,1.000029733404517E-003,-9.417523397132754E-004,1.033232198096812E-003,-9.324465645477176E-004,
2.488000000000000E+009,9.701778762973845E-004,-9.707201388664544E-004,9.317690273746848E-004,-9.823318105190992E-004,
2.488033333333334E+009,1.013232860714197E-003,-1.016512862406671E-003,9.255678160116077E-004,-9.808031609281898E-004,
2.488066666666667E+009,9.442440932616592E-004,-1.008279738016427E-003,9.185891249217093E-004,-1.023689284920692E-003,
2.488100000000000E+009,8.811767911538482E-004,-1.051369006745517E-003,8.709427202120423E-004,-9.893907699733973E-004,
2.488133333333334E+009,8.165296167135239E-004,-1.014562672935426E-003,8.845138363540173E-004,-1.024685683660209E-003,
2.488166666666667E+009,7.836400764063001E-004,-1.072303508408368E-003,8.481312543153763E-004,-1.060687471181154E-003,
2.488200000000000E+009,7.944541866891086E-004,-1.042166608385742E-003,7.922620279714465E-004,-1.123254070989788E-003,
2.488233333333334E+009,7.724944152869284E-004,-1.071313396096230E-003,7.809236994944513E-004,-1.087293960154057E-003,
2.488266666666667E+009,6.963379564695060E-004,-1.050935476087034E-003,6.803884753026068E-004,-1.064574345946312E-003,
2.488300000000000E+009,7.178891682997346E-004,-1.081324880942702E-003,7.084462558850646E-004,-1.089416444301605E-003,
2.488333333333334E+009,7.024214719422162E-004,-1.089809811674058E-003,6.894753314554691E-004,-1.104919007048011E-003,
2.488366666666667E+009,7.031091372482479E-004,-1.056957407854497E-003,7.156860083341599E-004,-1.112468307837844E-003,
2.488400000000000E+009,6.626754184253514E-004,-1.075956388376653E-003,6.831458304077387E-004,-1.088105258531869E-003,
2.488433333333334E+009,6.062720785848796E-004,-1.082293456420302E-003,6.199390045367181E-004,-1.117312232963741E-003,
2.488466666666667E+009,5.968929035589099E-004,-1.136729842983186E-003,5.218453006818891E-004,-1.151096308603883E-003,
2.488500000000000E+009,5.397234926931560E-004,-1.167998067103326E-003,5.107236211188138E-004,-1.175255165435374E-003,
2.488533333333334E+009,5.059321993030608E-004,-1.196730881929398E-003,5.182863096706569E-004,-1.146655646152794E-003,
2.488566666666667E+009,5.052882479503751E-004,-1.225768239237368E-003,4.997561918571591E-004,-1.190418144688010E-003,
2.488600000000000E+009,4.460756899788976E-004,-1.191527000628412E-003,4.298391577322036E-004,-1.219238271005452E-003,
2.488633333333334E+009,4.623532295227051E-004,-1.183860236778855E-003,4.236633249092847E-004,-1.242280355654657E-003,
2.488666666666667E+009,4.332098469603807E-004,-1.242578611709178E-003,3.984954091720283E-004,-1.256995019502938E-003,
2.488700000000000E+009,3.341697447467595E-004,-1.251599984243512E-003,3.122414054814726E-004,-1.234896713867784E-003,
2.488733333333334E+009,3.385922464076430E-004,-1.286176964640617E-003,3.010551445186138E-004,-1.233059796504676E-003,
2.488766666666667E+009,2.687085361685604E-004,-1.300390576943755E-003,3.042847674805671E-004,-1.267668209038675E-003,
2.488800000000000E+009,2.576252736616880E-004,-1.268018502742052E-003,2.031360636465251E-004,-1.255645416676998E-003,
2.488833333333334E+009,2.253510028822348E-004,-1.269040629267693E-003,2.285436785314232E-004,-1.297396491281688E-003,
2.488866666666667E+009,1.179208484245464E-004,-1.279097748920322E-003,1.639097317820415E-004,-1.302821910940111E-003,
2.488900000000000E+009,1.557651994517073E-004,-1.297903247177601E-003,1.403677742928267E-004,-1.294953050091863E-003,
2.488933333333334E+009,9.615815361030400E-005,-1.288794097490609E-003,9.062784374691546E-005,-1.280813128687441E-003,
2.488966666666667E+009,8.906187576940283E-005,-1.283749938011169E-003,8.643329783808440E-005,-1.313810353167355E-003,
2.489000000000000E+009,9.832348587224260E-005,-1.261355238966644E-003,3.440431100898422E-005,-1.287744613364339E-003,
2.489033333333334E+009,7.940392970340326E-005,-1.292677363380790E-003,4.122627797187306E-005,-1.303416909649968E-003,
2.489066666666667E+009,3.924600150639890E-006,-1.275924732908607E-003,-3.930464663426392E-005,-1.330499188043177E-003,
2.489100000000000E+009,-4.397697557578795E-005,-1.272255787625909E-003,-4.011865894426592E-005,-1.267370302230120E-003,
2.489133333333334E+009,-4.425543374964036E-005,-1.271429937332869E-003,-7.712291699135676E-005,-1.240479643456638E-003,
2.489166666666667E+009,-1.271207729587331E-004,-1.224545063450933E-003,-1.064854659489356E-004,-1.206578454002738E-003,
2.489200000000000E+009,-8.823370444588363E-005,-1.236952724866569E-003,-1.550572633277625E-004,-1.277659903280437E-003,
2.489233333333334E+009,-1.675587845966220E-004,-1.239546691067517E-003,-1.466329995309934E-004,-1.249444554559887E-003,
2.489266666666667E+009,-2.368184941587970E-004,-1.192813157103956E-003,-2.060712286038324E-004,-1.190169132314622E-003,
2.489300000000000E+009,-1.938221103046089E-004,-1.184367923997343E-003,-1.719917199807242E-004,-1.262454316020012E-003,
2.489333333333334E+009,-2.167855127481744E-004,-1.187831396237016E-003,-2.154729008907452E-004,-1.194908167235553E-003,
2.489366666666667E+009,-2.907865855377168E-004,-1.176460529677570E-003,-2.673671115189791E-004,-1.184324733912945E-003,
2.489400000000000E+009,-3.709859447553754E-004,-1.178426085971296E-003,-3.070081584155560E-004,-1.233121496625245E-003,
2.489433333333334E+009,-3.215574251953512E-004,-1.128823030740023E-003,-3.998117754235864E-004,-1.186017994768918E-003,
2.489466666666667E+009,-3.890256630256772E-004,-1.167640439234674E-003,-3.986500960309058E-004,-1.136749750003219E-003,
2.489500000000000E+009,-4.340049345046282E-004,-1.178790815174580E-003,-4.087982233613730E-004,-1.189804286696017E-003,
2.489533333333334E+009,-4.754551046062261E-004,-1.157765043899417E-003,-4.807567165698856E-004,-1.175719313323498E-003,
2.489566666666667E+009,-3.986626688856632E-004,-1.141374581493437E-003,-4.473731096368283E-004,-1.158706960268319E-003,
2.489600000000000E+009,-5.223868647590280E-004,-1.145182992331684E-003,-5.141653236933053E-004,-1.140450011007488E-003,
2.489633333333334E+009,-4.616657388396561E-004,-1.101527246646583E-003,-5.128525081090629E-004,-1.117254490964115E-003,
2.489666666666667E+009,-5.480330437421799E-004,-1.085664611309767E-003,-5.551456124521792E-004,-1.083116047084332E-003,
2.489700000000000E+009,-5.664932541549206E-004,-1.091139041818678E-003,-5.709730903618038E-004,-1.059396076016128E-003,
2.489733333333334E+009,-5.788922426290810E-004,-1.094289938919246E-003,-5.608172505162656E-004,-1.003522891551256E-003,
2.489766666666667E+009,-5.713187274523079E-004,-1.045369659550488E-003,-5.998912383802235E-004,-1.046300167217851E-003,
2.489800000000000E+009,-6.199860363267362E-004,-1.053230254910886E-003,-5.615881527774036E-004,-1.007509999908507E-003,
2.489833333333334E+009,-6.032341043464840E-004,-9.914505062624812E-004,-6.002000882290304E-004,-9.446701151318848E-004,
2.489866666666667E+009,-5.754189332947135E-004,-9.677864145487547E-004,-5.586156039498746E-004,-1.027192571200430E-003,
2.489900000000000E+009,-6.168945692479610E-004,-9.809674229472876E-004,-6.968762609176338E-004,-1.065720687620342E-003,
2.489933333333334E+009,-6.510403472930193E-004,-9.859428973868489E-004,-6.855227402411401E-004,-9.706106502562761E-004,
2.489966666666667E+009,-7.162232650443912E-004,-9.529964299872518E-004,-7.403264753520489E-004,-9.946036152541637E-004,
2.490000000000000E+009,-7.106342818588018E-004,-9.737992077134550E-004,-7.706978940404952E-004,-9.595381561666727E-004,
2.490033333333334E+009,-7.878302712924779E-004,-9.485271875746548E-004,-7.658647955395281E-004,-9.108379017561674E-004,
2.490066666666667E+009,-7.490857969969511E-004,-8.990804199129343E-004,-7.370483945123851E-004,-8.962638094089925E-004,
2.490100000000000E+009,-7.769854855723679E-004,-8.249158272519708E-004,-8.286274969577789E-004,-8.585061877965927E-004,
2.490133333333334E+009,-8.994889794848859E-004,-7.830567192286253E-004,-8.313018479384482E-004,-8.145932806655765E-004,
2.490166666666667E+009,-8.233835105784237E-004,-8.287614909932017E-004,-8.759596967138350E-004,-7.353581604547799E-004,
2.490200000000000E+009,-8.691925322636962E-004,-7.682071882300079E-004,-8.435641648247838E-004,-7.591628818772733E-004,
2.490233333333334E+009,-9.286847780458629E-004,-7.794873090460897E-004,-8.124773739837110E-004,-7.663203869014978E-004,
2.490266666666667E+009,-8.455440402030945E-004,-7.355512352660298E-004,-9.214532328769565E-004,-7.286930340342224E-004,
2.490300000000000E+009,-9.269160218536854E-004,-6.768052116967738E-004,-9.340675314888358E-004,-6.780959083698690E-004,
2.490333333333334E+009,-9.676509071141481E-004,-7.354804547503591E-004,-9.626089595258236E-004,-7.098507485352457E-004,
2.490366666666667E+009,-9.618496405892074E-004,-6.525409407913685E-004,-9.665033430792391E-004,-6.446996703743935E-004,
2.490400000000000E+009,-9.851254289969802E-004,-5.847386200912297E-004,-9.721047827042639E-004,-6.589243421331048E-004,
2.490433333333334E+009,-9.621161152608693E-004,-6.091106915846467E-004,-9.792157215997577E-004,-6.031842785887420E-004,
2.490466666666667E+009,-9.853000519797206E-004,-6.010538199916482E-004,-1.010225038044155E-003,-5.612529930658639E-004,
2.490500000000000E+009,-1.017213566228747E-003,-5.621263990178704E-004,-1.033794251270592E-003,-5.702809430658817E-004,
2.490533333333334E+009,-1.010783598758280E-003,-6.037339917384088E-004,-1.011786283925176E-003,-5.447610747069120E-004,
2.490566666666667E+009,-9.882228914648294E-004,-4.773622495122254E-004,-9.860818972811103E-004,-4.710293724201620E-004,
2.490600000000000E+009,-1.043881988152862E-003,-4.470973799470812E-004,-1.052838284522295E-003,-5.501671694219112E-004,
2.490633333333334E+009,-1.028859755024314E-003,-4.610785108525306E-004,-1.102978712879121E-003,-4.702356236521155E-004,
2.490666666666667E+009,-1.059214468114078E-003,-4.525115655269474E-004,-1.030141371302307E-003,-4.396139120217413E-004,
2.490700000000000E+009,-1.097848289646208E-003,-4.016782331746072E-004,-1.015890040434897E-003,-3.913525724783540E-004,
2.490733333333334E+009,-1.050831051543355E-003,-4.110125300940126E-004,-1.111311488784850E-003,-4.064928798470646E-004,
2.490766666666667E+009,-1.116063329391182E-003,-3.789900511037558E-004,-1.116237719543278E-003,-3.677517524920404E-004,
2.490800000000000E+009,-1.062135677784681E-003,-3.124381764791906E-004,-1.093430793844163E-003,-3.011540684383363E-004,
2.490833333333334E+009,-1.118302694521844E-003,-2.713885914999992E-004,-1.056335750035942E-003,-3.540361358318478E-004,
2.490866666666667E+009,-1.133672543801367E-003,-2.984265738632530E-004,-1.107388874515891E-003,-2.909348113462329E-004,
2.490900000000000E+009,-1.067933393642306E-003,-2.732834254857153E-004,-1.119985477998853E-003,-3.170236595906317E-004,
2.490933333333334E+009,-1.059614703990519E-003,-1.951457961695269E-004,-1.083542243577540E-003,-2.375008334638551E-004,
2.490966666666667E+009,-1.104570343159139E-003,-1.683946466073394E-004,-1.095318002626300E-003,-2.081426937365905E-004,
2.491000000000000E+009,-1.074969535693526E-003,-1.476636098232120E-004,-1.071213162504137E-003,-1.765876659192145E-004,
2.491033333333334E+009,-1.057996996678412E-003,-1.096791529562324E-004,-1.106650801375508E-003,-1.079393259715289E-004,
2.491066666666667E+009,-1.103130285628140E-003,-5.901052645640448E-005,-1.146922586485744E-003,-5.618886279989965E-005,
2.491100000000000E+009,-1.068144105374813E-003,-3.979906250606291E-005,-1.077528577297926E-003,-1.004516525426880E-004,
2.491133333333334E+009,-1.119917491450906E-003,-6.332579505397007E-005,-1.113499747589231E-003,-7.173258200054988E-005,
2.491166666666667E+009,-1.082999981008470E-003,-1.325979064858984E-005,-1.126289134845138E-003,-5.472253542393446E-005,
2.491200000000000E+009,-1.077634282410145E-003,5.429600059869699E-005,-1.087628770619631E-003,1.057931876857765E-005,
2.491233333333334E+009,-1.095346058718860E-003,5.685913856723346E-005,-1.095043029636145E-003,8.113762305583805E-006,
2.491266666666667E+009,-1.086381031200290E-003,1.992644320125692E-005,-1.083825365640223E-003,2.519491499697324E-005,
2.491300000000000E+009,-1.011033426038921E-003,1.094288090826012E-004,-1.066089607775211E-003,3.172434298903681E-005,
2.491333333333334E+009,-1.062498544342816E-003,1.024716038955376E-004,-1.064764917828143E-003,6.332385237328708E-005,
2.491366666666667E+009,-1.080863177776337E-003,7.728883065283299E-005,-1.067865872755647E-003,1.198902391479351E-004,
2.491400000000000E+009,-1.054973457939923E-003,1.222660503117368E-004,-1.079413923434913E-003,1.021368079818785E-004,
2.491433333333334E+009,-1.027677673846483E-003,1.432703575119376E-004,-1.023794291540980E-003,1.085305484593846E-004,
2.491466666666667E+009,-1.082160859368742E-003,9.897210838971660E-005,-1.042574644088745E-003,1.164518762379885E-004,
2.491500000000000E+009,-1.050806255079806E-003,1.265583268832415E-004,-1.049137674272060E-003,9.491786477155983E-005,
2.491533333333334E+009,-1.053341664373875E-003,2.135118265869096E-004,-1.087611890397966E-003,1.857514289440587E-004,
2.491566666666667E+009,-1.025390578433871E-003,2.122996229445562E-004,-1.082774600945413E-003,1.862279314082116E-004,
2.491600000000000E+009,-1.022139214910567E-003,2.133499074261636E-004,-1.028984901495278E-003,2.680728503037244E-004,
2.491633333333334E+009,-1.002059783786535E-003,2.680519828572869E-004,-9.780086111277342E-004,2.677181037142873E-004,
2.491666666666667E+009,-9.876855183392763E-004,3.021216834895313E-004,-1.018323469907045E-003,2.767850819509476E-004,
2.491700000000000E+009,-9.724064148031175E-004,3.128538373857737E-004,-9.390542982146144E-004,3.054898988921195E-004,
2.491733333333334E+009,-9.912209352478385E-004,3.215721517335624E-004,-9.746612049639225E-004,3.988163953181356E-004,
2.491766666666667E+009,-1.000595861114562E-003,3.634200838860124E-004,-9.398208349011838E-004,3.559858596418053E-004,
2.491800000000000E+009,-9.518634178675711E-004,4.110806912649423E-004,-9.542664629407227E-004,4.212794301565737E-004,
2.491833333333334E+009,-8.713448187336326E-004,3.611371503211558E-004,-9.149148245342076E-004,3.870436630677432E-004,
2.491866666666667E+009,-8.843634277582169E-004,4.530344158411026E-004,-9.488302748650312E-004,4.385164938867092E-004,
2.491900000000000E+009,-9.303259430453181E-004,5.025276914238930E-004,-8.936847443692386E-004,5.099453846924007E-004,
2.491933333333334E+009,-8.620853768661618E-004,5.070567131042481E-004,-9.288892033509910E-004,4.682238504756242E-004,
2.491966666666667E+009,-9.126807563006878E-004,5.099003319628537E-004,-9.073258261196315E-004,5.137243424542248E-004,
2.492000000000000E+009,-8.763489313423634E-004,5.238390294834971E-004,-8.316863677464426E-004,5.192881799302995E-004,
2.492033333333334E+009,-8.383680833503604E-004,4.920405917800963E-004,-8.577456464990974E-004,5.832675378769636E-004,
2.492066666666667E+009,-8.326250826939941E-004,5.742643843404949E-004,-8.539122063666582E-004,5.713044665753841E-004,
2.492100000000000E+009,-8.098435937426984E-004,5.889735184609890E-004,-8.503401186317205E-004,5.546809989027679E-004,
2.492133333333334E+009,-7.729152566753328E-004,5.763204535469413E-004,-8.171530789695680E-004,6.207891856320202E-004,
2.492166666666667E+009,-8.211994427256286E-004,6.343292770907283E-004,-8.319944026879966E-004,6.220170180313289E-004,
2.492200000000000E+009,-7.494273013435304E-004,6.441086297854781E-004,-7.799156010150909E-004,6.261270027607679E-004,
2.492233333333334E+009,-8.175561088137329E-004,6.536636501550674E-004,-7.775480626150966E-004,6.564374780282378E-004,
2.492266666666667E+009,-7.675573579035699E-004,6.638153572566807E-004,-7.412867271341384E-004,6.123849307186902E-004,
2.492300000000000E+009,-7.007471867837012E-004,6.477857823483646E-004,-7.467321702279151E-004,6.897112471051514E-004,
2.492333333333334E+009,-6.927882786840200E-004,6.848538760095835E-004,-7.581692771054804E-004,6.762217963114381E-004,
2.492366666666667E+009,-7.071443251334131E-004,6.420365534722805E-004,-6.894938996993005E-004,7.068025879561901E-004,
2.492400000000000E+009,-7.136441417969763E-004,7.131902384571731E-004,-6.503224722109735E-004,7.234958466142416E-004,
2.492433333333334E+009,-6.054115365259349E-004,6.981494952924550E-004,-6.682944367639720E-004,7.452863501384854E-004,
2.492466666666667E+009,-6.082656909711659E-004,7.746372139081359E-004,-6.461546872742474E-004,7.324242033064365E-004,
2.492500000000000E+009,-6.323513807728887E-004,7.928563863970339E-004,-6.162466015666723E-004,7.759808795526624E-004,
2.492533333333334E+009,-6.014067330397666E-004,7.819379679858685E-004,-6.044892361387610E-004,7.924582459963858E-004,
2.492566666666667E+009,-5.905989673919976E-004,7.615080103278160E-004,-6.361478590406478E-004,7.800914463587105E-004,
2.492600000000000E+009,-5.261111655272543E-004,8.133308147080243E-004,-5.676654982380569E-004,7.914136513136327E-004,
2.492633333333334E+009,-5.766003741882742E-004,7.906572427600622E-004,-5.043590790592134E-004,8.140483405441046E-004,
2.492666666666667E+009,-5.255419528111816E-004,8.203666075132787E-004,-5.179824074730277E-004,7.901070057414472E-004,
2.492700000000000E+009,-4.637121455743909E-004,8.307781536132097E-004,-4.711601650342345E-004,8.654668345116079E-004,
2.492733333333334E+009,-4.626753216143698E-004,8.613244281150401E-004,-4.909227718599141E-004,8.342550718225539E-004,
2.492766666666667E+009,-4.902856890112162E-004,8.433073526248336E-004,-4.685556632466614E-004,8.322450448758900E-004,
2.492800000000000E+009,-4.816039581783116E-004,9.038352873176336E-004,-4.827320808544755E-004,8.828599238768220E-004,
2.492833333333334E+009,-4.531150916591287E-004,8.881999528966844E-004,-4.033590666949749E-004,8.569217170588672E-004,
2.492866666666667E+009,-3.990812692791224E-004,8.706154767423868E-004,-3.907150530721992E-004,9.097065194509924E-004,
2.492900000000000E+009,-4.048493574373424E-004,8.359727798961103E-004,-4.051713622175157E-004,8.419828373007476E-004,
2.492933333333334E+009,-3.602227370720357E-004,8.494809735566378E-004,-3.786643501371145E-004,8.481725235469639E-004,
2.492966666666667E+009,-4.029279225505889E-004,8.912105113267899E-004,-3.497108409646899E-004,8.824014803394675E-004,
2.493000000000000E+009,-3.347184101585299E-004,8.804947719909251E-004,-3.866077458951622E-004,8.473197231069207E-004,
2.493033333333334E+009,-3.322009288240224E-004,8.783813100308180E-004,-3.726101422216743E-004,9.131627739407122E-004,
2.493066666666667E+009,-3.843825834337622E-004,9.324969141744077E-004,-3.540299367159605E-004,9.594399016350508E-004,
2.493100000000000E+009,-2.590723743196577E-004,9.454616811126471E-004,-3.144025104120374E-004,9.993144776672125E-004,
2.493133333333334E+009,-3.185929672326893E-004,9.894483955577016E-004,-2.597182465251535E-004,9.411618812009692E-004,
2.493166666666667E+009,-2.329924755031243E-004,9.103667689487338E-004,-1.663285656832159E-004,9.489304502494633E-004,
2.493200000000000E+009,-2.180262818001211E-004,9.508807561360300E-004,-2.198536385549232E-004,9.535060962662101E-004,
2.493233333333334E+009,-2.590347430668771E-004,9.111680556088686E-004,-2.042989654000849E-004,9.498010622337461E-004,
2.493266666666667E+009,-1.985731942113489E-004,9.377194801345468E-004,-1.157668666564859E-004,1.000484335236251E-003,
2.493300000000000E+009,-1.945877302205190E-004,9.425099124200642E-004,-1.440063642803580E-004,9.550570975989103E-004,
2.493333333333334E+009,-1.022593060042709E-004,9.184252121485770E-004,-9.098181908484548E-005,9.261504164896905E-004,
2.493366666666667E+009,-7.605752034578472E-005,9.546281653456390E-004,-8.776678441790864E-005,9.339971584267914E-004,
2.493400000000000E+009,-5.498485552379862E-005,9.491839446127415E-004,-5.311562927090563E-005,9.456432308070362E-004,
2.493433333333334E+009,-1.069789796019904E-004,9.358305251225829E-004,-5.274706927593797E-005,9.464670438319445E-004,
2.493466666666667E+009,-5.177109051146545E-005,9.557548910379410E-004,-6.587247480638325E-005,9.453519596718252E-004,
2.493500000000000E+009,-1.365594471280929E-005,9.827567264437676E-004,-8.086957677733153E-006,9.544191998429596E-004,
2.493533333333334E+009,1.170781797554810E-005,9.143446222878993E-004,4.322672975831665E-005,9.418285917490721E-004,
2.493566666666667E+009,-2.398079232079908E-005,9.210058487951756E-004,3.713449405040592E-005,9.504545596428216E-004,
2.493600000000000E+009,5.092360879643820E-005,9.615828166715801E-004,3.552783164195716E-005,8.839609217830002E-004,
2.493633333333334E+009,6.465055776061490E-005,9.351770859211683E-004,5.801919905934483E-005,9.549519163556397E-004,
2.493666666666667E+009,8.092561620287597E-005,9.424601448699832E-004,1.533282193122432E-004,9.436195832677186E-004,
2.493700000000000E+009,1.069543213816360E-004,9.353823261335492E-004,8.660749153932557E-005,9.672894957475364E-004,
2.493733333333334E+009,1.427094102837145E-004,9.283387917093933E-004,1.272009249078110E-004,9.660615469329059E-004,
2.493766666666667E+009,1.964749972103164E-004,9.288105648010969E-004,1.743350585456938E-004,8.741862257011235E-004,
2.493800000000000E+009,1.645334414206445E-004,9.166189120151103E-004,1.613135100342333E-004,9.305863059125841E-004,
2.493833333333334E+009,1.830706314649433E-004,9.056059061549604E-004,2.013182383961976E-004,8.837580680847168E-004,
2.493866666666667E+009,2.450544561725110E-004,8.648702641949058E-004,2.649257658049464E-004,9.580033947713673E-004,
2.493900000000000E+009,2.473991189617664E-004,9.082349715754390E-004,2.284254005644471E-004,8.741343044675887E-004,
2.493933333333334E+009,2.506572054699063E-004,8.486409788019955E-004,2.748579427134246E-004,8.665619534440339E-004,
2.493966666666667E+009,2.714587899390608E-004,8.970402996055782E-004,2.899775281548500E-004,9.184085647575557E-004,
2.494000000000000E+009,2.817409113049507E-004,8.206958882510662E-004,2.801196824293584E-004,9.073815308511257E-004,
2.494033333333334E+009,2.784094249363989E-004,8.804443059489131E-004,3.007056366186589E-004,8.777335169725120E-004,
2.494066666666667E+009,3.559807955753058E-004,9.056510170921683E-004,3.041215531993657E-004,8.158527780324221E-004,
2.494100000000000E+009,3.473326796665788E-004,8.516752277500927E-004,3.656983026303351E-004,8.858295623213053E-004,
2.494133333333334E+009,3.785717126447707E-004,8.965438464656472E-004,3.888282517436892E-004,8.972605573944747E-004,
2.494166666666667E+009,3.932512772735208E-004,8.207886712625623E-004,3.990668046753854E-004,8.670669049024582E-004,
2.494200000000000E+009,3.709120501298457E-004,7.850604015402496E-004,4.101218364667147E-004,8.331816643476486E-004,
2.494233333333334E+009,3.747855080291629E-004,7.967893034219742E-004,4.581335233524442E-004,7.745541515760124E-004,
2.494266666666667E+009,4.444731457624584E-004,8.602831512689591E-004,4.885837552137673E-004,8.506819140166044E-004,
2.494300000000000E+009,4.969895817339420E-004,8.070379844866693E-004,4.279039858374745E-004,8.065370493568480E-004,
2.494333333333334E+009,5.038711242377758E-004,7.688694167882204E-004,4.966442938894033E-004,7.918715709820390E-004,
2.494366666666667E+009,4.915505996905267E-004,7.499282946810126E-004,5.206884816288948E-004,7.740349392406642E-004,
2.494400000000000E+009,5.097834509797394E-004,7.817545556463301E-004,5.225074128247798E-004,7.619542302563787E-004,
2.494433333333334E+009,4.721233271993697E-004,7.796973804943264E-004,5.144042079336941E-004,7.517751073464751E-004,
2.494466666666667E+009,5.396103952080011E-004,7.668250473216176E-004,5.432105390354991E-004,7.582895923405886E-004,
2.494500000000000E+009,6.098079611547291E-004,7.433231803588569E-004,5.560982972383499E-004,7.508404669351876E-004,
2.494533333333334E+009,5.695047439076006E-004,7.290700450539589E-004,6.285710260272026E-004,7.347532664425671E-004,
2.494566666666667E+009,5.562614533118904E-004,7.526127155870199E-004,6.288718432188034E-004,7.639160612598062E-004,
2.494600000000000E+009,6.513234111480415E-004,7.210092153400183E-004,5.917666712775827E-004,7.019336335361004E-004,
2.494633333333334E+009,6.215929752215743E-004,6.579836481250823E-004,5.998931010253727E-004,6.874756654724479E-004,
2.494666666666667E+009,6.753702764399350E-004,6.782080745324493E-004,6.501965690404177E-004,6.817882531322539E-004,
2.494700000000000E+009,7.082479423843324E-004,6.779280956834555E-004,6.810195627622306E-004,7.327895145863295E-004,
2.494733333333334E+009,6.668441346846521E-004,7.024516235105693E-004,6.457751733250916E-004,6.147101521492004E-004,
2.494766666666667E+009,7.052642176859081E-004,7.255930104292929E-004,7.294564275071025E-004,6.131791742518544E-004,
2.494800000000000E+009,6.234041647985578E-004,6.594721926376224E-004,6.835442618466914E-004,6.584791117347777E-004,
2.494833333333334E+009,6.443524034693837E-004,5.872356705367565E-004,6.941552856005728E-004,5.699156317859888E-004,
2.494866666666667E+009,7.514591561630368E-004,5.908568273298442E-004,6.982232443988323E-004,6.088067311793566E-004,
2.494900000000000E+009,7.187093142420054E-004,5.728786927647889E-004,7.319427095353603E-004,5.516104865819216E-004,
2.494933333333334E+009,7.674047374166548E-004,5.767663824371994E-004,7.453951984643936E-004,5.782365915365517E-004,
2.494966666666667E+009,7.456409512087703E-004,5.552998045459390E-004,7.080453215166926E-004,5.133246886543930E-004,
2.495000000000000E+009,7.482426008209586E-004,5.300504271872342E-004,7.873546564951539E-004,5.579341668635607E-004,
2.495033333333334E+009,7.659305119886994E-004,4.856715386267752E-004,7.816584547981620E-004,5.195136764086783E-004,
2.495066666666667E+009,8.091349736787379E-004,5.340596544556320E-004,7.653476204723120E-004,4.701681900769472E-004,
2.495100000000000E+009,7.351072272285819E-004,4.972713650204241E-004,7.595330826006830E-004,4.680551064666361E-004,
2.495133333333334E+009,7.535337936133146E-004,4.687043256126344E-004,7.805300410836935E-004,4.503866948653013E-004,
2.495166666666667E+009,7.935981848277152E-004,4.417305462993681E-004,7.956546032801271E-004,4.118514480069280E-004,
2.495200000000000E+009,7.668875623494387E-004,3.956788568757474E-004,8.172360830940306E-004,3.494623815640807E-004,
2.495233333333334E+009,8.014438790269196E-004,4.013458965346217E-004,8.626697817817330E-004,3.786710731219500E-004,
2.495266666666667E+009,8.418796351179481E-004,4.164988640695810E-004,8.531229104846716E-004,3.553839051164687E-004,
2.495300000000000E+009,8.299342007376254E-004,3.647133416961879E-004,8.130371570587158E-004,3.843463491648436E-004,
2.495333333333334E+009,8.174552349373698E-004,3.233823517803103E-004,8.631495293229818E-004,3.140572225674987E-004,
2.495366666666667E+009,8.925111615099013E-004,3.746154543478042E-004,8.405984845012426E-004,2.774365711957216E-004,
2.495400000000000E+009,8.513900102116168E-004,2.680676698219031E-004,8.737159078009427E-004,2.816856431309134E-004,
2.495433333333334E+009,8.422677638009191E-004,3.263470425736159E-004,8.504851721227169E-004,3.334914217703044E-004,
2.495466666666667E+009,8.669644594192505E-004,2.926696324720979E-004,8.629515068605542E-004,2.778630296234042E-004,
2.495500000000000E+009,8.546424214728177E-004,2.369963185628876E-004,8.586189942434430E-004,2.237997541669756E-004,
2.495533333333334E+009,8.704732754267752E-004,2.216573775513098E-004,8.668574155308306E-004,2.234173880424351E-004,
2.495566666666667E+009,8.739120676182210E-004,2.226530195912346E-004,8.506819722242653E-004,2.213605184806511E-004,
2.495600000000000E+009,9.169121622107923E-004,1.508875284343958E-004,8.949666516855359E-004,1.649638143135235E-004,
2.495633333333334E+009,9.088988881558180E-004,1.302994933212176E-004,8.759596967138350E-004,1.451439165975899E-004,
2.495666666666667E+009,8.632679237052798E-004,1.632304047234356E-004,9.167344542220235E-004,1.338361762464047E-004,
2.495700000000000E+009,9.150739060714841E-004,1.042807343765162E-004,9.252924937754870E-004,1.346740755252540E-004,
2.495733333333334E+009,9.367452003061771E-004,1.112033642129973E-004,9.175219456665218E-004,1.336000132141635E-004,
2.495766666666667E+009,9.417003602720797E-004,8.114005322568119E-005,9.165282826870680E-004,7.001002086326480E-005,
2.495800000000000E+009,9.418055997230113E-004,4.494977110880427E-005,9.070519008673728E-004,9.288308501709253E-005,
2.495833333333334E+009,9.042618912644684E-004,3.145034861518070E-005,9.275390184484422E-004,2.300701635249425E-005,
2.495866666666667E+009,8.687091758474708E-004,-1.165112735179719E-005,9.084633202292025E-004,3.915987690561451E-005,
2.495900000000000E+009,8.992694783955813E-004,6.912966910022078E-008,9.507826762273908E-004,7.148660188249778E-006,
2.495933333333334E+009,8.978927507996559E-004,-5.653692278428935E-005,8.981793653219938E-004,-1.533952308818698E-005,
2.495966666666667E+009,9.524004417471588E-004,-4.221687413519248E-005,8.981478749774396E-004,2.006236172746867E-005,
2.496000000000000E+009,9.489861549809575E-004,-4.724129030364566E-005,9.316811920143664E-004,-2.897686681535561E-005,
2.496033333333334E+009,9.421188733540475E-004,-9.775398939382285E-005,9.069278021343052E-004,-6.898449646541849E-005,
2.496066666666667E+009,9.317231015302241E-004,-7.941536023281515E-005,8.934700745157898E-004,-8.977571997093037E-005,
2.496100000000000E+009,9.429229539819062E-004,-9.718001092551276E-005,9.388031903654337E-004,-7.118523353710771E-005,
2.496133333333334E+009,9.355876827612519E-004,-1.641594863031060E-004,8.953628130257130E-004,-1.501720689702779E-004,
2.496166666666667E+009,9.735497296787798E-004,-1.852937712101266E-004,9.639078052714467E-004,-1.792694529285654E-004,
2.496200000000000E+009,9.737954824231565E-004,-1.942920061992481E-004,1.001759199425578E-003,-1.672476937528700E-004,
2.496233333333334E+009,9.653072920627892E-004,-2.092493814416230E-004,9.378970717079938E-004,-2.327595866518095E-004,
2.496266666666667E+009,9.395727538503707E-004,-2.358581696171314E-004,9.301954996772111E-004,-2.385106636211276E-004,
2.496300000000000E+009,9.379557450301945E-004,-2.338392951060087E-004,8.998209959827364E-004,-2.935033699031919E-004,
2.496333333333334E+009,9.031729423440993E-004,-2.948387409560382E-004,8.811489096842706E-004,-2.824554103426635E-004,
2.496366666666667E+009,9.309300221502781E-004,-2.788361744023860E-004,8.970449562184513E-004,-3.249511064495891E-004,
2.496400000000000E+009,8.943096036091447E-004,-3.567601670511067E-004,9.031018125824630E-004,-3.408291959203780E-004,
2.496433333333334E+009,8.841444505378604E-004,-3.063236072193831E-004,9.265361586585641E-004,-3.730270545929670E-004,
2.496466666666667E+009,8.380988147109747E-004,-3.697272040881217E-004,8.529963670298457E-004,-3.666596603579819E-004,
2.496500000000000E+009,8.503833087161183E-004,-4.331353702582419E-004,8.515436202287674E-004,-4.366035864222795E-004,
2.496533333333334E+009,8.558048866689205E-004,-4.234685329720378E-004,8.406927809119225E-004,-3.733961493708193E-004,
2.496566666666667E+009,8.840171503834426E-004,-4.225507727824152E-004,8.445206331089139E-004,-3.945721255149692E-004,
2.496600000000000E+009,7.872456917539239E-004,-4.007555253338069E-004,8.526708115823567E-004,-4.036220780108124E-004,
2.496633333333334E+009,8.335472084581852E-004,-4.098528879694641E-004,8.047212613746524E-004,-4.181625845376402E-004,
2.496666666666667E+009,8.068424067460001E-004,-4.453468718566001E-004,8.206270285882056E-004,-5.006315186619759E-004,
2.496700000000000E+009,8.438783115707338E-004,-4.758842114824802E-004,8.087216992862523E-004,-4.842707421630621E-004,
2.496733333333334E+009,8.077987586148083E-004,-4.926010151393712E-004,7.693125517107546E-004,-4.986413987353444E-004,
2.496766666666667E+009,7.950059953145683E-004,-5.546585889533162E-004,7.818796439096332E-004,-5.064326687715948E-004,
2.496800000000000E+009,7.865538937039673E-004,-5.629781517200172E-004,8.046974544413388E-004,-5.517918616533279E-004,
2.496833333333334E+009,7.989685400389135E-004,-5.788761773146689E-004,8.002039976418018E-004,-5.327083636075258E-004,
2.496866666666667E+009,7.626248407177627E-004,-5.759687046520412E-004,8.152476511895657E-004,-5.835153860971332E-004,
2.496900000000000E+009,8.133211522363126E-004,-5.715292645618320E-004,7.653614738956094E-004,-6.228814600035548E-004,
2.496933333333334E+009,6.874367827549577E-004,-6.498340517282486E-004,6.982373306527734E-004,-6.002293666824698E-004,
2.496966666666667E+009,7.133010076358914E-004,-7.033239817246795E-004,7.062566583044827E-004,-6.633010343648493E-004,
2.497000000000000E+009,6.868999917060137E-004,-6.432883674278855E-004,7.134667248465121E-004,-6.433298112824559E-004,
2.497033333333334E+009,7.050891872495413E-004,-6.383471190929413E-004,6.829202757216990E-004,-7.065084064379334E-004,
2.497066666666667E+009,6.478055729530752E-004,-6.406015600077808E-004,6.998816388659179E-004,-6.701616221107543E-004,
2.497100000000000E+009,6.395867676474154E-004,-7.167849107645452E-004,6.517876172438264E-004,-7.157831569202244E-004,
2.497133333333334E+009,6.592915742658079E-004,-6.744817947037518E-004,6.401987047865987E-004,-6.596138118766248E-004,
2.497166666666667E+009,6.409091874957085E-004,-6.894606631249189E-004,6.518069421872497E-004,-7.463433430530131E-004,
2.497200000000000E+009,6.300353561528027E-004,-7.798619917593896E-004,6.257182103581727E-004,-7.502910448238254E-004,
2.497233333333334E+009,5.652359104715288E-004,-7.420679321512580E-004,6.207958213053644E-004,-7.661401177756488E-004,
2.497266666666667E+009,6.071351235732436E-004,-8.003716939128935E-004,5.593835958279669E-004,-7.377375150099397E-004,
2.497300000000000E+009,6.791706546209753E-004,-8.291007834486663E-004,5.187973729334772E-004,-7.907747058197856E-004,
2.497333333333334E+009,5.577458650805056E-004,-8.249715319834650E-004,5.504637956619263E-004,-7.352615939453244E-004,
2.497366666666667E+009,5.054103094153106E-004,-7.857849122956395E-004,5.557913100346923E-004,-8.334672893397510E-004,
2.497400000000000E+009,5.554486415348947E-004,-8.630306110717356E-004,5.320826894603670E-004,-8.201452437788248E-004,
2.497433333333334E+009,4.739057039842010E-004,-8.462506812065840E-004,5.321779754012823E-004,-8.215056150220335E-004,
2.497466666666667E+009,4.829572571907193E-004,-8.813990280032158E-004,4.773001128342003E-004,-8.425728301517665E-004,
2.497500000000000E+009,4.619351821020246E-004,-8.815061883069575E-004,4.482425865717232E-004,-8.423635154031217E-004,
2.497533333333334E+009,3.946308279410005E-004,-8.318228065036237E-004,3.849252534564585E-004,-8.644683402962983E-004,
2.497566666666667E+009,4.201460105832666E-004,-9.277040371671319E-004,4.249296325724572E-004,-8.657948928885162E-004,
2.497600000000000E+009,3.806070890277624E-004,-8.862694958224893E-004,3.824786399491131E-004,-8.885457064025104E-004,
2.497633333333334E+009,3.605510573834181E-004,-9.653975721448660E-004,4.031962016597390E-004,-9.207989205606282E-004,
2.497666666666667E+009,3.393728693481535E-004,-9.557516314089298E-004,3.498625301290304E-004,-9.495352278463543E-004,
2.497700000000000E+009,3.242538950871676E-004,-9.324522688984871E-004,3.291094035375863E-004,-9.584239451214671E-004,
2.497733333333334E+009,3.132923156954348E-004,-1.045562443323433E-003,3.373213403392583E-004,-9.323854465037584E-004,
2.497766666666667E+009,2.214908454334363E-004,-1.001180964522064E-003,2.621883177198470E-004,-9.787976741790772E-004,
2.497800000000000E+009,2.031132753472775E-004,-9.825309971347451E-004,2.281783963553608E-004,-9.413498919457197E-004,
2.497833333333334E+009,2.701771736610681E-004,-1.018873648718000E-003,2.520356210879982E-004,-1.028031925670803E-003,
2.497866666666667E+009,2.209234662586823E-004,-1.015114481560886E-003,2.062877611024305E-004,-9.906563209369779E-004,
2.497900000000000E+009,1.998158986680210E-004,-9.882089216262102E-004,2.332925359951332E-004,-1.033307635225356E-003,
2.497933333333334E+009,1.964496186701581E-004,-1.026951940730214E-003,1.362734328722581E-004,-1.013951492495835E-003,
2.497966666666667E+009,2.048892056336626E-004,-9.809173643589020E-004,1.992092438740656E-004,-9.998062159866095E-004,
2.498000000000000E+009,1.687831827439368E-004,-1.016190741211176E-003,1.446272362954915E-004,-9.963170159608126E-004,
2.498033333333334E+009,9.781587141333148E-005,-9.971417021006346E-004,9.306852007284761E-005,-1.015817280858755E-003,
2.498066666666667E+009,1.174592107417993E-004,-9.979964233934879E-004,7.595008355565369E-005,-9.841832797974348E-004,
2.498100000000000E+009,1.120022934628651E-004,-1.005713245831430E-003,5.370294093154371E-005,-1.021907432004809E-003,
2.498133333333334E+009,4.569923112285323E-005,-9.972202824428678E-004,8.161114965332672E-005,-9.848653571680188E-004,
2.498166666666667E+009,9.395325832883827E-007,-1.033843378536403E-003,4.688186527346261E-005,-1.025450299493969E-003,
2.498200000000000E+009,3.390647907508537E-005,-1.043206313624978E-003,-1.222328705807740E-006,-1.020729425363243E-003,
2.498233333333334E+009,1.666208504502720E-006,-1.046889345161617E-003,-4.111380349058891E-006,-1.013179891742766E-003,
2.498266666666667E+009,-3.868895873893052E-005,-1.044347998686135E-003,-6.801669223932549E-005,-1.011110842227936E-003,
2.498300000000000E+009,-4.860171247855760E-005,-9.401022107340396E-004,-3.256334821344353E-005,-1.013535074889660E-003,
2.498333333333334E+009,-1.048544290824793E-004,-9.400624549016357E-004,-9.919620060827583E-005,-9.929528459906578E-004,
2.498366666666667E+009,-1.327301724813879E-004,-1.040224451571703E-003,-1.432604331057519E-004,-9.790329495444894E-004,
2.498400000000000E+009,-1.225937012350187E-004,-1.023770542815328E-003,-6.758069503121078E-005,-1.058481750078499E-003,
2.498433333333334E+009,-1.019391202135012E-004,-1.046297256834805E-003,-1.441251661162823E-004,-1.003040699288249E-003,
2.498466666666667E+009,-1.955779880518094E-004,-1.026325277052820E-003,-1.771676470525563E-004,-1.010013860650361E-003,
2.498500000000000E+009,-2.418794465484098E-004,-9.622741490602493E-004,-2.131747896783054E-004,-1.053015468642116E-003,
2.498533333333334E+009,-2.038924576481804E-004,-9.649403509683907E-004,-1.951935118995607E-004,-9.707994177006185E-004,
2.498566666666667E+009,-1.726427726680413E-004,-1.026125275529921E-003,-2.271563716931269E-004,-1.017154892906547E-003,
2.498600000000000E+009,-2.903754066210240E-004,-1.000185031443834E-003,-2.787614357657731E-004,-9.901896119117737E-004,
2.498633333333334E+009,-2.508114848751575E-004,-1.002897857688367E-003,-2.643469779286534E-004,-9.965094504877925E-004,
2.498666666666667E+009,-3.453872632235289E-004,-1.003729412332177E-003,-3.217634512111545E-004,-9.667081758379936E-004,
2.498700000000000E+009,-3.593059955164790E-004,-9.462148882448673E-004,-3.712517500389367E-004,-9.492107783444226E-004,
2.498733333333334E+009,-3.391377395018935E-004,-9.702806710265577E-004,-4.001914057880640E-004,-9.286226122640073E-004,
2.498766666666667E+009,-4.434172878973186E-004,-1.001601107418537E-003,-3.837334807030857E-004,-1.010397565551102E-003,
2.498800000000000E+009,-4.148107254877687E-004,-9.816390229389072E-004,-4.011824785266072E-004,-9.488559444434941E-004,
2.498833333333334E+009,-4.550525918602943E-004,-9.293893817812204E-004,-4.385791835375130E-004,-9.870019275695086E-004,
2.498866666666667E+009,-4.592771874740720E-004,-9.192395955324173E-004,-4.656597157008946E-004,-9.460312430746853E-004,
2.498900000000000E+009,-5.179349682293832E-004,-9.669181308709085E-004,-5.249597597867250E-004,-9.774974314495921E-004,
2.498933333333334E+009,-4.986835992895067E-004,-9.234221652150154E-004,-4.844136128667742E-004,-9.209903655573726E-004,
2.498966666666667E+009,-5.284383078105748E-004,-8.943618158809841E-004,-5.691793048754334E-004,-9.220609790645540E-004,
2.499000000000000E+009,-5.593464011326432E-004,-9.223598171956837E-004,-5.879349773749709E-004,-8.693996933288872E-004,
2.499033333333334E+009,-5.508395843207836E-004,-9.081748430617154E-004,-6.060521700419486E-004,-8.624568581581116E-004,
2.499066666666667E+009,-5.876599461771548E-004,-9.281630627810955E-004,-6.286386633291841E-004,-8.835892658680677E-004,
2.499100000000000E+009,-6.717257783748210E-004,-8.758557960391045E-004,-6.309060845524073E-004,-8.311223937198520E-004,
2.499133333333334E+009,-6.931759999133647E-004,-8.504327270202339E-004,-6.610641721636057E-004,-8.599575958214700E-004,
2.499166666666667E+009,-6.673787720501423E-004,-8.637650753371418E-004,-6.606439710594714E-004,-8.648699731566012E-004,
2.499200000000000E+009,-6.464047473855317E-004,-8.107278263196349E-004,-6.913575343787670E-004,-7.859273464418948E-004,
2.499233333333334E+009,-6.967494264245033E-004,-7.670855848118663E-004,-7.194614154286683E-004,-7.428230019286275E-004,
2.499266666666667E+009,-7.280769641511142E-004,-8.240418392233551E-004,-6.692953174933791E-004,-7.751053781248629E-004,
2.499300000000000E+009,-7.828007801435888E-004,-7.532026502303779E-004,-7.751834345981479E-004,-7.960658986121416E-004,
2.499333333333334E+009,-7.837417069822550E-004,-7.425255025736988E-004,-8.203293546102941E-004,-7.466124952770770E-004,
2.499366666666667E+009,-8.536709356121719E-004,-6.827514735050499E-004,-8.187704370357096E-004,-6.993595743551850E-004,
2.499400000000000E+009,-8.209582883864641E-004,-7.183107663877308E-004,-8.814156753942370E-004,-6.802268326282501E-004,
2.499433333333334E+009,-8.265687501989305E-004,-6.381532293744385E-004,-8.977903053164482E-004,-6.881062872707844E-004,
2.499466666666667E+009,-8.709187968634069E-004,-6.175820017233491E-004,-9.011625079438090E-004,-6.462128949351609E-004,
2.499500000000000E+009,-9.232705924659967E-004,-6.563225178979337E-004,-8.865110576152802E-004,-6.384843727573752E-004,
2.499533333333334E+009,-9.253803873434663E-004,-6.693489267490804E-004,-9.223607485182583E-004,-6.496845744550228E-004,
2.499566666666667E+009,-9.009878849610686E-004,-5.661095492541790E-004,-9.177392930723727E-004,-5.809146095998585E-004,
2.499600000000000E+009,-9.620192577131093E-004,-5.792437004856765E-004,-9.748068405315280E-004,-5.857477081008256E-004,
2.499633333333334E+009,-9.345200378447771E-004,-5.750840064138174E-004,-9.347325540147722E-004,-5.485916626639664E-004,
2.499666666666667E+009,-9.594326256774366E-004,-5.309144034981728E-004,-9.142331546172500E-004,-5.262800841592252E-004,
2.499700000000000E+009,-1.046870485879481E-003,-4.836752195842564E-004,-1.006937935017049E-003,-5.463436827994883E-004,
2.499733333333334E+009,-9.777330560609698E-004,-4.743787867482752E-004,-9.867877233773470E-004,-4.343743494246155E-004,
2.499766666666667E+009,-1.035660970956087E-003,-4.579165834002197E-004,-1.000585034489632E-003,-4.502696683630347E-004,
2.499800000000000E+009,-1.041761133819819E-003,-4.728932981379330E-004,-9.872504742816091E-004,-4.664577718358487E-004,
2.499833333333334E+009,-1.064995420165360E-003,-4.368892987258732E-004,-1.024609431624413E-003,-4.684454179368913E-004,
2.499866666666667E+009,-1.088180462829769E-003,-4.504233365878463E-004,-1.030244166031480E-003,-3.674190375022590E-004,
2.499900000000000E+009,-1.026784302666783E-003,-3.500542661640793E-004,-1.072120736353099E-003,-4.139015509281308E-004,
2.499933333333334E+009,-1.113990554586053E-003,-4.110129666514695E-004,-1.094565028324723E-003,-3.806295571848750E-004,
2.499966666666667E+009,-1.112787635065615E-003,-3.830292844213545E-004,-1.058263820596039E-003,-3.513408591970801E-004,
2.500000000000000E+009,-1.126807415857911E-003,-2.896839287132025E-004,-1.096208812668920E-003,-3.227824054192752E-004,
