% Version 1.00
%
%freq[Hz];re:Trc1_S21;im:Trc1_S21;re:Trc2_S12;im:Trc2_S12;
2.480000000000000E+009,9.628110565245152E-004,-1.320383744314313E-003,1.069265883415937E-003,-1.320628332905471E-003,
2.480033333333334E+009,9.949839441105723E-004,-1.357549219392240E-003,9.705346892587841E-004,-1.327065401710570E-003,
2.480066666666667E+009,9.530939278192818E-004,-1.392237609252334E-003,1.035351539030671E-003,-1.421833410859108E-003,
2.480100000000000E+009,8.901054388843477E-004,-1.396307372488082E-003,9.353985078632832E-004,-1.446762122213841E-003,
2.480133333333334E+009,9.436678956262767E-004,-1.469242153689265E-003,9.441952570341528E-004,-1.489156158640981E-003,
2.480166666666667E+009,8.180117583833635E-004,-1.447481801733375E-003,8.549019112251699E-004,-1.504499348811805E-003,
2.480200000000000E+009,8.490096079185605E-004,-1.508136396296322E-003,8.374348399229348E-004,-1.467439928092063E-003,
2.480233333333334E+009,7.420639740303159E-004,-1.479414058849216E-003,7.870414410717785E-004,-1.544125378131867E-003,
2.480266666666667E+009,7.331115775741637E-004,-1.499245874583721E-003,6.932006799615920E-004,-1.534132752567530E-003,
2.480300000000000E+009,6.732780020684004E-004,-1.552237663418055E-003,6.904172478243709E-004,-1.557368668727577E-003,
2.480333333333334E+009,6.317751831375063E-004,-1.576074748300016E-003,6.791911437176168E-004,-1.512628630734980E-003,
2.480366666666667E+009,6.249021389521658E-004,-1.588410581462085E-003,5.923621938563883E-004,-1.588371698744595E-003,
2.480400000000000E+009,5.706702941097319E-004,-1.597648253664374E-003,6.190323038026691E-004,-1.575726433657110E-003,
2.480433333333334E+009,5.219250451773405E-004,-1.604538760147989E-003,5.458226078189910E-004,-1.638050423935056E-003,
2.480466666666667E+009,5.028541781939566E-004,-1.576172886416316E-003,4.984537372365594E-004,-1.640900387428701E-003,
2.480500000000000E+009,4.010763077531010E-004,-1.637964858673513E-003,4.746867052745074E-004,-1.672731828875840E-003,
2.480533333333334E+009,3.656120097730309E-004,-1.634457963518798E-003,4.362472100183368E-004,-1.675146981142461E-003,
2.480566666666667E+009,3.255241026636213E-004,-1.681053196080029E-003,4.136159259360284E-004,-1.700953114777803E-003,
2.480600000000000E+009,3.039472212549299E-004,-1.613153610378504E-003,2.760020433925092E-004,-1.656231004744768E-003,
2.480633333333334E+009,2.458246890455484E-004,-1.656364416703582E-003,2.564334427006543E-004,-1.679056440480053E-003,
2.480666666666667E+009,2.191901730839163E-004,-1.661667134612799E-003,2.280376065755263E-004,-1.667522825300694E-003,
2.480700000000000E+009,1.719653228064999E-004,-1.618571113795042E-003,2.317112230230123E-004,-1.652316423133016E-003,
2.480733333333334E+009,2.019832172663882E-004,-1.652399078011513E-003,1.580210373504087E-004,-1.686023548245430E-003,
2.480766666666667E+009,1.306434714933857E-004,-1.610094332136214E-003,1.618772221263498E-004,-1.637955312617123E-003,
2.480800000000000E+009,1.518381031928584E-004,-1.609752536751330E-003,1.660670677665621E-004,-1.636267756111920E-003,
2.480833333333334E+009,9.078533184947446E-005,-1.591496635228396E-003,4.121469100937247E-005,-1.665918272919953E-003,
2.480866666666667E+009,-5.512084317160770E-005,-1.629370963200927E-003,4.038590304844547E-006,-1.676399842835963E-003,
2.480900000000000E+009,1.773077747202478E-005,-1.617798348888755E-003,-7.383738557109609E-005,-1.675452105700970E-003,
2.480933333333334E+009,-8.708286623004824E-005,-1.698254840448499E-003,-1.342334289802238E-004,-1.680174842476845E-003,
2.480966666666667E+009,-1.544395927339792E-004,-1.645104843191803E-003,-1.683254522504285E-004,-1.646889490075409E-003,
2.481000000000000E+009,-1.824871724238619E-004,-1.651323167607188E-003,-1.697185944067314E-004,-1.651488244533539E-003,
2.481033333333334E+009,-2.472935593686998E-004,-1.625605626031756E-003,-2.347450936213136E-004,-1.640770235098898E-003,
2.481066666666667E+009,-2.590378571767360E-004,-1.687243580818176E-003,-3.369900223333389E-004,-1.646269927732647E-003,
2.481100000000000E+009,-3.076971042901278E-004,-1.656693173572421E-003,-3.145477676298469E-004,-1.627219491638243E-003,
2.481133333333334E+009,-3.732310433406383E-004,-1.668740645982325E-003,-3.865040198434144E-004,-1.648198463954032E-003,
2.481166666666667E+009,-3.638967464212328E-004,-1.599503564648330E-003,-4.115203628316522E-004,-1.650565653108060E-003,
2.481200000000000E+009,-4.138752992730588E-004,-1.597424503415823E-003,-4.990055458620191E-004,-1.595127396285534E-003,
2.481233333333334E+009,-5.004414706490934E-004,-1.572731183841825E-003,-5.106311291456223E-004,-1.626732875593007E-003,
2.481266666666667E+009,-5.205624620430172E-004,-1.555980648845434E-003,-5.467175506055355E-004,-1.612576539628208E-003,
2.481300000000000E+009,-5.580203724093735E-004,-1.604252727702260E-003,-5.089672631584108E-004,-1.602155272848904E-003,
2.481333333333334E+009,-5.631236708723009E-004,-1.558240619488061E-003,-5.756539176218212E-004,-1.598824746906757E-003,
2.481366666666667E+009,-6.004665629006922E-004,-1.559417578391731E-003,-6.335283978842199E-004,-1.575750880874693E-003,
2.481400000000000E+009,-6.578768952749670E-004,-1.524382736533880E-003,-6.852354854345322E-004,-1.541747362352908E-003,
2.481433333333334E+009,-7.091833977028728E-004,-1.530830399133265E-003,-6.827713805250824E-004,-1.508688554167748E-003,
2.481466666666667E+009,-7.474130834452808E-004,-1.492586219683290E-003,-7.852859562262893E-004,-1.493920455686748E-003,
2.481500000000000E+009,-7.802498294040561E-004,-1.449362724088132E-003,-8.175432449206710E-004,-1.489748363383114E-003,
2.481533333333334E+009,-8.065884467214346E-004,-1.425026683136821E-003,-8.629869553260505E-004,-1.480008475482464E-003,
2.481566666666667E+009,-8.993242518045008E-004,-1.385873300023377E-003,-8.703835774213076E-004,-1.435962738469243E-003,
2.481600000000000E+009,-8.616409613750875E-004,-1.385892857797444E-003,-8.697478333488107E-004,-1.415399601683021E-003,
2.481633333333334E+009,-8.988167392089963E-004,-1.392738078720868E-003,-9.639097843319178E-004,-1.349488156847656E-003,
2.481666666666667E+009,-1.013622386381030E-003,-1.382490503601730E-003,-1.000197138637304E-003,-1.423765555955470E-003,
2.481700000000000E+009,-1.037379610352218E-003,-1.365864300169051E-003,-1.038351096212864E-003,-1.303076627664268E-003,
2.481733333333334E+009,-9.988441597670317E-004,-1.327055273577571E-003,-1.070592901669443E-003,-1.262986916117370E-003,
2.481766666666667E+009,-1.098504173569381E-003,-1.253238995559514E-003,-1.103552291169763E-003,-1.279825111851096E-003,
2.481800000000000E+009,-1.086738076992333E-003,-1.244197716005147E-003,-1.120144035667181E-003,-1.249851426109672E-003,
2.481833333333334E+009,-1.127761323004961E-003,-1.203659339807928E-003,-1.163381733931601E-003,-1.244670478627086E-003,
2.481866666666667E+009,-1.142937573604286E-003,-1.177653670310974E-003,-1.169185270555317E-003,-1.177708967588842E-003,
2.481900000000000E+009,-1.167681650258601E-003,-1.206922228448093E-003,-1.228415989317000E-003,-1.175189274363220E-003,
2.481933333333334E+009,-1.285593723878264E-003,-1.100412104278803E-003,-1.246878877282143E-003,-1.161689986474812E-003,
2.481966666666667E+009,-1.243255333974958E-003,-1.078191678971052E-003,-1.254714443348348E-003,-1.071510370820761E-003,
2.482000000000000E+009,-1.305702608078718E-003,-1.036772853694856E-003,-1.278455136343837E-003,-1.024384051561356E-003,
2.482033333333334E+009,-1.282998127862811E-003,-1.016070134937763E-003,-1.342055737040937E-003,-9.707948192954063E-004,
2.482066666666667E+009,-1.362188835628331E-003,-9.691594168543816E-004,-1.342039322480559E-003,-9.944823104888201E-004,
2.482100000000000E+009,-1.367101911455393E-003,-9.345825528725982E-004,-1.387894619256258E-003,-9.355414076708257E-004,
2.482133333333334E+009,-1.393164042383432E-003,-9.710439480841160E-004,-1.410145312547684E-003,-9.290591115131974E-004,
2.482166666666667E+009,-1.412748126313090E-003,-8.661286556161940E-004,-1.424198271706700E-003,-8.855117484927177E-004,
2.482200000000000E+009,-1.422860543243587E-003,-8.206675411202014E-004,-1.443496788851917E-003,-8.790839347057045E-004,
2.482233333333334E+009,-1.458837301470339E-003,-7.961982628330588E-004,-1.403219765052199E-003,-8.038836531341076E-004,
2.482266666666667E+009,-1.401109737344086E-003,-7.854628493078053E-004,-1.403300673700869E-003,-7.000098703429103E-004,
2.482300000000000E+009,-1.402224414050579E-003,-7.597573567181826E-004,-1.430543954484165E-003,-7.161371759139001E-004,
2.482333333333334E+009,-1.410256605595350E-003,-7.678607944399118E-004,-1.468063564971089E-003,-7.474834565073252E-004,
2.482366666666667E+009,-1.431146520189941E-003,-6.532372790388763E-004,-1.447487738914788E-003,-6.777987582609057E-004,
2.482400000000000E+009,-1.527831424027681E-003,-5.999392597004771E-004,-1.516398158855736E-003,-6.045899935998023E-004,
2.482433333333334E+009,-1.512538292445242E-003,-6.191131542436779E-004,-1.559268799610436E-003,-6.289980374276638E-004,
2.482466666666667E+009,-1.574361696839333E-003,-5.459936801344156E-004,-1.563947531394661E-003,-5.049618193879724E-004,
2.482500000000000E+009,-1.518678851425648E-003,-5.174180842004716E-004,-1.544031663797796E-003,-5.393161554820836E-004,
2.482533333333334E+009,-1.589135499671102E-003,-4.576390783768147E-004,-1.602604170329869E-003,-4.596223297994584E-004,
2.482566666666667E+009,-1.641962211579084E-003,-4.049551789648831E-004,-1.583964214660227E-003,-4.703429003711790E-004,
2.482600000000000E+009,-1.617057947441936E-003,-3.510647802613676E-004,-1.619549351744354E-003,-3.700744127854705E-004,
2.482633333333334E+009,-1.651325146667659E-003,-3.339856630191207E-004,-1.575927948579192E-003,-2.733611327130348E-004,
2.482666666666667E+009,-1.605085213668644E-003,-2.802389790304005E-004,-1.645028591156006E-003,-2.624574408400804E-004,
2.482700000000000E+009,-1.620045397430658E-003,-3.129173128399998E-004,-1.670745783485472E-003,-2.216771536041051E-004,
2.482733333333334E+009,-1.621210831217468E-003,-2.236024301964790E-004,-1.628858153708279E-003,-2.364879765082151E-004,
2.482766666666667E+009,-1.659079105593264E-003,-1.879861665656790E-004,-1.671757898293436E-003,-1.417507446603850E-004,
2.482800000000000E+009,-1.650579157285392E-003,-1.274592650588602E-004,-1.625908538699150E-003,-1.509454305050895E-004,
2.482833333333334E+009,-1.569781568832696E-003,-1.340340968454257E-004,-1.622820971533656E-003,-9.444836177863181E-005,
2.482866666666667E+009,-1.677326159551740E-003,-4.680691290559480E-006,-1.646667253226042E-003,1.797635923139751E-005,
2.482900000000000E+009,-1.657612039707601E-003,-2.246171789010987E-006,-1.623360440135002E-003,-8.484742465952877E-006,
2.482933333333334E+009,-1.681352616287768E-003,6.809749902458862E-005,-1.668232376687229E-003,6.755453068763018E-005,
2.482966666666667E+009,-1.622856012545526E-003,5.109047560836189E-005,-1.677122432738543E-003,1.352803810732439E-004,
2.483000000000000E+009,-1.691354787908495E-003,1.100165245588869E-004,-1.652830163948238E-003,1.543850812595338E-004,
2.483033333333334E+009,-1.694179372861981E-003,1.556524512125179E-004,-1.674540457315743E-003,1.648741017561406E-004,
2.483066666666667E+009,-1.632001949474216E-003,2.313971053808928E-004,-1.624600146897137E-003,3.014990070369095E-004,
2.483100000000000E+009,-1.652418286539614E-003,2.593422541394830E-004,-1.618309295736253E-003,2.966297615785152E-004,
2.483133333333334E+009,-1.628025784157217E-003,2.643294865265489E-004,-1.622025156393647E-003,3.055117267649621E-004,
2.483166666666667E+009,-1.563275582157075E-003,3.410747158341110E-004,-1.572540844790638E-003,3.664141695480794E-004,
2.483200000000000E+009,-1.527910819277167E-003,3.729682066477835E-004,-1.616680412553251E-003,3.895961854141206E-004,
2.483233333333334E+009,-1.552701345644891E-003,4.625094006769359E-004,-1.605438534170389E-003,4.403770435601473E-004,
2.483266666666667E+009,-1.594317378476262E-003,3.979568427894265E-004,-1.615121494978666E-003,5.001005483791232E-004,
2.483300000000000E+009,-1.614094711840153E-003,5.092460196465254E-004,-1.612948719412088E-003,5.614362889900804E-004,
2.483333333333334E+009,-1.526280888356268E-003,5.355302710086107E-004,-1.579070463776588E-003,5.379633512347937E-004,
2.483366666666667E+009,-1.566034276038408E-003,5.616709240712225E-004,-1.523039652965963E-003,5.863140686415136E-004,
2.483400000000000E+009,-1.551088527776301E-003,6.056712591089308E-004,-1.509454916231334E-003,6.371029885485768E-004,
2.483433333333334E+009,-1.543345395475626E-003,6.344362627714872E-004,-1.515503274276853E-003,6.264588446356356E-004,
2.483466666666667E+009,-1.534249982796609E-003,6.858313572593033E-004,-1.451006159186363E-003,7.325476617552340E-004,
2.483500000000000E+009,-1.473592827096582E-003,7.439749897457659E-004,-1.499206176958978E-003,7.067778497003019E-004,
2.483533333333334E+009,-1.480035949498415E-003,7.507374393753707E-004,-1.418214524164796E-003,8.399136713705957E-004,
2.483566666666667E+009,-1.412584329955280E-003,7.641048287041485E-004,-1.456924830563366E-003,8.203142788261175E-004,
2.483600000000000E+009,-1.455593039281666E-003,8.596418192610145E-004,-1.433061901479960E-003,8.690721006132662E-004,
2.483633333333334E+009,-1.357165747322142E-003,8.521057316102088E-004,-1.379952882416546E-003,8.489610627293587E-004,
2.483666666666667E+009,-1.351613784208894E-003,8.945370791479945E-004,-1.418320462107658E-003,8.682829793542624E-004,
2.483700000000000E+009,-1.355948741547763E-003,9.930087253451347E-004,-1.294492278248072E-003,9.943654295057058E-004,
2.483733333333334E+009,-1.217013224959374E-003,1.030232408083975E-003,-1.278619747608900E-003,1.027318648993969E-003,
2.483766666666667E+009,-1.271731802262366E-003,9.685957920737565E-004,-1.278871670365334E-003,9.992329869419336E-004,
2.483800000000000E+009,-1.221866230480373E-003,1.026795827783644E-003,-1.211904454976320E-003,1.030385028570890E-003,
2.483833333333334E+009,-1.204350264742971E-003,1.013078959658742E-003,-1.240136683918536E-003,1.118509098887444E-003,
2.483866666666667E+009,-1.191634335555136E-003,1.042561139911413E-003,-1.178293023258448E-003,1.059403759427369E-003,
2.483900000000000E+009,-1.116769271902740E-003,1.027180813252926E-003,-1.181227504275739E-003,1.100530615076423E-003,
2.483933333333334E+009,-1.109328237362206E-003,1.047809841111302E-003,-1.118248095735908E-003,1.131542492657900E-003,
2.483966666666667E+009,-1.165460795164108E-003,1.058690948411822E-003,-1.128247939050198E-003,1.171960262581706E-003,
2.484000000000000E+009,-1.094102044589818E-003,1.172577030956745E-003,-1.052245846949518E-003,1.131109660491347E-003,
2.484033333333334E+009,-1.060795271769166E-003,1.152424491010606E-003,-9.677793132141233E-004,1.246113330125809E-003,
2.484066666666667E+009,-9.534287964925170E-004,1.241101883351803E-003,-9.925900958478451E-004,1.259140786714852E-003,
2.484100000000000E+009,-9.068465442396700E-004,1.229872927069664E-003,-9.623163496144116E-004,1.298801391385496E-003,
2.484133333333334E+009,-9.068524814210832E-004,1.252666581422091E-003,-8.838326903060079E-004,1.305941143073142E-003,
2.484166666666667E+009,-8.669995004311204E-004,1.302911550737917E-003,-8.400506922043860E-004,1.334347645752132E-003,
2.484200000000000E+009,-8.934996440075338E-004,1.369829755276442E-003,-8.202235912904143E-004,1.350076636299491E-003,
2.484233333333334E+009,-8.163639577105641E-004,1.400424167513847E-003,-8.368394337594509E-004,1.347469398751855E-003,
2.484266666666667E+009,-8.168255444616079E-004,1.365941949188709E-003,-7.687312318012118E-004,1.384123694151640E-003,
2.484300000000000E+009,-7.669106707908213E-004,1.441663596779108E-003,-7.275917450897396E-004,1.479790546000004E-003,
2.484333333333334E+009,-7.255168748088181E-004,1.367665012367070E-003,-7.038154290057719E-004,1.403934904374182E-003,
2.484366666666667E+009,-6.878826534375548E-004,1.441621803678572E-003,-6.607848918065429E-004,1.454480225220323E-003,
2.484400000000000E+009,-5.975224194116890E-004,1.446165842935443E-003,-6.401158752851188E-004,1.420699292793870E-003,
2.484433333333334E+009,-6.217514746822417E-004,1.497699180617929E-003,-5.961049464531243E-004,1.448212540708482E-003,
2.484466666666667E+009,-6.071930401958525E-004,1.497189281508327E-003,-5.671660182997584E-004,1.565780490636826E-003,
2.484500000000000E+009,-5.493689677678049E-004,1.513060415163636E-003,-5.152082885615528E-004,1.518799224868417E-003,
2.484533333333334E+009,-4.898027400486171E-004,1.486623077653348E-003,-4.659268306568265E-004,1.498572179116309E-003,
2.484566666666667E+009,-3.941293398384005E-004,1.517163938842714E-003,-4.063996020704508E-004,1.592028536833823E-003,
2.484600000000000E+009,-4.173464549239725E-004,1.568362466059625E-003,-3.724466077983379E-004,1.484211417846382E-003,
2.484633333333334E+009,-3.897431888617575E-004,1.565120415762067E-003,-3.077718138229102E-004,1.527017680928111E-003,
2.484666666666667E+009,-3.576620656531304E-004,1.523029874078929E-003,-3.476668498478830E-004,1.553359674289823E-003,
2.484700000000000E+009,-2.935260708909482E-004,1.549028675071895E-003,-3.111269616056234E-004,1.536436728201807E-003,
2.484733333333334E+009,-2.114178350893781E-004,1.607959275133908E-003,-2.546580508351326E-004,1.518499455414712E-003,
2.484766666666667E+009,-1.428948889952153E-004,1.556357135996223E-003,-1.965479314094409E-004,1.587578211911023E-003,
2.484800000000000E+009,-1.823156198952347E-004,1.557810115627945E-003,-8.895533392205834E-005,1.633811974897981E-003,
2.484833333333334E+009,-9.022718586493284E-005,1.583072938956320E-003,-1.430616102879867E-004,1.522419159300625E-003,
2.484866666666667E+009,-8.312869613291696E-005,1.597568741999567E-003,-9.203082299791277E-005,1.558309304527938E-003,
2.484900000000000E+009,-6.057609425624833E-005,1.608756603673101E-003,-1.360164060315583E-005,1.582043711096048E-003,
2.484933333333334E+009,-8.645392881589942E-006,1.589949359185994E-003,2.600314132905623E-007,1.530304783955216E-003,
2.484966666666667E+009,5.861476529389620E-005,1.577212475240231E-003,7.985436968738213E-005,1.599261304363608E-003,
2.485000000000000E+009,1.165537742053857E-005,1.502144848927856E-003,1.036098910844885E-004,1.530964625999332E-003,
2.485033333333334E+009,8.336770406458527E-005,1.526260748505592E-003,1.430789416190237E-004,1.558170886710286E-003,
2.485066666666667E+009,1.452465803595260E-004,1.519774901680648E-003,2.683967177290469E-004,1.507452689111233E-003,
2.485100000000000E+009,1.877682952908799E-004,1.474246382713318E-003,2.965994353871793E-004,1.567485742270947E-003,
2.485133333333334E+009,2.135593094862998E-004,1.518737990409136E-003,2.638380101416260E-004,1.550748595036566E-003,
2.485166666666667E+009,2.860436798073351E-004,1.444189925678074E-003,2.480388502590358E-004,1.536168390884996E-003,
2.485200000000000E+009,3.620446368586272E-004,1.504278508946300E-003,3.194849996361882E-004,1.482176710851491E-003,
2.485233333333334E+009,2.934302028734237E-004,1.496491720899940E-003,3.315065114293248E-004,1.537092612124980E-003,
2.485266666666667E+009,3.573114518076181E-004,1.505463733337820E-003,4.336114216130227E-004,1.518426812253892E-003,
2.485300000000000E+009,4.103181126993150E-004,1.470758579671383E-003,4.569581069517881E-004,1.451212330721319E-003,
2.485333333333334E+009,4.116249037906528E-004,1.466476358473301E-003,4.186082805972546E-004,1.413723453879356E-003,
2.485366666666667E+009,4.383685300126672E-004,1.409663818776608E-003,4.767021455336362E-004,1.462840707972646E-003,
2.485400000000000E+009,5.149118951521814E-004,1.382690970785916E-003,5.204293993301690E-004,1.367304590530694E-003,
2.485433333333334E+009,5.146017647348344E-004,1.374913263134658E-003,5.342331132851541E-004,1.337696914561093E-003,
2.485466666666667E+009,5.171199445612729E-004,1.383101101964712E-003,6.105097709223628E-004,1.410124590620399E-003,
2.485500000000000E+009,5.388143472373486E-004,1.388552249409258E-003,6.347536109387875E-004,1.381385256536305E-003,
2.485533333333334E+009,6.042954628355801E-004,1.403634320013225E-003,6.342292181216180E-004,1.332894898951054E-003,
2.485566666666667E+009,7.225510198622942E-004,1.285518985241652E-003,6.890342338010669E-004,1.333796302787960E-003,
2.485600000000000E+009,6.465670303441584E-004,1.328095444478095E-003,7.485839305445552E-004,1.302480464801192E-003,
2.485633333333334E+009,6.898557185195386E-004,1.309954561293125E-003,8.017853251658380E-004,1.289141364395618E-003,
2.485666666666667E+009,7.906346581876278E-004,1.267199637368321E-003,7.857205928303301E-004,1.274336827918887E-003,
2.485700000000000E+009,8.169112843461335E-004,1.242313883267343E-003,8.262225892394781E-004,1.185245811939240E-003,
2.485733333333334E+009,8.236723369918764E-004,1.227154163643718E-003,8.736323215998709E-004,1.224034582264721E-003,
2.485766666666667E+009,8.833325118757784E-004,1.160280779004097E-003,8.983712759800255E-004,1.207057735882700E-003,
2.485800000000000E+009,9.378034155815840E-004,1.172572141513228E-003,9.829038754105568E-004,1.157864113338292E-003,
2.485833333333334E+009,9.437495027668774E-004,1.154019264504314E-003,9.908842621371150E-004,1.157986582256854E-003,
2.485866666666667E+009,9.728604927659035E-004,1.164543209597468E-003,1.045469078235328E-003,1.116007450036705E-003,
2.485900000000000E+009,1.033446635119617E-003,1.096688210964203E-003,1.052878098562360E-003,1.121130888350308E-003,
2.485933333333334E+009,1.042329822666943E-003,1.085190568119288E-003,1.056029694154859E-003,1.044119591824710E-003,
2.485966666666667E+009,1.091413199901581E-003,1.088732271455228E-003,1.044007251039147E-003,1.036852714605629E-003,
2.486000000000000E+009,1.060358597896993E-003,9.935700800269842E-004,1.115657039918006E-003,1.019421382807195E-003,
2.486033333333334E+009,1.152693061158061E-003,1.015356625430286E-003,1.150464755482972E-003,9.965322678908706E-004,
2.486066666666667E+009,1.095228944905102E-003,1.000526477582753E-003,1.164254266768694E-003,1.000063959509134E-003,
2.486100000000000E+009,1.189973438158631E-003,9.016949334181845E-004,1.157222432084382E-003,9.209742420352995E-004,
2.486133333333334E+009,1.182340551167727E-003,9.159349137917161E-004,1.218839781358838E-003,8.864669362083077E-004,
2.486166666666667E+009,1.226719701662660E-003,9.347618906758726E-004,1.216445583850145E-003,8.844740223139525E-004,
2.486200000000000E+009,1.257337513379753E-003,8.618345018476248E-004,1.236606040038168E-003,8.326257229782641E-004,
2.486233333333334E+009,1.280804164707661E-003,7.975594489835203E-004,1.326747355051339E-003,7.769630756229162E-004,
2.486266666666667E+009,1.261024386622012E-003,7.638114038854837E-004,1.281708944588900E-003,7.330540101975203E-004,
2.486300000000000E+009,1.299867290072143E-003,7.311821100302041E-004,1.324547571130097E-003,7.234343211166561E-004,
2.486333333333334E+009,1.364722265861929E-003,7.625722209922969E-004,1.326360856182873E-003,6.596959428861737E-004,
2.486366666666667E+009,1.289675477892160E-003,7.084084209054709E-004,1.298181246966124E-003,6.894762627780438E-004,
2.486400000000000E+009,1.362065318971872E-003,6.716254865750670E-004,1.340543502010405E-003,6.490809028036892E-004,
2.486433333333334E+009,1.361695700325072E-003,5.945913144387305E-004,1.373316743411124E-003,5.644272314384580E-004,
2.486466666666667E+009,1.399982487782836E-003,6.156475865282118E-004,1.406796858645976E-003,5.341357318684459E-004,
2.486500000000000E+009,1.353260595351458E-003,5.434164777398109E-004,1.409701537340879E-003,5.176858394406736E-004,
2.486533333333334E+009,1.327969017438591E-003,5.199066363275051E-004,1.395157538354397E-003,5.034405039623380E-004,
2.486566666666667E+009,1.399423577822745E-003,5.041949334554374E-004,1.421723049134016E-003,4.262613365426660E-004,
2.486600000000000E+009,1.420189160853624E-003,4.704899038188160E-004,1.426427625119686E-003,3.896614070981741E-004,
2.486633333333334E+009,1.435577752999961E-003,3.499230952002108E-004,1.391672063618898E-003,3.912751562893391E-004,
2.486666666666667E+009,1.428181654773653E-003,3.484305925667286E-004,1.462020794861019E-003,3.193159354850650E-004,
2.486700000000000E+009,1.384019269607961E-003,3.119521425105631E-004,1.467677881009877E-003,3.093240084126592E-004,
2.486733333333334E+009,1.407709554769099E-003,2.815748448483646E-004,1.434519421309233E-003,2.715994196478277E-004,
2.486766666666667E+009,1.434208941645920E-003,2.427063445793465E-004,1.436907099559903E-003,2.409643639111891E-004,
2.486800000000000E+009,1.417788560502231E-003,1.636203669477254E-004,1.461992273107171E-003,1.764715270837769E-004,
2.486833333333334E+009,1.401342800818384E-003,6.164745718706399E-005,1.472273725084961E-003,1.127894502133131E-004,
2.486866666666667E+009,1.414865837432444E-003,5.713398059015162E-005,1.473425654694438E-003,7.247707981150597E-005,
2.486900000000000E+009,1.474883989430964E-003,5.547751788981259E-005,1.455123187042773E-003,6.141053017927334E-005,
2.486933333333334E+009,1.455844729207456E-003,4.771409658133052E-005,1.423885696567595E-003,5.832602255395614E-005,
2.486966666666667E+009,1.401831046678126E-003,4.626502050086856E-005,1.431628479622304E-003,7.261511200340465E-005,
2.487000000000000E+009,1.434111152775586E-003,-2.744856283243280E-005,1.411649631336331E-003,1.914310632855631E-005,
2.487033333333334E+009,1.485294662415981E-003,-4.625428482540883E-005,1.410570228472352E-003,-2.764922101050615E-005,
2.487066666666667E+009,1.424828311428428E-003,-4.900783096672967E-005,1.371819642372429E-003,-1.261617308045970E-005,
2.487100000000000E+009,1.414453261531889E-003,-4.011775308754295E-005,1.407752395607531E-003,-5.150559081812389E-005,
2.487133333333334E+009,1.339100766927004E-003,-9.532371041132137E-005,1.377511420287192E-003,-1.343704934697598E-004,
2.487166666666667E+009,1.414065947756171E-003,-1.467223046347499E-004,1.396466279402375E-003,-1.353732077404857E-004,
2.487200000000000E+009,1.342794741503894E-003,-1.758332509780303E-004,1.357231056317687E-003,-2.003858971875161E-004,
2.487233333333334E+009,1.329576596617699E-003,-1.875752641353756E-004,1.376141677610576E-003,-2.595034893602133E-004,
2.487266666666667E+009,1.333021675236523E-003,-3.266633721068502E-004,1.322400406934321E-003,-2.554107632022351E-004,
2.487300000000000E+009,1.408475567586720E-003,-2.785483375191689E-004,1.354942447505891E-003,-3.447095223236829E-004,
2.487333333333334E+009,1.343856332823634E-003,-3.828199696727097E-004,1.393687212839723E-003,-3.820986312348396E-004,
2.487366666666667E+009,1.319343224167824E-003,-3.985298972111195E-004,1.315239467658103E-003,-4.117369535379112E-004,
2.487400000000000E+009,1.287389663048089E-003,-4.415418661665171E-004,1.377025502733886E-003,-5.234961281530559E-004,
2.487433333333334E+009,1.313268090598285E-003,-4.645426815841347E-004,1.306851394474506E-003,-4.755100526381284E-004,
2.487466666666667E+009,1.314347027800977E-003,-5.175680271349847E-004,1.289931358769536E-003,-5.080979899503291E-004,
2.487500000000000E+009,1.280100317671895E-003,-5.053596687503159E-004,1.299343188293278E-003,-5.239761667326093E-004,
2.487533333333334E+009,1.240209909155965E-003,-5.386419943533838E-004,1.308230450376868E-003,-5.653981352224946E-004,
2.487566666666667E+009,1.275284215807915E-003,-5.995198735035956E-004,1.234689145348966E-003,-6.480015581473708E-004,
2.487600000000000E+009,1.192944357171655E-003,-6.834529340267181E-004,1.250916044227779E-003,-5.883307894691825E-004,
2.487633333333334E+009,1.230266178026795E-003,-7.003791397437453E-004,1.218810677528381E-003,-6.890881923027337E-004,
2.487666666666667E+009,1.251901849173009E-003,-7.103404495865107E-004,1.136573730036616E-003,-6.360796396620572E-004,
2.487700000000000E+009,1.161147258244455E-003,-7.189738098531961E-004,1.148424111306667E-003,-7.263849256560206E-004,
2.487733333333334E+009,1.116741448640823E-003,-7.265241583809257E-004,1.156230922788382E-003,-7.599400705657899E-004,
2.487766666666667E+009,1.131094526499510E-003,-7.873704889789224E-004,1.135789556428790E-003,-7.671331986784935E-004,
2.487800000000000E+009,1.126045011915267E-003,-8.671693503856659E-004,1.136944512836635E-003,-7.500300998799503E-004,
2.487833333333334E+009,1.118511310778558E-003,-8.537241956219077E-004,1.072925166226924E-003,-8.050640462897718E-004,
2.487866666666667E+009,1.064013573341072E-003,-8.856523199938238E-004,1.022544573061168E-003,-8.382005034945905E-004,
2.487900000000000E+009,1.005328726023436E-003,-9.118125890381634E-004,1.068535959348083E-003,-8.337638573721051E-004,
2.487933333333334E+009,9.849604684859514E-004,-8.962269057519734E-004,1.060462091118097E-003,-9.035426191985607E-004,
2.487966666666667E+009,1.054112333804369E-003,-9.256924386136234E-004,1.005859230645001E-003,-9.491238743066788E-004,
2.488000000000000E+009,9.952730033546686E-004,-9.160504559986293E-004,9.730313322506845E-004,-9.934874251484871E-004,
2.488033333333334E+009,8.898591040633619E-004,-9.491565288044512E-004,8.763887453824282E-004,-1.005062600597739E-003,
2.488066666666667E+009,9.376569651067257E-004,-9.840766433626413E-004,9.021878940984607E-004,-9.878976270556450E-004,
2.488100000000000E+009,8.839898509904742E-004,-9.768200106918812E-004,8.778779301792383E-004,-1.009021536447108E-003,
2.488133333333334E+009,8.507873280905187E-004,-1.016127527691424E-003,8.636464481242001E-004,-1.062963623553515E-003,
2.488166666666667E+009,7.531373994424939E-004,-1.088760094717145E-003,8.440301171503961E-004,-1.036331523209810E-003,
2.488200000000000E+009,8.013812475837767E-004,-1.060807844623923E-003,8.169102948158979E-004,-1.091000740416348E-003,
2.488233333333334E+009,7.901552016846836E-004,-1.104229129850864E-003,7.765989867039025E-004,-1.117736217565835E-003,
2.488266666666667E+009,7.174171041697264E-004,-1.080840826034546E-003,7.114121690392494E-004,-1.145667047239840E-003,
2.488300000000000E+009,6.994033465161920E-004,-1.129202428273857E-003,7.194848731160164E-004,-1.150531927123666E-003,
2.488333333333334E+009,6.403392762877047E-004,-1.142461085692048E-003,6.821377901360393E-004,-1.141706248745322E-003,
2.488366666666667E+009,6.839042762294412E-004,-1.148521434515715E-003,6.588742253370583E-004,-1.113336533308029E-003,
2.488400000000000E+009,6.399166304618120E-004,-1.188908587209880E-003,5.972108920104802E-004,-1.181977335363627E-003,
2.488433333333334E+009,5.364083335734904E-004,-1.146988011896610E-003,5.709426477551460E-004,-1.195282558910549E-003,
2.488466666666667E+009,5.717676831409335E-004,-1.181882340461016E-003,5.437563522718847E-004,-1.146027701906860E-003,
2.488500000000000E+009,5.098308320157230E-004,-1.149894087575376E-003,5.624007317237556E-004,-1.211623777635396E-003,
2.488533333333334E+009,4.721107252407819E-004,-1.192622003145516E-003,5.044304416514933E-004,-1.140767941251397E-003,
2.488566666666667E+009,4.729032225441188E-004,-1.188313588500023E-003,4.383141640573740E-004,-1.172228832729161E-003,
2.488600000000000E+009,4.399867902975529E-004,-1.196335884742439E-003,5.082878051325679E-004,-1.171469572000206E-003,
2.488633333333334E+009,4.370501555968076E-004,-1.192441210150719E-003,5.402188398875296E-004,-1.217346289195120E-003,
2.488666666666667E+009,4.903696244582534E-004,-1.213455572724342E-003,4.613416676875204E-004,-1.226212829351425E-003,
2.488700000000000E+009,4.224524018354714E-004,-1.264176564291120E-003,3.723851987160742E-004,-1.218469813466072E-003,
2.488733333333334E+009,3.574683796614409E-004,-1.270581618882716E-003,2.970247005578131E-004,-1.212486531585455E-003,
2.488766666666667E+009,2.923695428762585E-004,-1.265126164071262E-003,3.207107074558735E-004,-1.178908161818981E-003,
2.488800000000000E+009,2.542388974688947E-004,-1.235790550708771E-003,2.861313405446708E-004,-1.236558076925576E-003,
2.488833333333334E+009,2.594049437902868E-004,-1.265002414584160E-003,2.426098071737215E-004,-1.289098174311221E-003,
2.488866666666667E+009,1.888021506601945E-004,-1.288174185901880E-003,1.928606652654707E-004,-1.254681963473558E-003,
2.488900000000000E+009,1.447309768991545E-004,-1.246349769644439E-003,1.527298445580527E-004,-1.294557005167007E-003,
2.488933333333334E+009,7.691292557865381E-005,-1.277554896660149E-003,8.820219954941422E-005,-1.297538517974317E-003,
2.488966666666667E+009,1.009352672554087E-005,-1.312463660724461E-003,1.250992645509541E-004,-1.281550619751215E-003,
2.489000000000000E+009,6.336302612908185E-005,-1.274599810130894E-003,5.811195296701044E-005,-1.218846184201539E-003,
2.489033333333334E+009,2.656566175573971E-005,-1.276966067962349E-003,-2.088994006044231E-005,-1.229628338478506E-003,
2.489066666666667E+009,-4.141942190472037E-005,-1.269107568077743E-003,-1.702479130472057E-005,-1.258451142348349E-003,
2.489100000000000E+009,-7.855743751861155E-005,-1.286753686144948E-003,-8.597114356234670E-005,-1.262450125068426E-003,
2.489133333333334E+009,-8.548332698410377E-005,-1.296543632633984E-003,-1.030087150866166E-004,-1.202857471071184E-003,
2.489166666666667E+009,-1.080862348317169E-004,-1.265286933630705E-003,-1.180189647129737E-004,-1.282478100620210E-003,
2.489200000000000E+009,-1.209541514981538E-004,-1.221981481648982E-003,-1.748350186971948E-004,-1.269229804165661E-003,
2.489233333333334E+009,-1.917177723953500E-004,-1.260522170923650E-003,-1.633084903005511E-004,-1.224562758579850E-003,
2.489266666666667E+009,-2.004031266551465E-004,-1.225895830430090E-003,-1.845827500801534E-004,-1.237833872437477E-003,
2.489300000000000E+009,-2.178306312998757E-004,-1.294238376431167E-003,-2.096316457027569E-004,-1.242139493115246E-003,
2.489333333333334E+009,-2.336094621568918E-004,-1.237843767739832E-003,-2.254262799397111E-004,-1.237722230143845E-003,
2.489366666666667E+009,-3.144047514069825E-004,-1.215778058394790E-003,-2.962076105177403E-004,-1.183686894364655E-003,
2.489400000000000E+009,-3.447456401772797E-004,-1.204166561365128E-003,-3.276050556451082E-004,-1.235319767147303E-003,
2.489433333333334E+009,-3.343565622344613E-004,-1.204702304676175E-003,-3.411526849959046E-004,-1.212317612953484E-003,
2.489466666666667E+009,-4.772413522005081E-004,-1.205528969876468E-003,-2.834568149410188E-004,-1.236616051755846E-003,
2.489500000000000E+009,-4.245867312420160E-004,-1.211675466038287E-003,-3.932528779841960E-004,-1.167591079138219E-003,
2.489533333333334E+009,-4.614406498149037E-004,-1.194720272906125E-003,-3.841687284875661E-004,-1.153845805674791E-003,
2.489566666666667E+009,-4.559045191854239E-004,-1.152652082964778E-003,-4.493832821026444E-004,-1.191690913401544E-003,
2.489600000000000E+009,-4.189868341200054E-004,-1.179022714495659E-003,-5.030062166042626E-004,-1.164107350632548E-003,
2.489633333333334E+009,-5.133195081725717E-004,-1.082938746549189E-003,-4.840324108954519E-004,-1.073416555300355E-003,
2.489666666666667E+009,-5.319222691468895E-004,-1.115377875976265E-003,-6.026168121024966E-004,-1.059107366017997E-003,
2.489700000000000E+009,-5.985793541185558E-004,-1.041509560309351E-003,-5.548259359784424E-004,-1.119056716561317E-003,
2.489733333333334E+009,-6.261811358854175E-004,-1.057079294696450E-003,-5.976071697659791E-004,-1.140669570304453E-003,
2.489766666666667E+009,-6.378078251145780E-004,-1.060550916008651E-003,-6.314095226116478E-004,-1.110426266677678E-003,
2.489800000000000E+009,-6.437790580093861E-004,-1.050174585543573E-003,-6.494387635029852E-004,-1.044024247676134E-003,
2.489833333333334E+009,-6.827043835073710E-004,-1.048396108672023E-003,-6.844479357823730E-004,-1.046571182087064E-003,
2.489866666666667E+009,-6.359358667396009E-004,-1.012273249216378E-003,-7.350848754867911E-004,-1.055770553648472E-003,
2.489900000000000E+009,-7.046064129099250E-004,-1.019545597955585E-003,-7.505401154048741E-004,-1.004323596134782E-003,
2.489933333333334E+009,-7.149951416067779E-004,-9.401034330949187E-004,-7.366068894043565E-004,-1.048629172146320E-003,
2.489966666666667E+009,-7.720854482613504E-004,-9.406179888173938E-004,-7.290593930520117E-004,-9.626303799450398E-004,
2.490000000000000E+009,-7.117959903553128E-004,-9.659289498813450E-004,-7.502074004150927E-004,-9.508524090051651E-004,
2.490033333333334E+009,-8.247354417107999E-004,-9.120086906477809E-004,-7.894374430179596E-004,-9.111744584515691E-004,
2.490066666666667E+009,-7.696684915572405E-004,-8.916260558180511E-004,-7.549847359769046E-004,-8.462542900815606E-004,
2.490100000000000E+009,-8.588718483224511E-004,-8.532344945706427E-004,-8.214931003749371E-004,-7.875135052017868E-004,
2.490133333333334E+009,-8.657961734570563E-004,-8.433799375779927E-004,-8.312282152473927E-004,-7.543296087533236E-004,
2.490166666666667E+009,-7.951919687911868E-004,-8.432444883510470E-004,-8.366465335711837E-004,-8.699216414242983E-004,
2.490200000000000E+009,-7.660214905627072E-004,-7.930409046821296E-004,-8.234390406869352E-004,-8.075960795395076E-004,
2.490233333333334E+009,-8.643640321679413E-004,-8.335626334883273E-004,-8.611594676040113E-004,-7.995525375008583E-004,
2.490266666666667E+009,-8.510656189173460E-004,-8.413285831920803E-004,-8.485302678309381E-004,-8.465326973237097E-004,
2.490300000000000E+009,-8.396588964387775E-004,-7.557609351351857E-004,-8.754312875680625E-004,-7.780493469908834E-004,
2.490333333333334E+009,-8.733225986361504E-004,-6.930994568392634E-004,-9.006810723803937E-004,-6.920309388078749E-004,
2.490366666666667E+009,-8.946026791818440E-004,-6.829853518866003E-004,-9.534989367239177E-004,-6.953033735044301E-004,
2.490400000000000E+009,-9.258090285584331E-004,-6.921726162545383E-004,-9.684912511147559E-004,-6.818895344622433E-004,
2.490433333333334E+009,-9.380542323924601E-004,-6.809831829741597E-004,-9.759212844073772E-004,-6.163729121908546E-004,
2.490466666666667E+009,-9.480057051405311E-004,-5.973045481368899E-004,-9.600685443729162E-004,-6.036781123839319E-004,
2.490500000000000E+009,-9.903098689392209E-004,-5.537553806789219E-004,-1.014706911519170E-003,-5.273317219689488E-004,
2.490533333333334E+009,-9.789047762751579E-004,-4.888998810201883E-004,-1.027260092087090E-003,-5.387407145462930E-004,
2.490566666666667E+009,-1.033922540955246E-003,-4.703416780102998E-004,-1.022786833345890E-003,-4.740729345940054E-004,
2.490600000000000E+009,-1.043927855789661E-003,-4.359960148576647E-004,-1.011729706078768E-003,-5.607374478131533E-004,
2.490633333333334E+009,-1.034831861034036E-003,-4.463233053684235E-004,-1.094809966161847E-003,-4.683658189605922E-004,
2.490666666666667E+009,-1.092641730792821E-003,-4.773947002831847E-004,-1.008979277685285E-003,-4.639287944883108E-004,
2.490700000000000E+009,-1.061977352946997E-003,-3.906254423782229E-004,-1.016948372125626E-003,-4.522902017924935E-004,
2.490733333333334E+009,-1.063793082721531E-003,-3.301916294731200E-004,-1.036055502481759E-003,-3.576299641281366E-004,
2.490766666666667E+009,-1.031487830914557E-003,-3.576727467589080E-004,-1.075675128959119E-003,-3.828516055364162E-004,
2.490800000000000E+009,-1.056313049048185E-003,-4.098760546185076E-004,-1.061531831510365E-003,-3.571405832190067E-004,
2.490833333333334E+009,-1.053337473422289E-003,-2.664844505488873E-004,-1.038512564264238E-003,-2.532564685679972E-004,
2.490866666666667E+009,-1.035441411659122E-003,-2.429742598906159E-004,-1.032820437103510E-003,-2.710792759899050E-004,
2.490900000000000E+009,-1.092441729269922E-003,-2.536527463234961E-004,-1.074135070666671E-003,-2.113332302542403E-004,
2.490933333333334E+009,-1.095546642318368E-003,-1.859561598394066E-004,-1.046988298185170E-003,-1.870205451268703E-004,
2.490966666666667E+009,-1.065469230525196E-003,-1.901633950183168E-004,-1.122269779443741E-003,-2.011172764468938E-004,
2.491000000000000E+009,-1.092673861421645E-003,-1.214794683619402E-004,-1.121035194955766E-003,-1.109787335735746E-004,
2.491033333333334E+009,-1.054883468896151E-003,-1.266399049200118E-004,-1.074288156814873E-003,-1.639751717448235E-004,
2.491066666666667E+009,-1.088908640667796E-003,-8.294089639093727E-005,-1.080516492947936E-003,-1.085178664652631E-004,
2.491100000000000E+009,-1.107283052988350E-003,-8.723849896341562E-005,-1.089769997633994E-003,-8.278694440377876E-005,
2.491133333333334E+009,-1.136920531280339E-003,-6.655687320744619E-005,-1.068920013494790E-003,-4.293500387575477E-005,
2.491166666666667E+009,-1.091961050406098E-003,1.367020922771189E-005,-1.075326581485570E-003,-2.082607352349442E-005,
2.491200000000000E+009,-1.055336790159345E-003,-2.333804150111973E-005,-1.053900108672679E-003,-2.402245172561379E-006,
2.491233333333334E+009,-1.030231127515435E-003,-1.400117798766587E-005,-1.150255091488361E-003,4.410609471960925E-005,
2.491266666666667E+009,-1.130415825173259E-003,8.309500844916329E-005,-1.097882166504860E-003,1.872487155196723E-005,
2.491300000000000E+009,-1.089564524590969E-003,7.276667020050809E-005,-1.062447088770568E-003,1.017903850879520E-004,
2.491333333333334E+009,-1.125132082961500E-003,1.403538626618683E-004,-1.086524105630815E-003,8.999377314466983E-005,
2.491366666666667E+009,-1.037297421135008E-003,1.179127721115947E-004,-1.085150637663901E-003,1.072581435437314E-004,
2.491400000000000E+009,-1.044442993588746E-003,1.411703415215015E-004,-1.071623759344220E-003,1.442018547095358E-004,
2.491433333333334E+009,-1.009826664812863E-003,1.999404048547149E-004,-1.016368973068893E-003,1.356568391202018E-004,
2.491466666666667E+009,-1.034712768159807E-003,2.078014513244852E-004,-1.035027671605349E-003,2.124138991348445E-004,
2.491500000000000E+009,-1.073074759915471E-003,1.884297380456701E-004,-1.040881965309382E-003,1.732050732243806E-004,
2.491533333333334E+009,-1.034319400787354E-003,2.695823204703629E-004,-1.027398859150708E-003,2.475243818480521E-004,
2.491566666666667E+009,-1.028649974614382E-003,2.312576107215136E-004,-1.011472544632852E-003,2.859123924281448E-004,
2.491600000000000E+009,-9.769999887794256E-004,2.755022142082453E-004,-1.042134594172239E-003,2.891667245421559E-004,
2.491633333333334E+009,-9.716243366710842E-004,2.570458746049553E-004,-1.016391091980040E-003,2.665377978701145E-004,
2.491666666666667E+009,-9.497871506027877E-004,2.884730056393892E-004,-9.963921038433909E-004,2.838897635228932E-004,
2.491700000000000E+009,-9.827844332903624E-004,3.527815570123494E-004,-1.035013119690120E-003,3.193551674485207E-004,
2.491733333333334E+009,-9.903069585561752E-004,2.937813696917146E-004,-9.859985439106822E-004,3.215779724996537E-004,
2.491766666666667E+009,-1.020678319036961E-003,2.519235131330788E-004,-1.016895519569516E-003,3.051402745768428E-004,
2.491800000000000E+009,-1.043481635861099E-003,3.640323702711612E-004,-9.885963518172503E-004,3.433754318393767E-004,
2.491833333333334E+009,-1.007686834782362E-003,4.244588781148195E-004,-1.016814843751490E-003,4.057681653648615E-004,
2.491866666666667E+009,-9.850468486547470E-004,3.674825129564852E-004,-9.534808923490346E-004,4.273537197150290E-004,
2.491900000000000E+009,-9.693577303551137E-004,4.338226572144777E-004,-9.307617438025773E-004,4.086802073288709E-004,
2.491933333333334E+009,-9.540491737425327E-004,4.636626981664449E-004,-9.638815536163747E-004,5.013274494558573E-004,
2.491966666666667E+009,-9.270209702663124E-004,4.774729022756219E-004,-9.421333088539541E-004,4.853181308135390E-004,
2.492000000000000E+009,-8.844054536893964E-004,5.056289955973625E-004,-8.857284556142986E-004,4.974036128260195E-004,
2.492033333333334E+009,-8.429621811956167E-004,5.251126713119447E-004,-9.053314570337534E-004,5.365245742723346E-004,
2.492066666666667E+009,-8.618112187832594E-004,5.265959771350026E-004,-8.192387758754194E-004,6.074791308492422E-004,
2.492100000000000E+009,-8.014057530090213E-004,6.121397600509226E-004,-7.816169527359307E-004,5.521686980500817E-004,
2.492133333333334E+009,-8.096455130726099E-004,5.624982877634466E-004,-7.899437332525849E-004,5.906758597120643E-004,
2.492166666666667E+009,-7.882866775617003E-004,6.377780227921903E-004,-7.574330084025860E-004,6.329776369966567E-004,
2.492200000000000E+009,-8.271030965261161E-004,6.599203916266561E-004,-7.968388963490725E-004,6.430310895666480E-004,
2.492233333333334E+009,-7.590068853460252E-004,6.448393105529249E-004,-7.583383121527731E-004,7.051069987937808E-004,
2.492266666666667E+009,-7.522095111198723E-004,7.010278641246259E-004,-7.931077270768583E-004,6.943501066416502E-004,
2.492300000000000E+009,-7.327804923988879E-004,6.824723095633090E-004,-7.566924323327839E-004,6.837583496235311E-004,
2.492333333333334E+009,-7.346803322434425E-004,6.833362276665866E-004,-7.279225974343717E-004,7.050508284009993E-004,
2.492366666666667E+009,-6.885555922053754E-004,6.998631288297474E-004,-7.157091749832034E-004,7.460481137968600E-004,
2.492400000000000E+009,-7.168480660766363E-004,7.444865186698735E-004,-6.511491956189275E-004,7.143671391531825E-004,
2.492433333333334E+009,-6.916882703080773E-004,7.613104535266757E-004,-6.464239559136331E-004,7.592596812173724E-004,
2.492466666666667E+009,-6.704816478304565E-004,7.454211008735001E-004,-6.320902029983699E-004,7.578533259220421E-004,
2.492500000000000E+009,-6.099112797528505E-004,7.531500887125731E-004,-6.115534342825413E-004,8.120259153656662E-004,
2.492533333333334E+009,-5.971624632366002E-004,8.042255649343133E-004,-5.649719969369471E-004,7.806297508068383E-004,
2.492566666666667E+009,-5.896025686524808E-004,8.219999144785106E-004,-6.041156593710184E-004,8.455268689431250E-004,
2.492600000000000E+009,-5.987556651234627E-004,8.164392784237862E-004,-6.070465897209942E-004,8.621579036116600E-004,
2.492633333333334E+009,-5.903066485188901E-004,8.003147086128593E-004,-5.648451042361558E-004,8.044326677918434E-004,
2.492666666666667E+009,-5.532779614441097E-004,8.411621092818677E-004,-5.551428184844554E-004,8.334383601322770E-004,
2.492700000000000E+009,-4.581824468914419E-004,8.099311380647123E-004,-5.351209547370672E-004,8.704456267878413E-004,
2.492733333333334E+009,-4.746279155369848E-004,8.659414015710354E-004,-5.251977709122002E-004,8.882887195795775E-004,
2.492766666666667E+009,-4.742914461530745E-004,8.113819058053196E-004,-4.206567828077823E-004,8.785359677858651E-004,
2.492800000000000E+009,-4.533605533652008E-004,9.109305683523417E-004,-4.462074139155448E-004,8.625431219115853E-004,
2.492833333333334E+009,-4.445626400411129E-004,8.976365788839757E-004,-4.159243544563651E-004,8.734227158129215E-004,
2.492866666666667E+009,-3.773352364078164E-004,8.334552403539419E-004,-4.240194975864142E-004,9.129935060627759E-004,
2.492900000000000E+009,-3.752913908101618E-004,8.709934190846980E-004,-3.608550468925387E-004,9.378256509080529E-004,
2.492933333333334E+009,-3.789539914578199E-004,8.747121319174767E-004,-4.077133489772677E-004,9.103635093197227E-004,
2.492966666666667E+009,-3.122383495792747E-004,9.343488491140306E-004,-3.309859603177756E-004,9.112788247875869E-004,
2.493000000000000E+009,-3.504120977595449E-004,8.895209757611156E-004,-3.501673927530646E-004,9.284467669203877E-004,
2.493033333333334E+009,-3.544379142113030E-004,9.505618363618851E-004,-2.986971521750093E-004,9.290645830333233E-004,
2.493066666666667E+009,-2.695818839129061E-004,8.948400500230491E-004,-2.937820972874761E-004,9.400382405146956E-004,
2.493100000000000E+009,-2.981896686833352E-004,9.428745252080262E-004,-1.988992153201252E-004,9.391891653649509E-004,
2.493133333333334E+009,-2.502706483937800E-004,9.048821520991623E-004,-2.232470724266022E-004,8.974258089438081E-004,
2.493166666666667E+009,-2.350089489482343E-004,9.746180148795247E-004,-2.627519133966416E-004,9.226101683452725E-004,
2.493200000000000E+009,-2.007886650972068E-004,9.756467188708484E-004,-2.580288564786315E-004,9.477587882429361E-004,
2.493233333333334E+009,-2.380347723374143E-004,9.074640693143010E-004,-2.510517952032387E-004,8.920172695070505E-004,
2.493266666666667E+009,-1.915225584525615E-004,1.030241604894400E-003,-1.790609821910039E-004,9.685317636467516E-004,
2.493300000000000E+009,-2.555383252911270E-004,9.544492349959910E-004,-2.009723539231345E-004,9.617012110538781E-004,
2.493333333333334E+009,-1.199966209242120E-004,1.005008816719055E-003,-1.029885243042372E-004,9.893303504213691E-004,
2.493366666666667E+009,-1.821214536903426E-004,9.331888868473470E-004,-1.194731376017444E-004,9.991551050916314E-004,
2.493400000000000E+009,-1.190174007206224E-004,9.832959622144699E-004,-1.341404131380841E-004,9.763293201103807E-004,
2.493433333333334E+009,-1.485721732024103E-004,1.007681479677558E-003,-1.298797433264554E-004,1.019938499666750E-003,
2.493466666666667E+009,-7.235871453303844E-005,9.891276713460684E-004,6.206466423464008E-006,9.866048349067569E-004,
2.493500000000000E+009,-9.728001896291971E-005,9.684534743428230E-004,-6.021131048328243E-005,9.519046288914979E-004,
2.493533333333334E+009,-1.347136822005268E-005,9.727815049700439E-004,-1.736797094054055E-005,9.514191187918186E-004,
2.493566666666667E+009,1.979552871489432E-005,9.417432011105120E-004,3.634058884927072E-005,9.177533793263137E-004,
2.493600000000000E+009,8.502659329678863E-005,9.703383548185229E-004,3.245916741434485E-005,9.124006028287113E-004,
2.493633333333334E+009,5.345269164536148E-005,9.613871225155890E-004,7.061940414132550E-005,9.474846883676946E-004,
2.493666666666667E+009,9.264227264793590E-005,9.467440540902317E-004,1.277267729165033E-004,9.444997413083911E-004,
2.493700000000000E+009,1.526515407022089E-004,9.628563420847058E-004,1.264168095076457E-004,9.754693601280451E-004,
2.493733333333334E+009,1.831012486945838E-004,9.550185059197247E-004,9.204044181387872E-005,9.493918623775244E-004,
2.493766666666667E+009,1.920352806337178E-004,9.069236111827195E-004,2.110663044732064E-004,8.915705257095397E-004,
2.493800000000000E+009,1.382718182867393E-004,9.221966029144824E-004,1.881593780126423E-004,9.463191381655633E-004,
2.493833333333334E+009,1.499792415415868E-004,9.035922121256590E-004,1.945274270838127E-004,8.992135990411043E-004,
2.493866666666667E+009,2.007224975386635E-004,9.455645340494812E-004,2.294891310157254E-004,8.755981689319015E-004,
2.493900000000000E+009,2.363552048336715E-004,9.476200211793184E-004,2.217251749243587E-004,9.218080085702241E-004,
2.493933333333334E+009,2.301473286934197E-004,9.179473272524774E-004,2.567501214798540E-004,9.161942289210856E-004,
2.493966666666667E+009,2.855625934898853E-004,8.682457264512777E-004,2.328530390514061E-004,8.862112881615758E-004,
2.494000000000000E+009,2.800982911139727E-004,9.084741468541324E-004,3.172316937707365E-004,8.789720013737679E-004,
2.494033333333334E+009,2.726575767155737E-004,8.269993122667074E-004,3.078590380027890E-004,8.617150597274303E-004,
2.494066666666667E+009,3.818762197624892E-004,8.298004977405071E-004,3.553036076482385E-004,8.142879814840853E-004,
2.494100000000000E+009,2.993214584421367E-004,8.723807986825705E-004,3.511654504109174E-004,8.269992540590465E-004,
2.494133333333334E+009,3.698648069985211E-004,8.411182207055390E-004,3.707240684889257E-004,8.216178393922746E-004,
2.494166666666667E+009,4.549046861939132E-004,8.737974567338824E-004,3.632510779425502E-004,8.563729934394360E-004,
2.494200000000000E+009,3.578293835744262E-004,7.653124048374593E-004,4.140437231399119E-004,8.470809552818537E-004,
2.494233333333334E+009,4.208403406664729E-004,8.592827944085002E-004,4.613191995304078E-004,8.135459502227604E-004,
2.494266666666667E+009,5.092172068543732E-004,7.558668148703873E-004,4.195039800833911E-004,8.059641695581377E-004,
2.494300000000000E+009,4.146429710090160E-004,7.540096994489431E-004,4.806251963600516E-004,7.765502668917179E-004,
2.494333333333334E+009,5.109384655952454E-004,8.385092951357365E-004,4.725758626591414E-004,7.951426086947322E-004,
2.494366666666667E+009,4.617840168066323E-004,8.082844433374703E-004,4.692907969001681E-004,7.725435425527394E-004,
2.494400000000000E+009,4.891104181297123E-004,7.614537607878447E-004,4.839823523070663E-004,7.559627410955727E-004,
2.494433333333334E+009,5.291571142151952E-004,7.109190337359905E-004,5.491268821060658E-004,7.673183572478592E-004,
2.494466666666667E+009,5.492575000971556E-004,7.211230695247650E-004,5.005783168599010E-004,7.884774240665138E-004,
2.494500000000000E+009,5.762067157775164E-004,7.360439049080014E-004,5.507174064405263E-004,7.337418501265347E-004,
2.494533333333334E+009,6.016026018187404E-004,7.196583319455385E-004,5.875522037968040E-004,7.518057827837765E-004,
2.494566666666667E+009,5.891250330023468E-004,7.061890210025013E-004,6.283416878432035E-004,7.016305462457240E-004,
2.494600000000000E+009,5.796952173113823E-004,7.275719544850290E-004,5.962768336758018E-004,6.813903455622494E-004,
2.494633333333334E+009,5.501268315128982E-004,6.696830969303846E-004,6.198287010192871E-004,6.970977992750704E-004,
2.494666666666667E+009,6.828283658251166E-004,6.781588308513165E-004,5.986195756122470E-004,6.826235912740231E-004,
2.494700000000000E+009,5.953109357506037E-004,6.656072218902409E-004,6.444249302148819E-004,6.289609009400010E-004,
2.494733333333334E+009,6.516558933071792E-004,6.080631283111870E-004,6.769911851733923E-004,6.504441844299436E-004,
2.494766666666667E+009,6.584732327610254E-004,6.187291583046317E-004,6.492729880847037E-004,6.131519912742078E-004,
2.494800000000000E+009,7.061054930090904E-004,6.673900643363595E-004,6.645747926086187E-004,6.297624204307795E-004,
2.494833333333334E+009,6.753484485670924E-004,6.332247867248952E-004,6.837008404545486E-004,6.070031668059528E-004,
2.494866666666667E+009,6.994624272920191E-004,6.309797754511237E-004,7.223287248052657E-004,6.025026668794453E-004,
2.494900000000000E+009,7.365021738223732E-004,6.005832692608237E-004,7.487807306461036E-004,6.142887286841869E-004,
2.494933333333334E+009,7.987946737557650E-004,6.062049069441855E-004,8.127330220304430E-004,5.945244338363409E-004,
2.494966666666667E+009,8.135063690133393E-004,5.392428138293326E-004,7.942104712128639E-004,5.480396212078631E-004,
2.495000000000000E+009,8.143664454109967E-004,5.744552472606301E-004,8.183291065506637E-004,5.065053701400757E-004,
2.495033333333334E+009,8.136116666719317E-004,5.443063564598560E-004,8.029360906220973E-004,5.228031659498811E-004,
2.495066666666667E+009,8.203600882552564E-004,5.266253720037639E-004,7.999703520908952E-004,4.929384449496865E-004,
2.495100000000000E+009,8.586616022512317E-004,5.307308747433126E-004,7.800412713550031E-004,5.139662534929812E-004,
2.495133333333334E+009,8.555859676562250E-004,4.794542619492859E-004,8.435713825747371E-004,4.859763430431485E-004,
2.495166666666667E+009,8.363257511518896E-004,4.702226433437318E-004,8.401909144595265E-004,4.707701154984534E-004,
2.495200000000000E+009,8.287606760859489E-004,3.545453655533493E-004,8.091391064226627E-004,4.255601670593023E-004,
2.495233333333334E+009,8.315895101986826E-004,3.856837283819914E-004,8.314594742842019E-004,3.300008538644761E-004,
2.495266666666667E+009,8.356832549907267E-004,3.952775150537491E-004,8.283223141916096E-004,3.550744149833918E-004,
2.495300000000000E+009,8.423512917943299E-004,3.837822005152702E-004,8.819099748507142E-004,3.255021583754569E-004,
2.495333333333334E+009,8.600788423791528E-004,3.468185022938997E-004,8.539000409655273E-004,4.043544759042561E-004,
2.495366666666667E+009,8.908179006539285E-004,3.371038765180856E-004,9.265278349630535E-004,2.797507331706584E-004,
2.495400000000000E+009,8.684904314577580E-004,2.640327729750425E-004,8.041471010074019E-004,2.764070522971451E-004,
2.495433333333334E+009,8.516007801517844E-004,3.137456369586289E-004,8.825965342111886E-004,2.433646150166169E-004,
2.495466666666667E+009,8.587006595917046E-004,2.714108559302986E-004,8.556038956157863E-004,1.862087665358558E-004,
2.495500000000000E+009,8.753736619837582E-004,2.516917302273214E-004,8.863255497999489E-004,2.493738720659167E-004,
2.495533333333334E+009,9.277950157411397E-004,2.007611037697643E-004,8.925524889491499E-004,2.181781019316986E-004,
2.495566666666667E+009,9.207038092426956E-004,2.015676582232118E-004,9.102280018851161E-004,1.511307928012684E-004,
2.495600000000000E+009,8.709862595424056E-004,1.127763607655652E-004,9.433785453438759E-004,1.543510006740689E-004,
2.495633333333334E+009,9.478235151618719E-004,1.476039615226910E-004,9.072572574950755E-004,2.188858052249998E-004,
2.495666666666667E+009,9.368288447149098E-004,1.391930854879320E-004,8.846063283272088E-004,1.162984990514815E-004,
2.495700000000000E+009,9.428840712644160E-004,1.365102216368541E-004,9.212159202434123E-004,1.296443952014670E-004,
2.495733333333334E+009,9.032419184222817E-004,1.107761199818924E-004,9.713525068946183E-004,8.399667422054336E-005,
2.495766666666667E+009,9.383923024870455E-004,5.151944060344249E-005,8.977606776170433E-004,6.952800322324038E-005,
2.495800000000000E+009,9.687385172583163E-004,6.748455234628636E-006,8.829786675050855E-004,1.506498574599391E-005,
2.495833333333334E+009,9.366333251819015E-004,7.758961146464571E-005,9.180688648484647E-004,5.029909152654000E-005,
2.495866666666667E+009,9.570259135216475E-004,3.102264372500940E-006,9.344696300104260E-004,4.906797403236851E-005,
2.495900000000000E+009,8.717810851521790E-004,-6.168507388792932E-005,9.297765209339559E-004,1.729130599414930E-005,
2.495933333333334E+009,9.481150191277266E-004,-7.895900489529595E-005,8.713775896467269E-004,-2.779419992293697E-005,
2.495966666666667E+009,9.071116219274700E-004,-4.686382453655824E-005,9.311772882938385E-004,-1.516933843959123E-005,
2.496000000000000E+009,9.376113885082305E-004,-7.728048512944952E-005,9.236793266609311E-004,-6.772920460207388E-005,
2.496033333333334E+009,9.603484068065882E-004,-6.408956687664613E-005,8.833160973154008E-004,-1.199897451442666E-004,
2.496066666666667E+009,9.106534998863936E-004,-1.293895038543269E-004,8.902673143893480E-004,-1.178352831630036E-004,
2.496100000000000E+009,9.459289722144604E-004,-1.498917845310643E-004,8.975481032393873E-004,-9.901411976898089E-005,
2.496133333333334E+009,9.723139810375869E-004,-1.893298467621207E-004,9.654996683821082E-004,-1.834901049733162E-004,
2.496166666666667E+009,9.444094030186534E-004,-1.759097503963858E-004,9.161930065602064E-004,-1.416374434484169E-004,
2.496200000000000E+009,9.660979849286377E-004,-1.647950848564506E-004,9.111803956329823E-004,-2.819380897562951E-004,
2.496233333333334E+009,9.107824298553169E-004,-1.905670651467517E-004,8.975033997558057E-004,-2.473896602168679E-004,
2.496266666666667E+009,9.414303349331021E-004,-1.772278192220256E-004,8.770359563641250E-004,-2.548980992287397E-004,
2.496300000000000E+009,9.252900490537286E-004,-2.349562419112772E-004,9.338860982097685E-004,-2.931444032583386E-004,
2.496333333333334E+009,9.011651272885501E-004,-3.039698640350252E-004,8.995112730190158E-004,-2.646219800226390E-004,
2.496366666666667E+009,9.030791115947068E-004,-3.049960359930992E-004,8.905374561436474E-004,-3.226614498998970E-004,
2.496400000000000E+009,8.598814602009952E-004,-3.038888389710337E-004,8.835431654006243E-004,-3.027356578968465E-004,
2.496433333333334E+009,8.715856238268316E-004,-3.448632778599858E-004,9.582082275301218E-004,-3.348918107803911E-004,
2.496466666666667E+009,9.005821775645018E-004,-3.046051715500653E-004,8.823176031000912E-004,-4.175040812697262E-004,
2.496500000000000E+009,8.615926490165293E-004,-4.490064166020602E-004,8.465100545436144E-004,-4.642896528821439E-004,
2.496533333333334E+009,8.937720558606088E-004,-4.486054822336882E-004,8.935973746702075E-004,-3.952606930397451E-004,
2.496566666666667E+009,9.287857683375478E-004,-4.055426979903132E-004,8.905766881071031E-004,-3.718737571034581E-004,
2.496600000000000E+009,8.563863812014461E-004,-4.473844892345369E-004,8.413380128331482E-004,-4.320161824580282E-004,
2.496633333333334E+009,8.431775495409966E-004,-4.920024657621980E-004,8.057528175413609E-004,-4.425104707479477E-004,
2.496666666666667E+009,8.360406500287354E-004,-4.771890526171774E-004,8.243258344009519E-004,-4.700038116425276E-004,
2.496700000000000E+009,8.106508757919073E-004,-4.965370753780007E-004,8.281473419629037E-004,-5.121831782162190E-004,
2.496733333333334E+009,7.972906460054219E-004,-4.987612483091652E-004,7.813632255420089E-004,-4.883714718744159E-004,
2.496766666666667E+009,7.570993620902300E-004,-5.996562540531158E-004,7.919718627817929E-004,-5.344403325580061E-004,
2.496800000000000E+009,8.548774057999253E-004,-5.277130985632539E-004,8.093545911833644E-004,-5.481585394591093E-004,
2.496833333333334E+009,7.702208240516484E-004,-5.688868113793433E-004,7.851364207454026E-004,-5.778202903456986E-004,
2.496866666666667E+009,7.151623140089214E-004,-5.799666978418827E-004,7.592309848405421E-004,-5.997615517117083E-004,
2.496900000000000E+009,7.232645293697715E-004,-5.950978957116604E-004,7.355480338446796E-004,-6.421522120945156E-004,
2.496933333333334E+009,7.203638670034707E-004,-6.727011641487479E-004,7.475226302631199E-004,-6.160362390801311E-004,
2.496966666666667E+009,7.760429289191961E-004,-6.350678741000593E-004,7.375780842266977E-004,-6.900065345689654E-004,
2.497000000000000E+009,6.975661963224411E-004,-6.467675557360053E-004,6.962576298974454E-004,-6.642323569394648E-004,
2.497033333333334E+009,6.687961285933852E-004,-6.631066207773984E-004,6.806399323977530E-004,-6.760979886166751E-004,
2.497066666666667E+009,7.119441288523376E-004,-6.355633959174156E-004,6.861697765998542E-004,-6.783599383197725E-004,
2.497100000000000E+009,6.591714336536825E-004,-7.218530518002808E-004,6.074461271055043E-004,-6.801697891205549E-004,
2.497133333333334E+009,6.909589283168316E-004,-7.137471111491323E-004,6.374362274073064E-004,-6.681015365757048E-004,
2.497166666666667E+009,6.219334900379181E-004,-6.794008659198880E-004,6.201038486324251E-004,-6.581719499081373E-004,
2.497200000000000E+009,5.960228154435754E-004,-7.369333761744201E-004,6.439053104259074E-004,-7.176664075814188E-004,
2.497233333333334E+009,6.479559815488756E-004,-7.288458291441202E-004,5.739993648603559E-004,-7.350115920417011E-004,
2.497266666666667E+009,5.658173467963934E-004,-7.659103139303625E-004,5.659702001139522E-004,-7.383457850664854E-004,
2.497300000000000E+009,5.640924209728837E-004,-7.943360833451152E-004,5.803001113235951E-004,-7.787634385749698E-004,
2.497333333333334E+009,5.061752744950354E-004,-8.054916979745030E-004,5.171390366740525E-004,-7.840414182282984E-004,
2.497366666666667E+009,4.898821935057640E-004,-8.031830075196922E-004,5.651753745041788E-004,-7.777409628033638E-004,
2.497400000000000E+009,4.808961530216038E-004,-8.428042638115585E-004,5.496892263181508E-004,-8.395017357543111E-004,
2.497433333333334E+009,5.483498098328710E-004,-8.289314573630691E-004,4.955611657351255E-004,-7.796657737344503E-004,
2.497466666666667E+009,5.012911860831082E-004,-8.405771804973483E-004,4.562370013445616E-004,-8.488614694215357E-004,
2.497500000000000E+009,4.757984715979546E-004,-8.696758304722607E-004,4.773668188136071E-004,-8.240701863542199E-004,
2.497533333333334E+009,4.218913963995874E-004,-8.939221152104437E-004,4.506779951043427E-004,-8.392666350118816E-004,
2.497566666666667E+009,4.637612728402019E-004,-8.479847456328571E-004,3.925322962459177E-004,-8.634039550088346E-004,
2.497600000000000E+009,3.969641111325473E-004,-9.013123926706612E-004,4.234384396113455E-004,-9.661038056947291E-004,
2.497633333333334E+009,3.673210449051112E-004,-9.267300483770669E-004,4.011618148069829E-004,-8.934111101552844E-004,
2.497666666666667E+009,3.578580217435956E-004,-8.976444369181991E-004,3.899127477779985E-004,-9.080181480385363E-004,
2.497700000000000E+009,3.555058210622519E-004,-8.398040663450956E-004,3.079693706240505E-004,-9.257163037545979E-004,
2.497733333333334E+009,3.098856250289828E-004,-9.610514389351010E-004,3.202040970791131E-004,-9.235008037649095E-004,
2.497766666666667E+009,2.506666642148048E-004,-9.072093525901437E-004,2.847596479114145E-004,-9.608820546418428E-004,
2.497800000000000E+009,3.039028670173138E-004,-1.017904141917825E-003,2.804938994813711E-004,-9.706275886856020E-004,
2.497833333333334E+009,2.297809551237151E-004,-9.136988082900643E-004,2.794770116452128E-004,-9.852765360847116E-004,
2.497866666666667E+009,2.717119350563735E-004,-9.566609514877200E-004,2.802109229378402E-004,-1.016397261992097E-003,
2.497900000000000E+009,1.944233808899298E-004,-9.728718432597816E-004,2.027672308031470E-004,-9.463020833209157E-004,
2.497933333333334E+009,1.559513912070543E-004,-9.643404046073556E-004,1.527132699266076E-004,-9.624214144423604E-004,
2.497966666666667E+009,9.023758320836350E-005,-1.025458215735853E-003,1.739772415021434E-004,-9.813874494284391E-004,
2.498000000000000E+009,1.307991478824988E-004,-1.003937330096960E-003,1.298352872254327E-004,-9.881458245217800E-004,
2.498033333333334E+009,1.020564959617332E-004,-1.023248885758221E-003,9.870348003460094E-005,-1.009129569865763E-003,
2.498066666666667E+009,1.149587042164058E-004,-1.053328276611865E-003,6.180001219036058E-005,-1.030341372825205E-003,
2.498100000000000E+009,4.735645416076295E-005,-1.025690347887576E-003,6.498886068584397E-005,-1.024541561491787E-003,
2.498133333333334E+009,1.768799364754159E-007,-1.023295102640986E-003,-5.481300604515127E-007,-1.008791266940534E-003,
2.498166666666667E+009,-2.007808325288352E-005,-9.972046827897430E-004,-3.125994044239633E-005,-1.003965036943555E-003,
2.498200000000000E+009,-5.361197690945119E-005,-9.361638803966343E-004,-3.908483631676063E-005,-1.062392722815275E-003,
2.498233333333334E+009,-2.301207678101491E-005,-1.048855483531952E-003,-4.625720976036973E-005,-1.032196916639805E-003,
2.498266666666667E+009,-8.352497388841584E-005,-1.033750595524907E-003,-5.633628461509943E-005,-1.047203550115228E-003,
2.498300000000000E+009,-6.619949999731034E-005,-9.600433404557407E-004,-9.034702816279605E-005,-9.731865138746798E-004,
2.498333333333334E+009,-6.728815060341731E-005,-1.017720322124660E-003,-1.110650118789636E-004,-1.038723625242710E-003,
2.498366666666667E+009,-1.490193826612085E-004,-1.031552208587527E-003,-6.753119669156149E-005,-1.019480521790683E-003,
2.498400000000000E+009,-1.734455145196989E-004,-1.024005003273487E-003,-8.774198795435950E-005,-9.724794072099030E-004,
2.498433333333334E+009,-1.433274737792090E-004,-9.837080724537373E-004,-1.737878192216158E-004,-9.981575421988964E-004,
2.498466666666667E+009,-1.810660614864901E-004,-1.034470158629119E-003,-1.677157270023599E-004,-1.075157313607633E-003,
2.498500000000000E+009,-2.003034751396626E-004,-9.739115484990180E-004,-1.986930146813393E-004,-9.929141961038113E-004,
2.498533333333334E+009,-2.726064703892916E-004,-9.824503213167191E-004,-2.329037233721465E-004,-1.028327038511634E-003,
2.498566666666667E+009,-2.552906225901097E-004,-1.039670780301094E-003,-2.408327563898638E-004,-9.827594039961696E-004,
2.498600000000000E+009,-2.881909895222634E-004,-1.009984407573938E-003,-2.862456021830440E-004,-9.950724197551608E-004,
2.498633333333334E+009,-3.514598356559873E-004,-1.016573980450630E-003,-2.765805693343282E-004,-1.008771359920502E-003,
2.498666666666667E+009,-3.324644058011472E-004,-1.009333995170891E-003,-3.492515243124217E-004,-9.907180210575461E-004,
2.498700000000000E+009,-3.466026391834021E-004,-9.866983164101839E-004,-3.819108824245632E-004,-1.008360413834453E-003,
2.498733333333334E+009,-3.333320491947234E-004,-9.477434796281159E-004,-4.021676722913981E-004,-9.430554346181452E-004,
2.498766666666667E+009,-3.760534455068409E-004,-9.792839409783483E-004,-4.173855995759368E-004,-9.764982969500125E-004,
2.498800000000000E+009,-4.157953080721200E-004,-9.114961139857769E-004,-4.395632713567466E-004,-9.968704544007778E-004,
2.498833333333334E+009,-4.642402636818588E-004,-9.475532569922507E-004,-4.242090799380094E-004,-9.327622829005122E-004,
2.498866666666667E+009,-4.883829387836158E-004,-9.485775372013450E-004,-4.144319973420352E-004,-1.009502913802862E-003,
2.498900000000000E+009,-5.631753010675311E-004,-9.447121410630643E-004,-5.111390491947532E-004,-9.791164193302393E-004,
2.498933333333334E+009,-5.115239182487130E-004,-9.467413183301687E-004,-5.276284064166248E-004,-8.881909889169037E-004,
2.498966666666667E+009,-4.869433469139040E-004,-9.332885383628309E-004,-5.374773754738271E-004,-8.881535031832755E-004,
2.499000000000000E+009,-5.495726363733411E-004,-9.209456038661301E-004,-5.733644939027727E-004,-9.242093656212091E-004,
2.499033333333334E+009,-5.852240137755871E-004,-9.265452972613275E-004,-5.658305017277598E-004,-8.689190144650638E-004,
2.499066666666667E+009,-6.053546094335616E-004,-8.086100569926202E-004,-6.003812886774540E-004,-8.666439680382609E-004,
2.499100000000000E+009,-6.729585584253073E-004,-8.582371519878507E-004,-6.577829481102526E-004,-8.590049692429602E-004,
2.499133333333334E+009,-6.861932924948633E-004,-8.127202745527029E-004,-6.174740847200155E-004,-8.235735585913062E-004,
2.499166666666667E+009,-6.390415946952999E-004,-8.514562505297363E-004,-6.801426061429083E-004,-8.311811252497137E-004,
2.499200000000000E+009,-6.487026694230735E-004,-7.794270059093833E-004,-7.100722868926823E-004,-8.778947521932423E-004,
2.499233333333334E+009,-6.972145056352019E-004,-7.788108196109533E-004,-7.170418975874782E-004,-7.785588968545198E-004,
2.499266666666667E+009,-7.568438304588199E-004,-7.844885694794357E-004,-7.597845396958292E-004,-8.012475445866585E-004,
2.499300000000000E+009,-7.472748402506113E-004,-7.627261802554131E-004,-7.836144650354981E-004,-7.665759185329080E-004,
2.499333333333334E+009,-7.551138405688107E-004,-8.159017888829112E-004,-8.262065239250660E-004,-7.250429480336607E-004,
2.499366666666667E+009,-8.152145310305059E-004,-7.430023397319019E-004,-7.793158292770386E-004,-7.234036456793547E-004,
2.499400000000000E+009,-8.684290223754942E-004,-7.147977594286203E-004,-8.475946378894150E-004,-7.435701554641128E-004,
2.499433333333334E+009,-8.426608983427286E-004,-7.179006352089346E-004,-8.502026321366429E-004,-6.865299073979259E-004,
2.499466666666667E+009,-8.493655477650464E-004,-6.385807064361870E-004,-8.685815264470875E-004,-6.620401982218027E-004,
2.499500000000000E+009,-9.268736466765404E-004,-6.220997311174870E-004,-9.022530866786838E-004,-6.461613811552525E-004,
2.499533333333334E+009,-8.729784167371690E-004,-5.990809295326471E-004,-8.971883216872811E-004,-5.913971108384430E-004,
2.499566666666667E+009,-9.449613862670958E-004,-5.680812173523009E-004,-9.163467329926789E-004,-6.129120592959225E-004,
2.499600000000000E+009,-9.314931230619550E-004,-5.787665140815079E-004,-9.529641829431057E-004,-5.434576305560768E-004,
2.499633333333334E+009,-9.247800917364657E-004,-5.095188971608877E-004,-9.999606991186738E-004,-5.263251368887723E-004,
2.499666666666667E+009,-9.593864670023322E-004,-5.184225738048554E-004,-9.631451102904975E-004,-5.041001713834703E-004,
2.499700000000000E+009,-9.540683240629733E-004,-4.714386304840446E-004,-9.209348936565220E-004,-5.082283169031143E-004,
2.499733333333334E+009,-9.809255134314299E-004,-5.137969856150448E-004,-1.031956169754267E-003,-4.576320061460137E-004,
2.499766666666667E+009,-1.006373669952154E-003,-4.720280412584543E-004,-1.049505313858390E-003,-4.739414725918323E-004,
2.499800000000000E+009,-1.019095885567367E-003,-4.482079821173102E-004,-1.005419995635748E-003,-4.395057912915945E-004,
2.499833333333334E+009,-1.040328876115382E-003,-4.157136718276888E-004,-1.041671377606690E-003,-4.003007779829204E-004,
2.499866666666667E+009,-1.047415309585631E-003,-3.954801650252193E-004,-1.030130428262055E-003,-3.779519174713641E-004,
2.499900000000000E+009,-1.051410217769444E-003,-3.302263503428549E-004,-1.029233913868666E-003,-4.030836280435324E-004,
2.499933333333334E+009,-1.045135082677007E-003,-3.204788081347942E-004,-1.081273541785777E-003,-3.588752297218889E-004,
2.499966666666667E+009,-1.070788362994790E-003,-2.963202132377774E-004,-1.058328663930297E-003,-3.503036277834326E-004,
2.500000000000000E+009,-1.066906610503793E-003,-2.741180942393839E-004,-1.086820848286152E-003,-3.169711562804878E-004,
