% Version 1.00
%
%freq[Hz];re:Trc1_S21;im:Trc1_S21;re:Trc2_S12;im:Trc2_S12;
2.480000000000000E+009,-8.422535756835714E-006,5.079112088424154E-005,-9.752236110216472E-006,6.123114144429565E-005,
2.480033333333334E+009,-1.719896863505710E-005,7.572021422674879E-005,-1.894326669571456E-005,2.186934398196172E-005,
2.480066666666667E+009,4.015665399492718E-005,-9.631330613046885E-006,-4.188529055682011E-005,7.663322321604937E-005,
2.480100000000000E+009,-1.141145003202837E-005,7.047255348879844E-005,2.860234599211253E-005,4.695091047324240E-005,
2.480133333333334E+009,1.249354863830376E-005,-3.339700560900383E-005,5.070661427453160E-005,6.599535117857158E-005,
2.480166666666667E+009,2.514965854061302E-005,5.001685349270701E-005,-1.625896061341337E-006,1.186233930638991E-005,
2.480200000000000E+009,4.600191823556088E-005,4.811968028661795E-005,2.191750718338881E-005,6.117405428085476E-005,
2.480233333333334E+009,4.427774547366425E-005,7.614588685100898E-005,3.406089672353119E-005,4.766648999066092E-005,
2.480266666666667E+009,2.748444967437536E-005,5.207272988627665E-005,-2.432670589769259E-005,2.689139546419028E-005,
2.480300000000000E+009,6.162311183288693E-005,5.151033110450953E-005,5.126114956510719E-006,4.975432239007205E-005,
2.480333333333334E+009,5.312686698744074E-005,6.438476702896878E-005,1.145989153883420E-005,9.953883272828534E-005,
2.480366666666667E+009,3.264537735958584E-005,7.074158475006698E-006,3.360247137607075E-005,5.432507532532327E-005,
2.480400000000000E+009,6.797736568842083E-005,2.397697790001985E-005,3.295671194791794E-005,3.308969826321118E-005,
2.480433333333334E+009,3.871789158438332E-005,2.610904812172521E-005,3.860661672661081E-005,7.645657024113461E-005,
2.480466666666667E+009,7.334745168918744E-005,1.856340531958267E-005,3.337017187732272E-005,3.485658453428187E-005,
2.480500000000000E+009,2.333023803657852E-005,2.327212678210344E-005,-1.403138071509602E-006,5.947716272203252E-005,
2.480533333333334E+009,-2.596767672002898E-006,4.366035500424914E-005,4.790667662746273E-005,1.413222889823373E-005,
2.480566666666667E+009,4.763352990266867E-005,2.329557173652574E-005,1.223015260620741E-005,3.717710933415219E-005,
2.480600000000000E+009,2.750049679889344E-005,3.200511855538935E-005,5.252274786471389E-005,2.551145189499948E-005,
2.480633333333334E+009,2.384356776019558E-005,1.810600952012464E-005,4.689572233473882E-005,2.649297312018462E-005,
2.480666666666667E+009,5.361047806218267E-005,4.171820546616800E-005,4.279553468222730E-005,3.339766044518910E-005,
2.480700000000000E+009,1.543828511785250E-005,2.471310108376201E-005,1.972262907656841E-005,-5.321084245224483E-006,
2.480733333333334E+009,8.906442963052541E-005,-8.586637704866007E-006,2.059240068774670E-005,1.611155494174454E-005,
2.480766666666667E+009,7.500897481804714E-005,2.786510594887659E-005,1.564919693919364E-005,-3.112955891992897E-005,
2.480800000000000E+009,1.756838355504442E-005,2.887861410272308E-005,1.002663848339580E-004,4.905762034468353E-005,
2.480833333333334E+009,1.526910455140751E-005,9.185288035951089E-006,3.245325569878332E-005,2.504960866644979E-005,
2.480866666666667E+009,-6.744763595634140E-006,5.400014561018907E-005,8.723401151655708E-006,-4.645633453037590E-006,
2.480900000000000E+009,-1.312927111030149E-006,1.958959364856128E-005,2.358810525038280E-005,-1.482787865825230E-006,
2.480933333333334E+009,4.016490493086167E-005,-3.046643541892991E-005,5.036565562477335E-005,4.140024611842819E-005,
2.480966666666667E+009,5.477481681737118E-005,1.379067816742463E-005,-5.111892278364394E-006,3.887365528498776E-005,
2.481000000000000E+009,6.873067468404770E-005,5.809669892187230E-005,5.667022196575999E-005,9.009238965518307E-006,
2.481033333333334E+009,7.652512431377545E-005,-1.367966342513682E-005,6.613344885408878E-005,-1.256614996236749E-005,
2.481066666666667E+009,4.131068999413401E-005,3.274375194450840E-005,3.199772254447453E-005,7.145015956666612E-007,
2.481100000000000E+009,1.455279107176466E-005,2.406526800768916E-005,-2.234663224953692E-005,2.328040682186838E-005,
2.481133333333334E+009,7.318920688703656E-005,6.277213833527640E-005,9.701086673885584E-005,2.958911682071630E-005,
2.481166666666667E+009,4.575388447847217E-005,1.842785604821984E-005,3.621342330006883E-005,-1.550342130940408E-005,
2.481200000000000E+009,8.909131429390982E-005,2.496508386684582E-005,6.621274951612577E-005,1.209115907840896E-005,
2.481233333333334E+009,5.452687037177384E-005,1.815864561649505E-005,2.598703213152476E-005,-2.931087465185556E-006,
2.481266666666667E+009,3.499662125250325E-005,-5.128345492266817E-006,2.831294295901898E-005,4.140877717873082E-005,
2.481300000000000E+009,1.551375135022681E-005,1.414057442161720E-005,6.211286381585524E-005,6.080977618694305E-005,
2.481333333333334E+009,4.868726318818517E-005,1.794556555978488E-005,4.199862451059744E-005,5.316495048646175E-007,
2.481366666666667E+009,9.124362986767665E-005,-8.480594260618091E-006,3.434278551139869E-005,2.148240309907123E-005,
2.481400000000000E+009,5.375588079914451E-005,-6.316338840406388E-005,4.245230957167223E-005,-3.509769521770068E-005,
2.481433333333334E+009,5.294225775287487E-005,2.573198617028538E-005,3.775642471737228E-005,-3.083330739173107E-006,
2.481466666666667E+009,7.312990783248097E-005,1.650379272177815E-005,5.438374864752404E-005,-1.253409027412999E-005,
2.481500000000000E+009,7.103678944986314E-005,7.899453521531541E-006,5.930875340709463E-005,-4.426244413480163E-005,
2.481533333333334E+009,-4.314180478104390E-005,-4.014253136119805E-005,2.081277489196509E-005,3.217281118850224E-006,
2.481566666666667E+009,2.606407360872254E-005,-6.116621807450429E-005,2.668683373485692E-005,-6.627634866163135E-005,
2.481600000000000E+009,5.818741192342714E-005,7.286684194696136E-006,7.797447324264795E-005,4.170013198745437E-006,
2.481633333333334E+009,4.467359030968510E-005,-4.348900802142452E-006,6.510070670628920E-005,-6.828347250120714E-005,
2.481666666666667E+009,3.558790558599867E-005,-3.455585101619363E-005,2.180951196351089E-005,-4.996727875550278E-005,
2.481700000000000E+009,2.820077679643873E-005,-1.969231925613713E-005,3.406104224268347E-005,-1.620373768673744E-005,
2.481733333333334E+009,4.088812056579627E-005,3.586786988307722E-005,2.027105438173749E-005,-3.519748133840039E-005,
2.481766666666667E+009,2.139686512236949E-005,-2.666893124114722E-005,5.557244367082603E-005,-2.617521204228979E-005,
2.481800000000000E+009,4.300526052247733E-005,-2.115882125508506E-005,5.690449688700028E-005,-2.526464595575817E-005,
2.481833333333334E+009,7.914405614428688E-006,-6.172793655423448E-005,1.205191802000627E-004,-1.229461668117438E-005,
2.481866666666667E+009,3.097466105828062E-005,-8.720558071217965E-006,4.135399649385363E-005,-5.727570533053950E-005,
2.481900000000000E+009,4.213851934764534E-005,-4.602610715664923E-005,3.672896855277941E-005,-1.115791837946745E-005,
2.481933333333334E+009,6.258784560486674E-005,-2.983524245792069E-005,6.163993384689093E-005,-4.088027344550937E-005,
2.481966666666667E+009,2.423704790999182E-005,1.212361780744686E-006,8.695422002347186E-005,1.770408925949596E-005,
2.482000000000000E+009,2.135980139428284E-006,-2.800021684379317E-005,2.047765337920282E-005,-5.525074811885133E-005,
2.482033333333334E+009,1.596813854121137E-005,-1.019401242956519E-004,6.818257679697126E-005,-3.803786967182532E-005,
2.482066666666667E+009,-3.749064853764139E-005,-6.010639117448591E-005,2.574446261860430E-005,-1.653078834351618E-005,
2.482100000000000E+009,1.633543070056476E-005,-4.366382199805230E-005,7.574519258923829E-005,-3.145571099594235E-005,
2.482133333333334E+009,4.413050191942602E-005,-7.132471364457160E-005,2.649833959367243E-006,-3.055299021070823E-005,
2.482166666666667E+009,2.287144707224798E-005,-5.816190241603181E-005,2.008275623666123E-005,-2.281475462950766E-005,
2.482200000000000E+009,-1.150962725660065E-005,-6.500939343823120E-005,-1.399202574248193E-005,9.432843398826663E-006,
2.482233333333334E+009,1.557379255245905E-005,-1.285673170059454E-005,-3.290256790933199E-005,-3.587044557207264E-005,
2.482266666666667E+009,5.485501242219470E-005,-1.436784896213794E-005,2.915633558586706E-005,-5.947416138951667E-005,
2.482300000000000E+009,6.260324153117836E-005,-1.050607970682904E-004,2.103086990246084E-005,-2.201875395257957E-005,
2.482333333333334E+009,-4.395929408929078E-006,-4.782331961905584E-005,3.987436230090680E-006,-7.321609155042097E-005,
2.482366666666667E+009,2.516136373742484E-005,-5.705131479771808E-005,3.833873415715061E-005,-2.407633655820973E-005,
2.482400000000000E+009,1.483551841374720E-005,-7.258285768330097E-005,-1.123811762226978E-005,-7.896830538811628E-006,
2.482433333333334E+009,7.018633186817169E-005,-5.194541154196486E-005,2.321145984751638E-005,-3.580265911296010E-005,
2.482466666666667E+009,7.708812518103514E-006,-4.762179378303699E-005,1.562124998599757E-005,1.442260963813169E-005,
2.482500000000000E+009,2.785314109132742E-006,-1.054371823556721E-004,4.211946725263260E-005,2.901051402659505E-006,
2.482533333333334E+009,3.769607428694144E-005,-1.219054411194520E-005,4.632574200513773E-005,-6.572182610398158E-005,
2.482566666666667E+009,3.489636219455861E-005,-4.156131763011217E-005,1.980551132874098E-005,-6.190362182678655E-005,
2.482600000000000E+009,1.980918204935733E-005,-7.417490996886045E-005,-2.616242636577226E-005,-8.454201451968402E-005,
2.482633333333334E+009,-1.239213906956138E-005,4.043049921165220E-005,3.490047674858943E-005,-7.329183426918462E-005,
2.482666666666667E+009,2.159104406018741E-005,-6.021185981808230E-005,-3.129887409158982E-005,-8.047271694522351E-005,
2.482700000000000E+009,-2.217559085693210E-005,6.220636350917630E-006,1.440635151084280E-005,-7.133838516892865E-005,
2.482733333333334E+009,3.645523975137621E-005,-7.027684478089213E-005,-3.863890015054494E-006,-7.647583697689697E-005,
2.482766666666667E+009,-3.242795719415881E-005,-5.853128459420987E-005,-3.421918518142775E-005,-7.234776421682909E-005,
2.482800000000000E+009,-3.904547338606790E-005,-4.512615851126611E-005,-3.427076080697589E-005,-6.444744940381497E-005,
2.482833333333334E+009,1.687714188847167E-006,-5.385207987274043E-005,1.565483580634464E-005,-2.685004255909007E-005,
2.482866666666667E+009,3.567523890524171E-006,-4.020387859782204E-005,8.330699529324193E-006,-3.173559889546596E-005,
2.482900000000000E+009,-7.300866855075583E-005,9.761311048350763E-006,-2.999762909894344E-005,-1.201177656184882E-004,
2.482933333333334E+009,5.141509063832928E-006,-3.861055301968008E-005,-3.789060792769305E-005,-2.083445360767655E-005,
2.482966666666667E+009,4.201460615149699E-005,-3.906589699909091E-005,1.590657120686956E-005,-3.400992136448622E-005,
2.483000000000000E+009,6.201556971063837E-006,-2.937176304840250E-006,-2.441389369778335E-005,-5.259027602733113E-005,
2.483033333333334E+009,1.056006112776231E-005,-6.070960807846859E-005,-7.307960186153650E-005,-6.770508662157226E-006,
2.483066666666667E+009,-2.644226879056078E-005,-7.607319275848568E-005,6.994719115027692E-006,-4.172408080194145E-005,
2.483100000000000E+009,3.818522600340657E-005,-5.037105802330189E-005,1.072720169759123E-005,4.308131246943958E-005,
2.483133333333334E+009,-3.645273318397813E-005,-2.619180850160774E-005,-1.995513594010845E-005,-7.068311970215291E-005,
2.483166666666667E+009,-3.440260843490250E-005,-7.567182183265686E-005,7.262341114255833E-006,2.414615210000193E-006,
2.483200000000000E+009,-4.578873995342292E-005,-6.902171298861504E-005,2.792310078802984E-005,-7.083195669110864E-005,
2.483233333333334E+009,-4.587236617226154E-005,-4.455995440366678E-005,-4.665579399443232E-005,-4.284987517166883E-005,
2.483266666666667E+009,-3.659898357000202E-005,-3.758164893952198E-005,1.472118492529262E-005,-4.117018397664651E-005,
2.483300000000000E+009,-3.397055115783587E-005,-1.869272637122776E-005,1.973565485968720E-005,-8.637633436592296E-005,
2.483333333333334E+009,-6.267923890845850E-005,-9.095261702896096E-006,-6.481905984401237E-006,-4.122559766983613E-005,
2.483366666666667E+009,-2.227770164608955E-005,-6.932350515853614E-005,2.810235628203373E-006,-5.997593325446360E-005,
2.483400000000000E+009,-3.823959559667856E-005,-1.102172973332927E-005,-2.435737405903637E-005,-5.188191062188707E-005,
2.483433333333334E+009,-8.239270391641185E-005,-6.207569094840437E-005,-2.642665822349954E-005,-7.600742537761107E-005,
2.483466666666667E+009,-1.366590367979370E-005,1.482142306485912E-005,-6.280990783125162E-005,-3.012613888131455E-005,
2.483500000000000E+009,-5.630440136883408E-005,-5.346864327293588E-006,1.123504353017779E-005,-3.942564944736660E-005,
2.483533333333334E+009,4.217022797092795E-005,2.844182517947047E-006,-5.805619366583414E-005,-6.732796464348212E-005,
2.483566666666667E+009,-4.010060729342513E-005,-2.645766653586179E-005,-3.473338074400090E-005,-8.538878319086507E-006,
2.483600000000000E+009,-3.486971763777547E-005,-4.385415741126053E-005,-5.072973362985067E-005,-3.084314084844664E-005,
2.483633333333334E+009,-6.843515438959003E-005,-8.654923294670880E-005,9.254222277377266E-006,3.555346665962134E-006,
2.483666666666667E+009,-4.714479655376636E-005,1.951937701960560E-005,-1.450643958378350E-005,-3.220210419385694E-005,
2.483700000000000E+009,-2.762772783171386E-005,8.985003660200164E-006,-6.149217369966209E-005,-3.865246253553778E-005,
2.483733333333334E+009,-1.235495005857956E-006,-2.247244083264377E-005,-4.168714440311305E-005,-5.186866110307165E-005,
2.483766666666667E+009,-6.755329377483577E-005,-9.218031664204318E-006,-1.729430914565455E-005,6.981612727940956E-007,
2.483800000000000E+009,-6.921204476384446E-005,3.143075446132571E-005,4.902272848994471E-005,-8.318114123539999E-005,
2.483833333333334E+009,4.143989826843608E-006,3.050976010854356E-005,-5.590362707152963E-005,-2.441910328343511E-005,
2.483866666666667E+009,-4.645146327675320E-005,2.593840508779977E-005,-5.119508932693861E-005,3.990566881384439E-007,
2.483900000000000E+009,-6.402871076716110E-005,4.302606612327509E-005,-7.739770808257163E-006,6.034877515048720E-006,
2.483933333333334E+009,-5.351417712518014E-005,3.008973362739198E-005,-4.106196502107196E-005,-2.056409539363813E-005,
2.483966666666667E+009,-1.984322466341837E-007,1.287874783884035E-005,-8.362029620911926E-005,3.029764684470138E-006,
2.484000000000000E+009,-6.057148857507855E-005,-6.009705884935102E-006,-5.094164225738496E-005,-4.672518480219878E-005,
2.484033333333334E+009,-9.022126323543489E-005,4.872514637099812E-006,-5.381141454563476E-005,1.948565042653172E-008,
2.484066666666667E+009,-2.248868077003863E-005,6.228448455658509E-006,1.861566261140979E-006,5.699193934560753E-006,
2.484100000000000E+009,-8.842441457090899E-005,-6.470754306064919E-005,-4.906153480987996E-005,-5.498461541719735E-005,
2.484133333333334E+009,-2.222092371084727E-005,-5.472030534292571E-005,-4.257692125975154E-005,2.400919765932486E-005,
2.484166666666667E+009,-7.635884685441852E-005,2.479737304383889E-005,-5.806773333461024E-005,8.756377610552590E-006,
2.484200000000000E+009,-3.178840870532440E-006,-2.546186806284823E-006,-6.585134542547166E-005,3.161904260196025E-006,
2.484233333333334E+009,-4.796535358764231E-005,-2.052066156466026E-005,-1.607042031537276E-005,-1.917076951940544E-005,
2.484266666666667E+009,-1.912726838781964E-005,-2.516448330425192E-005,-4.893788718618453E-005,2.215315544162877E-005,
2.484300000000000E+009,-1.088428689399734E-005,-2.344814311072696E-005,-2.867290277208667E-005,-5.347321712179110E-005,
2.484333333333334E+009,-5.933365173405036E-005,-4.424554208526388E-005,-6.269559526117519E-005,6.210210267454386E-005,
2.484366666666667E+009,-1.593616616446525E-005,2.058526479231659E-005,-8.867614087648690E-005,-2.497387322364375E-005,
2.484400000000000E+009,-6.331162876449525E-005,7.062610620778287E-006,-2.674611278052907E-005,2.853093246812932E-005,
2.484433333333334E+009,-6.895035767229274E-005,4.027377508464269E-005,-3.434032987570390E-005,9.466441042604856E-006,
2.484466666666667E+009,-4.284703754819930E-005,1.608082675375044E-005,-6.335514626698569E-005,1.925603646668606E-005,
2.484500000000000E+009,-9.633087756810710E-005,8.555541171517689E-006,-6.799674156354740E-005,-2.892535849241540E-005,
2.484533333333334E+009,-4.590753815136850E-005,3.019409996340983E-005,-8.344689376826864E-006,4.358023579698056E-005,
2.484566666666667E+009,-4.769431689055637E-005,-7.580587407574058E-006,-4.556620478979312E-005,5.254500138107687E-006,
2.484600000000000E+009,-3.618522168835625E-005,-1.220204376295442E-005,-4.142938996665180E-005,2.235374449810479E-005,
2.484633333333334E+009,-6.276374188018963E-005,-1.343951407761779E-005,-3.513378396746703E-005,2.531468635424972E-005,
2.484666666666667E+009,-6.680157093796879E-005,2.311882599315140E-005,-6.467142520705238E-005,8.853150575305335E-006,
2.484700000000000E+009,-3.584337900974788E-005,1.238759796251543E-005,-7.170547905843705E-005,5.457378938444890E-005,
2.484733333333334E+009,-3.765475776162930E-005,2.662305632838979E-005,-8.037413499550894E-005,3.649592690635473E-005,
2.484766666666667E+009,-3.025083424290642E-005,7.714125968050212E-005,-2.038925595115870E-005,2.290964948770125E-005,
2.484800000000000E+009,-4.784913835464977E-005,7.494523015338928E-005,-8.682718180352822E-005,2.805290569085628E-005,
2.484833333333334E+009,-8.118314144667238E-005,-9.762165063875727E-006,-2.323086846445222E-005,7.658204594918061E-006,
2.484866666666667E+009,-2.589390351204202E-005,2.396669333393220E-005,-5.909388710279018E-005,-8.997037184599321E-006,
2.484900000000000E+009,-3.304321580799297E-005,1.382800178362231E-006,-7.492278382414952E-005,2.407815554761328E-005,
2.484933333333334E+009,-3.316986476420425E-005,2.001351458602585E-005,-5.924876677454449E-005,6.593266152776778E-005,
2.484966666666667E+009,3.188570190104656E-006,-6.164571914268890E-006,-2.418837539153174E-005,6.559136818395928E-005,
2.485000000000000E+009,-6.038034553057514E-005,5.289843829814345E-005,-5.437535946839489E-005,6.086253779358231E-005,
2.485033333333334E+009,-6.373353244271129E-005,3.551466215867549E-005,-4.606775473803282E-005,3.137506064376794E-005,
2.485066666666667E+009,1.142584824265214E-005,6.455655966419727E-005,-2.706157647480723E-005,6.523800402646884E-005,
2.485100000000000E+009,-4.652322240872309E-005,6.443684105761349E-005,-2.863015106413513E-005,-6.878146905364702E-006,
2.485133333333334E+009,-8.936996164266020E-005,6.365733861457557E-005,-4.618311504600570E-005,-9.970865903596859E-006,
2.485166666666667E+009,-2.615477023937274E-005,1.252209131052950E-005,-5.031188993598335E-005,5.271125701256096E-005,
2.485200000000000E+009,-9.079754818230867E-005,1.453085860703141E-005,-4.907288894173689E-005,1.900935967569239E-005,
2.485233333333334E+009,1.075652016879758E-005,-2.583270088507561E-006,-4.978304787073284E-006,7.057513721520081E-005,
2.485266666666667E+009,1.301844690715370E-006,3.676026835819357E-006,2.430343374726363E-005,-1.150638672697824E-005,
2.485300000000000E+009,1.076809166988824E-005,4.729658940050285E-006,5.536672324524261E-005,7.801683386787772E-005,
2.485333333333334E+009,8.399612852372229E-006,4.001940760645084E-005,-5.831098678754643E-005,6.063501132302918E-005,
2.485366666666667E+009,3.483748514554463E-005,6.577496969839558E-005,1.411708581144922E-005,3.043624928977806E-005,
2.485400000000000E+009,3.371253114892170E-005,4.757214264827780E-005,-2.969125489471480E-005,5.230115129961632E-005,
2.485433333333334E+009,-8.010576129890978E-005,4.238841938786209E-005,-3.995174120063894E-005,2.359123027417809E-005,
2.485466666666667E+009,9.712151950225234E-006,4.451817221706733E-005,1.519687657491886E-006,9.602011414244771E-005,
2.485500000000000E+009,2.663912255229661E-007,3.996512896264903E-005,-3.855738668789854E-006,5.793899981654249E-005,
2.485533333333334E+009,-4.243640069034882E-005,-8.835253538563848E-006,-1.676627834967803E-005,3.824442319455557E-005,
2.485566666666667E+009,2.296033380844165E-005,2.329115159227513E-005,-9.654494533606339E-006,-1.098218763218029E-005,
2.485600000000000E+009,-1.523959417681908E-005,2.141175173164811E-005,-5.023784251534380E-005,3.651569568319246E-005,
2.485633333333334E+009,-4.281011933926493E-005,7.888342952355743E-005,-5.413015173871827E-007,8.603843889432028E-005,
2.485666666666667E+009,1.651229831622914E-005,7.235531666083261E-005,-8.087087189778686E-005,5.881723700440489E-005,
2.485700000000000E+009,-1.959648579941131E-005,8.416259515797719E-005,1.812263144529425E-005,6.475332338595763E-005,
2.485733333333334E+009,-1.283880556002259E-005,5.219460581429303E-005,1.404401359650365E-006,-6.247737928788411E-006,
2.485766666666667E+009,4.464505764190108E-005,4.291703953640536E-005,2.143352503480855E-005,6.305793067440391E-005,
2.485800000000000E+009,6.939076683920575E-006,5.267470623948611E-005,-4.796805660589598E-005,4.497947520576417E-005,
2.485833333333334E+009,-4.203874414088205E-005,4.590559910866432E-005,-1.331310977548128E-005,-4.183256805845304E-006,
2.485866666666667E+009,4.206189987598918E-005,2.291224882355891E-005,8.342201908817515E-006,6.066051355446689E-005,
2.485900000000000E+009,-1.952836100826971E-005,8.240463648689911E-005,5.260625039227307E-005,3.704186383401975E-005,
2.485933333333334E+009,1.974194856302347E-005,4.229259866406210E-005,7.195470743681653E-007,5.480320396600291E-006,
2.485966666666667E+009,2.528581717342604E-006,2.158425013476517E-005,-6.086943812988466E-006,7.453829311998561E-005,
2.486000000000000E+009,1.476577108405763E-005,5.099398185848258E-005,-2.889629286073614E-006,-5.515340035344707E-006,
2.486033333333334E+009,2.059442340396345E-005,5.310498090693727E-005,1.430871861884953E-006,4.039468331029639E-005,
2.486066666666667E+009,5.415288978838362E-005,-1.058403358911164E-005,2.069360925816000E-005,2.915034929173999E-005,
2.486100000000000E+009,2.335534009034745E-005,3.999012187705375E-005,7.081413059495390E-006,8.660213643452153E-005,
2.486133333333334E+009,6.023535661370261E-006,7.604121492477134E-005,4.317103957873769E-006,7.761064625810832E-005,
2.486166666666667E+009,2.823608610924566E-006,7.292925147339702E-005,4.740209988085553E-006,5.976653847028501E-005,
2.486200000000000E+009,4.467506005312316E-005,8.411340240854770E-005,1.423256708221743E-005,5.276472074910998E-005,
2.486233333333334E+009,1.203745978273219E-005,3.636931796791032E-005,-5.136395429872209E-006,3.084130366914906E-005,
2.486266666666667E+009,-2.212719482486136E-005,1.526214327896014E-005,-1.341424308520800E-006,3.168305192957632E-005,
2.486300000000000E+009,3.450573785812594E-005,6.543842027895153E-005,1.659519875829574E-005,6.404488522093743E-005,
2.486333333333334E+009,4.759521470987238E-005,4.660605554818176E-005,6.292892794590443E-005,4.668960900744423E-005,
2.486366666666667E+009,-1.937355409609154E-005,3.952148472308181E-005,7.667073077755049E-005,1.609694118087646E-005,
2.486400000000000E+009,3.347617530380376E-005,7.868717511883006E-005,4.266515679773875E-005,-2.691268491616938E-005,
2.486433333333334E+009,2.029632196354214E-005,-3.275205017416738E-005,6.081259198253974E-005,4.130098659516079E-006,
2.486466666666667E+009,2.476825466146693E-005,7.537106284871697E-005,1.533840986667201E-005,3.006891711265780E-005,
2.486500000000000E+009,3.980267138103955E-005,2.908723945438396E-005,5.911176776862703E-005,-1.997615981963463E-006,
2.486533333333334E+009,3.986607407568954E-005,-8.377130143344402E-006,-1.608835191291291E-006,7.952121450216509E-006,
2.486566666666667E+009,2.180069168389309E-005,6.642196240136400E-005,-1.423089997842908E-005,1.223400704475353E-005,
2.486600000000000E+009,2.399947334197350E-005,4.196878580842167E-005,6.165909871924669E-005,6.512086110888049E-005,
2.486633333333334E+009,7.012050627963617E-005,-1.919123133120593E-005,5.869080632692203E-005,4.143726255279034E-005,
2.486666666666667E+009,4.679865014622919E-005,-1.037752554111648E-005,3.073262996622361E-005,5.186694397707470E-005,
2.486700000000000E+009,6.564374052686617E-005,2.106372085108887E-005,3.515341813908890E-005,2.052721356449183E-005,
2.486733333333334E+009,2.683213097043335E-005,6.224951357580721E-005,4.930236173095182E-005,5.853132097399794E-005,
2.486766666666667E+009,3.080125679844059E-005,3.787922105402686E-005,3.825433668680489E-005,6.354607467073947E-005,
2.486800000000000E+009,4.412166163092479E-005,2.994611577378237E-006,4.699541023001075E-005,5.348834747564979E-006,
2.486833333333334E+009,-1.447641170670977E-005,3.905868288711645E-005,4.996814459445886E-005,2.102307371387724E-005,
2.486866666666667E+009,3.395312160137110E-005,2.726953607634641E-005,7.823473424650729E-005,-1.039673134073382E-005,
2.486900000000000E+009,2.437379043840338E-005,2.792940540530253E-005,2.711646448005922E-005,4.103593255422311E-006,
2.486933333333334E+009,5.558793782256544E-005,3.097739681834355E-005,4.672609065892175E-005,2.164488614653237E-005,
2.486966666666667E+009,5.482576307258569E-005,-6.673488678643480E-005,-1.242098551301751E-005,-7.508735507144593E-006,
2.487000000000000E+009,3.993629798060283E-005,1.699889799056109E-005,5.461012187879533E-005,2.006514478125610E-006,
2.487033333333334E+009,1.003054567263462E-004,2.887736627599224E-005,2.057382334896829E-005,2.144580321328249E-005,
2.487066666666667E+009,2.759684684860986E-005,-3.366219243616797E-005,3.209511487511918E-005,3.876823393511586E-005,
2.487100000000000E+009,1.554607297293842E-005,1.363526826025918E-005,6.455620314227417E-005,-2.446251892251894E-005,
2.487133333333334E+009,7.485106470994651E-005,-1.302914461120963E-005,1.149465242633596E-005,7.037101750029251E-005,
2.487166666666667E+009,5.631397652905434E-005,4.147300933254883E-005,1.493338731961558E-005,-3.283542901044712E-005,
2.487200000000000E+009,3.479747829260305E-005,1.795808930182830E-005,2.941779712273274E-005,3.983786882599816E-005,
2.487233333333334E+009,3.595127418520860E-005,-8.742534191696905E-006,3.806371023529209E-005,4.398557939566672E-005,
2.487266666666667E+009,5.579050048254430E-005,-4.751392771140672E-005,3.365355951245874E-006,-2.612516436784063E-005,
2.487300000000000E+009,3.863731035380624E-005,-4.701583293353906E-006,-2.128847336280160E-005,1.141143184213433E-005,
2.487333333333334E+009,-1.276732200494735E-005,-3.375497180968523E-005,1.931059159687720E-005,-1.762279862305149E-005,
2.487366666666667E+009,3.886382182827219E-005,1.817741576815024E-005,1.544677070342004E-005,3.627535988925956E-005,
2.487400000000000E+009,5.125587631482631E-005,-5.374902684707195E-005,6.394265801645815E-005,-2.864893394871615E-005,
2.487433333333334E+009,3.120396286249161E-005,1.771212737367023E-005,1.758829284881358E-006,-1.173841610579984E-006,
2.487466666666667E+009,7.539705984527245E-005,4.648556569009088E-005,-1.412524215993471E-005,-7.479131454601884E-006,
2.487500000000000E+009,1.014987137750723E-004,2.186201709264424E-005,5.111548671266064E-005,-4.170518514001742E-005,
2.487533333333334E+009,3.195900717400946E-005,-6.067696176614845E-006,-8.856896727138519E-008,-1.678267653915100E-005,
2.487566666666667E+009,6.610084255953552E-006,-3.288381049060263E-005,5.312210123520345E-005,2.959394078061450E-005,
2.487600000000000E+009,5.089997648610733E-005,-1.892355066956952E-005,5.015616261516698E-005,-3.678941720863804E-005,
2.487633333333334E+009,4.690374044002965E-005,-4.037731559947133E-005,5.989395140204579E-005,-2.632517134770751E-005,
2.487666666666667E+009,2.949197369161993E-005,-5.435336424852721E-005,3.889342406182550E-005,-1.601797885086853E-005,
2.487700000000000E+009,-2.825611227308400E-005,-8.124113264784683E-006,1.995024649659172E-005,2.259406574012246E-005,
2.487733333333334E+009,-2.262730049551465E-005,-1.793961746443529E-005,1.152915938291699E-004,-7.847427696106024E-006,
2.487766666666667E+009,2.720643169595860E-005,5.589776264969260E-006,-1.640329537622165E-005,1.498080928286072E-005,
2.487800000000000E+009,7.382590410998091E-005,9.895779840007890E-006,9.233759192284197E-005,-6.420200224965811E-005,
2.487833333333334E+009,3.158730760333128E-005,-3.393430233700201E-005,7.932022526802030E-006,-1.538517244625837E-005,
2.487866666666667E+009,5.262587728793733E-005,-4.005232767667621E-005,2.012370896409266E-005,1.654714105825406E-005,
2.487900000000000E+009,9.329481690656394E-005,-1.678355511103291E-005,4.734653703053482E-005,-1.686236646492034E-005,
2.487933333333334E+009,1.730173835312598E-006,-4.530067963059992E-005,2.933906216640025E-005,3.937366636819206E-005,
2.487966666666667E+009,-8.676939614815638E-006,4.273521699360572E-005,-3.256124909967184E-005,2.833215512509923E-005,
2.488000000000000E+009,1.153338507720036E-005,-6.958519952604547E-005,-3.812999239016790E-006,-5.591859007836320E-005,
2.488033333333334E+009,-2.218660119979177E-005,-1.696926688055100E-006,2.328019763808698E-005,-7.057856691972120E-006,
2.488066666666667E+009,-1.141552911576582E-005,-1.164883542514872E-005,5.095539017929696E-005,9.604798833606765E-006,
2.488100000000000E+009,5.634697299683467E-005,5.210557105783664E-007,2.528015102143399E-005,-3.186890580764157E-006,
2.488133333333334E+009,-2.131006294803228E-005,-9.995485925173853E-006,5.709478955395753E-006,-5.009221058571711E-005,
2.488166666666667E+009,1.679135129961651E-005,-7.472266588592902E-005,2.466110709065106E-005,-1.161898353529978E-006,
2.488200000000000E+009,2.903411404986400E-005,1.843133577494882E-005,3.109973840764724E-005,-4.126901694689877E-005,
2.488233333333334E+009,5.846416752319783E-005,-6.286473217187449E-005,-2.552108298914391E-006,5.269642315397505E-006,
2.488266666666667E+009,8.046914445003495E-005,-6.527039658976719E-005,4.791302126250230E-005,-2.142595803888980E-005,
2.488300000000000E+009,4.723558504338143E-006,1.161342788691400E-005,1.125485050579300E-005,-4.239665577188134E-005,
2.488333333333334E+009,1.718543353490531E-005,-5.391402373788878E-005,1.134679914684966E-004,-7.880998600739986E-005,
2.488366666666667E+009,1.908953163365368E-005,-1.495395736128558E-005,1.253843947779387E-005,-6.572250276803970E-005,
2.488400000000000E+009,2.028054768743459E-005,-3.468619252089411E-005,2.182142634410411E-005,-7.862818165449426E-006,
2.488433333333334E+009,3.358023604960181E-005,7.027828360151034E-006,4.737171184387989E-005,-3.935883796657436E-005,
2.488466666666667E+009,1.742041604302358E-006,2.182403841288760E-005,1.271119344892213E-005,-3.798422767431475E-005,
2.488500000000000E+009,-5.665094704454532E-007,-3.482395914033987E-005,-1.028536644298583E-005,-5.767778930021450E-005,
2.488533333333334E+009,-5.001707177143544E-005,-4.836616062675603E-005,4.723659003502689E-005,-2.854027297871653E-005,
2.488566666666667E+009,3.115708386758342E-005,-3.352859130245633E-005,-2.091250462399330E-005,-3.892339373123832E-005,
2.488600000000000E+009,-1.876155329227913E-005,-4.794961205334403E-005,-2.578884232207201E-005,-4.397088559926488E-005,
2.488633333333334E+009,2.765168210316915E-005,-7.768674549879506E-005,6.138151093182387E-006,-3.270206798333675E-005,
2.488666666666667E+009,4.131265086471103E-006,-2.742620927165262E-005,1.149925174104283E-005,-2.111078356392682E-005,
2.488700000000000E+009,-4.126818748773076E-005,-3.093973282375373E-005,2.121453871950507E-005,-5.286225859890692E-005,
2.488733333333334E+009,-5.145052273292095E-005,-4.779615119332448E-005,3.243612081860192E-005,2.068578197622628E-007,
2.488766666666667E+009,-6.069453593227081E-005,9.058540854312014E-006,-7.891659151937347E-006,-7.801603715051897E-006,
2.488800000000000E+009,6.161724741104990E-005,-4.578300649882294E-005,1.729570431052707E-005,-3.341325646033511E-005,
2.488833333333334E+009,1.584418168931734E-005,-1.043322117766365E-005,-7.556603122793604E-006,-2.657075856404845E-005,
2.488866666666667E+009,1.562681245559361E-005,-2.841408786480315E-005,-9.236395271727815E-006,-4.375636854092591E-005,
2.488900000000000E+009,4.472611908568069E-005,-3.707326322910376E-005,4.159391028224491E-005,-4.494787208386697E-005,
2.488933333333334E+009,-1.900911956909113E-005,-5.591041190200485E-005,-2.458347444189712E-005,2.076225609926041E-005,
2.488966666666667E+009,-1.768549918779172E-005,-4.228750185575336E-006,-2.758535231350834E-007,-4.902880755253136E-005,
2.489000000000000E+009,4.991392052033916E-005,2.759151539066806E-005,3.270085289841518E-005,-6.881644367240369E-005,
2.489033333333334E+009,-1.388612690789159E-005,-4.820213143830188E-005,4.963208994013257E-005,-6.160424527479336E-005,
2.489066666666667E+009,4.647207242669538E-005,-3.917127105523832E-005,2.784371099551208E-005,1.278028685192112E-005,
2.489100000000000E+009,-6.164902970340336E-006,-2.117174881277606E-005,-1.817720658436883E-005,-2.293443685630336E-005,
2.489133333333334E+009,-3.981183908763342E-005,-1.313626580667915E-005,-3.813532021013089E-005,-3.214694879716262E-005,
2.489166666666667E+009,1.644709118409082E-005,3.327454032842070E-005,-8.320658707816619E-006,1.187953876069514E-005,
2.489200000000000E+009,-3.768725218833424E-005,-4.872784302278888E-006,-4.667739176511532E-006,-3.673254468594678E-005,
2.489233333333334E+009,1.813256494642701E-005,-5.208880247664638E-005,-8.462168807454873E-006,-5.634883927996270E-005,
2.489266666666667E+009,1.001040800474584E-005,3.443793275437201E-006,-7.360936251643580E-006,-7.900934724602848E-005,
2.489300000000000E+009,3.113981074420735E-005,-3.508022564346902E-005,2.733874862315133E-005,-3.415502214920707E-005,
2.489333333333334E+009,-1.412236269970890E-005,-3.112166086793877E-005,1.465370132791577E-005,2.384659637755249E-005,
2.489366666666667E+009,5.284883809508756E-005,-2.587293602118734E-005,-1.644354415475391E-005,-4.293127494747751E-005,
2.489400000000000E+009,-3.044197728740983E-005,-5.903108103666455E-005,5.276437605061801E-006,-7.483120498363860E-006,
2.489433333333334E+009,3.125708826701157E-005,-1.012935172184371E-004,6.241037044674158E-005,-3.601248681661673E-005,
2.489466666666667E+009,-2.537199907237664E-005,4.489738785196096E-006,8.573421837354545E-006,-4.879574771621265E-005,
2.489500000000000E+009,-3.336082590976730E-005,-2.086457425320987E-005,1.007753053272609E-005,-5.847100328537636E-005,
2.489533333333334E+009,9.850316928350367E-006,3.095770080108196E-005,4.597159204422496E-006,-4.922451989841647E-005,
2.489566666666667E+009,-7.238520629471168E-005,-1.879394039860927E-005,-3.223049498046748E-005,-4.370551778265508E-006,
2.489600000000000E+009,-3.674393883557059E-005,1.197256733576069E-005,6.886107257741969E-006,-3.943558840546757E-005,
2.489633333333334E+009,2.857608706108294E-005,-1.732969212753233E-005,-5.021019023843110E-005,1.011577933240915E-005,
2.489666666666667E+009,-3.498282012515119E-006,-1.047730711434269E-005,-2.993361886183266E-005,9.557713383401278E-006,
2.489700000000000E+009,-2.227196273452137E-005,-5.617420356429648E-006,-6.159711483633146E-005,5.698618042515591E-005,
2.489733333333334E+009,-1.166198308055755E-005,-1.053636424330762E-005,-2.322222826478537E-006,-1.426843391527655E-005,
2.489766666666667E+009,3.412229125387967E-005,-1.626523953746073E-005,1.245962630491704E-005,1.824858918553218E-005,
2.489800000000000E+009,-8.599444117862731E-005,3.201878644176759E-005,1.822201920731459E-005,-8.384580723941326E-006,
2.489833333333334E+009,-1.007657647278393E-005,-7.286311301868409E-006,2.268687239848077E-006,-2.986697290907614E-005,
2.489866666666667E+009,-6.573427526745945E-005,-6.890957592986524E-006,-3.289537926320918E-005,-2.789042264339514E-005,
2.489900000000000E+009,-3.265505074523389E-005,-3.057490539504215E-005,5.759617138778594E-008,-1.289975716645131E-005,
2.489933333333334E+009,-3.159429252264090E-005,-3.023093631782103E-005,7.602844107168494E-006,1.166185211332049E-005,
2.489966666666667E+009,-3.369415935594589E-005,-2.754198067123070E-005,-1.053546839102637E-005,2.085615051328205E-005,
2.490000000000000E+009,1.635313128645066E-005,-2.789560312521644E-005,-3.079775706282817E-005,2.196075547544751E-005,
2.490033333333334E+009,9.950357707566582E-006,-4.089477806701325E-005,-3.687349817482755E-005,-5.074426735518500E-005,
2.490066666666667E+009,5.162042270967504E-006,-3.065652435907396E-006,-5.136836625752039E-005,-1.252024139830610E-005,
2.490100000000000E+009,-5.192195385461673E-005,-5.633394266624237E-007,-4.214827640680596E-005,4.342092142906040E-005,
2.490133333333334E+009,1.505627551523503E-005,-4.665159940486774E-005,-7.128729339456186E-005,-1.032104705700476E-006,
2.490166666666667E+009,1.691064608166926E-005,1.959177643584553E-005,-5.553924711421132E-005,-6.023495188856032E-006,
2.490200000000000E+009,-2.713864159886725E-005,6.809793831052957E-006,-1.794435047486331E-005,1.377027842863754E-006,
2.490233333333334E+009,-1.410420736647211E-005,-4.865252412855625E-005,-5.945321754552424E-005,2.951243550342042E-005,
2.490266666666667E+009,3.175470556016080E-005,-6.584756192751229E-006,-1.411285029462306E-005,-4.413617352838628E-005,
2.490300000000000E+009,4.733173682325287E-006,-1.683795744611416E-005,-2.436028626107145E-005,2.474911525496282E-005,
2.490333333333334E+009,-6.406258034985513E-005,-1.842380697780754E-005,-6.999927427386865E-005,-1.507011984358542E-005,
2.490366666666667E+009,-9.617092291591689E-005,-1.559265911055263E-005,9.656999282015022E-006,-2.164541365345940E-005,
2.490400000000000E+009,-4.531674494501203E-005,-4.582022938848240E-006,-5.457951556309126E-005,3.492651740089059E-005,
2.490433333333334E+009,-3.954133717343211E-005,9.708467587188352E-006,-4.693013408996194E-007,-1.391864998367964E-006,
2.490466666666667E+009,-1.173701821244322E-004,3.796803139266558E-005,1.772210998751689E-005,-1.592807893757708E-005,
2.490500000000000E+009,-2.380608202656731E-005,1.124535174312769E-005,1.377036460326053E-005,1.594374043634161E-005,
2.490533333333334E+009,-1.545497434563004E-005,3.970669240516145E-006,-3.619186099967919E-005,-3.432603080000263E-006,
2.490566666666667E+009,-8.045421418501064E-005,-3.160897176712751E-005,-3.457128696027212E-005,-2.650973692652769E-005,
2.490600000000000E+009,-1.202980274683796E-005,-3.418630512896925E-005,-3.725405986187980E-005,-1.688165866653435E-005,
2.490633333333334E+009,3.013961986653158E-006,-4.977921344107017E-005,-1.202799285238143E-005,-2.029880852205679E-005,
2.490666666666667E+009,-3.389272387721576E-005,1.566261016705539E-005,-2.750555904640351E-005,9.428381417819765E-006,
2.490700000000000E+009,-2.800805486913305E-005,-4.406515472510364E-006,-3.108937744400464E-005,2.167306593037210E-005,
2.490733333333334E+009,-3.990247569163330E-005,-7.072845619404689E-006,-4.327216811361723E-005,3.629367347457446E-005,
2.490766666666667E+009,-3.786539673455991E-005,-4.398250894155353E-005,-2.899962782976218E-005,-5.265069830784341E-006,
2.490800000000000E+009,-6.040389416739345E-005,4.616728983819485E-005,-3.222099621780217E-005,7.245450251502916E-005,
2.490833333333334E+009,-3.824962914222851E-005,2.426794890197925E-005,-2.387307176832110E-006,-1.452723336115014E-005,
2.490866666666667E+009,-2.639064405229874E-005,3.391106702110847E-006,-7.205639121821150E-005,2.801410846586805E-005,
2.490900000000000E+009,-4.141525641898625E-005,1.484827862441307E-005,-5.154817336006090E-005,5.355675602913834E-005,
2.490933333333334E+009,-3.258799188188277E-005,-4.334558616392314E-005,-4.680178972193971E-005,-2.572296398284379E-005,
2.490966666666667E+009,-3.072774779866450E-005,-2.286385097249877E-005,-4.117993012187071E-005,-8.090267510851845E-005,
2.491000000000000E+009,-4.704393359133974E-005,-2.979518103529699E-005,-1.876898750197142E-005,3.068317164434120E-005,
2.491033333333334E+009,-3.417177867959254E-005,-3.500542152323760E-005,-6.883009518787731E-006,-3.974905121140182E-005,
2.491066666666667E+009,-5.479110404849052E-005,-2.738339617280872E-006,-5.234236959950067E-005,-9.336074072052725E-006,
2.491100000000000E+009,-1.034168690239312E-005,-3.127105082967319E-005,-3.917412323062308E-005,-1.223638901137747E-005,
2.491133333333334E+009,-4.594488200382330E-005,-5.712332949769916E-006,-1.071215865522390E-005,-6.850433692306979E-006,
2.491166666666667E+009,-3.544060018612072E-005,-1.903710290207528E-005,-1.880418312794063E-005,1.447285012545763E-005,
2.491200000000000E+009,-1.380536377837416E-005,-3.897649730788544E-005,-5.960443013464101E-005,2.344749105986921E-008,
2.491233333333334E+009,-4.242579598212615E-005,3.645459582912736E-005,-4.289158096071333E-005,-7.828270099707879E-006,
2.491266666666667E+009,2.066020351776388E-005,2.620956729515456E-005,6.526936886075418E-006,-1.196854282170534E-005,
2.491300000000000E+009,-3.630701030488126E-005,2.170821790059563E-005,-4.914047894999385E-005,5.868898256267130E-007,
2.491333333333334E+009,2.451502223266289E-005,2.430048880341929E-005,-4.495629582379479E-006,1.018309376377147E-005,
2.491366666666667E+009,-1.952252205228433E-005,3.473163451417349E-005,-2.891458279918879E-005,-2.613605101942085E-005,
2.491400000000000E+009,-6.065598063287325E-005,1.786828397598583E-005,-4.711473957286216E-005,-1.163174874818651E-005,
2.491433333333334E+009,-2.195386878156569E-005,6.080616003600881E-005,9.196679457090795E-006,2.997961701112217E-006,
2.491466666666667E+009,-2.382227467023768E-005,4.774576882482506E-005,-5.835534466314130E-006,-1.984322443604469E-005,
2.491500000000000E+009,-6.464528996730223E-005,2.616612982819788E-005,5.335276455298299E-006,-8.734011316846591E-006,
2.491533333333334E+009,-1.620565126358997E-005,4.304305184632540E-005,-2.359079871894210E-006,6.114518328104168E-006,
2.491566666666667E+009,9.710165613796562E-006,-6.050047431926942E-006,-3.053410910069943E-005,-4.388930028653704E-005,
2.491600000000000E+009,-3.711246245075017E-005,-2.408231694062124E-007,8.846353011904284E-006,6.327337177935988E-005,
2.491633333333334E+009,-4.541248927125707E-005,9.325051905761939E-006,1.343064809589123E-006,2.925950502685737E-005,
2.491666666666667E+009,-3.084521085838787E-005,1.360497481073253E-005,-2.005452552111819E-005,5.072197745903395E-005,
2.491700000000000E+009,-1.059475835063495E-005,2.760564166237600E-005,-3.019363975909073E-005,2.561193650763016E-005,
2.491733333333334E+009,-6.695810043311212E-006,5.878317824681290E-005,-8.266106306109577E-006,7.219432063720888E-006,
2.491766666666667E+009,-3.901794480043463E-005,3.779719190788455E-005,-7.366989848378580E-006,2.491264967829920E-005,
2.491800000000000E+009,-1.211879316542763E-005,-3.693777398439124E-005,-2.564211899880320E-005,-2.395521732978523E-005,
2.491833333333334E+009,1.491199600422988E-005,-4.423583231982775E-005,-2.642388972162735E-005,2.258978020108771E-005,
2.491866666666667E+009,2.903574750234839E-005,7.538618228863925E-005,1.692731530056335E-005,-1.954273102455773E-005,
2.491900000000000E+009,-1.287849499931326E-005,2.497081914043520E-005,-5.917408088862430E-006,-5.935361286901753E-007,
2.491933333333334E+009,-4.500299382925732E-006,3.836892210529186E-005,-3.017804374394473E-006,6.651374133070931E-005,
2.491966666666667E+009,2.394590592302848E-005,-2.496126035111956E-005,-3.611105057643727E-005,2.332181247766130E-005,
2.492000000000000E+009,2.802808194246609E-005,1.941203117894474E-005,-4.865624941885471E-005,-2.759250128292479E-005,
2.492033333333334E+009,-2.062566090899054E-005,1.292757951887325E-005,-1.504231204307871E-005,4.398529927129857E-005,
2.492066666666667E+009,1.058420730259968E-005,-5.998392225592397E-005,2.436259194382728E-007,4.541003727354109E-005,
2.492100000000000E+009,-1.011348922475008E-005,-2.780396789603401E-005,-4.423949212650769E-005,-7.638619194949570E-007,
2.492133333333334E+009,-1.882477590697818E-005,9.036163100972772E-005,2.239671084680595E-005,1.541795245429967E-005,
2.492166666666667E+009,-4.296892257116269E-006,-4.331163290771656E-005,7.657085006940179E-006,2.552065097916056E-006,
2.492200000000000E+009,2.021132786467206E-006,-2.007405782933347E-005,-2.555850551289041E-005,3.918714355677366E-005,
2.492233333333334E+009,-2.680538636923302E-005,3.014011781488080E-005,-1.944376890605781E-005,3.373733125044964E-005,
2.492266666666667E+009,1.049163802235853E-005,-6.900681455590529E-006,1.443313158233650E-005,2.874959136534017E-005,
2.492300000000000E+009,7.618911331519485E-005,3.415486935409717E-005,-1.128759322455153E-006,-2.025698631769046E-005,
2.492333333333334E+009,3.375425148988143E-005,4.631490810425021E-005,3.445311813266017E-005,-9.798108067116118E-007,
2.492366666666667E+009,-2.018441227846779E-005,6.199619383551180E-005,5.735288596042665E-006,4.719080152426614E-006,
2.492400000000000E+009,-5.551260983338580E-005,6.598052277695388E-005,-2.887723894673400E-006,4.225323209539056E-005,
2.492433333333334E+009,2.924164391515660E-006,3.771716001210734E-005,-1.309621893597068E-005,5.806167246191762E-005,
2.492466666666667E+009,-3.649140853667632E-005,4.083765452378430E-005,-3.397853288333863E-005,4.096301927347668E-005,
2.492500000000000E+009,3.998869942734018E-005,1.983149923034944E-005,1.911999606818426E-005,-5.718285137845669E-006,
2.492533333333334E+009,6.174287409521639E-005,-2.818557913997211E-005,4.440717020770535E-006,1.034543402056443E-005,
2.492566666666667E+009,-3.818989625870017E-006,3.366827513673343E-005,-3.345911682117730E-005,1.152714321506210E-005,
2.492600000000000E+009,-2.536522515583783E-005,1.245228395418963E-005,2.823611066560261E-005,-2.185431912948843E-005,
2.492633333333334E+009,1.036447429214604E-005,2.995786599058192E-005,-1.199181383526593E-006,-1.440017513232306E-005,
2.492666666666667E+009,-1.770795279298909E-005,2.664043677214067E-006,4.012391946162097E-005,2.691355439310428E-005,
2.492700000000000E+009,-1.211266771861119E-005,7.083465902724129E-007,4.575196362566203E-005,5.280800905893557E-005,
2.492733333333334E+009,3.682017268147320E-005,2.076919372484554E-005,6.413464143406600E-005,7.886425919423346E-006,
2.492766666666667E+009,-1.339725531579461E-005,1.811468064261135E-005,-9.652138032834046E-006,4.955855547450483E-005,
2.492800000000000E+009,4.667840130423429E-006,5.666986453434220E-006,2.842785579559859E-005,5.127746044308879E-005,
2.492833333333334E+009,2.373568895563949E-005,1.610746403457597E-005,4.050476491102018E-005,2.423393743811175E-005,
2.492866666666667E+009,1.360650549031561E-005,-1.852247805800289E-006,4.052606982440921E-006,1.934866122610401E-005,
2.492900000000000E+009,4.525973781710491E-005,3.706812276504934E-005,2.599359322630335E-005,1.790606620488688E-005,
2.492933333333334E+009,2.784695652735536E-006,3.409368218854070E-005,7.119025394786149E-005,9.184376494886237E-007,
2.492966666666667E+009,3.071618266403675E-005,5.168681673239917E-005,5.091699858894572E-005,1.235873151017586E-005,
2.493000000000000E+009,6.056179245206295E-006,-5.818574572913349E-005,-2.428074185445439E-005,-1.596106449142098E-005,
2.493033333333334E+009,5.531580245587975E-005,-3.032002041436499E-006,-8.562670700484887E-006,-3.582927456591278E-005,
2.493066666666667E+009,3.055176784982905E-005,2.431993743812200E-005,1.745764893712476E-005,-3.846083927783184E-005,
2.493100000000000E+009,2.815470907080453E-005,-2.100630990753416E-005,1.997260824282421E-006,3.408391785342246E-005,
2.493133333333334E+009,4.331902891863138E-005,1.608016646059696E-005,-3.791486233239994E-005,2.708783358684741E-005,
2.493166666666667E+009,3.134597864118405E-005,-3.229588401154615E-005,3.752098564291373E-005,-1.749354169078288E-006,
2.493200000000000E+009,-6.206392572494224E-005,3.409107011975721E-005,-4.874828505307960E-007,-3.004633435921278E-005,
2.493233333333334E+009,9.574895557307173E-006,9.255451004719362E-005,3.345193908899091E-005,-2.663886698428541E-005,
2.493266666666667E+009,7.754867510811891E-006,3.659199501271360E-005,5.961831993772648E-005,-1.033753960655304E-006,
2.493300000000000E+009,5.409793084254488E-005,3.215833203285001E-005,-6.969828802994016E-008,-4.343311047705356E-006,
2.493333333333334E+009,-4.185282705293503E-006,9.527107067697216E-006,4.639537291950546E-005,-7.413036200887291E-006,
2.493366666666667E+009,-1.881737262010574E-005,-2.121755460393615E-005,2.086178756144363E-005,1.648426223255228E-005,
2.493400000000000E+009,2.087086841129349E-007,-6.895024853292853E-005,6.425884930649772E-005,1.922527189890388E-005,
2.493433333333334E+009,9.922412573359907E-006,2.314117409696337E-005,7.064910732879071E-006,1.221610546053853E-005,
2.493466666666667E+009,4.893900404567830E-005,5.489792965818197E-005,2.214818960055709E-005,1.315396821155446E-005,
2.493500000000000E+009,9.777320883586071E-006,-3.045714947802480E-005,2.743874210864306E-005,2.896878322644625E-005,
2.493533333333334E+009,1.733810131554492E-005,3.660569927887991E-005,-4.444731166586280E-005,3.580370685085654E-005,
2.493566666666667E+009,4.023209112347104E-005,-6.733848749718163E-006,4.139013253734447E-005,-2.637999023136217E-005,
2.493600000000000E+009,3.068652949878015E-005,-5.204899207456037E-005,1.428383347956697E-005,5.894112291571219E-006,
2.493633333333334E+009,-1.738389801175799E-005,-3.112542981398292E-005,3.664960604510270E-005,-1.815932591853198E-005,
2.493666666666667E+009,-1.259388113794557E-006,-3.348896643728949E-005,5.608616629615426E-005,-1.446244095859584E-005,
2.493700000000000E+009,3.973516868427396E-005,7.817846380930860E-006,2.124328239005990E-005,6.454941467382014E-005,
2.493733333333334E+009,-9.843397492659278E-007,1.425160235157819E-006,-3.115666004305240E-006,-1.119613989430945E-005,
2.493766666666667E+009,2.868229239538778E-005,-9.266836400456668E-007,-1.883427466964349E-005,-1.556702045490965E-005,
2.493800000000000E+009,-3.599129058784456E-006,1.376577165501658E-005,2.442513687128667E-005,4.539211658993736E-005,
2.493833333333334E+009,1.968754258996341E-005,2.662463521119207E-005,3.545567597029731E-005,-1.348488240182633E-005,
2.493866666666667E+009,3.791471317526884E-005,8.410582267970312E-006,-3.036171983694658E-005,-4.545668343780562E-005,
2.493900000000000E+009,5.966934986645356E-005,-6.964259682717966E-006,4.118855031265412E-006,7.068073955451837E-006,
2.493933333333334E+009,-4.547453499981202E-005,-5.052933556726202E-005,3.445000402280130E-005,1.137219078373164E-005,
2.493966666666667E+009,2.553842023189645E-005,-2.922922249126714E-006,-3.284080958110280E-005,5.938428512308747E-005,
2.494000000000000E+009,6.543826657434693E-006,-3.908780854544602E-005,1.900043025671039E-005,-1.726395385048818E-005,
2.494033333333334E+009,2.374701762164477E-005,-8.671936666360125E-005,3.535322775860550E-006,2.259950633742847E-005,
2.494066666666667E+009,2.176435555156786E-005,-2.310775016667321E-005,2.007310831686482E-005,-2.653010051290039E-005,
2.494100000000000E+009,-9.269408110412769E-006,-1.200432961923070E-006,1.374501607642742E-006,3.054639455513097E-005,
2.494133333333334E+009,1.604571298230439E-005,1.358364534098655E-005,2.856924766092561E-006,-2.706916347960942E-005,
2.494166666666667E+009,2.538141643526615E-007,-3.452163582551293E-005,1.970312769117300E-005,5.793408854515292E-005,
2.494200000000000E+009,4.223348514642566E-005,-2.625542947498616E-005,3.861869481625035E-005,-2.238631350337528E-005,
2.494233333333334E+009,-1.949402530954103E-006,-1.325785069639096E-005,6.512101390399039E-005,-7.005219231359661E-005,
2.494266666666667E+009,1.032411637424957E-005,8.406810593442060E-006,-8.036938652367098E-007,5.174490070203319E-005,
2.494300000000000E+009,-1.377013995806919E-005,-2.292341559950728E-005,2.837999818439130E-005,1.915749271574896E-005,
2.494333333333334E+009,7.778445251460653E-006,-5.308101026457734E-005,5.868743392056786E-005,-7.215779532998567E-006,
2.494366666666667E+009,2.421697354293428E-005,1.238915046997136E-005,-3.922693213098683E-005,-1.371768576063914E-006,
2.494400000000000E+009,4.097332202945836E-005,2.396566014795099E-005,5.400415830081329E-006,5.387945930124261E-005,
2.494433333333334E+009,-1.375272131554084E-005,1.264806724066148E-005,-1.200924089062028E-005,-1.913677260745317E-005,
2.494466666666667E+009,3.136367922706995E-006,-4.396228541736491E-005,4.667688335757703E-005,-2.855570528481621E-005,
2.494500000000000E+009,3.205894608981907E-005,5.187916758586653E-005,3.215211472706869E-005,-3.525002830429003E-005,
2.494533333333334E+009,4.936081313644536E-005,8.159912795235869E-006,7.655956869712099E-005,-1.149763465946307E-005,
2.494566666666667E+009,1.650567537581082E-005,-6.023357855156064E-005,4.581246741963696E-007,2.878903842429281E-006,
2.494600000000000E+009,2.859409141819924E-005,-3.741673572221771E-005,-1.249513024959015E-005,-1.780491038516630E-005,
2.494633333333334E+009,-1.678278567851521E-005,-5.501531177287689E-007,3.465356348897331E-005,-3.019302312168293E-005,
2.494666666666667E+009,2.365843829466030E-005,2.685163599380758E-005,3.385901800356805E-005,-4.059697675984353E-005,
2.494700000000000E+009,3.227892739232630E-005,1.435371723346179E-005,-4.779145683642128E-007,-9.080440577236004E-006,
2.494733333333334E+009,3.454197212704457E-005,-1.191325918625807E-005,-2.954673982458189E-005,1.097336007660488E-005,
2.494766666666667E+009,1.549556691315956E-005,-2.714506808842998E-005,-1.577433613419998E-005,-2.824376906573889E-006,
2.494800000000000E+009,1.497288394602947E-005,3.460794323473238E-005,-3.586820412238012E-006,-5.765211881225696E-006,
2.494833333333334E+009,2.408320506219752E-005,-2.942438732134178E-005,1.751962736307178E-005,-3.618574555730447E-005,
2.494866666666667E+009,-1.557735595270060E-005,-1.834495014918502E-005,4.291801451472566E-005,-9.353839232062455E-006,
2.494900000000000E+009,1.332917349827767E-006,-3.454066245467402E-005,3.024586658284534E-005,3.705965127664967E-006,
2.494933333333334E+009,2.262937960040290E-005,-2.927651985373814E-005,2.443383345962502E-005,1.552122557768598E-005,
2.494966666666667E+009,-8.834445907268673E-006,-8.612714009359479E-005,-5.131237048772164E-005,-2.968036460515577E-005,
2.495000000000000E+009,2.617956124595366E-005,-4.038930001115659E-006,8.424233897130762E-007,-6.421204307116568E-005,
2.495033333333334E+009,1.978199725272134E-005,-9.751563084137160E-006,-2.869505078706425E-005,-1.007680907605391E-006,
2.495066666666667E+009,-3.968257078668103E-005,3.875854235957377E-005,-5.228426743997261E-006,9.967424375645351E-006,
2.495100000000000E+009,7.688657206017524E-005,-5.923480784986168E-006,5.238624726189300E-005,-7.539455054939026E-006,
2.495133333333334E+009,1.159752855528495E-006,7.370476396317827E-006,1.868014805950224E-005,2.093212242471054E-005,
2.495166666666667E+009,9.760558896232396E-006,4.782234555023024E-006,6.380260310834274E-005,-4.371938484837301E-005,
2.495200000000000E+009,2.001001848839223E-005,5.424474875326268E-005,5.290016360959271E-006,-3.423594534979202E-005,
2.495233333333334E+009,3.606062648486841E-007,1.697841435088776E-005,3.004659993166570E-005,1.745752706483472E-005,
2.495266666666667E+009,1.113505095418077E-005,-2.592624514363706E-005,4.445222202775767E-006,-1.131427598011214E-005,
2.495300000000000E+009,-1.469252947572386E-005,-1.453172808396630E-005,-7.681766874156892E-006,-4.335716221248731E-005,
2.495333333333334E+009,-1.000908196147066E-005,-1.543199505249504E-005,-1.702757617749739E-005,3.336065128678456E-005,
2.495366666666667E+009,-2.095876880048309E-005,1.121754121413687E-005,2.750304156506900E-005,-2.216096800111700E-005,
2.495400000000000E+009,2.561640030762646E-005,-2.030801988439634E-005,7.468229796359083E-006,-2.930300433945376E-005,
2.495433333333334E+009,4.258229455444962E-005,4.173184424871579E-005,-5.086568307888228E-006,1.387341399095021E-005,
2.495466666666667E+009,8.834914297040086E-006,-1.802097540348768E-005,-2.634686097735539E-005,-1.536982199468184E-005,
2.495500000000000E+009,3.899663170159329E-006,-2.861665598175023E-005,1.938099012477323E-005,-2.994858004967682E-005,
2.495533333333334E+009,1.002387580228970E-005,-6.258501525735483E-005,1.073380008165259E-005,-4.250856727594510E-005,
2.495566666666667E+009,5.959361442364752E-005,2.660805648702080E-006,-1.045983026415343E-006,2.836345174728194E-006,
2.495600000000000E+009,5.877279909327626E-005,-6.948744157853071E-006,-4.372962939669378E-005,-6.621831562370062E-005,
2.495633333333334E+009,1.776392127794679E-005,1.262809564650524E-005,-3.146671360809705E-006,-1.352546860289294E-005,
2.495666666666667E+009,-3.022315650014207E-005,-2.090043381031137E-005,-7.823872692824807E-006,-7.766569069644902E-006,
2.495700000000000E+009,4.771778549184091E-005,4.745041223941371E-005,2.237537773908116E-005,-5.544793748413213E-005,
2.495733333333334E+009,-4.351246388978325E-005,1.437490664102370E-005,-1.783818697731476E-005,-7.756428203720134E-006,
2.495766666666667E+009,-4.494388122111559E-005,1.592909029568546E-005,-3.165372618241236E-005,-3.418882624828257E-005,
2.495800000000000E+009,-5.460681222757557E-006,-3.624693363235565E-006,-4.539891233434901E-005,-1.957747372216545E-005,
2.495833333333334E+009,-2.488605423422996E-005,7.974618711159565E-006,8.407744644500781E-006,-4.685084422817454E-005,
2.495866666666667E+009,2.617581685626647E-006,-1.764519220159855E-005,-5.694997071259422E-006,5.638775746774627E-006,
2.495900000000000E+009,5.503739430423593E-006,7.261284190462902E-005,-2.868561750801746E-006,4.096055994384784E-010,
2.495933333333334E+009,-3.668928184197284E-005,-6.439035496441647E-005,2.464327371853869E-005,-1.530279041617177E-005,
2.495966666666667E+009,-1.384301322104875E-005,2.510958802304231E-005,-2.772799416561611E-005,1.177431749965763E-005,
2.496000000000000E+009,2.212834260717500E-005,2.397998969172477E-006,-1.344874362985138E-005,-4.301806256989949E-005,
2.496033333333334E+009,6.992965154495323E-006,-5.274324576021172E-005,-7.375906989182113E-006,2.119014789059293E-005,
2.496066666666667E+009,-1.002610497380374E-005,-1.115753548219800E-005,-2.513743311283179E-005,-2.077175122394692E-005,
2.496100000000000E+009,-5.581841833190993E-005,-2.967317232105415E-005,1.428447149010026E-006,-1.010278811008902E-005,
2.496133333333334E+009,-1.089918987418059E-005,-3.052322426810861E-005,7.470498530892655E-006,1.170087489299476E-005,
2.496166666666667E+009,-3.935725908377208E-005,-4.962544699083082E-005,-4.262737547833240E-006,-4.770546365762129E-005,
2.496200000000000E+009,7.533488997069071E-007,-7.059834842948476E-006,-2.672679147508461E-005,1.290641921514180E-005,
2.496233333333334E+009,-5.078418689663522E-005,2.410811794106849E-005,-2.591909105831292E-005,-3.168967305100523E-005,
2.496266666666667E+009,-2.832370046235155E-005,9.041401426657103E-006,1.476780107623199E-005,6.598675554414513E-006,
2.496300000000000E+009,-8.484153113386128E-006,2.037566628132481E-005,-1.813894414226525E-005,2.197941103077028E-005,
2.496333333333334E+009,-1.675834391789977E-005,-5.511523340828717E-006,-2.768419108178932E-005,2.457802838762291E-005,
2.496366666666667E+009,1.858040923252702E-005,6.011569439579034E-006,-1.527938593426370E-007,-5.276652359498257E-007,
2.496400000000000E+009,4.729511147161247E-006,-5.253159906715155E-005,-5.570886787609197E-005,-4.895340316579677E-005,
2.496433333333334E+009,1.459619852539618E-005,-2.482025411154609E-005,-1.261414945474826E-005,3.382531576789916E-005,
2.496466666666667E+009,2.959257699330919E-006,4.211281702737324E-005,3.986883893958293E-005,4.788297155755572E-005,
2.496500000000000E+009,-4.000474655185826E-005,1.416809027432464E-006,1.193204843730200E-005,-6.627105449297233E-006,
2.496533333333334E+009,7.935975190775935E-006,1.811818947317079E-005,-4.385822467156686E-005,2.937972931249533E-005,
2.496566666666667E+009,4.241822807671269E-006,-6.470153311965987E-005,8.967728604147851E-007,-8.708649147592951E-006,
2.496600000000000E+009,-1.235654417541809E-005,-1.700007487670519E-005,-4.709715722128749E-005,2.928889443865046E-005,
2.496633333333334E+009,2.628987203934230E-005,-2.622294414322823E-005,5.955379037914099E-006,-3.383880175533705E-005,
2.496666666666667E+009,-7.562268001493067E-005,-3.923053009202704E-005,-2.485856384737417E-005,-2.325649575141142E-006,
2.496700000000000E+009,8.042485205805861E-006,1.790745227481239E-005,-4.966303822584450E-005,2.064074760710355E-005,
2.496733333333334E+009,5.307443643687293E-006,-1.977811916731298E-005,5.001133467885666E-005,2.796323678921908E-005,
2.496766666666667E+009,-2.186955498473253E-006,-8.136013093462680E-006,-3.738779923878610E-005,-1.183131371362833E-005,
2.496800000000000E+009,1.184741358883912E-005,-2.221292743342929E-005,-4.429196997079998E-005,-1.754662298480980E-005,
2.496833333333334E+009,-7.310989076358965E-006,1.455754772905493E-005,2.821323505486362E-005,1.099484506994486E-006,
2.496866666666667E+009,3.794452277361415E-005,7.281394118763274E-006,-3.059959226447973E-006,4.570936653180979E-005,
2.496900000000000E+009,1.628428253752645E-005,-2.974023846036289E-005,-3.402676156838425E-005,-1.376324871671386E-005,
2.496933333333334E+009,-2.741266143857501E-005,-1.106229137803894E-005,-4.605826234183041E-006,-9.562827472109348E-006,
2.496966666666667E+009,5.047352533438243E-005,-2.955966738227289E-005,2.008872979786247E-005,-1.794380114006344E-005,
2.497000000000000E+009,-4.743540557683446E-005,-5.019803666073130E-006,-4.652712959796190E-005,-2.937233693955932E-005,
2.497033333333334E+009,-1.969898767129052E-005,-9.372638487548102E-006,9.313393093179911E-006,2.402787140454166E-005,
2.497066666666667E+009,5.164044978300808E-006,3.096116051892750E-005,-2.131987457687501E-005,-3.700931483763270E-005,
2.497100000000000E+009,-5.340213647286873E-006,2.879134444810916E-005,-2.915073491749354E-005,1.277965566259809E-005,
2.497133333333334E+009,7.569529770989902E-006,2.589890937088057E-005,1.396601601300063E-005,2.585174661362544E-005,
2.497166666666667E+009,1.057545944149751E-007,-4.717978754342767E-006,-3.801830098382197E-005,1.314483324676985E-005,
2.497200000000000E+009,-1.503085172771534E-006,1.106893432734069E-005,-3.571248453226872E-005,-2.963179213111289E-005,
2.497233333333334E+009,-5.596620030701160E-005,5.466011862154119E-005,-1.794542367861141E-005,2.272052006446756E-005,
2.497266666666667E+009,-1.486056044086581E-005,1.824914943426848E-005,-1.210654681926826E-005,2.392914211668540E-005,
2.497300000000000E+009,3.301660035504028E-005,3.905459743691608E-005,5.281412450131029E-005,9.404864613316022E-006,
2.497333333333334E+009,-1.190431066788733E-005,3.833610753645189E-005,-3.221321821911261E-005,2.939978367066942E-005,
2.497366666666667E+009,6.396157459676033E-006,-7.190209089458222E-006,-5.147459432919277E-006,-3.128830940113403E-005,
2.497400000000000E+009,1.530342706246302E-005,-6.677081728412304E-006,1.652625769565930E-006,-8.360896572412457E-006,
2.497433333333334E+009,-6.427312200685265E-006,-5.203492037253454E-005,1.491952298238175E-005,-8.290425284940284E-006,
2.497466666666667E+009,3.275505878264085E-005,5.516988312592730E-005,2.319626901226002E-006,1.029560280585429E-005,
2.497500000000000E+009,1.346059343632078E-005,4.013691432191990E-005,3.190854113199748E-005,2.235081774415448E-005,
2.497533333333334E+009,4.411601912579499E-005,1.418722149537643E-005,8.696774784766603E-006,2.905497785832267E-005,
2.497566666666667E+009,9.320511708210688E-006,-8.266524105238204E-007,2.828596734616440E-005,4.117803109693341E-005,
2.497600000000000E+009,2.489432154106908E-005,4.430290209711529E-005,3.550630208337680E-005,-2.504839130779146E-006,
2.497633333333334E+009,3.424886745051481E-005,3.961009133490734E-005,3.589655898394994E-005,-1.869813604571391E-005,
2.497666666666667E+009,-5.519603746506618E-006,5.167429480934516E-005,-2.365163163631223E-005,4.684675150201656E-005,
2.497700000000000E+009,-1.654527659411542E-005,2.882052831409965E-005,-2.373754614382051E-005,3.149010808556341E-005,
2.497733333333334E+009,-2.491540726623498E-005,-6.812665276356711E-008,3.693323378683999E-005,3.197882688255049E-005,
2.497766666666667E+009,2.229471101600211E-005,2.026069341809489E-005,2.098434379149694E-005,3.332578489789739E-005,
2.497800000000000E+009,3.776104858843610E-005,-8.512623935530428E-006,4.487808473641053E-005,-1.121073819376761E-005,
2.497833333333334E+009,5.405320189311169E-005,5.296650851960294E-005,-1.256057294085622E-005,2.913265961979050E-005,
2.497866666666667E+009,-5.836394484504126E-005,3.043805372726638E-005,-8.675796152601834E-007,1.826888001232874E-005,
2.497900000000000E+009,3.370870763319545E-005,5.603635145234875E-005,2.353452509851195E-005,2.762354415608570E-005,
2.497933333333334E+009,6.410662081179908E-006,-2.031194890150800E-005,2.933661016868427E-005,-7.377394013019512E-006,
2.497966666666667E+009,-2.361888982704841E-005,1.023837103275582E-005,-2.315477286174428E-005,-8.979600352176931E-007,
2.498000000000000E+009,4.979757795808837E-005,3.726076101884246E-005,4.116199761483586E-006,2.534765735617839E-005,
2.498033333333334E+009,-6.677575584035367E-006,1.066599543264601E-005,5.129427154315636E-005,3.301916876807809E-005,
2.498066666666667E+009,-4.115193223697133E-005,3.915230263373815E-005,2.401201163593214E-005,1.812762639019638E-005,
2.498100000000000E+009,-2.069217953248881E-005,-2.557642801548354E-005,1.539159893582109E-005,5.294254151522182E-005,
2.498133333333334E+009,-1.713219535304233E-005,5.108494224259630E-005,6.188753468450159E-005,-3.233494862797670E-005,
2.498166666666667E+009,-7.408154942822876E-006,5.117378168506548E-005,-9.841543032962363E-006,-1.910222272272222E-005,
2.498200000000000E+009,-1.228573728440097E-005,-2.100790334225167E-005,2.377075725235045E-005,1.693629565124866E-005,
2.498233333333334E+009,3.155623926431872E-005,9.818552825890947E-006,1.542941572552081E-005,4.152492692810483E-005,
2.498266666666667E+009,-2.056856465060264E-005,6.002469035593094E-006,7.346196071011946E-006,-3.466968337306753E-006,
2.498300000000000E+009,-1.079462072084425E-005,2.786767981888261E-005,-4.001576144219143E-006,-9.879923709377181E-006,
2.498333333333334E+009,-3.204606286999479E-007,7.811786417732947E-006,2.626509376568720E-005,7.778427971061319E-006,
2.498366666666667E+009,-2.657875256772968E-006,-4.616493242792785E-006,-2.019143039433402E-006,-9.609294465917628E-006,
2.498400000000000E+009,1.173008786281571E-005,1.449501723982394E-005,1.700349457678385E-005,-2.170329389628023E-005,
2.498433333333334E+009,1.978418731596321E-005,-3.614180968725123E-005,1.127858922700398E-005,2.165194564440753E-005,
2.498466666666667E+009,-4.942523446516134E-005,1.051041817845544E-005,1.240667734236922E-005,3.690805533551611E-005,
2.498500000000000E+009,4.084097599843517E-005,3.965972064179368E-005,5.063288335804828E-005,8.370594514417462E-006,
2.498533333333334E+009,4.952322342433035E-005,-1.229253939527553E-005,7.164502449086285E-007,-2.402746758889407E-005,
2.498566666666667E+009,-2.234660860267468E-005,3.711778481374495E-005,7.217254460556433E-005,-4.990820889361203E-005,
2.498600000000000E+009,-3.421094561417704E-006,-1.053049072652357E-005,6.371637027768884E-006,3.129310061922297E-005,
2.498633333333334E+009,-1.817488026745195E-008,-2.199128357460722E-005,1.237596825376386E-005,-1.200517090182984E-005,
2.498666666666667E+009,-9.347106129098393E-007,4.812048700841842E-006,1.910018909256905E-005,1.629862708796281E-005,
2.498700000000000E+009,3.910779560101219E-005,-3.940018723369576E-005,1.366521701129386E-005,-1.175604393210961E-005,
2.498733333333334E+009,-1.492649334977614E-005,-1.994804006244522E-005,3.597108843678143E-006,-3.305502832517959E-005,
2.498766666666667E+009,5.792988304165192E-005,-2.637555371620692E-005,-6.489982752100332E-006,-2.106967826875916E-007,
2.498800000000000E+009,-1.109513686969876E-005,-1.314361725235358E-005,-5.224949563853443E-005,1.740821971907280E-006,
2.498833333333334E+009,-2.826163472491317E-005,2.614789991639555E-005,-2.713778849283699E-005,-2.447591214149725E-005,
2.498866666666667E+009,-2.362402847211342E-005,-4.066979090566747E-005,1.769482423696900E-006,-3.360304253874347E-005,
2.498900000000000E+009,-3.900181036442518E-005,5.125658572069369E-005,4.525367330643348E-006,-5.982228321954608E-005,
2.498933333333334E+009,-4.842200360144489E-005,2.897060994655476E-006,-2.812119964801241E-005,-1.770324888639152E-005,
2.498966666666667E+009,-3.068080332013778E-005,-6.327841401798651E-005,-2.848379881470464E-005,2.359162499487866E-005,
2.499000000000000E+009,-3.769303930312162E-006,-1.160795181931462E-005,3.450575604801998E-005,-9.259179932996631E-006,
2.499033333333334E+009,2.614375080156606E-005,-1.185236669698497E-005,-1.109430377255194E-005,-4.180904579698108E-005,
2.499066666666667E+009,-1.375644615109195E-006,1.802212500479072E-005,-1.262461501028156E-005,-2.131222936441191E-005,
2.499100000000000E+009,7.070468200254254E-006,-2.637738180055749E-005,1.063768741005333E-005,5.567498192249332E-006,
2.499133333333334E+009,-1.251021899406624E-007,-1.906228681036737E-005,-3.657316847238690E-005,8.465438440907747E-006,
2.499166666666667E+009,1.515271833341103E-006,-1.332258034381084E-005,-9.849463822320104E-006,9.730704732646700E-006,
2.499200000000000E+009,-2.789661039059865E-006,-5.106210664962418E-005,-1.955753214133438E-005,1.835383409343194E-005,
2.499233333333334E+009,-2.053830030490644E-005,6.016241604811512E-005,9.809637958824169E-006,-3.004172867804300E-005,
2.499266666666667E+009,-2.911797764681978E-006,-5.898797098780051E-005,4.919408456771635E-005,6.909962394274771E-005,
2.499300000000000E+009,-3.214069874957204E-005,3.726355544131366E-006,-2.786922050290741E-005,2.411951390968170E-005,
2.499333333333334E+009,4.857793828705326E-005,-3.923552503692918E-005,-4.665520464186557E-006,-6.473141183960252E-006,
2.499366666666667E+009,-2.314078119525220E-005,-8.539675945939962E-006,-1.206114757223986E-005,-1.886885729618371E-005,
2.499400000000000E+009,3.636042492871638E-006,-4.623256609193049E-005,5.206994319451042E-005,-2.428819425404072E-005,
2.499433333333334E+009,1.838409298215993E-005,-5.141081055626273E-005,2.069858737741015E-006,-2.880471947719343E-005,
2.499466666666667E+009,-2.461680378473830E-005,3.302141340100206E-005,9.444089300814085E-006,3.425526665523648E-005,
2.499500000000000E+009,-1.039891049003927E-005,-2.436820250295568E-005,-2.515532833058387E-005,5.535343916562852E-006,
2.499533333333334E+009,6.452399702538969E-006,-1.267056904907804E-005,-1.827935420806170E-006,1.219332352775382E-005,
2.499566666666667E+009,-2.772028710751329E-005,-7.309919055842329E-006,1.902074836834800E-005,-2.704381222429220E-005,
2.499600000000000E+009,4.577741492539644E-005,-1.138496827479685E-005,-1.007926039164886E-005,-1.953272476384882E-005,
2.499633333333334E+009,-2.824615694407839E-005,9.471856174059212E-006,-1.362479997624178E-005,1.098808866117906E-006,
2.499666666666667E+009,-5.094376774650300E-006,1.043156134983292E-005,4.418724870447477E-007,1.166257516160840E-005,
2.499700000000000E+009,1.144881116488250E-005,-3.256284253438935E-005,-3.664311225293204E-005,-5.971826249151491E-005,
2.499733333333334E+009,1.926659933815245E-005,-5.959917416475946E-006,3.951786493416876E-005,-3.478091457509436E-006,
2.499766666666667E+009,5.875939314137213E-005,-5.076131856185384E-005,4.346979403635487E-005,-1.967226671695244E-005,
2.499800000000000E+009,-1.861825148807839E-005,4.849912147619762E-005,-1.245767998625524E-005,1.390470629303309E-006,
2.499833333333334E+009,8.383208296436351E-006,-3.204298263881356E-005,-3.854529950331198E-006,-5.841563688591123E-005,
2.499866666666667E+009,-8.177927156793885E-006,1.425681602995610E-005,-2.686316656763665E-005,-2.036946352745872E-005,
2.499900000000000E+009,2.507736098777968E-005,3.667704731924459E-005,1.742971107887570E-005,1.330025497736642E-005,
2.499933333333334E+009,4.606486254488118E-005,9.686330486147199E-006,-6.818302790634334E-005,-4.299356533010723E-006,
2.499966666666667E+009,-5.399032033892581E-006,-1.498412348155398E-005,-3.929981176042929E-005,-1.507503293396439E-005,
2.500000000000000E+009,-1.802956467145123E-005,-1.247063391929260E-005,2.943008257716429E-005,-4.630234616342932E-005,
