% Version 1.00
%
%freq[Hz];re:Trc1_S21;im:Trc1_S21;re:Trc2_S12;im:Trc2_S12;
2.480000000000000E+009,5.836793934577145E-005,8.663632615935057E-005,-1.631388113310095E-005,3.810415364569053E-005,
2.480033333333334E+009,1.894399792945478E-005,7.196278602350503E-005,-1.045721205628070E-006,4.491307845455594E-005,
2.480066666666667E+009,-9.483173016633373E-006,2.702286838029977E-005,-1.498124674981227E-005,2.933770338131581E-005,
2.480100000000000E+009,3.108337477897294E-005,4.021841232315637E-005,3.237348209950142E-005,4.747824277728796E-005,
2.480133333333334E+009,2.568166019045748E-005,5.916545705986209E-005,5.379029607865959E-005,7.727713091298938E-005,
2.480166666666667E+009,5.306724779075012E-005,5.027428051107563E-005,-9.115466127695981E-006,4.762367211696983E-007,
2.480200000000000E+009,4.702782825916074E-005,3.705343260662630E-005,1.255275719813653E-006,5.874112321180292E-005,
2.480233333333334E+009,5.202917236601934E-005,2.710913759074174E-005,1.308219179918524E-005,1.902957774291281E-005,
2.480266666666667E+009,-2.724352270888630E-005,5.804053944302723E-005,4.895262827631086E-005,1.959386281669140E-005,
2.480300000000000E+009,3.497135185170919E-005,4.384047861094587E-005,2.067449531750754E-005,1.772197902027983E-005,
2.480333333333334E+009,-1.142093060479965E-005,3.702698086271994E-005,1.137378967541736E-005,8.281889677164145E-006,
2.480366666666667E+009,3.871737862937152E-005,1.033218813972781E-005,2.435388341837097E-005,4.013603756902739E-005,
2.480400000000000E+009,7.462249050149694E-005,7.876804738771170E-005,2.997182127728593E-005,2.798652531055268E-005,
2.480433333333334E+009,-1.092144611902768E-005,3.894708424923010E-005,-5.832277565787081E-006,4.878746403846890E-005,
2.480466666666667E+009,3.925245255231857E-005,7.512675801990554E-005,1.867393439169973E-005,4.009895565104671E-005,
2.480500000000000E+009,3.234868199797347E-005,7.091593579389155E-005,6.372647476382554E-005,-3.156254388159141E-005,
2.480533333333334E+009,2.607906571938656E-005,4.550245284917764E-005,6.159454642329365E-005,7.439982437063009E-005,
2.480566666666667E+009,-1.549856824567542E-005,2.449363273626659E-005,2.071650669677183E-005,5.528601468540728E-005,
2.480600000000000E+009,3.819113408098929E-005,6.574069630005397E-006,4.165682912571356E-005,-2.969349452541792E-006,
2.480633333333334E+009,6.616126484004781E-005,7.422351700370200E-006,6.577046860911651E-006,1.146967115346342E-004,
2.480666666666667E+009,-7.181085948104737E-006,1.779596641426906E-005,4.440564589458518E-005,4.159554373472929E-005,
2.480700000000000E+009,-1.974146471184213E-005,1.446030523766240E-006,8.505525329383090E-005,6.166836101328954E-005,
2.480733333333334E+009,5.171861266717315E-005,3.748387825908139E-005,4.808893208974041E-005,-4.023429210064933E-005,
2.480766666666667E+009,9.570153451932129E-006,3.731199103640392E-005,5.521446291822940E-005,4.799729140358977E-005,
2.480800000000000E+009,8.493739005643874E-005,1.700330722087529E-005,3.889865911332890E-005,4.563420588965528E-005,
2.480833333333334E+009,5.939456968917511E-005,3.243435639888048E-005,1.349587637378136E-005,4.349368100520223E-005,
2.480866666666667E+009,7.591503526782617E-005,5.225444692769088E-005,5.395201151259244E-005,4.553390317596495E-005,
2.480900000000000E+009,3.991599078290165E-005,3.026058220712002E-005,3.684420880745165E-005,5.145617978996597E-005,
2.480933333333334E+009,4.789826562046073E-005,2.204701559094247E-005,6.726563879055902E-005,6.770499749109149E-005,
2.480966666666667E+009,3.273303082096390E-005,2.985825813084375E-005,6.960734754102305E-005,6.294611375778914E-005,
2.481000000000000E+009,5.500893530552276E-005,-2.061496161331888E-005,6.556633161380887E-005,5.492360651260242E-005,
2.481033333333334E+009,7.103928510332480E-005,3.914097032975406E-005,3.053790351259522E-005,3.636131441453472E-005,
2.481066666666667E+009,4.527561395661905E-005,-2.556393337727059E-005,4.691856156568974E-005,3.904737241100520E-005,
2.481100000000000E+009,6.928932998562232E-005,-1.591412910784129E-005,6.493880937341601E-005,-1.221027196152136E-005,
2.481133333333334E+009,2.735099405981600E-005,3.022508644789923E-005,7.038264448055998E-005,3.396576721570455E-005,
2.481166666666667E+009,-4.406955667946022E-006,7.042990546324290E-006,1.884325865830760E-005,-5.825894186273217E-005,
2.481200000000000E+009,5.475822035805322E-005,7.580391866213176E-006,8.768446423346177E-005,3.898452268913388E-005,
2.481233333333334E+009,5.552991569857113E-005,1.883481127151754E-005,4.096590055269189E-005,2.399132790742442E-005,
2.481266666666667E+009,2.398971992079169E-005,1.762492502166424E-005,7.010046829236671E-005,1.811075708246790E-005,
2.481300000000000E+009,1.977650208573323E-005,-1.724250796542037E-005,5.353902088245377E-005,-2.867447437893134E-005,
2.481333333333334E+009,1.097050553653389E-004,-6.067594222258776E-005,7.369936793111265E-005,-1.196476750919828E-005,
2.481366666666667E+009,4.694306699093431E-005,2.471440348017495E-005,4.132118920097128E-005,3.573930200673203E-007,
2.481400000000000E+009,4.027241811854765E-005,2.406392377451994E-005,5.722157584386878E-005,-3.859194112010300E-005,
2.481433333333334E+009,7.017298776190728E-005,-2.584887397460989E-006,2.760114148259163E-005,1.724075991660357E-005,
2.481466666666667E+009,6.045160989742726E-005,-2.269527431053575E-005,3.423752787057310E-005,5.957976554782363E-006,
2.481500000000000E+009,1.038790142047219E-004,-7.973960236995481E-006,8.116858953144401E-005,-6.882841989863664E-005,
2.481533333333334E+009,3.633782034739852E-005,2.863188910851022E-006,4.792588151758537E-005,2.424128433631267E-005,
2.481566666666667E+009,6.453061359934509E-005,2.097955075441860E-005,6.467958883149549E-005,7.488065421057399E-006,
2.481600000000000E+009,3.685645424411632E-005,7.176244980655611E-005,7.622774865012616E-005,-4.766242454934400E-006,
2.481633333333334E+009,6.631064752582461E-005,3.533796473220718E-007,4.325375630287454E-005,8.825935765344184E-006,
2.481666666666667E+009,5.264965147944167E-005,-2.475596556905657E-005,5.881342440261506E-005,-6.267926437431015E-006,
2.481700000000000E+009,2.146885708498303E-005,4.922595962852938E-006,3.763222775887698E-005,-3.333269705763087E-005,
2.481733333333334E+009,8.898203668650240E-005,-2.630540257086977E-005,5.424536357168108E-005,1.081566733773798E-005,
2.481766666666667E+009,9.012875671032816E-005,-2.907355701609049E-005,2.245367068098858E-005,-2.592458258732222E-005,
2.481800000000000E+009,6.951713294256479E-005,2.863679401343688E-005,2.793667954392731E-005,-5.284077997202985E-005,
2.481833333333334E+009,4.901935972156934E-005,4.463478035177104E-006,8.145634637912735E-005,-2.013891753449570E-005,
2.481866666666667E+009,4.087924025952816E-005,-9.075423804461025E-006,8.219130540965125E-005,1.195397453557234E-005,
2.481900000000000E+009,1.081432710634545E-004,-8.730038825888187E-005,5.670144309988245E-005,-3.085215212195180E-005,
2.481933333333334E+009,3.119005486951210E-005,-1.726733171381056E-005,1.878473267424852E-005,-7.747932249912992E-005,
2.481966666666667E+009,3.619167182478122E-005,-5.347326805349439E-005,2.803750248858705E-005,4.204742253932636E-006,
2.482000000000000E+009,2.083832259813789E-005,-7.662535062991083E-005,1.093021273845807E-005,2.646834673214471E-006,
2.482033333333334E+009,5.619438161375001E-005,-1.207636250910582E-005,3.091830149060115E-005,-3.117633241345175E-005,
2.482066666666667E+009,7.132718747016043E-005,-4.010200063930824E-005,4.142155012232252E-005,2.826565832947381E-006,
2.482100000000000E+009,3.565393853932619E-005,-3.805490996455774E-005,2.583443529147189E-005,-1.390622855979018E-005,
2.482133333333334E+009,2.275203769386280E-005,-7.397580702672713E-006,2.818364919221494E-005,-3.569257023627870E-005,
2.482166666666667E+009,4.779414666700177E-005,-3.163196879540919E-006,1.078221321222372E-004,-6.791854684706777E-005,
2.482200000000000E+009,1.286449878534768E-005,-4.341206658864394E-005,4.331869422458112E-005,-4.837739106733352E-005,
2.482233333333334E+009,1.023173535941169E-005,-7.678289694013074E-005,6.175076123327017E-005,-5.439283631858416E-005,
2.482266666666667E+009,1.011337371892296E-005,-2.128775486198720E-005,-1.481933759350795E-005,-3.279342126916163E-005,
2.482300000000000E+009,5.902252814848907E-005,2.232704173366074E-005,-2.167539969377685E-005,-4.947170236846432E-005,
2.482333333333334E+009,3.454936449998058E-005,-6.467978528235108E-005,2.487516394467093E-005,-5.193522520130500E-005,
2.482366666666667E+009,-2.046140252787154E-006,-5.003072146791965E-005,2.895739089581184E-005,-7.773963443469256E-005,
2.482400000000000E+009,1.844978032750078E-005,-5.316918759490363E-005,-2.748206861724611E-005,-1.333682394033531E-005,
2.482433333333334E+009,2.804777250275947E-005,-5.231115210335702E-005,7.255772652570158E-005,-1.401091594743775E-005,
2.482466666666667E+009,1.905570570670534E-005,-3.721874600159936E-005,2.618686266941950E-005,-6.757574010407552E-005,
2.482500000000000E+009,4.759338116855361E-005,1.404116301273461E-005,4.534943218459375E-005,-7.633903442183510E-005,
2.482533333333334E+009,9.876663534669206E-005,-6.342627602862194E-005,-2.876514008676168E-005,-1.428564246452879E-005,
2.482566666666667E+009,-1.637842433410697E-005,4.393653580336832E-005,-2.996278908540262E-006,-3.163034125464037E-005,
2.482600000000000E+009,-5.551561844185926E-005,-7.237008685478941E-005,4.421716221258976E-005,-8.430969319306314E-005,
2.482633333333334E+009,1.405095008522039E-005,-3.860015203827061E-005,2.681171099538915E-005,-5.342935764929280E-005,
2.482666666666667E+009,-2.927196646851371E-006,-3.217600897187367E-005,-1.851913111750037E-005,-5.527201210497879E-005,
2.482700000000000E+009,2.575686812633649E-005,-8.902246918296441E-005,4.113968316232786E-006,-4.406048174132593E-005,
2.482733333333334E+009,1.884406992758159E-005,-8.661140600452200E-005,-7.895206363173202E-005,-8.294260624097660E-005,
2.482766666666667E+009,4.536091364570893E-005,-6.712108734063804E-005,-9.100335773837287E-006,-8.008741133380681E-005,
2.482800000000000E+009,2.399473305558786E-005,-7.787946378812194E-005,-1.483084906794829E-005,-6.712008325848728E-005,
2.482833333333334E+009,-3.908654889528407E-006,-7.500963693019003E-005,6.051548189134337E-005,-5.850594243383966E-005,
2.482866666666667E+009,3.093643317697570E-005,-6.614110316149890E-005,-2.838950786099304E-005,-8.113497460726649E-005,
2.482900000000000E+009,-1.998422885662876E-005,-3.835798270301893E-005,-2.167390675822389E-006,-8.169041393557563E-005,
2.482933333333334E+009,-7.103013558662497E-006,-4.297040504752658E-005,1.207676723424811E-005,-8.317919855471700E-005,
2.482966666666667E+009,-1.741477899486199E-005,-9.643717203289270E-005,-2.202956011387869E-006,-8.512049680575728E-005,
2.483000000000000E+009,2.805461554089561E-005,-4.587207877193578E-005,-2.964488339785021E-005,-9.605343075236306E-005,
2.483033333333334E+009,-3.967922384617850E-005,-7.237082900246605E-005,-5.172097735339776E-005,-2.410171327937860E-005,
2.483066666666667E+009,-3.718700463650748E-005,-2.154194589820691E-005,-1.119435455620987E-005,-5.708260505343787E-005,
2.483100000000000E+009,-9.857241821009666E-006,-3.024513716809452E-005,-2.478062197042164E-005,-1.003301804303192E-005,
2.483133333333334E+009,-2.093181683449075E-005,-2.695218427106738E-005,-8.480781980324537E-005,2.624112994453753E-006,
2.483166666666667E+009,-4.039455234305933E-005,-8.053927740547806E-005,-5.007481013308279E-005,-8.132739458233118E-005,
2.483200000000000E+009,2.493463216524106E-005,-6.629379640799016E-005,-1.483426785853226E-005,-9.803763532545418E-005,
2.483233333333334E+009,-3.544405262800865E-005,-4.683241058955900E-005,-3.308665327494964E-005,-6.587855023099110E-005,
2.483266666666667E+009,-1.834545764722861E-005,-6.966599903535098E-005,3.564553708201856E-006,-2.437505827401765E-005,
2.483300000000000E+009,-2.150186446669977E-005,-5.738774780184031E-005,-2.198394940933213E-005,-3.728856609086506E-005,
2.483333333333334E+009,1.124061964219436E-005,-6.097767618484795E-005,-9.104422133532353E-006,-6.163123180158436E-005,
2.483366666666667E+009,-6.468793435487896E-005,-6.514593405881897E-005,6.108161869633477E-006,-1.236573189089540E-005,
2.483400000000000E+009,-2.298576146131381E-005,-5.334764500730671E-005,-1.395511844748398E-006,-5.270876499707811E-005,
2.483433333333334E+009,-4.910455027129501E-005,-6.368773756548762E-005,-8.725724910618737E-006,-9.211719589075074E-005,
2.483466666666667E+009,-2.068671392407850E-006,-7.121756789274514E-005,-8.258479283540510E-006,-7.656887464690954E-005,
2.483500000000000E+009,3.892799043114792E-007,-4.192766937194392E-005,-5.944570148130879E-005,-3.193550583091565E-005,
2.483533333333334E+009,6.428078449971508E-006,1.785485073924065E-005,-5.711103949579410E-005,-1.425964092049981E-005,
2.483566666666667E+009,-2.023444721999113E-005,-9.398455586051568E-005,-5.640436938847415E-005,-1.212417100759922E-005,
2.483600000000000E+009,-3.885720434482209E-005,-4.757084752782248E-005,-3.775759523705347E-006,-3.908274084096775E-005,
2.483633333333334E+009,-1.749738839862403E-005,-4.676248863688670E-005,-3.722478868439794E-005,-4.611057738657109E-005,
2.483666666666667E+009,-5.860738383489661E-005,-8.405847438552883E-006,-2.328941445739474E-005,-1.692671503406018E-005,
2.483700000000000E+009,-4.336557321948931E-005,-4.564995106193237E-005,-4.334461118560284E-005,-7.963698590174317E-005,
2.483733333333334E+009,-5.593100650003180E-005,-4.871005785389571E-006,-5.603084446192952E-006,1.002782028081128E-005,
2.483766666666667E+009,-9.177349420497194E-005,-5.795597098767757E-005,-6.740727985743433E-005,-7.600454409839585E-006,
2.483800000000000E+009,-4.609347524819896E-005,-3.805747473961674E-005,-3.813001967500895E-005,-6.541566108353436E-005,
2.483833333333334E+009,-5.318324110703543E-005,-2.894792487495579E-005,-4.267463009455241E-005,-4.420630284585059E-005,
2.483866666666667E+009,-4.338053986430168E-005,6.346089321596082E-006,6.412358288798714E-006,-4.937509220326319E-005,
2.483900000000000E+009,-5.399826841312461E-005,-3.758495222427882E-005,-3.471781383268535E-005,-5.964693173154956E-006,
2.483933333333334E+009,-4.976842319592834E-005,-7.746607298031449E-005,-3.854056194541045E-005,4.168391023995355E-005,
2.483966666666667E+009,-7.288067081390182E-006,1.152502863988048E-005,-8.259744936367497E-005,-4.109432848053984E-005,
2.484000000000000E+009,-2.367544402659405E-005,-1.885120400402229E-005,-2.509956357243937E-005,-3.243568789912388E-005,
2.484033333333334E+009,-3.177097460138612E-005,1.492064825470152E-006,-8.315797458635643E-005,-9.479359505348839E-006,
2.484066666666667E+009,-7.230164192151278E-005,-1.116141447710106E-005,-3.239812940591946E-005,-4.806433935300447E-006,
2.484100000000000E+009,-8.110767521429807E-005,-5.601531665888615E-005,-4.692817310569808E-005,-2.331731047888752E-005,
2.484133333333334E+009,-2.482903073541820E-005,-1.680624154687394E-005,-8.407649147557095E-005,-2.971761023218278E-005,
2.484166666666667E+009,-3.017189374077134E-005,-3.071272294619121E-005,-3.099039167864248E-005,6.731213034072425E-006,
2.484200000000000E+009,-3.437092527747154E-005,3.412255318835378E-005,-4.931330840918236E-005,-1.159456860477803E-005,
2.484233333333334E+009,-6.086969733587466E-005,-9.451829100726172E-006,-4.730925502371974E-005,1.354360028926749E-005,
2.484266666666667E+009,-2.230916470580269E-005,-1.327527479588753E-005,-5.032079934608191E-005,-4.741263182950206E-006,
2.484300000000000E+009,-2.932119059551042E-005,-9.471462544752285E-005,-5.266160951578058E-005,-3.531425682012923E-005,
2.484333333333334E+009,-6.249632133403793E-005,1.744583823892754E-005,-3.576877134037204E-005,-9.836016943154391E-006,
2.484366666666667E+009,-1.599319330125582E-005,2.425599450361915E-005,-4.060423816554248E-005,-2.027603113674559E-005,
2.484400000000000E+009,-1.375843839923618E-005,7.684192496526521E-006,-3.244774416089058E-005,-8.016177162062377E-006,
2.484433333333334E+009,-6.158289033919573E-005,1.416555733158020E-005,4.125723535253201E-006,-1.973717371583916E-005,
2.484466666666667E+009,-8.197445276891813E-005,3.441083663346944E-006,-5.757087274105288E-005,4.371210707176942E-006,
2.484500000000000E+009,-4.090157381142490E-005,-5.676050932379440E-006,-1.692750083748251E-005,9.994193533202633E-006,
2.484533333333334E+009,-8.766536484472454E-005,-2.053778734989464E-005,-1.309910203417530E-005,4.707492189481854E-005,
2.484566666666667E+009,1.048430749506224E-005,6.683457286271732E-006,-6.047257193131372E-005,-2.711057095439173E-005,
2.484600000000000E+009,-5.092102583148517E-005,4.181409531156533E-005,-2.629400478326716E-005,-7.600919161632191E-006,
2.484633333333334E+009,-4.322700624470599E-005,-1.963311842700932E-005,-6.179886986501515E-005,1.330904524365906E-005,
2.484666666666667E+009,-7.056198228383437E-005,3.784176806220785E-005,-1.504860574641498E-005,6.273489816521760E-007,
2.484700000000000E+009,-7.563571125501767E-005,1.903989686979912E-005,-5.486476948135532E-005,2.073017094517127E-005,
2.484733333333334E+009,-1.125314247474307E-005,2.569958451204002E-005,-4.683160659624264E-005,1.015313318930566E-005,
2.484766666666667E+009,-2.959617813758086E-005,3.886323247570545E-005,-1.065119886334287E-005,5.675217107636854E-005,
2.484800000000000E+009,-5.375605906010605E-005,8.310461453220341E-006,-3.312337867100723E-005,1.033018452289980E-005,
2.484833333333334E+009,2.027800064752228E-006,-3.032150925719179E-005,-2.266928277094849E-005,-3.183623630320653E-005,
2.484866666666667E+009,-5.653520565829240E-005,-3.211299599570339E-006,-1.686836003500503E-005,6.050627416698262E-005,
2.484900000000000E+009,-4.220338450977579E-005,-9.500786291027907E-006,-4.709361382992938E-005,3.297286821180023E-005,
2.484933333333334E+009,-2.574362042651046E-005,2.701376251934562E-005,-1.710009019006975E-005,1.461114061385160E-005,
2.484966666666667E+009,-7.243634172482416E-005,5.681633774656802E-005,-5.901537224417552E-005,3.774439028347842E-005,
2.485000000000000E+009,-3.770194598473609E-005,-4.793881089426577E-006,3.909215956809931E-005,5.605510887107812E-005,
2.485033333333334E+009,-2.573160054453183E-005,1.721722037473228E-005,-1.532277565274853E-005,1.053998585121008E-005,
2.485066666666667E+009,3.107935845036991E-005,6.896690319990739E-005,-3.225855834898539E-005,-1.240863548446214E-005,
2.485100000000000E+009,1.678326589171775E-005,5.257025259197690E-005,-3.602524520829320E-005,-1.540612356620841E-005,
2.485133333333334E+009,-3.985867078881711E-005,2.770705577859189E-005,-5.162491652299650E-005,4.167855149717070E-005,
2.485166666666667E+009,-2.268321077281144E-005,8.504793186148163E-006,-2.184962977480609E-005,3.473259494057857E-005,
2.485200000000000E+009,1.143710960604949E-005,4.032215292681940E-005,-6.799378752475604E-005,5.404443436418660E-005,
2.485233333333334E+009,-2.836246267179376E-006,3.657382330857217E-005,-3.933188418159261E-005,1.270403390662978E-005,
2.485266666666667E+009,1.410111963195959E-005,2.525688250898384E-005,-2.146527003787924E-005,6.576652231160551E-005,
2.485300000000000E+009,1.549355147290044E-005,1.437385435565375E-005,1.803502163966186E-005,1.350246293441160E-005,
2.485333333333334E+009,-1.505055661255028E-005,7.546425331383944E-005,-1.068508026946802E-005,2.585917900432833E-005,
2.485366666666667E+009,-3.112271588179283E-005,4.669983536587097E-005,-6.287927476478217E-007,5.420721936388873E-005,
2.485400000000000E+009,-6.681145896436647E-005,6.471783854067326E-005,-4.134490882279351E-005,4.534923573373817E-005,
2.485433333333334E+009,-6.027246399753494E-006,-8.751211680646520E-006,-6.097283039707691E-005,3.362624556757510E-005,
2.485466666666667E+009,1.329305086983368E-005,-2.983852209581528E-005,-1.843603240558878E-005,5.802935993415304E-005,
2.485500000000000E+009,-1.044607233779971E-005,3.062876567128114E-005,-7.618332165293396E-005,6.145140650914982E-005,
2.485533333333334E+009,-3.684964394778945E-005,5.180012158234604E-005,-1.076593525795033E-005,1.817307020246517E-005,
2.485566666666667E+009,2.750906787696295E-005,-1.384695497108623E-005,1.373597206111299E-005,1.754164441081230E-005,
2.485600000000000E+009,-3.412873047636822E-005,5.377641355153173E-005,-7.073563210724387E-006,8.179870928870514E-005,
2.485633333333334E+009,8.072571290540509E-006,4.145954517298378E-005,1.801123471523169E-005,4.347397771198303E-005,
2.485666666666667E+009,-1.176453952211887E-005,-4.570090823108330E-006,2.565535578469280E-005,7.915623427834362E-005,
2.485700000000000E+009,-4.086842818651348E-005,4.576100036501885E-005,1.685255847405642E-005,4.470822386792861E-005,
2.485733333333334E+009,-1.550124579807743E-005,5.047277227276936E-005,-1.024850826070178E-005,1.347424495179439E-005,
2.485766666666667E+009,3.417976768105291E-005,4.055980389239267E-005,1.764907938195393E-005,2.213155858044047E-005,
2.485800000000000E+009,2.136493276339024E-005,5.841815800522454E-005,1.334406442765612E-005,6.991566624492407E-005,
2.485833333333334E+009,-1.980161687242799E-005,8.486445585731417E-005,-3.528692832333036E-005,8.269982208730653E-005,
2.485866666666667E+009,-2.379041507083457E-005,5.967272227280773E-005,3.086073775193654E-005,4.253278893884271E-005,
2.485900000000000E+009,4.232430364936590E-005,3.406505493330769E-005,1.765541674103588E-005,7.549969450337812E-005,
2.485933333333334E+009,-2.449103249091422E-006,7.956957415444776E-005,2.497935020073783E-005,3.044577169930562E-005,
2.485966666666667E+009,-1.382993923471076E-005,9.957390284398571E-005,1.373798386339331E-005,3.923098120139912E-005,
2.486000000000000E+009,-1.622274066903628E-005,-1.390842044202145E-006,5.126061296323314E-005,5.390480146161281E-005,
2.486033333333334E+009,4.690358764491975E-006,1.397476989950519E-005,3.076452412642539E-005,-4.898253337159986E-006,
2.486066666666667E+009,-4.521987648331560E-005,1.048371632350609E-005,-7.202650067483774E-006,8.840281225275248E-006,
2.486100000000000E+009,1.244337909156457E-005,8.751422865316272E-005,-1.615503970242571E-005,3.996031955466606E-005,
2.486133333333334E+009,5.292560672387481E-005,3.014036337845027E-005,-2.963536462630145E-005,6.743462290614843E-005,
2.486166666666667E+009,9.289023182645906E-006,2.765082899713889E-005,3.271560490247794E-005,3.329277751618065E-005,
2.486200000000000E+009,-3.383373768883757E-005,1.041601080942201E-005,1.660630800870422E-006,3.964691495639272E-005,
2.486233333333334E+009,1.028014503390295E-005,2.056428274954669E-005,1.148850060417317E-005,1.732781674945727E-005,
2.486266666666667E+009,-1.059737951436546E-005,9.534440323477611E-005,5.440584573079832E-005,4.949391586706042E-005,
2.486300000000000E+009,1.382581194775412E-005,-8.485882972308900E-006,6.386113091139123E-005,4.452357825357467E-005,
2.486333333333334E+009,7.072206062730402E-005,-1.922268637599700E-007,4.496792826103047E-005,-1.937106935656630E-005,
2.486366666666667E+009,6.865011528134346E-005,9.822565516515169E-006,2.603118446131703E-005,5.559005876420997E-005,
2.486400000000000E+009,1.891081410576589E-005,6.633996235905215E-005,2.814348408719525E-005,1.439545212633675E-005,
2.486433333333334E+009,1.615189648873638E-005,1.192067611555103E-005,2.152853267034516E-005,4.525668919086456E-005,
2.486466666666667E+009,4.248880213708617E-005,1.726413938740734E-005,1.375235933664953E-005,4.040978456032462E-005,
2.486500000000000E+009,5.003419937565923E-005,2.082562605210114E-005,-1.760605482559186E-005,5.754326048190706E-005,
2.486533333333334E+009,3.369282785570249E-005,1.896834146464244E-005,2.611781746963970E-005,4.513484236667864E-005,
2.486566666666667E+009,2.964935993077233E-005,7.163219561334699E-005,4.421317498781718E-006,1.941619666467886E-005,
2.486600000000000E+009,4.227902536513284E-005,-4.417770469444804E-006,3.262916288804263E-005,1.992126271943562E-005,
2.486633333333334E+009,3.293477493571118E-005,4.690360947279260E-005,3.544396531651728E-005,2.424541708023753E-005,
2.486666666666667E+009,3.073155312449671E-005,2.413983384030871E-005,3.846783511107788E-005,2.791771839838475E-005,
2.486700000000000E+009,2.379088982706890E-005,-1.800239624571987E-005,1.085258736566175E-005,-7.375878340099007E-006,
2.486733333333334E+009,3.819151243078522E-005,1.795614480215590E-005,2.536139618314337E-005,3.883416866301559E-005,
2.486766666666667E+009,1.954659410330351E-006,4.970595182385296E-005,6.084580491005909E-006,3.003771416842938E-005,
2.486800000000000E+009,-1.339162190561183E-005,1.266412255063187E-005,2.156427399313543E-005,2.339621823921334E-005,
2.486833333333334E+009,5.255406904325355E-006,1.705205249891151E-005,-2.043799213424791E-006,6.475423560914351E-006,
2.486866666666667E+009,9.287500142818317E-005,6.640744686592370E-005,2.008254159591161E-005,6.967346962483134E-006,
2.486900000000000E+009,7.513602031394839E-005,5.068851896794513E-005,7.513945092796348E-006,2.305005000380334E-005,
2.486933333333334E+009,5.803347448818386E-005,3.048203143407591E-005,6.305204806267284E-006,-5.127477925270796E-005,
2.486966666666667E+009,-1.762625834089704E-005,-4.716009061667137E-005,-1.742644712976471E-006,2.510125887056347E-005,
2.487000000000000E+009,5.912298001931049E-005,4.519320282270201E-005,8.478705422021449E-005,1.660137240833137E-005,
2.487033333333334E+009,4.129866283619776E-005,2.695180046430323E-005,-5.632356533169514E-006,5.149287062522490E-006,
2.487066666666667E+009,5.715054430766031E-005,1.767727781043504E-006,2.694332943065092E-005,6.456446135416627E-005,
2.487100000000000E+009,3.824361920123920E-005,1.106120453187032E-005,6.675747135886923E-005,4.380989412311465E-005,
2.487133333333334E+009,9.863942977972329E-005,3.895560803357512E-005,3.188819027855061E-005,1.090047589968890E-005,
2.487166666666667E+009,-1.982073445105925E-005,4.311013981350698E-005,-4.174967671133345E-006,3.572005152818747E-005,
2.487200000000000E+009,2.619419865368400E-005,6.095262870076112E-005,4.638208338292316E-005,-2.156258778995834E-005,
2.487233333333334E+009,3.366605960763991E-005,-2.542107495173696E-006,1.989532029256225E-005,-1.620611510588788E-005,
2.487266666666667E+009,7.153165643103421E-005,1.083915049093776E-005,2.178676004405133E-005,-2.086014501401223E-005,
2.487300000000000E+009,8.664643246447668E-006,-4.524009455053601E-006,1.457769121770980E-005,-9.812655434870976E-007,
2.487333333333334E+009,6.679280886601191E-006,-8.406414963246789E-006,-1.908205831568921E-006,-2.828076685545966E-005,
2.487366666666667E+009,2.935734119091649E-005,-1.866639104264323E-005,5.989562487229705E-005,-1.103999602491967E-005,
2.487400000000000E+009,3.822549479082227E-005,-2.905529618146829E-005,5.552221409743652E-005,-2.125165701727383E-005,
2.487433333333334E+009,3.958040178986266E-005,-2.151696935470682E-005,5.912100459681824E-005,-3.104551433352754E-005,
2.487466666666667E+009,2.625883826112840E-005,-3.611947613535449E-005,6.939960439922288E-005,-5.681879429175751E-006,
2.487500000000000E+009,6.393531657522544E-005,-2.054852848232258E-005,1.510048878117232E-005,7.056901722535258E-006,
2.487533333333334E+009,2.815321931848303E-005,-2.745966594375204E-005,1.937041633937042E-005,-2.276818486279808E-005,
2.487566666666667E+009,4.942723899148405E-005,-1.398608401359525E-005,6.625990499742329E-005,-3.968819873989560E-005,
2.487600000000000E+009,1.188561873277649E-005,-1.004354453471024E-005,7.490435382351279E-005,-3.034366818610579E-005,
2.487633333333334E+009,1.074909232556820E-004,8.649233677715529E-006,2.115237839461770E-005,-2.148877319996245E-005,
2.487666666666667E+009,-4.818735305889277E-006,5.092297215014696E-006,5.384879386838293E-006,-1.445997986593284E-005,
2.487700000000000E+009,2.893170130846556E-005,-5.982699804008007E-005,6.685955304419622E-005,2.010444586630911E-005,
2.487733333333334E+009,1.086749398382381E-004,-8.949096809374169E-006,2.332297117391136E-005,-1.959253131644800E-005,
2.487766666666667E+009,-1.756333767843898E-005,-6.181997014209628E-005,6.344931898638606E-005,-1.581918513693381E-005,
2.487800000000000E+009,-2.979290366056375E-005,-8.964399967226200E-006,-2.410254637652542E-006,-3.598373587010428E-005,
2.487833333333334E+009,3.725903661688790E-005,1.406786509505764E-006,5.032852641306818E-005,-6.384320295182988E-005,
2.487866666666667E+009,6.840483547421172E-005,-6.510614912258461E-005,1.985674134630244E-005,-1.869477273430675E-005,
2.487900000000000E+009,-1.807214903237764E-005,3.276844654465094E-005,4.243049988872372E-005,-4.246797288942616E-006,
2.487933333333334E+009,2.113573373208055E-006,1.952177444763947E-005,8.557143883081153E-005,-4.349911250756122E-005,
2.487966666666667E+009,3.524569910950959E-005,-2.507924182282295E-005,1.228994005941786E-005,-4.436974995769560E-005,
2.488000000000000E+009,-1.470520237489836E-005,-2.191628118453082E-005,2.662707083800342E-005,8.654008524899837E-006,
2.488033333333334E+009,5.703368151444010E-005,-4.820435788133182E-005,-1.884098310256377E-005,-5.271995541988872E-005,
2.488066666666667E+009,3.469004150247201E-005,-5.549410343519412E-005,1.115036775445333E-005,-1.943454435604508E-006,
2.488100000000000E+009,-3.268666841904633E-005,-8.941510714066681E-006,1.487009740230860E-005,-8.296708074340131E-006,
2.488133333333334E+009,2.281380511703901E-005,-4.249982157489285E-005,1.655941741773859E-005,-2.354394200665411E-005,
2.488166666666667E+009,3.436595579842106E-005,3.662330755105359E-006,2.723289799178019E-005,2.089529880322516E-005,
2.488200000000000E+009,2.252010381198488E-005,-9.388397302245721E-005,6.614370067836717E-005,-3.476556958048604E-005,
2.488233333333334E+009,1.030219664244214E-005,-2.800759102683514E-005,4.531013928499306E-007,-8.962016727309674E-005,
2.488266666666667E+009,3.782714702538215E-005,-3.058039874304086E-005,2.602304266474675E-005,-2.534886516514234E-005,
2.488300000000000E+009,2.887659093175898E-006,-8.418431207246613E-006,1.108245942305075E-005,-1.365357911708998E-005,
2.488333333333334E+009,3.420571738388389E-005,6.679234047624050E-006,2.313359073013999E-005,-5.729092299588956E-005,
2.488366666666667E+009,2.242942355223931E-005,-4.700277713709511E-005,2.007675720960833E-005,-4.483440352487378E-005,
2.488400000000000E+009,7.042080687824637E-005,-5.298441828927025E-005,3.578767427825369E-005,-2.715279515541624E-005,
2.488433333333334E+009,4.117620483157225E-005,-5.527561006601900E-005,3.445488619036041E-005,-2.445517202431802E-005,
2.488466666666667E+009,-2.583582681836560E-005,2.159861196560087E-006,3.650957296486013E-005,-1.348050682281610E-005,
2.488500000000000E+009,2.196869172621518E-005,-6.282467074925080E-005,2.245809992018621E-005,-2.565613067417871E-005,
2.488533333333334E+009,4.434092261362821E-005,-2.356681579840370E-005,3.374593234184431E-006,-1.064537855199887E-006,
2.488566666666667E+009,-1.807663124964165E-006,4.085210548510077E-006,-4.692064976552501E-006,-7.436288433382288E-005,
2.488600000000000E+009,9.991007573262323E-006,-5.840850292315736E-008,5.292930654832162E-005,-2.259816028526984E-005,
2.488633333333334E+009,-1.931824954226613E-005,-1.118551426770864E-005,5.273300303088035E-006,-4.674009323935024E-005,
2.488666666666667E+009,-2.590065378171857E-005,-2.158536699425895E-005,8.984638043330051E-006,-4.200259354547598E-005,
2.488700000000000E+009,1.829261782404501E-005,3.053681575693190E-005,2.648942790983710E-005,-1.944309769896790E-005,
2.488733333333334E+009,-5.028060513723176E-006,2.513060098863207E-005,-1.419068667019019E-005,-2.713916546781547E-005,
2.488766666666667E+009,-1.735962905513588E-005,-6.387006578734145E-005,1.113527468987741E-005,-4.995260678697377E-005,
2.488800000000000E+009,-1.061559851223137E-005,-5.865500133950263E-005,-1.746888665365987E-005,-8.976488970802166E-006,
2.488833333333334E+009,-1.459063423681073E-005,-8.145071660692338E-006,1.902891199279111E-005,-5.827113636769354E-005,
2.488866666666667E+009,7.477736744476715E-006,-1.484821837038908E-006,-3.136041050311178E-005,-5.818106728838757E-005,
2.488900000000000E+009,1.008275830827188E-005,-4.580811582854949E-005,-7.597573585371720E-006,-2.640449747559615E-005,
2.488933333333334E+009,-1.901108589663636E-005,-1.965840965567622E-005,3.331197513034567E-005,-3.275178096373566E-005,
2.488966666666667E+009,6.829664471297292E-006,-2.086001131829107E-006,4.769356110045919E-006,-2.982005025842227E-005,
2.489000000000000E+009,2.583590503490996E-005,-3.126259252894670E-005,4.402355898491805E-006,-2.817674385369173E-006,
2.489033333333334E+009,-1.939813046192285E-005,-3.292827750556171E-005,-1.358397639705800E-005,1.941655000337050E-006,
2.489066666666667E+009,1.596686388438684E-006,-8.456523210043088E-005,-2.705048973439261E-005,-4.090035145054571E-005,
2.489100000000000E+009,-7.633544555574190E-006,-2.620022496557795E-005,1.823284833335492E-006,-1.721311309665907E-005,
2.489133333333334E+009,-6.211694653757149E-006,-2.059153530353797E-006,-9.526695066597313E-006,-5.469965799420606E-006,
2.489166666666667E+009,-2.555446008045692E-005,-7.309294596780092E-005,-3.904627737938426E-005,-1.681994399405085E-005,
2.489200000000000E+009,-2.470022081979550E-005,-6.048568320693448E-005,-5.418845103122294E-005,-3.890203879564069E-005,
2.489233333333334E+009,-9.095442692341749E-006,-3.134131839033216E-005,-3.806845779763535E-005,-8.227139915106818E-006,
2.489266666666667E+009,-3.378522524144501E-005,-4.520706715993583E-005,2.178317481593695E-005,-2.011077413044404E-005,
2.489300000000000E+009,-1.008978233585367E-005,-4.309945143177174E-005,-1.393338777688769E-008,-1.623159732844215E-005,
2.489333333333334E+009,1.565329876029864E-005,4.789526428794488E-005,-1.938503010023851E-005,-4.656977034755983E-005,
2.489366666666667E+009,-9.081403732125182E-006,-1.529822839074768E-005,-2.447289261908736E-005,-1.912375228130259E-005,
2.489400000000000E+009,2.202897803726955E-006,-3.936740904464386E-005,3.361170001880964E-006,-2.880730789911468E-005,
2.489433333333334E+009,-3.328526508994401E-005,-5.364347089198418E-006,-2.148038902305416E-006,-3.955856664106250E-005,
2.489466666666667E+009,-3.549957909854129E-005,-5.009141023037955E-005,-2.912664604082238E-005,7.597946023452096E-006,
2.489500000000000E+009,1.050564515026053E-005,-2.009424133575521E-005,-3.371349157532677E-005,-2.090133966703434E-005,
2.489533333333334E+009,5.972697181277908E-006,-3.386896787560545E-005,-2.286629569425713E-005,-4.014330261270516E-005,
2.489566666666667E+009,-1.759080987540074E-005,-1.018996226775926E-005,-7.095826731529087E-005,2.039771788986400E-005,
2.489600000000000E+009,2.293593024660368E-005,-1.081701429939130E-005,4.110293502890272E-006,-4.558558430289850E-005,
2.489633333333334E+009,-2.169652361772023E-005,-6.004927126923576E-005,-2.875932659662794E-005,-3.881897646351717E-005,
2.489666666666667E+009,-4.278923734091222E-005,1.673248152656015E-005,-7.470071977877524E-006,1.516690372227458E-005,
2.489700000000000E+009,-1.832698944781441E-005,-4.182021439191885E-005,-2.820319787133485E-005,-2.790990038192831E-005,
2.489733333333334E+009,-2.060083352262154E-005,-5.279103424982168E-005,8.555855856684502E-006,3.490909875836223E-006,
2.489766666666667E+009,3.101629408774898E-005,-2.721341297728941E-005,-4.298409839975648E-005,-2.384384060860612E-005,
2.489800000000000E+009,-4.894825906376354E-006,-4.578695370582864E-005,-5.095796586829238E-005,3.084110358031467E-005,
2.489833333333334E+009,1.519767465651967E-005,-8.598338172305375E-005,3.797203316935338E-005,-3.092148108407855E-005,
2.489866666666667E+009,7.464061491191387E-005,4.352538962848485E-005,1.457051530451281E-005,-1.029992472467711E-005,
2.489900000000000E+009,-3.250493682571687E-005,-4.521926530287601E-005,-3.385022864677012E-005,7.544395430159057E-006,
2.489933333333334E+009,-2.013992525462527E-005,-5.937408786849119E-005,-3.396469764993526E-005,-4.203786375001073E-005,
2.489966666666667E+009,-3.275218477938324E-005,2.532762482587714E-005,-2.426065839244984E-005,-1.386564122185519E-006,
2.490000000000000E+009,3.725603892235085E-005,8.252573024947196E-006,4.206594167044386E-005,1.413376594427973E-005,
2.490033333333334E+009,-1.931416409206577E-005,1.101615998777561E-005,1.421954857505625E-005,-5.452177720144391E-005,
2.490066666666667E+009,2.797144043142907E-005,-1.853216781455558E-005,-3.029432946277666E-006,2.110117566189729E-005,
2.490100000000000E+009,-1.169368169939844E-005,-6.174480859044706E-006,-4.860223725700053E-006,6.815135748183820E-006,
2.490133333333334E+009,-5.356657493393868E-005,-4.265927782398649E-005,-1.794426680135075E-005,-3.212278727460216E-007,
2.490166666666667E+009,-4.125270606891718E-006,-1.553583751956467E-005,1.480223545513582E-006,-1.225905634782976E-005,
2.490200000000000E+009,-6.567331729456782E-005,-2.046627196250483E-005,1.632098428672180E-005,-2.914513061114121E-006,
2.490233333333334E+009,-5.020422031520866E-005,7.706855598144102E-008,-4.201902629574761E-005,4.495978646446019E-005,
2.490266666666667E+009,1.707584669929929E-005,2.642468461999670E-005,-1.984462869586423E-005,2.210835737059824E-005,
2.490300000000000E+009,-3.271816240157932E-005,-4.212385829305276E-005,-3.931588071282022E-005,4.710598659585230E-006,
2.490333333333334E+009,-2.304122972418554E-005,-1.003638226393377E-005,1.247877605692338E-007,-7.092790383467218E-006,
2.490366666666667E+009,-4.914854071103036E-005,1.867148966994137E-005,-1.042805797624169E-005,2.145648977602832E-005,
2.490400000000000E+009,-2.965703606605530E-005,5.814918040414341E-005,-9.437197877559811E-005,7.206438567664009E-006,
2.490433333333334E+009,-2.232558290415909E-005,3.008733983733691E-005,-1.910456921905279E-005,2.696331648621708E-005,
2.490466666666667E+009,-6.493978435173631E-005,2.024281911872095E-006,7.787606591591612E-006,4.058393642480951E-006,
2.490500000000000E+009,-3.222546001779847E-005,1.674703707976732E-005,-4.425083534442820E-005,1.670799792918842E-005,
2.490533333333334E+009,-4.729221018351382E-006,-1.400775909132790E-005,-4.584605630952865E-005,-3.263504549977370E-005,
2.490566666666667E+009,-3.916741479770280E-005,-1.691489160293713E-005,-1.944565156009048E-005,5.638599759549834E-005,
2.490600000000000E+009,-3.547162123140879E-005,-1.013134715321939E-005,2.046043482550886E-005,3.900493084074697E-006,
2.490633333333334E+009,-1.346548106084811E-005,-4.482902568270220E-006,-3.641696821432561E-005,1.156550297309877E-006,
2.490666666666667E+009,-7.027615356491879E-005,3.267978399890126E-006,-3.325193029013462E-005,-2.087770553771406E-005,
2.490700000000000E+009,-1.673056613071822E-005,-1.559779047966003E-005,-5.524343578144908E-006,5.282731308398070E-006,
2.490733333333334E+009,1.410719869454624E-005,7.010128319961950E-005,4.073050149600022E-005,-1.825214712880552E-005,
2.490766666666667E+009,1.995073216676246E-005,8.219449227908626E-006,-3.014478352270089E-005,3.557413492671913E-006,
2.490800000000000E+009,1.134775061473192E-006,1.999138476094231E-005,1.369384062854806E-005,-2.898970888054464E-005,
2.490833333333334E+009,-1.791089925973211E-005,-9.358963325212244E-006,-1.960289773705881E-005,3.459043000475504E-005,
2.490866666666667E+009,3.514625495881774E-005,3.312542685307562E-005,5.828198482049629E-005,-2.160279655072372E-005,
2.490900000000000E+009,-5.964171214145608E-005,-1.787973815225996E-005,-1.256768246093998E-005,5.006454739486799E-005,
2.490933333333334E+009,-3.084124546148814E-005,-4.883456199422653E-007,-3.649875361588784E-005,1.413515474268934E-005,
2.490966666666667E+009,-7.570930756628513E-005,3.255536967117223E-006,-4.459516640054062E-005,-8.686934961588122E-006,
2.491000000000000E+009,2.141756704077125E-005,5.771882206317969E-005,-2.244565803266596E-005,6.873568054288626E-006,
2.491033333333334E+009,-2.543050140957348E-005,-4.516975423030090E-006,-5.696570951840840E-005,-2.199024493165780E-006,
2.491066666666667E+009,4.292116955184611E-006,4.134473783778958E-005,-1.321185391134350E-005,1.133064688474406E-005,
2.491100000000000E+009,-4.058125705341809E-005,2.947344364656601E-005,-1.643922769289929E-005,-2.516990025469568E-005,
2.491133333333334E+009,-2.462997326801997E-005,1.294002959184581E-005,-2.333970769541338E-005,7.463362180715194E-006,
2.491166666666667E+009,-4.363981133792549E-005,1.901347968669143E-005,-5.947022430063953E-008,1.037329298014811E-006,
2.491200000000000E+009,-7.771976925141644E-006,6.504505108750891E-006,-7.238513353513554E-005,-2.009182935580611E-005,
2.491233333333334E+009,-8.994445670396090E-005,5.826309916301398E-006,1.376212185277836E-005,-1.868507752078585E-005,
2.491266666666667E+009,-6.101051258156076E-005,-4.484765213419450E-006,-3.482164538581856E-005,1.533334057057800E-006,
2.491300000000000E+009,-3.857555566355586E-005,-3.167636168655008E-005,-1.022431843011873E-005,7.438271859427914E-005,
2.491333333333334E+009,2.165117166441632E-006,-3.218101846869104E-005,-1.090236855816329E-005,1.651365346333478E-005,
2.491366666666667E+009,-3.982200360042043E-005,-5.778118065791205E-006,-4.090419679414481E-005,-8.434685696556699E-006,
2.491400000000000E+009,-9.645709724281915E-006,4.877660830970854E-005,-8.875403727870435E-005,-1.107541356759612E-005,
2.491433333333334E+009,-4.986468775314279E-005,-2.852048055501655E-005,4.650641585612902E-006,3.451769225648604E-005,
2.491466666666667E+009,-1.949382567545399E-005,-1.353573497908656E-005,1.483504183852347E-005,9.754170605447143E-006,
2.491500000000000E+009,-4.207696110825054E-005,1.709334719635081E-005,1.410392633260926E-005,-4.382421593618346E-006,
2.491533333333334E+009,3.986700176028535E-005,-1.390147417623666E-006,2.196552031819010E-006,-1.891331885417458E-005,
2.491566666666667E+009,-6.151158595457673E-005,3.903467586496845E-005,-1.134610647568479E-005,1.563656866210295E-007,
2.491600000000000E+009,1.502746818005107E-005,-6.569405377376825E-005,-2.734871486609336E-005,6.987642791500548E-006,
2.491633333333334E+009,1.287937266170047E-005,-3.812223076238297E-005,-5.317662362358533E-005,1.842961501097307E-005,
2.491666666666667E+009,-6.414522317754745E-007,-5.808841160614975E-005,-9.955084351531696E-006,3.494251359370537E-005,
2.491700000000000E+009,-5.437061554403044E-005,-2.303466317243874E-005,6.374238182615954E-006,3.413109936900582E-007,
2.491733333333334E+009,-1.857080860645510E-005,6.476249836850911E-005,-1.318564727625926E-006,1.671522113610990E-005,
2.491766666666667E+009,-3.472655953373760E-005,4.095110853086226E-005,-3.211208968423307E-005,4.958425961376634E-006,
2.491800000000000E+009,1.103676822822308E-006,8.364052337128669E-005,-2.004102498176508E-005,6.036655031493865E-005,
2.491833333333334E+009,-3.731217020686017E-006,2.442129880364519E-005,-2.610913179523777E-005,-1.277932915400015E-005,
2.491866666666667E+009,1.530769623059314E-005,-3.043469973817992E-007,-3.197573505531182E-006,9.855079952103552E-006,
2.491900000000000E+009,-1.754128788888920E-005,4.873032958130352E-005,-1.394228365825256E-005,2.340873834327795E-005,
2.491933333333334E+009,5.343489419828984E-007,-2.928060530393850E-005,2.825493174896110E-005,2.414576920273248E-005,
2.491966666666667E+009,6.587149073311593E-006,3.378216933924705E-005,2.252893318654969E-005,5.987853364786133E-005,
2.492000000000000E+009,8.022384463401977E-006,7.284864295797888E-006,3.075056883972138E-005,3.645980177680031E-005,
2.492033333333334E+009,-2.005071110033896E-005,2.102142570947763E-005,-7.525857199652819E-006,2.524990668462124E-005,
2.492066666666667E+009,1.264066213479964E-006,2.989633503602818E-005,-4.401163096190430E-006,-2.040497020061594E-005,
2.492100000000000E+009,-1.633608371776063E-005,7.607610314153135E-005,3.646434561233036E-005,1.003789566311752E-005,
2.492133333333334E+009,-1.347072520729853E-005,-1.318631802860182E-005,-2.832813606801210E-006,2.180902993131895E-005,
2.492166666666667E+009,-9.177335414278787E-006,7.194127101683989E-005,2.308193415956339E-006,6.574283816007664E-006,
2.492200000000000E+009,-6.311824563454138E-006,5.158497879165225E-005,-4.026999886264093E-005,2.709942236833740E-005,
2.492233333333334E+009,2.153485183953308E-005,8.857341526891105E-006,-3.015030961250886E-005,6.355412915581837E-005,
2.492266666666667E+009,1.653737484730300E-007,2.149812462448608E-005,3.657098932308145E-005,3.246098640374839E-005,
2.492300000000000E+009,9.747095646162052E-006,5.673685518559068E-005,3.291987923148554E-006,1.223145773110446E-005,
2.492333333333334E+009,-3.731908145709895E-005,2.605866029625759E-005,1.196914399770321E-005,2.791523002088070E-005,
2.492366666666667E+009,1.668312870606314E-005,2.378619501541834E-005,1.786155189620331E-005,3.670828664326109E-005,
2.492400000000000E+009,-4.954900941811502E-005,-3.738713348866440E-005,-2.619775330003904E-007,-3.995606675744057E-005,
2.492433333333334E+009,8.392741619900335E-006,2.946869608422276E-005,1.105778028431814E-005,4.300948421587236E-005,
2.492466666666667E+009,2.867864714062307E-005,5.423359834821895E-005,5.249083915259689E-005,-3.023760655196384E-005,
2.492500000000000E+009,4.899662235402502E-005,2.706271152419504E-005,-2.799497633532155E-005,9.046819286595564E-006,
2.492533333333334E+009,-6.894633770571090E-006,6.298017251538113E-005,2.911318370024674E-005,1.386978169648501E-006,
2.492566666666667E+009,-1.044920554704731E-005,2.097024844260886E-005,1.766225432220381E-005,3.003968959092163E-005,
2.492600000000000E+009,6.375744123943150E-005,-4.269480996299535E-006,1.339677055511857E-005,5.801841325592250E-005,
2.492633333333334E+009,-7.252527023382527E-009,-4.693314258474857E-005,2.870845037250547E-006,-3.690993480631732E-006,
2.492666666666667E+009,-1.354414598608855E-005,-2.396769923507236E-005,1.596131187397987E-005,9.621409844839945E-006,
2.492700000000000E+009,1.453279196539370E-006,2.537646832934115E-005,-1.793563228602579E-006,5.538095138035715E-005,
2.492733333333334E+009,-1.229025474458467E-005,3.153111902065575E-005,-6.538153911606059E-007,-1.132201668951893E-005,
2.492766666666667E+009,-1.757406789693050E-005,-9.362261153000873E-006,-3.166076930938289E-005,5.671365215675905E-005,
2.492800000000000E+009,2.979510463774204E-005,6.388501788023859E-005,4.132057074457407E-005,2.547746407799423E-005,
2.492833333333334E+009,-2.500411937944591E-005,3.424003079999238E-005,2.173364555346780E-005,-1.550193155708257E-005,
2.492866666666667E+009,1.820941542973742E-005,1.069975223799702E-005,1.278542913496494E-005,7.515867764595896E-005,
2.492900000000000E+009,-4.097040800843388E-005,3.255037518101744E-005,8.394903261432773E-007,1.109894583350979E-005,
2.492933333333334E+009,9.132381819654256E-005,-2.335551289434079E-005,5.143713224242674E-006,2.820103509293404E-005,
2.492966666666667E+009,-4.186897058389150E-005,-4.605758294928819E-005,1.099916971725179E-005,4.078826168552041E-005,
2.493000000000000E+009,-5.283496648189612E-005,1.014501503959764E-005,-3.150403426843695E-005,-1.580843309056945E-005,
2.493033333333334E+009,3.757535523618572E-005,1.591337786521763E-005,1.619794238649774E-005,-1.960313511517597E-006,
2.493066666666667E+009,-1.751167292241007E-005,-1.966273521247786E-005,-4.090908532816684E-006,6.257549830479547E-005,
2.493100000000000E+009,3.227230990887620E-005,-1.169529969047289E-005,4.470963540370576E-005,1.615683686395641E-005,
2.493133333333334E+009,4.650448317988776E-005,2.526762364141177E-005,7.970260412548669E-006,-2.240477624582127E-005,
2.493166666666667E+009,-1.990114242289565E-006,3.675609832498594E-006,1.894291017379146E-005,3.355926878612081E-007,
2.493200000000000E+009,1.464748766011326E-005,1.086207066691713E-005,6.019763532094657E-006,1.890810017357580E-005,
2.493233333333334E+009,1.959667861228809E-005,3.385241507203318E-005,8.981367500382476E-006,9.571392183715943E-006,
2.493266666666667E+009,2.014671008510049E-005,-2.031748226727359E-005,1.330179543401755E-006,-2.934031363110989E-005,
2.493300000000000E+009,3.370133345015347E-005,5.008468360756524E-005,-8.813290151010733E-006,-1.449698356736917E-005,
2.493333333333334E+009,1.160184547188692E-005,1.451389744033804E-005,9.540165592625272E-006,4.014713340438902E-005,
2.493366666666667E+009,3.305977952550165E-005,-4.869076292379759E-005,-1.090833666239632E-005,4.676260505220853E-005,
2.493400000000000E+009,1.574877751409076E-005,4.660729700844968E-006,6.079745435272344E-005,-1.526401683804579E-005,
2.493433333333334E+009,1.109204640670214E-005,3.329202809254639E-005,2.393701834080275E-005,1.159059320343658E-005,
2.493466666666667E+009,1.067410539690172E-005,-3.348000291225617E-006,4.124928818782792E-005,2.475626206432935E-005,
2.493500000000000E+009,7.553193427156657E-006,2.450525789754465E-005,8.300266017613467E-006,1.667322067078203E-005,
2.493533333333334E+009,1.061528018908575E-005,-3.438918156462023E-006,9.327217412646860E-006,-3.521315375110135E-005,
2.493566666666667E+009,-2.116132964147255E-005,6.457216659327969E-005,-1.490354134148220E-005,4.954856922267936E-005,
2.493600000000000E+009,-2.526057141949423E-005,3.329765240778215E-005,4.548562174022663E-006,4.992639878764749E-005,
2.493633333333334E+009,-7.350352916546399E-006,8.424944826401770E-005,1.442914765448222E-007,7.795192686899100E-006,
2.493666666666667E+009,8.646145033708308E-006,-1.624365040697740E-006,-2.843079528247472E-005,1.793514093151316E-005,
2.493700000000000E+009,5.126776522956789E-005,-1.569959567859769E-005,5.088379839435220E-005,-2.929435504483990E-005,
2.493733333333334E+009,2.180653063987847E-005,1.785507629392669E-005,-9.492140634392854E-006,2.767645673884545E-005,
2.493766666666667E+009,8.733201684663072E-005,-1.766199602570850E-006,1.084630093828309E-005,-2.853723515272577E-007,
2.493800000000000E+009,1.276702005270636E-005,-1.861841883510351E-005,-4.458379407878965E-005,3.010322325280868E-005,
2.493833333333334E+009,-2.859464075299911E-005,3.893318717018701E-005,2.237400440208148E-005,-7.621280474268133E-006,
2.493866666666667E+009,4.298002750147134E-005,2.209515696449671E-005,2.462034672134905E-006,1.174894077848876E-005,
2.493900000000000E+009,5.289438922773115E-005,7.716470463492442E-006,4.280281427782029E-005,-3.240006117266603E-005,
2.493933333333334E+009,6.011052391841076E-006,2.300117103004595E-006,5.178202627575956E-005,3.697054489748552E-005,
2.493966666666667E+009,8.500080184603576E-006,-4.227916724630632E-005,2.272612618980929E-005,-3.630547507782467E-005,
2.494000000000000E+009,-6.697180197079433E-006,-3.788300872997752E-008,-4.193680433672853E-005,1.616660256331670E-006,
2.494033333333334E+009,3.778523705477710E-006,1.168035214504926E-005,8.546278877474833E-006,-2.819684232235886E-005,
2.494066666666667E+009,-2.767808609860367E-006,-3.434036989347078E-005,7.122366241674172E-006,-4.093775714864023E-006,
2.494100000000000E+009,2.672805567272008E-005,1.206400975206634E-005,1.711279219307471E-005,-7.102986273821443E-006,
2.494133333333334E+009,1.111145229515387E-005,-1.050445825967472E-005,-2.935720112873241E-005,6.700739322695881E-005,
2.494166666666667E+009,2.968524859170429E-005,-2.315632264071610E-005,2.282318382640369E-005,-9.697007953946013E-006,
2.494200000000000E+009,1.912164589157328E-005,-7.615900540258735E-005,2.271409357490484E-005,-5.814560790895484E-005,
2.494233333333334E+009,2.679511999303941E-005,-2.141082222806290E-005,2.565510112617631E-005,2.644977939780802E-006,
2.494266666666667E+009,-2.274979487992823E-005,2.750109842963866E-006,3.240938531234860E-005,2.620228769956157E-005,
2.494300000000000E+009,-1.055724715115503E-005,-3.990128243458457E-005,-2.412408139207400E-005,1.311200867348816E-005,
2.494333333333334E+009,5.457403676700778E-005,-1.428460200258996E-005,-1.718231578706764E-005,-2.114274138875771E-005,
2.494366666666667E+009,1.015793168335222E-005,-6.317027145996690E-005,1.213433188240742E-005,-1.098269149224507E-005,
2.494400000000000E+009,2.432191467960365E-005,-3.649338395916857E-005,2.749758095887955E-005,-5.749701085733250E-005,
2.494433333333334E+009,2.360226790187880E-005,-1.359119505650597E-005,-4.539369547273964E-005,-4.774226908921264E-006,
2.494466666666667E+009,1.390941974932503E-006,-6.734293128829449E-005,3.118797030765563E-005,-2.528594632167369E-005,
2.494500000000000E+009,1.832120869948994E-005,-1.607156627869699E-005,-3.069184822379611E-005,3.749778898054501E-006,
2.494533333333334E+009,9.949744708137587E-006,-3.081226168433204E-005,3.270704473834485E-005,-1.464086744817905E-005,
2.494566666666667E+009,2.022225453401916E-005,-1.738183186716924E-006,1.088134922611062E-005,-5.687493853656633E-007,
2.494600000000000E+009,5.431879799289163E-006,-1.331151997874258E-005,-6.899823347339407E-006,8.433638640781282E-007,
2.494633333333334E+009,7.274192739714636E-006,-8.563770279579330E-006,2.450957799737807E-005,-3.467668648227118E-005,
2.494666666666667E+009,8.340839121956378E-005,-7.964323231135495E-006,-1.427442930435063E-005,-4.588336378219537E-005,
2.494700000000000E+009,2.756073263299186E-005,-7.539123998867581E-006,-2.727695391513407E-005,-4.889620686299168E-005,
2.494733333333334E+009,1.831019176279369E-006,-3.726483191712759E-005,2.607118767627981E-005,7.779898623994086E-006,
2.494766666666667E+009,-1.584923484188039E-005,2.710992532684031E-007,1.043607062456431E-005,-5.663139290845720E-006,
2.494800000000000E+009,-8.295980478578713E-006,-1.009911920846207E-005,1.845908445829991E-005,-7.853577699279413E-006,
2.494833333333334E+009,1.124998652812792E-005,3.326026126160286E-005,-8.585976502217818E-006,1.737345155561343E-005,
2.494866666666667E+009,2.703217251109891E-005,-1.030681869451655E-005,-2.421731551294215E-005,-5.545524254557677E-005,
2.494900000000000E+009,-4.435945811565034E-005,-1.667498281676672E-007,-3.650961298262700E-005,4.786578301718691E-006,
2.494933333333334E+009,5.697795586456778E-006,-8.744922524783760E-006,-3.660347283584997E-005,-4.592354162014090E-005,
2.494966666666667E+009,-3.761318293982185E-005,-3.600355557864532E-005,1.351370792690432E-005,-1.286804490518989E-005,
2.495000000000000E+009,6.023064997862093E-005,-1.475611043133540E-006,-2.001309258048423E-005,-3.368427860550582E-005,
2.495033333333334E+009,-2.512598075554706E-005,-7.195527723524720E-005,-4.607541632140055E-005,-4.883345900452696E-005,
2.495066666666667E+009,2.954411866085138E-005,8.893080121197272E-006,-2.841109926521312E-005,-2.541406956879655E-006,
2.495100000000000E+009,-2.474834582244512E-005,5.355274424800882E-006,-2.663215673237573E-005,3.442478919168934E-005,
2.495133333333334E+009,-1.260083536180900E-005,2.634584961924702E-005,5.396766209742054E-005,2.341256004001480E-005,
2.495166666666667E+009,6.925168918314739E-007,1.244865302396647E-006,-2.312512151547708E-006,-5.057817543274723E-005,
2.495200000000000E+009,1.528966458863579E-005,-9.779105312190950E-007,2.137822411896195E-005,3.625762474257499E-006,
2.495233333333334E+009,1.273106227017706E-005,-5.358664566301741E-006,3.528820161591284E-005,1.206857814395335E-005,
2.495266666666667E+009,4.217119203531183E-005,5.753263394581154E-006,-9.615871022106148E-006,-2.937221870524809E-005,
2.495300000000000E+009,5.534171941690147E-005,-4.150389941059984E-005,-2.236282398371259E-006,-6.023571768309921E-005,
2.495333333333334E+009,-3.577140159904957E-005,-4.214503132971004E-005,6.151558773126453E-005,-1.934987813001499E-005,
2.495366666666667E+009,-1.913469350256492E-005,-6.966381533857202E-006,-1.497222183388658E-005,4.819287369173253E-006,
2.495400000000000E+009,2.905692599597387E-005,5.520541890291497E-006,3.746505171875469E-005,3.103738708887249E-005,
2.495433333333334E+009,-3.628564081736840E-005,-1.335874912911095E-005,-4.048683877044823E-007,2.802753260766622E-005,
2.495466666666667E+009,-3.256871059420519E-005,-3.460740117589012E-005,-2.631938150443602E-005,-1.110351240640739E-005,
2.495500000000000E+009,-5.724009042751277E-006,-1.899968265206553E-005,1.040811002894770E-005,-7.751128578092903E-005,
2.495533333333334E+009,2.776337714749388E-005,-9.926457096298691E-006,-1.944927498698235E-005,-6.659351492999122E-005,
2.495566666666667E+009,-2.470389290465391E-006,-2.783226773317438E-005,1.151792730524903E-006,-2.513710387574974E-005,
2.495600000000000E+009,-5.750161108153407E-006,-8.612661986262538E-006,2.302645953022875E-005,-1.954692015715409E-005,
2.495633333333334E+009,8.668765985930804E-006,1.512673043180257E-005,-2.794790634652600E-005,-1.324106870015385E-005,
2.495666666666667E+009,-6.824168963248667E-008,-6.419630517484620E-005,-6.435334944399074E-005,-4.769599399878644E-005,
2.495700000000000E+009,-2.390425152043463E-006,5.429934844869422E-006,-3.241889135097154E-005,2.094756018777844E-005,
2.495733333333334E+009,-7.019308395683765E-005,-1.486240762460511E-005,9.919240255840123E-006,7.563055987702683E-006,
2.495766666666667E+009,7.148076838348061E-005,2.067260174953844E-005,-1.607009289728012E-005,-5.073894044471672E-006,
2.495800000000000E+009,-3.296559953014366E-005,-5.406760465120897E-006,2.843253059836570E-005,-7.178917439887300E-005,
2.495833333333334E+009,-5.832440365338698E-005,3.929268132196739E-005,-2.576374390628189E-005,-2.982351543323603E-005,
2.495866666666667E+009,4.341733438195661E-005,-2.073486939480063E-005,2.376302290940657E-005,-7.100462971720845E-005,
2.495900000000000E+009,1.198591235151980E-005,-9.640657481213566E-006,1.340321978204884E-005,-2.846488678187598E-005,
2.495933333333334E+009,-2.382454476901330E-005,-7.270177320606308E-006,-1.370621066598687E-005,-4.097053988516564E-006,
2.495966666666667E+009,-4.477746551856399E-005,-6.182463403092697E-005,8.549204721930437E-006,1.124960817833198E-006,
2.496000000000000E+009,-1.164588638857822E-007,4.745436672237702E-005,1.922481897054240E-005,5.069914914201945E-005,
2.496033333333334E+009,5.016806426283438E-006,-3.118021049886011E-005,5.339693234418519E-005,1.344381871604128E-005,
2.496066666666667E+009,-2.527685580844263E-007,-1.148619412560947E-005,1.522832280898001E-005,-1.182664618681883E-005,
2.496100000000000E+009,2.760809184110258E-005,4.579373126034625E-006,-1.420128592144465E-005,2.428268635412678E-005,
2.496133333333334E+009,-5.390999285737053E-005,-1.573178087710403E-005,-1.402830730512505E-005,-1.565355705679394E-005,
2.496166666666667E+009,-5.758281986345537E-005,-2.360292091907468E-005,4.465244273887947E-006,-1.821949808800127E-005,
2.496200000000000E+009,-1.745424742694013E-005,3.950215250370093E-005,-3.083882256760262E-005,3.574398579075933E-005,
2.496233333333334E+009,4.222370989737101E-005,1.743756911309902E-005,1.585931931913365E-005,-2.624230364745017E-005,
2.496266666666667E+009,-4.908115442958660E-006,-2.171209416701458E-005,1.311823598371120E-005,-4.573943442665041E-005,
2.496300000000000E+009,-1.775957025529351E-005,9.932745342666749E-006,-1.870866799436044E-005,-4.296539555070922E-005,
2.496333333333334E+009,-2.190736995544285E-005,-8.157847332768142E-006,-4.440161137608811E-005,3.151030978187919E-005,
2.496366666666667E+009,1.210197206091834E-005,-7.756395643809810E-005,-2.652320654306095E-005,4.473511944524944E-005,
2.496400000000000E+009,-2.667844637471717E-005,2.385948027949780E-005,-7.850008842069656E-005,-6.279524768615374E-006,
2.496433333333334E+009,-5.423223410616629E-005,5.963773332950950E-007,-2.553474405431189E-005,2.958782170026097E-005,
2.496466666666667E+009,-8.111229021778854E-007,4.583306508720852E-005,-2.766043144220021E-005,-3.103521294178790E-006,
2.496500000000000E+009,-1.430878455721540E-005,5.204894114285708E-005,-1.620875877961225E-006,-1.253070877282880E-005,
2.496533333333334E+009,3.217384573872550E-006,6.901808319526026E-006,-2.543326627346687E-005,2.583974492154084E-006,
2.496566666666667E+009,2.964967279694974E-005,-3.970325269619934E-005,-6.055447374819778E-005,5.880475328012835E-006,
2.496600000000000E+009,-4.824093775823712E-005,-4.268867269274779E-005,-4.221915878588334E-005,-1.154877281805966E-005,
2.496633333333334E+009,-2.056732955679763E-005,-2.119172393122426E-007,7.030510005279211E-006,2.420168493699748E-005,
2.496666666666667E+009,9.614040209271479E-006,-4.025160524179228E-005,-1.579681224939122E-006,4.526041811914183E-005,
2.496700000000000E+009,-4.655450538848527E-005,2.533320639486192E-006,-2.853963815141469E-005,3.175378424202791E-006,
2.496733333333334E+009,4.025093949167058E-005,1.232193426403683E-006,2.674089046195149E-005,9.158228749583941E-006,
2.496766666666667E+009,-3.907214340870269E-005,4.405569052323699E-005,2.161290649382863E-005,2.258663516840898E-005,
2.496800000000000E+009,-5.003645128454082E-005,-7.382311196124647E-006,-4.491947765927762E-005,-3.784934233408421E-005,
2.496833333333334E+009,-2.526354728615843E-005,-1.894909109978471E-005,3.071057290071622E-005,-1.653712934057694E-005,
2.496866666666667E+009,-2.363582461839542E-005,3.348771497257985E-005,-3.018394090759102E-005,6.973704330448527E-006,
2.496900000000000E+009,-4.582309338729829E-005,2.324129309272394E-005,1.519168017694028E-005,-2.208728983532637E-005,
2.496933333333334E+009,3.550915062078275E-005,-1.980996421480086E-005,-4.083308522240259E-005,3.739434396266006E-005,
2.496966666666667E+009,1.366519973089453E-005,5.507934474735521E-005,-1.015588713926263E-005,1.069330664904555E-005,
2.497000000000000E+009,-1.904220516735222E-005,6.772476353944512E-006,3.939181988243945E-005,-4.048136543133296E-005,
2.497033333333334E+009,6.211112122400664E-006,-1.735258047119714E-005,-6.328607560135424E-005,-2.715958544285968E-005,
2.497066666666667E+009,2.001869142986834E-005,2.512976425350644E-005,-2.740472336881794E-005,6.445481267292053E-005,
2.497100000000000E+009,4.511262159212492E-005,-2.039297578448895E-005,5.200678970140871E-006,3.123188434983604E-005,
2.497133333333334E+009,-4.854920553043485E-005,-5.257221710053273E-005,-1.356039433630940E-006,-3.511494287522510E-005,
2.497166666666667E+009,5.639387018163689E-005,1.245058740551031E-007,2.930497066699900E-005,5.958490510238335E-005,
2.497200000000000E+009,-9.482841051067226E-006,5.526643872144632E-005,3.517931691021659E-005,-6.088864756748080E-005,
2.497233333333334E+009,-2.909990871557966E-005,-1.467168840463273E-005,-1.606861042091623E-005,1.693614649411757E-005,
2.497266666666667E+009,8.566974429413676E-006,4.245384479872882E-005,-2.660925747477450E-005,-2.146464248653501E-005,
2.497300000000000E+009,-5.218661681283265E-005,3.805856977123767E-006,-3.975606159656309E-005,1.075023010344012E-005,
2.497333333333334E+009,-9.486230737820733E-006,5.859023440279998E-005,-1.781237915565725E-005,-3.288716243332601E-006,
2.497366666666667E+009,-7.237309910124168E-005,1.239680727849191E-006,-2.630715425766539E-005,3.819721678155474E-005,
2.497400000000000E+009,1.572430846863426E-005,-4.394148618303007E-006,-1.424955371476244E-005,-2.442063532726024E-006,
2.497433333333334E+009,3.793019641307183E-005,3.408683187444694E-005,-3.607938560890034E-005,1.892485306598246E-005,
2.497466666666667E+009,-5.976928605377907E-006,1.665198396949563E-005,-5.399951260187663E-005,-6.175262569740880E-006,
2.497500000000000E+009,3.172604192513973E-005,2.729658262978774E-005,-2.454736750223674E-005,2.467220110702328E-005,
2.497533333333334E+009,-3.104321149294265E-005,6.001875954098068E-005,-4.835801883018576E-005,-2.578193743829615E-006,
2.497566666666667E+009,-2.669996092663496E-006,3.835303141386248E-005,1.938538662216160E-005,7.010019908193499E-005,
2.497600000000000E+009,2.183833930757828E-005,1.031958709063474E-005,1.302889995713485E-005,7.170813205448212E-006,
2.497633333333334E+009,8.311745659739245E-006,1.778636942617595E-005,5.106805110699497E-005,3.069653757847846E-005,
2.497666666666667E+009,-2.543449227232486E-006,-3.517593722790480E-005,-7.422542694257572E-006,-1.270560005650623E-005,
2.497700000000000E+009,-2.142340599675663E-005,6.552271224791184E-005,3.461957021499984E-005,5.304785372572951E-005,
2.497733333333334E+009,1.355184122076025E-005,-2.227769437013194E-005,-4.880231062998064E-005,-1.999759297177661E-005,
2.497766666666667E+009,5.274833529256284E-005,2.875512109312695E-005,1.968673677765764E-005,5.176129343453795E-005,
2.497800000000000E+009,-3.333274071337655E-005,-1.465389414079255E-005,1.075132331607165E-005,-3.561973790056072E-005,
2.497833333333334E+009,-2.068885078188032E-005,-4.633880962501280E-005,1.192071795230731E-005,-3.906793790520169E-005,
2.497866666666667E+009,1.291391163249500E-005,7.721215297351591E-006,-1.872186999207770E-006,1.139945015893318E-005,
2.497900000000000E+009,-2.177753231080715E-005,6.678291356365662E-006,-4.003963567811297E-006,-1.232627255376428E-005,
2.497933333333334E+009,5.843061444466002E-006,2.994042688442278E-006,-5.344218880054541E-005,3.994205326307565E-005,
2.497966666666667E+009,1.656422682572156E-005,1.749104558257386E-005,1.643851464905310E-005,4.953053576173261E-005,
2.498000000000000E+009,-2.892258089559618E-005,-5.192818935029209E-005,1.482986226619687E-005,1.372586211800808E-005,
2.498033333333334E+009,3.516893775667995E-005,8.726517989998683E-006,-7.216622179839760E-005,5.727174539060798E-006,
2.498066666666667E+009,-1.815652831282932E-005,6.674858013866469E-005,-1.716342194413301E-005,2.140364995284472E-005,
2.498100000000000E+009,5.365587639971636E-005,-2.266999035782646E-005,2.412561843812000E-005,-3.615681634983048E-005,
2.498133333333334E+009,1.239362791238818E-005,-3.531057018335559E-006,-1.643060932110529E-005,4.543313116300851E-005,
2.498166666666667E+009,1.852581954153720E-005,-5.314158988767304E-005,1.136152945946378E-006,-1.466652611270547E-005,
2.498200000000000E+009,6.753410707460716E-005,2.045961264229845E-005,-2.491657323844265E-005,-2.551098623371217E-005,
2.498233333333334E+009,2.549737837398425E-005,-3.459228537394665E-005,1.829746361181606E-005,2.998911077156663E-005,
2.498266666666667E+009,-4.988598902855301E-006,6.296321953414008E-005,1.992448960663751E-005,8.315363629662897E-006,
2.498300000000000E+009,-1.589482599229086E-005,1.371796497551259E-005,-1.543799953651615E-005,5.993997547193430E-005,
2.498333333333334E+009,-3.039331204490736E-005,-4.438471296452917E-005,-5.535971922654426E-006,-2.394691728113685E-005,
2.498366666666667E+009,4.715109389508143E-005,-2.745199344644789E-005,2.716783274081536E-005,3.439797364990227E-005,
2.498400000000000E+009,1.293601144425338E-005,3.805467713391408E-005,4.061235358676640E-006,-3.251816451665945E-005,
2.498433333333334E+009,-1.743005668686237E-006,-1.379425611958141E-005,2.660041172930505E-005,-1.140421863965457E-005,
2.498466666666667E+009,2.317626058356836E-005,1.094392973755021E-005,-1.182826053991448E-005,6.437674892367795E-005,
2.498500000000000E+009,1.845840415626299E-005,-3.024677607754711E-005,1.225798678206047E-005,2.193880027334672E-005,
2.498533333333334E+009,3.586074672057293E-005,-6.590298198716482E-006,-3.732449476956390E-005,3.157540413667448E-005,
2.498566666666667E+009,2.690604014787823E-005,1.241488371306332E-005,-7.975015250849538E-006,-3.215948163415305E-005,
2.498600000000000E+009,-2.451362888677977E-005,-4.063815504196100E-005,2.462710654071998E-005,-5.334817615221255E-006,
2.498633333333334E+009,-6.356114681693725E-006,-4.212126077618450E-005,-4.257897217030404E-006,-4.167278166278265E-005,
2.498666666666667E+009,3.815137097262777E-005,-1.239257653651293E-005,-1.350062348137726E-006,3.588468871384976E-006,
2.498700000000000E+009,-3.879048381350003E-005,2.494862019375432E-005,-2.614394361444283E-006,-1.334921762463637E-005,
2.498733333333334E+009,1.690337194304448E-005,1.958231223397888E-005,1.978145883185789E-005,-3.768314400076633E-006,
2.498766666666667E+009,2.627380490594078E-005,-1.743778739182744E-006,-3.679930159705691E-006,4.319780418882147E-005,
2.498800000000000E+009,5.423687616712414E-005,-3.938255031243898E-005,2.693428905331530E-005,-1.504087140347110E-005,
2.498833333333334E+009,-6.362093245115830E-006,3.129278638880351E-006,6.270114681683481E-005,-6.284389382926747E-005,
2.498866666666667E+009,5.755275560659356E-005,-5.109121775603853E-005,6.033816134731751E-006,4.640968199964846E-006,
2.498900000000000E+009,1.172492648038315E-005,-5.863302794750780E-005,2.124460115737747E-005,6.208736158441752E-005,
2.498933333333334E+009,-3.855360409943387E-005,-1.098954908229644E-005,6.213793312781490E-006,-1.173503369500395E-005,
2.498966666666667E+009,3.760159961530007E-005,-2.460032919771038E-005,3.235980784666026E-006,-3.900211231666617E-005,
2.499000000000000E+009,2.220170017608325E-006,-2.365075306443032E-005,-1.846277336881030E-005,6.316177803000755E-008,
2.499033333333334E+009,6.834759005869273E-006,1.206849083246198E-005,3.247991480748169E-005,-2.293344550707843E-005,
2.499066666666667E+009,2.091158603434451E-005,3.595952875912190E-005,5.100463386042975E-005,-1.435492504242575E-005,
2.499100000000000E+009,2.765268163784640E-006,1.044257805915549E-005,-9.599681334293564E-007,-2.665165993676055E-005,
2.499133333333334E+009,4.955229815095663E-005,3.528650631778874E-005,8.272743798443116E-006,-1.511431855760748E-005,
2.499166666666667E+009,3.719137021107599E-005,-9.359500836580992E-006,3.798456236836501E-005,1.216076543641975E-005,
2.499200000000000E+009,-3.509902626319672E-006,-1.756199708324857E-005,7.490778443752788E-006,-2.250785837532021E-005,
2.499233333333334E+009,5.697436790796928E-006,5.108843470225111E-005,-2.283707362948917E-005,-2.009374111366924E-005,
2.499266666666667E+009,-1.666849675530102E-005,-7.495038971683243E-006,2.685979416128248E-005,-2.012412733165547E-005,
2.499300000000000E+009,-5.971229256829247E-005,3.097593435086310E-005,2.306841452082153E-005,-6.872023732285015E-006,
2.499333333333334E+009,9.223135748470668E-006,-1.281303320865845E-005,1.341316965408623E-005,-7.966238626977429E-006,
2.499366666666667E+009,-1.296377649850911E-005,-2.642599793034606E-005,-7.822405677870847E-006,-1.301276915910421E-005,
2.499400000000000E+009,-3.197959085809998E-005,-3.761444895644672E-005,1.174681892734952E-005,-2.859399955923436E-006,
2.499433333333334E+009,-5.498588507180102E-005,-5.541835707845166E-005,1.429866097168997E-005,1.252565107279224E-005,
2.499466666666667E+009,1.621328192413785E-005,1.721339867799543E-005,-1.910284663608763E-005,-2.726731327129528E-005,
2.499500000000000E+009,-6.863181624794379E-006,1.427901133865817E-005,1.825774052122142E-005,-2.239434797957074E-005,
2.499533333333334E+009,-3.004758582392242E-005,-6.583501090062782E-005,3.185993773513474E-005,2.025363392021973E-005,
2.499566666666667E+009,-3.123773421975784E-005,-6.543087511090562E-005,-3.992317942902446E-006,-8.559922207496129E-006,
2.499600000000000E+009,1.156046891992446E-005,-1.381427955493564E-005,-3.442480010562576E-005,-5.756342216045596E-005,
2.499633333333334E+009,2.611090894788504E-005,-4.700459248851985E-005,-7.709575584158301E-006,-3.035946065210737E-005,
2.499666666666667E+009,-1.704577698546927E-005,-2.772370635284460E-006,5.456815051729791E-005,-3.440545413013751E-007,
2.499700000000000E+009,-2.925048102042638E-005,-2.403116195637267E-005,-3.501881292322651E-005,-1.765835077094380E-005,
2.499733333333334E+009,3.915265915566124E-005,6.944807040554224E-008,2.071865856123623E-005,-1.756062192725949E-005,
2.499766666666667E+009,1.518635963293491E-005,1.094728759198915E-005,4.012349018012174E-005,-1.373591567244148E-005,
2.499800000000000E+009,-1.285636062675621E-005,8.094042641459964E-006,3.340686816954985E-005,8.186048034986015E-006,
2.499833333333334E+009,-2.341836625419091E-005,-5.984869494568557E-005,-4.061710114910966E-006,-5.130746285431087E-005,
2.499866666666667E+009,1.574187990627252E-005,-2.191516250604764E-005,-3.821924110525288E-005,1.152564891526708E-005,
2.499900000000000E+009,3.053434193134308E-005,-4.098304998478852E-005,-3.123324859188870E-005,-4.910232019028626E-005,
2.499933333333334E+009,-3.862058292725124E-005,-4.153866484557511E-006,-1.593479646544438E-005,-5.168919233256020E-005,
2.499966666666667E+009,-3.040452429559082E-005,-1.800635254767258E-005,4.409886969369836E-006,-1.445668658561772E-005,
2.500000000000000E+009,5.242706538410857E-005,2.439264244458173E-005,3.809864574577659E-005,1.366493597743101E-005,
