% Version 1.00
%
%freq[Hz];re:Trc1_S21;im:Trc1_S21;re:Trc2_S12;im:Trc2_S12;
2.480000000000000E+009,1.413146037521074E-006,8.334685844602063E-005,4.732177694677375E-005,6.407033652067184E-005,
2.480033333333334E+009,-3.717185609275475E-005,9.812896314542741E-005,-2.731203676376026E-005,1.818503187678289E-005,
2.480066666666667E+009,-1.096219602914061E-005,1.657732923376898E-006,6.152416744953371E-007,-9.537652658764273E-006,
2.480100000000000E+009,1.122551839216612E-005,2.334623303568151E-007,-1.172338852484245E-005,4.168049781583250E-005,
2.480133333333334E+009,2.546163614169927E-006,1.300901931244880E-005,-3.007006671396084E-005,4.368650479591452E-005,
2.480166666666667E+009,1.807783701224253E-005,2.946693530248012E-005,2.190290388170979E-006,6.107277295086533E-005,
2.480200000000000E+009,-6.018160092935432E-006,2.712342620725394E-006,3.516879223752767E-005,6.939267041161656E-005,
2.480233333333334E+009,-3.581292912713252E-005,4.069491114933044E-005,2.139033313142136E-005,3.922817995771766E-005,
2.480266666666667E+009,1.345073633274296E-005,3.342729178257287E-005,2.723791294556577E-005,5.518060788745061E-005,
2.480300000000000E+009,3.273311085649766E-005,1.675373641774058E-005,1.188104852190008E-005,6.087998917791992E-005,
2.480333333333334E+009,4.991212699678727E-005,-7.130805101951410E-007,3.183331500622444E-005,7.255010132212192E-005,
2.480366666666667E+009,4.181101030553691E-005,1.341017559752800E-005,2.621233579702675E-005,6.530458904308034E-006,
2.480400000000000E+009,6.274205952649936E-005,-5.974769919703249E-006,1.302904092881363E-005,4.917040132568218E-005,
2.480433333333334E+009,-7.334676297432452E-007,5.079154288978316E-005,2.751002102741040E-005,3.813824150711298E-005,
2.480466666666667E+009,3.288449079263955E-005,1.193593925563619E-005,6.275586656556698E-006,3.659427966340445E-005,
2.480500000000000E+009,3.984940485679545E-005,7.356863352470100E-005,6.297868822002783E-005,8.155024988809601E-005,
2.480533333333334E+009,1.898916161735542E-005,7.664208533242345E-005,4.107104177819565E-005,2.940758349723183E-005,
2.480566666666667E+009,4.686311967816437E-006,5.075138324173167E-005,4.892051583738066E-005,2.285077243868727E-005,
2.480600000000000E+009,-2.605474946903996E-006,2.535868770792149E-005,-1.582578806846868E-005,2.157297421945259E-005,
2.480633333333334E+009,-5.641779353027232E-006,6.118022429291159E-005,5.193832475924864E-005,2.530198571548681E-006,
2.480666666666667E+009,2.173846587538719E-005,-2.168256742152153E-006,5.529816189664416E-005,5.599501673714258E-005,
2.480700000000000E+009,1.702106965240091E-005,-2.298797880939674E-005,1.314469591306988E-005,1.190154307550984E-005,
2.480733333333334E+009,5.533216267394892E-007,-1.693042213446461E-005,4.646710294764489E-005,2.202074938395526E-005,
2.480766666666667E+009,4.523804454947822E-005,3.268079308327287E-005,6.763020792277530E-005,-2.414225309621543E-005,
2.480800000000000E+009,6.447528721764684E-005,6.519618182210252E-005,2.332740950805601E-005,4.770325540448539E-005,
2.480833333333334E+009,1.352628146378265E-006,4.888903640676290E-005,4.966912092640996E-005,9.907309504342265E-006,
2.480866666666667E+009,3.662993185571395E-005,2.275211591040716E-005,5.135206811246462E-005,-1.699755898698641E-006,
2.480900000000000E+009,5.910269464948215E-005,8.772452565608546E-005,6.689011934213340E-005,3.318917515571229E-005,
2.480933333333334E+009,9.905557817546651E-005,3.946409560739994E-005,4.109694054932334E-005,4.484213786781766E-005,
2.480966666666667E+009,5.839783989358693E-005,3.844222737825476E-005,1.022083779389504E-005,-4.053724751429400E-006,
2.481000000000000E+009,6.655931792920455E-005,2.163467252103146E-005,7.077861664583907E-005,1.851741399150342E-005,
2.481033333333334E+009,5.850517482031137E-005,-8.587399861426093E-006,4.315282421885058E-005,1.494106345489854E-005,
2.481066666666667E+009,4.727844861918129E-005,-2.947451321233530E-005,5.281343692331575E-005,-3.506551001919434E-005,
2.481100000000000E+009,2.595388832560275E-005,7.570249636046356E-006,3.316245056339540E-005,-3.393131919438019E-005,
2.481133333333334E+009,4.969478322891519E-005,-2.376943120907527E-005,4.542377791949548E-005,-1.873974542832002E-005,
2.481166666666667E+009,8.400973456446081E-005,2.369066532992292E-005,7.568921864731237E-005,4.071694638696499E-005,
2.481200000000000E+009,2.415218295936938E-005,-2.256355946883559E-005,9.200549538945779E-005,-2.670290632522665E-005,
2.481233333333334E+009,1.055956909112865E-005,-2.076270175166428E-005,9.073027467820793E-005,3.279036775438726E-007,
2.481266666666667E+009,4.327458009356633E-005,2.286971175635699E-005,4.782219184562564E-005,2.105333624058403E-005,
2.481300000000000E+009,3.685516639961861E-005,-2.375856820435729E-005,7.094543980201706E-005,-6.889581982250093E-006,
2.481333333333334E+009,2.086044332827441E-005,-4.081313454662450E-005,7.832729897927493E-005,-3.738359737326391E-005,
2.481366666666667E+009,4.852447455050424E-005,-2.688634958758485E-005,8.720029290998355E-005,3.584997830330394E-005,
2.481400000000000E+009,5.511539347935468E-005,2.042920823441818E-005,6.017876148689538E-005,4.678534241975285E-005,
2.481433333333334E+009,3.002715675393120E-005,4.441249257070012E-005,4.715203249361366E-005,1.411128050676780E-005,
2.481466666666667E+009,3.577865572879091E-005,4.132303729420528E-006,7.978080247994512E-006,-1.444949975848431E-005,
2.481500000000000E+009,5.939190668868832E-005,2.069674701488111E-005,6.573396240128204E-005,3.939287489629351E-005,
2.481533333333334E+009,6.841886352049187E-005,-1.214983331010444E-005,5.234056061453885E-006,-1.261902184523933E-006,
2.481566666666667E+009,1.459858049202012E-005,-3.637445115600713E-005,4.738062489195727E-005,-1.006900674838107E-005,
2.481600000000000E+009,6.086977373342961E-005,-1.009866628010059E-005,4.804725540452637E-005,1.879368937807158E-005,
2.481633333333334E+009,2.778502675937489E-005,-2.131108885805588E-005,9.337656956631690E-005,-5.788524140371010E-005,
2.481666666666667E+009,1.063730596797541E-004,-9.380484584653459E-007,5.918108945479617E-005,-1.799225719878450E-005,
2.481700000000000E+009,7.197543254733319E-006,-2.741720891208388E-005,9.140855399891734E-005,6.520304509649577E-007,
2.481733333333334E+009,8.279664325527847E-005,-2.656111428223085E-005,3.226907210773788E-005,-1.526516462035943E-005,
2.481766666666667E+009,5.238094308879226E-005,-7.728636774118058E-006,5.540462007047609E-005,-2.451865839248058E-005,
2.481800000000000E+009,-6.167294941405999E-006,-4.782517135026865E-005,5.583117672358640E-005,-5.686185977538116E-005,
2.481833333333334E+009,5.440749737317674E-005,-4.841321060666814E-005,9.514929843135178E-005,2.268288335471880E-005,
2.481866666666667E+009,8.359897037735209E-005,-2.399723416601773E-005,3.025010846613441E-005,-1.918061570904683E-005,
2.481900000000000E+009,-1.923345007526223E-005,1.593203933225595E-006,9.204976777255070E-006,-1.448302100470755E-005,
2.481933333333334E+009,1.720693035167642E-005,-3.628713784564752E-006,5.599081123364158E-005,-4.975308183929883E-005,
2.481966666666667E+009,3.819687844952568E-005,1.373229861201253E-005,7.465786620741710E-005,-6.433736416511238E-005,
2.482000000000000E+009,3.959568130085245E-005,-4.781119059771299E-005,1.852032437454909E-005,-2.090137058985420E-005,
2.482033333333334E+009,2.795367254293524E-005,-4.445040030987002E-005,-2.592857981653651E-007,-4.780235940415878E-006,
2.482066666666667E+009,5.267024607746862E-005,3.360047173828207E-007,4.711719520855695E-005,-4.174493005848490E-005,
2.482100000000000E+009,7.282201295311097E-007,-4.871601049671881E-006,1.400029213982634E-005,-5.660535316565074E-005,
2.482133333333334E+009,4.193787390249781E-006,-2.196878267568536E-005,2.771433400994283E-006,-6.518809095723555E-005,
2.482166666666667E+009,2.070705704682041E-005,-6.095273784012534E-005,3.246044070692733E-005,-2.447329643473495E-005,
2.482200000000000E+009,4.372512557893060E-005,-2.801483969960827E-005,1.716294173093047E-005,-7.878162432461977E-005,
2.482233333333334E+009,5.039417010266334E-005,-6.594676233362407E-005,3.545190338627435E-005,-6.622220098506659E-006,
2.482266666666667E+009,3.817736433120444E-005,-8.303546928800643E-005,2.193919681303669E-005,-1.801252255972941E-005,
2.482300000000000E+009,3.088722951360978E-005,-5.641588722937740E-005,7.693630323046818E-005,2.130620487150736E-005,
2.482333333333334E+009,6.863715680083260E-005,-6.183283403515816E-005,4.267139956937172E-005,-3.150972406729125E-005,
2.482366666666667E+009,-8.251601684605703E-006,-4.180553150945343E-005,2.822969872795511E-005,-8.093428186839446E-005,
2.482400000000000E+009,-8.045884897001088E-006,-6.020908040227369E-005,3.956991747600114E-007,-1.383049834657868E-006,
2.482433333333334E+009,-5.443112968350761E-005,-4.760993033414707E-005,4.869209078606218E-005,-7.052112050587311E-005,
2.482466666666667E+009,-1.218777197209420E-005,-3.063746771658771E-005,6.916459369676886E-006,1.086728661903180E-005,
2.482500000000000E+009,-1.180545223178342E-005,-1.263837766600773E-004,7.298907348740613E-006,-2.326884168724064E-005,
2.482533333333334E+009,4.017492756247520E-005,-2.291320924996398E-005,-3.448598727118224E-005,-5.105960735818371E-005,
2.482566666666667E+009,3.753085911739618E-005,-7.331959932344034E-005,2.895632496802136E-005,-4.553369217319414E-005,
2.482600000000000E+009,-2.931321432697587E-005,-2.442394725221675E-005,2.682320700841956E-005,-4.319878644309938E-005,
2.482633333333334E+009,1.687626172497403E-005,-3.880700023728423E-005,4.890600030194037E-005,-8.789863932179287E-005,
2.482666666666667E+009,-1.028683400363661E-004,-3.428947456995957E-005,2.117772601195611E-005,-5.475564830703661E-005,
2.482700000000000E+009,2.899587889260147E-005,2.585678703326266E-005,-1.406842238793615E-005,-3.435160397202708E-005,
2.482733333333334E+009,2.183788819820620E-005,-1.750484443618916E-005,-2.368470632063691E-005,-4.887572140432894E-005,
2.482766666666667E+009,-5.307571700541303E-005,-5.051613334217109E-005,1.431867985957069E-005,-6.460383156081662E-005,
2.482800000000000E+009,-4.438958512764657E-006,-4.885580347036012E-005,1.295050537919451E-007,-1.008967501547886E-005,
2.482833333333334E+009,2.596536069177091E-005,-7.112681487342343E-005,-1.689185410214122E-005,-2.928178946604021E-005,
2.482866666666667E+009,2.909568684117403E-005,-5.558620250667445E-005,-9.287755347031634E-006,-5.621525633614510E-005,
2.482900000000000E+009,-1.504344436398242E-005,-7.585749699501321E-005,-1.364368586109777E-006,-6.402514554793015E-005,
2.482933333333334E+009,-8.750355846132152E-006,-5.983739174553193E-005,-4.126360363443382E-005,-5.522469291463494E-005,
2.482966666666667E+009,-7.487322000088170E-005,-6.221914372872561E-005,7.209159230114892E-005,-1.879326919151936E-005,
2.483000000000000E+009,-4.484029341256246E-005,-3.344033393659629E-005,6.304198905127123E-005,-6.470581138273701E-005,
2.483033333333334E+009,-6.225764991540927E-006,-9.186152601614595E-005,-3.834667222690769E-005,-2.323912849533372E-005,
2.483066666666667E+009,-8.578522283642087E-006,-8.198748400900513E-005,-2.972756738017779E-005,-4.156273280386813E-005,
2.483100000000000E+009,2.406163912382908E-005,-5.664974014507607E-005,-3.665913391159847E-005,-2.107615000568330E-005,
2.483133333333334E+009,-1.855256959970575E-005,2.246300209662877E-005,-5.265016079647467E-005,-7.573622860945761E-005,
2.483166666666667E+009,-2.100511119351722E-005,-9.041461453307420E-005,-4.679419362219051E-005,-3.300768366898410E-005,
2.483200000000000E+009,-2.184902041335590E-005,3.810305315710139E-006,2.105687599396333E-005,-3.584861042327248E-005,
2.483233333333334E+009,-1.753398464643396E-005,-4.906296817352995E-005,-3.054562694160268E-005,-1.492627325205831E-005,
2.483266666666667E+009,6.991360714891926E-005,-7.699489651713520E-005,-2.324807428522036E-005,-3.204958557034843E-005,
2.483300000000000E+009,-3.409686178201810E-005,-2.309497904207092E-005,-2.325082277820911E-005,-6.413071969291195E-005,
2.483333333333334E+009,-4.140305100008845E-005,-2.907946054619970E-006,-3.181581632816233E-005,-5.423721813713200E-005,
2.483366666666667E+009,1.045728367898846E-006,-4.767881546285935E-005,1.630846963962540E-005,-3.635656685219146E-005,
2.483400000000000E+009,-4.070685099577531E-005,-6.109158857725561E-005,-2.189581027778331E-005,-5.221742321737111E-005,
2.483433333333334E+009,-9.460240107728168E-005,-4.921131403534673E-005,-6.051602395018563E-005,-2.973548544105142E-005,
2.483466666666667E+009,-1.548452200950123E-005,-8.383289241464809E-005,-4.230802005622536E-005,-6.601327913813293E-005,
2.483500000000000E+009,-1.381236052111490E-005,-1.135040656663477E-005,-3.050102350243833E-005,-8.178873395081610E-005,
2.483533333333334E+009,4.420664026838495E-006,-7.177476072683930E-005,-6.511740502901375E-005,-6.503379700006917E-005,
2.483566666666667E+009,-8.431820606347174E-005,-2.918085920100566E-005,-3.871171065839008E-005,-2.796863373077940E-005,
2.483600000000000E+009,-7.342448225244880E-005,-6.368754111463204E-005,-8.199251169571653E-005,-3.580413613235578E-005,
2.483633333333334E+009,-3.955735883209854E-005,-7.884221849963069E-005,4.249224730301648E-005,-4.625536166713573E-005,
2.483666666666667E+009,-4.202546915621497E-005,-6.158682026580209E-006,-8.602187153883278E-005,-1.878177317848895E-005,
2.483700000000000E+009,-9.346572915092111E-005,-5.978439367027022E-005,-2.815656080201734E-005,-8.704517313162796E-006,
2.483733333333334E+009,-5.002181569579989E-005,-2.698879143281374E-005,-4.670046109822579E-005,-2.843697757271002E-006,
2.483766666666667E+009,-7.220233965199441E-005,-7.000794721534476E-005,-1.921958755701780E-005,-9.755632163432892E-006,
2.483800000000000E+009,-2.729965126491152E-005,3.498006506674756E-008,-4.685395833803341E-005,1.295642323384527E-005,
2.483833333333334E+009,-8.966826862888411E-005,-5.183220855542459E-005,-6.382808351190761E-005,-2.584308731456986E-006,
2.483866666666667E+009,-2.724523073993623E-005,8.735032110962493E-007,-6.082345862523653E-005,-6.530382233904675E-005,
2.483900000000000E+009,-6.695511547150090E-005,-2.501034714441630E-006,-2.478283386153635E-005,-2.487429810571484E-005,
2.483933333333334E+009,-1.082247908925638E-004,-1.275753584195627E-005,-7.609972089994699E-005,-2.225862226623576E-005,
2.483966666666667E+009,-1.106335093936650E-005,4.389533205539919E-005,-5.577404954237863E-005,4.707180050900206E-005,
2.484000000000000E+009,-7.474212907254696E-005,-1.230334601132199E-005,-1.029557315632701E-004,-2.130514985765331E-005,
2.484033333333334E+009,9.486912858847063E-006,1.650212107051630E-005,-7.157042273320258E-005,-5.637321009999141E-006,
2.484066666666667E+009,-5.061699630459771E-005,3.001698860316537E-005,-3.635165194282308E-005,-1.180213530460605E-006,
2.484100000000000E+009,3.461214816979918E-007,-1.125542553381820E-006,-5.826912092743442E-005,-8.509571671311278E-006,
2.484133333333334E+009,-3.060108065255918E-005,-6.877095438539982E-005,-5.581539153354242E-005,-1.829622419791122E-006,
2.484166666666667E+009,-5.204675471759401E-005,-2.770735409285408E-005,-4.520652510109358E-005,4.415330840856768E-005,
2.484200000000000E+009,-5.074191358289681E-005,-1.619309114175849E-005,-8.309783879667521E-005,-3.011129410879221E-005,
2.484233333333334E+009,-7.672428182559088E-005,6.647903774137376E-006,-5.121538561070338E-005,-3.173650384269422E-006,
2.484266666666667E+009,-6.523053889395669E-005,3.732134064193815E-005,-2.624101398396306E-005,4.650767368730158E-005,
2.484300000000000E+009,-6.027855124557391E-005,1.729685391183011E-005,-1.003726265480509E-005,-3.307793667772785E-005,
2.484333333333334E+009,1.161815816885792E-007,6.360166935337475E-006,-9.668478014646098E-005,1.194814194604987E-005,
2.484366666666667E+009,7.028778327367036E-006,2.575530925241765E-005,-9.111098188441247E-005,-1.891042666102294E-005,
2.484400000000000E+009,-9.416137618245557E-005,1.252043693966698E-005,-3.391892460058443E-005,-2.046898043772671E-005,
2.484433333333334E+009,-1.761508428899106E-005,8.234015695052221E-006,-4.960445585311391E-005,-9.537091045785928E-007,
2.484466666666667E+009,-5.966291428194381E-005,2.440497837596922E-006,-6.781850242987275E-005,4.989312947145663E-005,
2.484500000000000E+009,-1.245426246896386E-004,-9.385972589370795E-006,-1.309334220422898E-005,2.933799260063097E-005,
2.484533333333334E+009,-9.777967352420092E-005,-1.191037426906405E-005,-7.506107795052230E-005,3.737054430530407E-005,
2.484566666666667E+009,-1.767280082276557E-005,1.924358366522938E-005,-4.654753865906969E-005,2.042817044412004E-007,
2.484600000000000E+009,-2.686043262656312E-005,-6.567301625182154E-006,-8.050761971389875E-005,3.050889608857688E-005,
2.484633333333334E+009,-1.963840441021603E-005,4.049467861477751E-006,-2.097670949297026E-005,-2.464863791828975E-005,
2.484666666666667E+009,-6.681869763269788E-006,6.566405318153556E-006,-2.200320750489482E-006,-3.173393270117231E-005,
2.484700000000000E+009,-6.915612902957946E-005,-4.534755862550810E-005,-4.959652869729325E-005,3.143063440802507E-005,
2.484733333333334E+009,-4.911456926492974E-005,3.588671461329795E-005,-1.303485896642087E-005,3.119992470601574E-005,
2.484766666666667E+009,-3.076237408095039E-005,3.507803194224834E-005,-4.436335439095274E-005,4.218520189169794E-006,
2.484800000000000E+009,-4.581905159284361E-005,1.766818604664877E-005,-1.521888680144912E-005,4.565343260765076E-005,
2.484833333333334E+009,-1.797976619855035E-005,4.808317316928878E-005,-6.043162647983991E-005,4.924431777908467E-005,
2.484866666666667E+009,-8.390712173422799E-005,2.661031976458617E-005,-4.085287218913436E-005,6.734806083841249E-005,
2.484900000000000E+009,-2.263395072077401E-005,6.342727374430979E-006,-3.171833304804750E-005,5.948324178461917E-005,
2.484933333333334E+009,-6.973918789299205E-005,3.866651240969077E-005,-1.983646325243171E-005,3.702698813867755E-005,
2.484966666666667E+009,-5.321878052200191E-005,3.698365981108509E-005,-4.628990427590907E-005,2.224850686616264E-005,
2.485000000000000E+009,-6.745719292666763E-005,4.499344140640460E-005,-5.089202750241384E-005,7.315099355764687E-005,
2.485033333333334E+009,-4.660685135604581E-006,3.999050477432320E-006,-1.497893117630156E-005,3.175558595103212E-005,
2.485066666666667E+009,-6.811784260207787E-005,4.024688314530067E-005,-9.831857460085303E-005,4.343530599726364E-005,
2.485100000000000E+009,-3.371127377249650E-006,3.222999293939211E-005,1.606537080078851E-005,-1.834765498642810E-006,
2.485133333333334E+009,-1.467117908759974E-005,-4.491023446462350E-006,-1.416458508174401E-005,4.394646748551168E-005,
2.485166666666667E+009,-2.635032797115855E-005,7.491519500035793E-005,-6.514469714602456E-005,2.425848106213380E-005,
2.485200000000000E+009,-5.098338806419633E-005,3.301430479041301E-005,-1.069868631020654E-005,-1.666788557486143E-005,
2.485233333333334E+009,-5.461339969770052E-005,4.623768109013327E-005,-1.019123828882584E-005,8.966586756287143E-005,
2.485266666666667E+009,-2.194408261857461E-005,6.251857121242210E-005,-4.453468500287272E-005,8.315374543599319E-006,
2.485300000000000E+009,3.850860593956895E-006,-3.019615542143583E-005,-2.301358836120926E-005,4.422157144290395E-005,
2.485333333333334E+009,-3.128138268948533E-005,1.561968929308932E-005,-2.701452831388451E-005,6.919617590028793E-005,
2.485366666666667E+009,-2.143209894711617E-005,3.724726775544696E-005,-2.870588104997296E-005,7.073942833812907E-005,
2.485400000000000E+009,3.025192745553795E-005,3.027958337042946E-005,5.046631486038677E-006,6.239688082132489E-005,
2.485433333333334E+009,5.841850907017943E-006,1.749179682519753E-005,-1.366408832836896E-005,6.278276123339310E-005,
2.485466666666667E+009,3.204741233275854E-006,2.658522316778544E-005,-2.540488458180334E-005,4.723060919786803E-005,
2.485500000000000E+009,-2.712716377573088E-005,5.787329428130761E-005,-1.037659239955246E-005,4.187307422398590E-005,
2.485533333333334E+009,-7.910872227512300E-005,-1.376082218484953E-005,-1.018627062876476E-005,6.869358912808821E-005,
2.485566666666667E+009,-2.864403722924180E-005,1.903217707877047E-005,-5.169653377379291E-006,5.235589196672663E-005,
2.485600000000000E+009,1.044788405124564E-005,1.036601533996873E-004,-2.703091195144225E-005,5.602981764241122E-005,
2.485633333333334E+009,1.017492650134955E-005,3.722845576703548E-005,-9.631480679672677E-006,4.846273077419028E-005,
2.485666666666667E+009,1.097116455639480E-005,5.725378287024796E-005,-2.708788088057190E-005,-2.872016011679079E-005,
2.485700000000000E+009,2.447989572829101E-005,4.842799171456136E-005,1.829247594287153E-005,7.493187149520963E-005,
2.485733333333334E+009,-4.376415017759427E-005,1.113495236495510E-004,5.761171996709891E-005,7.056011963868514E-005,
2.485766666666667E+009,2.025878893618938E-005,6.442451558541507E-005,-2.194279841205571E-005,8.713922579772770E-005,
2.485800000000000E+009,-4.381332109915093E-005,2.058746213151608E-005,6.539333844557405E-005,5.549473644350655E-005,
2.485833333333334E+009,-1.554564551042859E-005,7.788439688738436E-005,-9.764044989424292E-006,3.632091102190316E-005,
2.485866666666667E+009,-2.018858685914893E-005,1.949221950781066E-005,-1.346934732282534E-005,4.074355456396006E-005,
2.485900000000000E+009,-1.778289697540458E-005,3.587784158298746E-005,-4.369294038042426E-005,3.152910358039662E-005,
2.485933333333334E+009,-2.476767440384720E-005,8.900601096684113E-005,-2.501931703591254E-005,3.487343565211631E-005,
2.485966666666667E+009,3.664099494926632E-005,7.888350955909118E-005,-2.883560910049710E-006,6.722471880493686E-005,
2.486000000000000E+009,2.380416117375717E-005,5.386355769587681E-005,3.011381159012672E-005,2.878191298805177E-005,
2.486033333333334E+009,-1.117956435336964E-005,8.466307917842642E-005,1.836139927036129E-005,4.896222890238278E-005,
2.486066666666667E+009,5.603293902822770E-005,1.056232667906443E-005,-2.961932750622509E-006,5.650127422995865E-005,
2.486100000000000E+009,-2.300768210261595E-005,2.760202187346295E-005,-1.679463093751110E-005,1.044329678734357E-006,
2.486133333333334E+009,-1.635034641367383E-005,-2.852167199307587E-005,5.341105133993551E-005,5.538139521377161E-005,
2.486166666666667E+009,1.716611768642906E-005,6.308742740657181E-005,5.344028522813460E-006,-1.561370027047815E-006,
2.486200000000000E+009,-3.802700302912854E-005,4.740557415061630E-005,1.267088464373956E-005,2.412880530755501E-005,
2.486233333333334E+009,2.717530333029572E-005,6.788253813283518E-005,-1.360154965368565E-005,6.877007399452850E-005,
2.486266666666667E+009,5.601339944405481E-005,7.153027399908751E-005,4.353845361038111E-005,1.039643393596634E-005,
2.486300000000000E+009,3.485179695417173E-005,4.950288348481990E-005,7.642485797987320E-006,2.345215079913032E-006,
2.486333333333334E+009,6.286221469053999E-005,1.422992227162467E-005,5.085577413410647E-006,5.192626485950314E-005,
2.486366666666667E+009,1.193385378428502E-005,8.814151078695431E-005,4.156316936132498E-005,5.330390195013024E-005,
2.486400000000000E+009,1.942072958627250E-005,4.692971560871229E-005,5.269252869766206E-005,6.619366467930377E-005,
2.486433333333334E+009,-3.739427120308392E-005,1.835497641877737E-005,2.810530759234098E-006,6.358105019899085E-005,
2.486466666666667E+009,2.463361670379527E-005,3.884940815623850E-005,-2.198394940933213E-005,2.709531327127479E-005,
2.486500000000000E+009,-6.972661026338756E-007,2.176718589907978E-005,-6.639472303504590E-006,1.151282594946679E-005,
2.486533333333334E+009,5.210556992096826E-005,4.021287168143317E-006,3.347534584463574E-005,5.705094736185856E-006,
2.486566666666667E+009,2.214511914644390E-005,-2.387643917245441E-006,1.425899790774565E-005,3.947937511838973E-005,
2.486600000000000E+009,3.461685264483094E-005,9.188681360683404E-006,3.901929812855087E-005,5.355358325687121E-007,
2.486633333333334E+009,5.277777017909102E-005,4.011294095107587E-006,3.834741073660553E-005,8.342527871718630E-005,
2.486666666666667E+009,5.515059820027091E-005,4.054072996950708E-005,1.438542312826030E-005,3.916015884897206E-006,
2.486700000000000E+009,1.982448520720936E-005,5.158686690265313E-005,3.560454570106231E-005,1.632511703064665E-005,
2.486733333333334E+009,6.361724808812141E-005,6.580617628060281E-005,7.694848318351433E-005,1.185769997391617E-005,
2.486766666666667E+009,1.902656185848173E-005,-3.444816320552491E-005,-3.037302576558432E-006,1.863223405962344E-005,
2.486800000000000E+009,-3.688097876874963E-006,5.217922534939135E-006,7.356570858974010E-005,1.219579644384794E-005,
2.486833333333334E+009,4.529214493231848E-005,2.201303868787363E-005,7.352151442319155E-006,3.444318645051681E-005,
2.486866666666667E+009,1.088304725271883E-005,2.878353188862093E-005,-5.453711764857872E-006,2.368149762332905E-005,
2.486900000000000E+009,5.260920806904323E-005,2.560254506533966E-005,7.269578054547310E-005,4.023258952656761E-005,
2.486933333333334E+009,1.791645627235994E-005,3.195674435119145E-005,5.973934821668081E-005,-1.612471896805801E-005,
2.486966666666667E+009,4.491960135055706E-005,2.528839650040027E-005,4.731594162876718E-005,-7.880342309363186E-006,
2.487000000000000E+009,1.566810169606470E-005,3.962296250392683E-005,4.273530976206530E-006,3.641434159362689E-005,
2.487033333333334E+009,5.352297375793569E-005,5.599221185548231E-005,1.423681442247471E-005,5.050604158896022E-005,
2.487066666666667E+009,1.014916342683137E-004,2.639908052515239E-005,1.955447987711523E-005,1.895100808724237E-006,
2.487100000000000E+009,2.489199505362194E-005,7.250613271025941E-005,2.730602545852889E-006,3.288962761871517E-005,
2.487133333333334E+009,5.340591451385990E-005,-3.781297345994972E-005,2.260157089040149E-005,2.306076930835843E-005,
2.487166666666667E+009,8.723332575755194E-005,-1.127152336266590E-005,5.007534127798863E-005,-2.097558899549767E-005,
2.487200000000000E+009,-6.559794201166369E-006,-3.202311745553743E-006,-7.923197244963376E-007,3.194727469235659E-005,
2.487233333333334E+009,7.036390161374584E-005,-2.347674580960302E-006,1.511978553025983E-005,-7.177373845479451E-006,
2.487266666666667E+009,3.566498344298452E-005,-1.443371456844034E-005,6.763998680980876E-005,1.687625990598463E-005,
2.487300000000000E+009,-9.983993550122250E-006,-5.857933047082042E-006,2.603491157060489E-005,4.307867584429914E-006,
2.487333333333334E+009,1.548569889564533E-005,-3.903871856891783E-006,1.566077116876841E-005,-1.790030637494056E-006,
2.487366666666667E+009,1.538903234177269E-005,-3.474740879028104E-005,1.642190909478813E-005,3.033733719348675E-006,
2.487400000000000E+009,8.326514216605574E-005,1.024534412863432E-005,5.239262100076303E-005,-1.638062713027466E-005,
2.487433333333334E+009,1.890748353616800E-005,-1.990260443562875E-006,6.916523852851242E-005,-4.738384450320154E-005,
2.487466666666667E+009,3.709972224896774E-005,-1.825225444918033E-005,-3.751998292500502E-006,4.291536606615409E-005,
2.487500000000000E+009,1.863621764641721E-005,5.284060898702592E-005,1.143624103860930E-005,3.346843004692346E-005,
2.487533333333334E+009,4.544384864857420E-005,3.344969627505634E-006,5.036412767367438E-005,1.031020747177536E-005,
2.487566666666667E+009,2.383662649663165E-005,-4.254686064086855E-005,6.971937546040863E-005,3.860230935970321E-005,
2.487600000000000E+009,-7.544810614490416E-006,-1.202546172862640E-005,4.479326889850199E-005,-1.082898961612955E-005,
2.487633333333334E+009,8.319463813677430E-005,1.448398597858613E-005,7.962282688822597E-005,-8.943146895035170E-006,
2.487666666666667E+009,5.562539081438445E-005,4.667501707444899E-005,4.060273931827396E-005,-2.487404526618775E-005,
2.487700000000000E+009,2.686990774236620E-005,5.343972225091420E-005,1.052027364494279E-004,-1.381838683300884E-005,
2.487733333333334E+009,3.537043448886834E-005,-3.251816451665945E-005,5.194770710659213E-005,3.057072171941400E-005,
2.487766666666667E+009,3.649889777079807E-006,-2.135791146429256E-005,1.475848148402292E-005,-3.989633114542812E-006,
2.487800000000000E+009,5.608974242932163E-005,1.902678741316777E-005,4.166757571510971E-005,6.198854407557519E-006,
2.487833333333334E+009,3.424525857553817E-005,2.436650902382098E-005,3.336842928547412E-005,2.658411176525988E-005,
2.487866666666667E+009,8.319940388901159E-005,-5.889913154533133E-006,1.584546771482565E-005,-1.692280602583196E-005,
2.487900000000000E+009,5.221807805355638E-005,-7.300927245523781E-005,1.977792453544680E-005,8.114057891361881E-006,
2.487933333333334E+009,1.395621620758902E-005,-6.160288467071950E-005,6.533033592859283E-005,-4.049154995300341E-006,
2.487966666666667E+009,5.799363498226740E-005,-8.511160558555275E-006,4.547869320958853E-005,-2.422477700747550E-005,
2.488000000000000E+009,1.183378026325954E-005,-1.784235246304888E-005,7.469194770237664E-006,2.560331267886795E-006,
2.488033333333334E+009,-4.038685074192472E-005,4.185475336271338E-005,2.381543345109094E-005,-9.920815500663593E-006,
2.488066666666667E+009,3.794047734118067E-005,-3.787957029999234E-005,2.007783587032463E-005,-1.163872821052792E-005,
2.488100000000000E+009,2.797382330754772E-005,-3.460368316154927E-005,3.848791948257713E-006,-3.862205267068930E-005,
2.488133333333334E+009,3.879309588228352E-005,-1.415918814018369E-005,3.424867827561684E-005,-1.837694981077220E-005,
2.488166666666667E+009,4.511307270149700E-005,4.075372544320999E-006,1.983276160899550E-005,-3.621049836510792E-005,
2.488200000000000E+009,2.533912811486516E-005,-2.348229099879973E-005,9.679020877229050E-006,1.536540912638884E-005,
2.488233333333334E+009,3.318371454952285E-005,-1.039471135300119E-005,1.122085996030364E-005,-4.046427875437075E-006,
2.488266666666667E+009,6.597252649953589E-005,6.048047453077743E-006,-1.187618363474030E-005,-2.125622268067673E-005,
2.488300000000000E+009,-3.026546437467914E-005,-2.539887827879284E-005,-1.373119994241279E-005,-6.382862011378165E-006,
2.488333333333334E+009,8.124702435452491E-005,-6.416969699785113E-005,6.873935490148142E-005,3.982511316280579E-007,
2.488366666666667E+009,1.607004014658742E-005,-2.414261689409614E-005,-3.466270209173672E-005,-4.155357237323187E-005,
2.488400000000000E+009,6.820321141276509E-005,-1.392160174873425E-005,3.123405986116268E-005,-2.552984551584814E-005,
2.488433333333334E+009,2.013358880503802E-006,-3.309711610199884E-005,6.319356180028990E-005,-6.812302308389917E-005,
2.488466666666667E+009,6.579502496606438E-006,-4.015884769614786E-005,1.978543878067285E-005,3.062412361032330E-005,
2.488500000000000E+009,1.743311622703914E-005,-5.391207378124818E-005,4.270986028132029E-005,-2.750298335740808E-005,
2.488533333333334E+009,5.502575004356913E-005,-1.413836343999719E-005,-1.879315641417634E-005,5.162867182662012E-006,
2.488566666666667E+009,2.382396814937238E-005,1.664640876697376E-005,4.521259688772261E-005,-5.691666592611000E-005,
2.488600000000000E+009,1.117354349844391E-005,-7.623361307196319E-005,-1.508237892267061E-005,-5.389982470660470E-005,
2.488633333333334E+009,1.226118365593720E-005,-1.953412902366836E-005,-5.039798270445317E-005,-5.434261038317345E-005,
2.488666666666667E+009,-1.185047040053178E-005,1.927001176227350E-005,9.033160495164339E-006,-2.763109841907863E-005,
2.488700000000000E+009,1.106920717575122E-005,1.607874366982287E-007,-8.247280675277580E-006,-9.592720743967220E-006,
2.488733333333334E+009,-7.499531420762651E-006,-3.404613744351082E-005,4.389664172776975E-005,-6.207056867424399E-005,
2.488766666666667E+009,4.528353383648209E-005,1.721965236356482E-005,2.017059523495846E-005,1.157621773018036E-005,
2.488800000000000E+009,2.193351792811882E-005,1.528365100966767E-005,3.265509440097958E-005,-4.767390782944858E-005,
2.488833333333334E+009,2.582284832897130E-005,-3.781196573982015E-005,-4.172565968474373E-005,-1.788649024092592E-005,
2.488866666666667E+009,-3.327560625621118E-005,6.393471721821697E-006,4.673621515394189E-005,-1.627018173167016E-005,
2.488900000000000E+009,-2.669409332156647E-005,-2.620537816255819E-005,3.829189836324076E-007,-2.942139326478355E-005,
2.488933333333334E+009,1.686916039034259E-005,-8.246131073974539E-006,-3.630741775850765E-005,-6.547327939188108E-005,
2.488966666666667E+009,6.306252180365846E-005,-6.293958722380921E-005,-4.633464413927868E-005,-4.976255877409130E-005,
2.489000000000000E+009,-5.761890133726411E-005,-2.943196705018636E-005,5.265302206680644E-006,-5.225570566835813E-005,
2.489033333333334E+009,-3.003517304023262E-005,-2.856081664504018E-005,-3.438986823312007E-005,-3.326517253299244E-005,
2.489066666666667E+009,-2.524913907109294E-005,-1.949773104570340E-005,-1.746319867379498E-005,-5.718558895750903E-005,
2.489100000000000E+009,-3.799379192059860E-005,2.622946567498730E-006,-6.237576144485502E-006,-1.417917246726574E-005,
2.489133333333334E+009,2.969456727441866E-005,-4.722564426629106E-006,5.570025223278208E-006,-1.264709590031998E-005,
2.489166666666667E+009,-1.760154736984987E-005,1.698343112366274E-005,8.169005013769493E-005,-6.047532224329189E-005,
2.489200000000000E+009,8.421741767961066E-006,-2.691122972464655E-005,-5.961692295386456E-005,-3.237153941881843E-005,
2.489233333333334E+009,-2.770900573523250E-005,-4.384026851766976E-006,-2.015501195273828E-005,-2.967828731925692E-005,
2.489266666666667E+009,2.527099604776595E-005,-1.421698289050255E-005,-7.324462785618380E-005,-5.039483949076384E-005,
2.489300000000000E+009,1.522704860690283E-005,-3.599237606977113E-005,-1.005990270641632E-005,4.396988515509293E-005,
2.489333333333334E+009,-5.699464236386120E-005,-5.930505722062662E-006,9.719960871734656E-006,2.275934457429685E-005,
2.489366666666667E+009,-5.412672976490285E-007,-2.243855021788477E-007,-5.602388682746096E-006,-6.544287316501141E-005,
2.489400000000000E+009,-1.999408050323837E-005,1.250585319212405E-005,-2.579536885605194E-005,2.650174974405672E-005,
2.489433333333334E+009,-2.792118721117731E-006,-3.514750642352738E-005,-8.198852810892277E-006,2.219632551714312E-005,
2.489466666666667E+009,-1.656114545767196E-005,-3.926995850633830E-005,-1.760091799951624E-005,-4.211183113511652E-005,
2.489500000000000E+009,-5.263429557089694E-005,4.396853455546079E-006,-2.802669223456178E-005,-1.292602973990142E-005,
2.489533333333334E+009,-7.471655408153310E-005,-1.220295143866679E-005,-1.967957541637588E-005,4.255882686265977E-006,
2.489566666666667E+009,-3.558523530955426E-005,6.025959919497836E-006,-9.683531061455142E-006,-3.673026367323473E-005,
2.489600000000000E+009,7.886695129855070E-006,-7.343926881731022E-006,-2.864324414986186E-005,-6.350137118715793E-005,
2.489633333333334E+009,-3.175555684720166E-005,3.507321252982365E-006,6.232124633243075E-006,2.330361530766822E-005,
2.489666666666667E+009,-1.598815470060799E-005,2.739084447966889E-005,-3.326349542476237E-005,-4.315053229220212E-005,
2.489700000000000E+009,5.281073299556738E-006,-2.564325950515922E-005,1.988059193536174E-005,-2.054789001704194E-005,
2.489733333333334E+009,-3.736936196219176E-005,-1.215042448166059E-005,-4.325999179854989E-005,-3.601891512516886E-005,
2.489766666666667E+009,2.123504054907244E-005,3.127300715277670E-006,-3.135306906187907E-005,-2.449460043862928E-005,
2.489800000000000E+009,-5.303685611579567E-005,-8.233682819991373E-006,-6.964585281821201E-006,-4.056901525473222E-005,
2.489833333333334E+009,1.551111927255988E-005,-1.563642035762314E-005,-7.456031016772613E-005,-3.063281837967224E-006,
2.489866666666667E+009,1.729428367980290E-005,3.109527597189299E-006,2.985902392538264E-005,2.181378704335657E-006,
2.489900000000000E+009,-9.314225280832034E-006,-1.411515859217616E-005,-7.656178786419332E-005,-4.107827771804296E-005,
2.489933333333334E+009,-9.615954331820831E-005,-4.625489964382723E-005,-6.613491132156923E-005,-9.490755473962054E-006,
2.489966666666667E+009,-5.199905717745423E-005,7.245567303471034E-006,-3.380427369847894E-005,-3.111724436166696E-005,
2.490000000000000E+009,1.906565012177452E-005,-6.621164629905252E-006,6.224313437996898E-006,4.977991557097994E-005,
2.490033333333334E+009,1.738352511893027E-005,-3.318053131806664E-005,-1.414884536643513E-006,-2.803107236104552E-005,
2.490066666666667E+009,-6.502564792754129E-005,4.199184331810102E-006,-7.973438187036663E-006,-5.312164284987375E-005,
2.490100000000000E+009,-2.194804801547434E-005,4.393674680613913E-005,-5.724411948904162E-006,-6.265114279813133E-006,
2.490133333333334E+009,-3.706567440531217E-005,2.237791522929911E-005,-1.847557359724306E-005,-2.087105713144410E-005,
2.490166666666667E+009,-2.763641532510519E-005,-3.272817411925644E-005,-2.144196150766220E-005,-3.780174210987752E-006,
2.490200000000000E+009,-7.339214789681137E-005,-9.029754437506199E-007,-2.019953899434768E-005,-3.656282206065953E-005,
2.490233333333334E+009,-3.593259680201300E-005,3.873666355502792E-005,-3.266560725023737E-006,2.258145832456648E-005,
2.490266666666667E+009,-1.351905211777194E-005,2.506305463612080E-005,1.807831358746626E-005,-9.108746780839283E-006,
2.490300000000000E+009,-3.670102523756214E-005,3.740999818546698E-005,2.145769030903466E-005,-8.951567906478886E-006,
2.490333333333334E+009,-4.385481224744581E-005,1.043656197907694E-006,1.568873813084792E-005,-2.987681364174932E-005,
2.490366666666667E+009,-1.953874743776396E-005,-2.690404107852373E-005,1.712953780952375E-005,-5.576407784246840E-005,
2.490400000000000E+009,1.274426904274151E-005,-4.719858679891331E-006,-4.666532186092809E-005,1.965329283848405E-005,
2.490433333333334E+009,-4.940391954733059E-005,-8.332243305630982E-005,2.024894092755858E-005,-4.955862550559687E-006,
2.490466666666667E+009,4.654363146983087E-005,3.566172017599456E-005,4.890751370112412E-006,-7.664586973987753E-007,
2.490500000000000E+009,-1.657941174926236E-005,-5.959951522527263E-006,5.297073585097678E-006,-2.579206920927391E-005,
2.490533333333334E+009,1.238922141055809E-005,-6.406831380445510E-005,-4.193792119622231E-005,2.370277979935054E-005,
2.490566666666667E+009,8.369689567189198E-006,-3.847428615699755E-006,2.234748535556719E-006,-2.445985410304274E-005,
2.490600000000000E+009,-4.552311656880193E-005,-3.043982360395603E-005,2.232858969364315E-005,-8.032146070036106E-006,
2.490633333333334E+009,-3.413677768548951E-005,-4.921010622638278E-005,-2.393900831521023E-005,-2.452682565490250E-005,
2.490666666666667E+009,2.050873808912002E-005,2.066860542981885E-005,9.315259376307949E-006,-2.746948302956298E-005,
2.490700000000000E+009,1.904194391499914E-006,-1.310138395638205E-005,-2.274692269566003E-005,-2.548753582232166E-005,
2.490733333333334E+009,9.313514055975247E-006,-3.759246737899957E-006,6.180611762829358E-006,-2.912260788434651E-005,
2.490766666666667E+009,-2.872993172786664E-005,-1.895470086310525E-005,-1.236387015524088E-005,1.718433509267925E-006,
2.490800000000000E+009,-7.463298243237659E-005,1.309174331254326E-005,-3.223057501600124E-005,-1.096144751500106E-005,
2.490833333333334E+009,-1.178494039777434E-005,-1.688703559921123E-005,-3.665519398055039E-005,7.077819191181334E-006,
2.490866666666667E+009,-6.557418964803219E-005,2.780454087769613E-005,-1.286521819565678E-005,4.352114615358005E-007,
2.490900000000000E+009,-2.478765418345574E-005,-2.144362042599823E-005,-1.270402754016686E-005,-2.249740100523923E-005,
2.490933333333334E+009,-1.903705197037198E-006,4.144860577071086E-005,-1.913406049425248E-005,5.462264198285993E-006,
2.490966666666667E+009,2.538589251344092E-005,2.098733784805518E-005,-3.885201294906437E-005,-6.322936314973049E-006,
2.491000000000000E+009,-3.563696736819111E-005,3.638220005086623E-005,-4.839635948883370E-005,3.533755034368369E-006,
2.491033333333334E+009,-1.286351107410155E-005,-2.139425305358600E-005,5.049880928709172E-005,4.727603027276928E-006,
2.491066666666667E+009,-1.787992005120032E-005,1.209182028105715E-005,-3.296680370112881E-005,2.518224027880933E-005,
2.491100000000000E+009,1.795564685380668E-006,3.525413922034204E-005,-1.801738471840508E-005,-3.388347249710932E-005,
2.491133333333334E+009,-2.364986903558020E-005,5.615447662421502E-006,-1.159722273769148E-006,-3.366965393070132E-005,
2.491166666666667E+009,7.961607479956001E-006,4.288043419364840E-005,2.182013486162759E-005,-4.951645314577036E-005,
2.491200000000000E+009,-2.177227543143090E-005,-7.418209861498326E-006,2.133074849552941E-005,1.989431621041149E-005,
2.491233333333334E+009,-2.764247074082959E-005,4.297722261981107E-005,-2.859452979464550E-005,5.655943482452130E-007,
2.491266666666667E+009,-7.489691779483110E-005,1.443166183889844E-005,5.024999700253829E-005,2.656496690178756E-005,
2.491300000000000E+009,-1.063664149114629E-005,-3.989546894445084E-005,-5.126546602696180E-005,-4.970801455783658E-006,
2.491333333333334E+009,-1.857663301052526E-005,1.390140732837608E-005,-2.537534601287916E-005,-5.673633495462127E-006,
2.491366666666667E+009,-8.451510439044796E-006,-1.443802739231614E-005,-5.389032958191820E-005,3.554463546606712E-005,
2.491400000000000E+009,-2.168718765460653E-006,4.353086114861071E-005,-4.071220610057935E-005,-1.540723133075517E-005,
2.491433333333334E+009,1.625819641049020E-005,3.614657543948852E-005,4.156509385211393E-005,-2.429578307783231E-005,
2.491466666666667E+009,-1.961613452294841E-005,-3.004170503118075E-005,1.372667156829266E-005,3.685240926643019E-006,
2.491500000000000E+009,7.130355243134545E-006,3.868989006150514E-005,-6.667787238257006E-005,4.783981694345130E-006,
2.491533333333334E+009,1.823048296500929E-005,3.267201464041136E-005,5.218469232204370E-005,-2.585953006928321E-005,
2.491566666666667E+009,2.242461596324574E-005,5.067311576567590E-005,-3.577524978481961E-007,-7.938148883113172E-006,
2.491600000000000E+009,-4.383407940622419E-005,-5.721145498682745E-006,-3.892887434631120E-006,5.790868817712180E-005,
2.491633333333334E+009,4.524393443716690E-005,3.510501119308174E-005,3.526300133671612E-005,5.441576286102645E-005,
2.491666666666667E+009,-1.499232075730106E-005,8.863743278197944E-005,-6.447081091209839E-009,5.686029908247292E-005,
2.491700000000000E+009,-3.880888471030630E-006,2.750904968706891E-005,-4.778711081598885E-005,7.942745469335932E-006,
2.491733333333334E+009,-2.802354538289364E-005,8.717997843632475E-006,-1.107635307562305E-005,2.217662085968186E-006,
2.491766666666667E+009,-2.499062975402921E-005,4.120425728615373E-006,-3.990359255112708E-005,2.591815700725419E-006,
2.491800000000000E+009,7.439747423632070E-005,-1.265399714611704E-005,-3.202742300345562E-005,-1.616983354324475E-006,
2.491833333333334E+009,-3.335239307489246E-005,4.879805419477634E-005,-8.357743354281411E-006,-1.465617060603108E-005,
2.491866666666667E+009,8.932657692639623E-006,-3.570661283447407E-005,3.628577542258427E-005,-7.471462595276535E-006,
2.491900000000000E+009,9.829622285906225E-006,3.080045644310303E-005,-1.297301969316322E-005,-8.127195542328991E-006,
2.491933333333334E+009,-2.592381679278333E-005,5.640443487209268E-005,-4.619906758307479E-005,-1.173858254333027E-005,
2.491966666666667E+009,-1.787011387932580E-005,8.407371933571994E-005,-6.058413782739081E-005,5.142860027262941E-005,
2.492000000000000E+009,3.196420220774598E-005,1.568684638186824E-005,-5.067087113275193E-005,3.238485078327358E-005,
2.492033333333334E+009,1.992103898373898E-005,2.613665310491342E-005,1.226026415679371E-005,5.248806701274589E-005,
2.492066666666667E+009,1.856360358942766E-005,3.150119300698862E-005,4.924995664623566E-005,4.999926750315353E-005,
2.492100000000000E+009,1.424405309080612E-005,1.135606726165861E-005,-3.034039946214762E-005,3.761726839002222E-005,
2.492133333333334E+009,-4.708666892838664E-005,6.276382191572338E-005,4.459554475033656E-006,2.487164010744891E-006,
2.492166666666667E+009,1.578420415171422E-005,8.424498082604259E-005,7.041352318992722E-007,7.020630437182263E-005,
2.492200000000000E+009,-4.525735857896507E-005,2.268655589432456E-005,-3.896468842867762E-005,2.371973641857039E-005,
2.492233333333334E+009,-1.392486228724010E-005,2.716343078645878E-005,-6.657905942120124E-006,1.324735148955369E-005,
2.492266666666667E+009,-3.541243813742767E-006,6.839450179541018E-006,4.072782360253768E-007,4.680487108998932E-005,
2.492300000000000E+009,-2.186884739785455E-005,-8.026938303373754E-006,2.470112121955026E-005,-8.951945346780121E-006,
2.492333333333334E+009,-3.090920290560462E-005,-5.084992153570056E-006,-8.177622476068791E-006,1.403917940479005E-005,
2.492366666666667E+009,-4.833311686525121E-005,-4.645092849386856E-005,2.280274748045486E-005,4.600936517817900E-005,
2.492400000000000E+009,2.180836963816546E-005,-1.781395258149132E-005,-2.420599412289448E-005,4.054019154864363E-005,
2.492433333333334E+009,4.190573235973716E-005,1.011797758110333E-005,-5.620314368570689E-006,2.564354144851677E-005,
2.492466666666667E+009,6.459436008299235E-006,-6.604529335163534E-005,-1.758853500177793E-006,4.011851342511363E-005,
2.492500000000000E+009,2.059837606793735E-005,8.566468750359491E-006,-8.544438969693147E-006,4.721345248981379E-005,
2.492533333333334E+009,6.925897196197184E-006,6.666482477157842E-006,1.496888671681518E-005,2.272757592436392E-005,
2.492566666666667E+009,1.349781905446434E-005,4.875024751527235E-005,-7.126878699637018E-006,-1.075176896847552E-005,
2.492600000000000E+009,1.515748044766951E-005,-1.172832253359957E-005,2.544186827435624E-005,3.597556133172475E-005,
2.492633333333334E+009,1.522851675872516E-006,2.741167918429710E-005,1.196624725707807E-005,6.434152965084650E-006,
2.492666666666667E+009,-2.020449574047234E-005,-2.099310222547501E-005,-2.425040293019265E-005,2.642303661559708E-005,
2.492700000000000E+009,-9.611682799004484E-006,3.738855957635678E-005,4.139702650718391E-005,1.398682616127189E-005,
2.492733333333334E+009,-2.921758277807385E-005,2.530071105866227E-005,-3.064658449147828E-005,2.215671156591270E-005,
2.492766666666667E+009,2.770949504338205E-005,-3.163879591738805E-005,-2.898376078519505E-005,1.667784454184584E-005,
2.492800000000000E+009,-2.283327012264635E-005,5.369231803342700E-005,-9.916951967170462E-006,2.392161331954412E-005,
2.492833333333334E+009,2.300800588272978E-005,-1.439429797756020E-005,5.357397458283231E-005,4.979705045116134E-005,
2.492866666666667E+009,2.312313699803781E-005,4.194457505946048E-005,1.763793989084661E-005,2.490579026925843E-005,
2.492900000000000E+009,-1.601696203579195E-005,3.098704837611876E-005,1.557751056679990E-005,3.567309977370314E-005,
2.492933333333334E+009,6.293081241892651E-005,8.084910950856283E-005,5.503974171006121E-005,-2.650583894592273E-007,
2.492966666666667E+009,-5.618201612378471E-006,4.868726318818517E-005,-5.365012839320116E-006,1.620967304916121E-005,
2.493000000000000E+009,-2.135658905899618E-005,5.033050547353923E-005,-2.735403768383549E-006,-2.578768089733785E-006,
2.493033333333334E+009,-3.262242171331309E-005,5.110247911943588E-006,2.723741454246920E-005,6.920257874298841E-005,
2.493066666666667E+009,-3.777251549763605E-006,-4.126318799535511E-006,3.485653724055737E-005,3.347407255205326E-005,
2.493100000000000E+009,-1.192503805214074E-005,9.462451089348178E-006,2.297333776368760E-005,-5.635698926198529E-006,
2.493133333333334E+009,6.652367119386327E-006,5.264133142190985E-005,-3.221584120183252E-005,-5.441679604700767E-006,
2.493166666666667E+009,1.962986607395578E-005,2.922438034147490E-005,-3.550099427229725E-005,3.981096142524621E-006,
2.493200000000000E+009,-2.967516775242984E-005,-5.106005482957698E-005,3.670113437692635E-005,-4.917110913993383E-007,
2.493233333333334E+009,4.768951839650981E-005,-1.223770709657401E-006,-1.642712049942929E-005,4.453536348592024E-006,
2.493266666666667E+009,-4.779493974638172E-005,6.595158629352227E-005,5.562627120525576E-005,1.718985004117712E-005,
2.493300000000000E+009,-4.347361391410232E-005,1.807470653147902E-005,3.418093456275528E-006,3.977293090429157E-006,
2.493333333333334E+009,3.218928395654075E-005,-5.301874261931516E-005,8.305010851472616E-006,1.328512280451832E-005,
2.493366666666667E+009,3.668558565550484E-005,6.004649912938476E-005,5.709414472221397E-005,3.071963874390349E-005,
2.493400000000000E+009,1.161148520623101E-005,4.322375752963126E-005,3.031345841009170E-005,4.088809146196581E-005,
2.493433333333334E+009,4.663278741645627E-005,-3.145611117361113E-005,9.963854608940892E-006,4.527933924691752E-005,
2.493466666666667E+009,5.399885776569136E-005,2.399977347522508E-005,-1.532921487523709E-005,3.250464578741230E-005,
2.493500000000000E+009,-2.739000410656445E-005,3.817564720520750E-005,5.782526386610698E-006,4.348937363829464E-005,
2.493533333333334E+009,3.242800084990449E-005,-3.120327528449707E-005,3.089410893153399E-005,7.012475634837756E-006,
2.493566666666667E+009,2.330437382624950E-005,3.931449828087352E-005,1.662837712501641E-005,-7.180610555224121E-005,
2.493600000000000E+009,-5.296390008879826E-005,1.983121183002368E-005,4.963296760251978E-006,-2.409011358395219E-005,
2.493633333333334E+009,2.328583377675386E-006,-4.807480581803247E-005,4.038174665765837E-005,-1.867231003416237E-005,
2.493666666666667E+009,-7.780840860505123E-006,-1.495874312240630E-005,-6.270532139751595E-006,1.094558956538094E-005,
2.493700000000000E+009,2.486976518412121E-005,3.454970283200964E-005,6.845754796813708E-006,-2.082912942569237E-005,
2.493733333333334E+009,5.502402564161457E-005,8.580880603403784E-006,6.856748768768739E-006,-1.040372990246397E-005,
2.493766666666667E+009,4.968556822859682E-005,1.204254931508331E-005,4.096530028618872E-005,-1.540048106107861E-005,
2.493800000000000E+009,-5.322937340679346E-006,6.871548521303339E-006,-1.381441597914090E-005,5.980669084237889E-005,
2.493833333333334E+009,-5.387492274167016E-005,-1.719984356896021E-005,-1.755905714162509E-006,2.572616358520463E-005,
2.493866666666667E+009,-2.228449375252239E-005,4.073728268849663E-005,2.873590119634173E-006,6.559967732755467E-005,
2.493900000000000E+009,5.779567800345831E-006,5.788528142147698E-006,-8.742090358282439E-006,5.264671926852316E-005,
2.493933333333334E+009,-5.858824465576618E-007,2.670540015969891E-005,3.534318966558203E-005,1.182481719297357E-005,
2.493966666666667E+009,1.787655673979316E-005,-3.904011464328505E-005,8.035288374230731E-006,-8.880791710907943E-007,
2.494000000000000E+009,3.586443199310452E-005,2.514129482733551E-005,3.422840745770373E-005,-4.194608118268661E-005,
2.494033333333334E+009,-5.785378561995458E-006,1.632862949918490E-005,1.050565424520755E-005,-1.360959140583873E-005,
2.494066666666667E+009,4.444662772584707E-005,3.358505273354240E-005,2.439901618345175E-005,-5.833997784066014E-005,
2.494100000000000E+009,-2.565746399341151E-005,-2.169244726246689E-005,1.173224609374302E-005,1.924480056914035E-005,
2.494133333333334E+009,4.312372311687795E-006,8.135971256706398E-006,-1.141735901910579E-005,-6.555879372172058E-005,
2.494166666666667E+009,3.219326390535571E-005,1.193927073472878E-005,2.368900368310278E-006,4.941246879752725E-005,
2.494200000000000E+009,4.552849986794172E-006,1.015786165226018E-005,-2.715699702093843E-005,-4.555240451509235E-008,
2.494233333333334E+009,2.046902227448300E-005,-4.509180143941194E-005,1.539895947644254E-006,2.528588765926543E-006,
2.494266666666667E+009,5.336667891242541E-005,-4.833062121178955E-005,2.238245178887155E-005,2.977432268380653E-005,
2.494300000000000E+009,-4.430302215041593E-005,-1.414983580616536E-005,1.718354724289384E-005,3.323179407743737E-005,
2.494333333333334E+009,-1.196961966343224E-005,5.043556302553043E-005,-3.412452861084603E-005,-2.649067755555734E-005,
2.494366666666667E+009,2.112881156790536E-005,7.945817742438521E-006,3.944739728467539E-005,-7.422195631079376E-005,
2.494400000000000E+009,3.869064130412880E-006,-3.407859549042769E-005,3.427099363761954E-005,1.461779174860567E-005,
2.494433333333334E+009,-1.071345991476846E-006,6.221770945558092E-006,3.811148417298682E-005,1.818179725887603E-006,
2.494466666666667E+009,3.832269067061134E-005,7.129457117116544E-006,1.828858512453735E-005,8.097637874016073E-006,
2.494500000000000E+009,1.058717680280097E-005,2.741545540629886E-005,5.899568350287154E-006,6.270157882681815E-006,
2.494533333333334E+009,4.983803955838084E-005,-2.501853305147961E-005,-6.590175871679094E-006,4.840894689550623E-005,
2.494566666666667E+009,-3.494251359370537E-005,-6.838337867520750E-006,3.955467764171772E-005,1.410452568961773E-005,
2.494600000000000E+009,3.005879807460588E-005,-9.275041520595551E-006,-2.685358140297467E-006,2.802408744173590E-005,
2.494633333333334E+009,2.747012501913559E-007,-6.020138607709669E-005,-3.610257408581674E-005,2.705627775867470E-005,
2.494666666666667E+009,3.098151864833199E-005,-9.722895811137278E-006,2.238396518805530E-005,-4.076592085766606E-005,
2.494700000000000E+009,2.918268182838801E-005,5.386925181483093E-007,2.686522293515736E-006,-1.503547264292138E-005,
2.494733333333334E+009,2.289913209096994E-005,-7.456192543031648E-005,-2.756752292043530E-005,-1.005506510409759E-005,
2.494766666666667E+009,-3.530616231728345E-005,2.121488250850234E-006,4.640741099137813E-005,-2.060851147689391E-005,
2.494800000000000E+009,1.033532826113515E-004,1.576194335939363E-005,1.196109042211901E-005,-2.728409162955359E-005,
2.494833333333334E+009,-6.934590055607259E-005,-1.752417119860183E-005,6.288012082222849E-005,-3.150928750983439E-005,
2.494866666666667E+009,-4.272702062735334E-005,-1.191498267871793E-005,2.652463444974273E-005,3.774090146180242E-005,
2.494900000000000E+009,-3.055145862163045E-005,4.204596916679293E-005,-4.230834383633919E-005,-2.165116711694282E-005,
2.494933333333334E+009,-3.309377279947512E-005,-1.024158223117411E-006,-2.012537515838631E-005,5.190217780182138E-005,
2.494966666666667E+009,5.051157495472580E-005,-9.082154974748846E-006,3.537334691827709E-008,-1.474475993745728E-005,
2.495000000000000E+009,5.500003680936061E-005,1.219142814079532E-005,-1.977709507627878E-005,-3.320995745070832E-007,
2.495033333333334E+009,-8.888234333426226E-006,2.149143983842805E-005,3.640980503405444E-005,2.165471357784554E-007,
2.495066666666667E+009,-2.114473318215460E-005,4.647053629014408E-006,2.371443042648025E-005,3.091520557063632E-005,
2.495100000000000E+009,-1.874299232440535E-005,-3.267814827268012E-005,5.372781015466899E-005,-1.437976516172057E-005,
2.495133333333334E+009,-5.892336776014417E-005,-2.327153379155789E-005,-1.170671021100134E-005,-6.619279156439006E-005,
2.495166666666667E+009,1.286590986637748E-006,-3.876972914440557E-005,1.594461718923412E-005,-7.302088306460064E-006,
2.495200000000000E+009,4.366395842225757E-006,-3.335832661832683E-005,1.096501478059508E-006,-4.326065754867159E-005,
2.495233333333334E+009,8.880929840415774E-007,-3.860643118969165E-005,2.823613795044366E-005,5.982376023894176E-006,
2.495266666666667E+009,8.195386908482760E-005,8.076323865680024E-006,-7.367963917204179E-006,-5.061960837338120E-005,
2.495300000000000E+009,-3.351995110278949E-005,3.742863782463246E-006,8.885413990356028E-006,-1.233245347975753E-005,
2.495333333333334E+009,-3.613965236581862E-005,-1.279815023735864E-005,1.847760177042801E-005,-4.172249828116037E-005,
2.495366666666667E+009,-8.764836820773780E-006,-4.106753112864681E-005,6.466516060754657E-005,1.666059870331083E-005,
2.495400000000000E+009,1.855527989391703E-005,-3.239746365579777E-005,1.344540396530647E-005,-5.339462586562149E-005,
2.495433333333334E+009,-1.651875572861172E-005,-5.074460932519287E-005,-1.420755688741338E-005,-3.119781467830762E-005,
2.495466666666667E+009,-3.596364695113152E-005,-2.502381357771810E-005,-4.036814425489865E-005,-8.001438800420146E-006,
2.495500000000000E+009,-4.025674570584670E-005,-1.731639531499241E-005,-1.962618989637122E-005,-1.390467787132366E-005,
2.495533333333334E+009,1.297082008022699E-006,-6.341408152366057E-005,-5.735025183639664E-007,-3.222032319172286E-005,
2.495566666666667E+009,3.161042695865035E-005,-3.687487333081663E-005,-3.022429882548749E-005,-3.130961704300717E-005,
2.495600000000000E+009,9.937783033819869E-006,4.390064532344695E-006,-3.269616354373284E-005,-5.588617932517082E-005,
2.495633333333334E+009,1.554704795125872E-005,2.967223053929047E-006,-2.851870885933749E-005,-1.635031367186457E-005,
2.495666666666667E+009,-2.926672823377885E-005,-4.100516161997803E-005,1.558216172270477E-005,-7.583653496112675E-005,
2.495700000000000E+009,-3.022453347512055E-005,-3.274690243415535E-005,-3.563518475857563E-005,-3.057191861444153E-005,
2.495733333333334E+009,-2.593109093140811E-005,-3.402145739528351E-005,-4.185348007013090E-005,2.657765253388789E-005,
2.495766666666667E+009,4.145871935179457E-005,5.837492790305987E-005,3.639619171735831E-005,4.044814431836130E-006,
2.495800000000000E+009,2.038726051978301E-005,4.385510692372918E-006,4.296157203498296E-005,3.325881334603764E-005,
2.495833333333334E+009,2.394312650721986E-005,2.016646249103360E-006,-2.926568777184002E-005,-2.973944901896175E-005,
2.495866666666667E+009,-2.121605803040438E-006,3.300921162008308E-005,-1.083196275430964E-005,7.953307431307621E-006,
2.495900000000000E+009,-9.979673450288829E-006,-2.784010030154605E-005,-3.909022780135274E-005,-1.406139472237555E-005,
2.495933333333334E+009,1.227494885824854E-005,-4.283163798390888E-005,-8.837331733957399E-006,8.835124390316196E-006,
2.495966666666667E+009,-1.837264790083282E-005,-6.244337419047952E-005,5.145947579876520E-005,4.119924051337875E-005,
2.496000000000000E+009,-8.148247616190929E-006,-6.258963549043983E-005,-6.628381470363820E-006,6.741088327544276E-006,
2.496033333333334E+009,5.213271833781619E-006,-3.272481990279630E-006,-6.417420081561431E-005,-3.281294266344048E-005,
2.496066666666667E+009,-2.870205753424671E-005,-3.235213080188260E-005,-5.501795385498554E-006,1.177838294097455E-005,
2.496100000000000E+009,1.270352913707029E-005,-1.954318395291921E-005,4.900880230707116E-005,1.865140620793682E-005,
2.496133333333334E+009,-7.224583441711729E-006,-3.792906136368401E-005,-3.548919994500466E-005,2.115490133292042E-005,
2.496166666666667E+009,2.568783384049311E-005,2.036074874922633E-005,-1.316145790042356E-005,-8.999815690913238E-006,
2.496200000000000E+009,-2.173269876948325E-006,-1.359072393825045E-005,-4.512462510319892E-006,-1.049162710842211E-005,
2.496233333333334E+009,-4.696042651630705E-006,4.512148370849900E-005,-1.672593134571798E-005,2.420500095468015E-006,
2.496266666666667E+009,-6.202825898071751E-005,1.702756890153978E-006,2.919876169471536E-005,-4.365790664451197E-005,
2.496300000000000E+009,-4.160837488598190E-005,5.229744419921190E-005,-4.373950650915504E-005,-2.808992212521844E-005,
2.496333333333334E+009,-1.133610930992290E-005,-2.221543400082737E-005,2.183385913667735E-005,-2.378790668444708E-005,
2.496366666666667E+009,-2.332388976356015E-005,1.391246860293904E-005,-3.942258263123222E-005,-5.441870598588139E-005,
2.496400000000000E+009,-7.063286466291174E-005,2.376675411142060E-006,-2.214335836470127E-005,8.033254744077567E-006,
2.496433333333334E+009,-2.148349631170277E-005,-4.975981482857605E-006,2.915791628765874E-005,1.001879627438029E-005,
2.496466666666667E+009,1.883474033093080E-005,2.763955490081571E-005,-4.990753586753272E-005,-2.010450043599121E-005,
2.496500000000000E+009,-2.871121978387237E-005,3.393696897546761E-005,8.631579362372577E-007,9.107679943554103E-006,
2.496533333333334E+009,-2.262459565827157E-005,-1.750591945892666E-005,4.256744068698026E-005,-1.737760430842172E-005,
2.496566666666667E+009,-2.598553692223504E-005,-1.947180862771347E-005,1.847928069764748E-005,3.079901216551662E-005,
2.496600000000000E+009,7.457058927684557E-006,3.641827788669616E-005,-1.045503631758038E-005,1.520284513389925E-005,
2.496633333333334E+009,-1.674024315434508E-005,7.396911314572208E-006,2.025999492616393E-005,9.754339771461673E-006,
2.496666666666667E+009,2.079773184959777E-005,3.859475691569969E-005,-4.106619599042460E-005,2.917708343375125E-006,
2.496700000000000E+009,-3.580877819331363E-005,-1.523222522337164E-006,-5.730571501771919E-006,-5.380713901104173E-006,
2.496733333333334E+009,-3.881528755300678E-005,-1.706605507934000E-005,-6.758762992831180E-006,8.767751751292963E-006,
2.496766666666667E+009,-4.572663783619646E-006,3.808952214967576E-006,-2.880835381802172E-005,-5.465103095048107E-005,
2.496800000000000E+009,-2.893554301408585E-005,-2.224167701569968E-006,-2.253972525068093E-006,5.671196049661376E-005,
2.496833333333334E+009,-6.519148882944137E-005,2.616982101244503E-006,-1.000046449917136E-005,-3.071341780014336E-006,
2.496866666666667E+009,-7.108832505764440E-005,-1.512296330474783E-005,-3.217822086298838E-005,3.494629345368594E-005,
2.496900000000000E+009,-1.428445443707460E-006,3.605925257943454E-006,-6.550227226398420E-006,1.945124313351698E-005,
2.496933333333334E+009,-1.493135096097831E-005,6.451905846915906E-006,-1.897621041280218E-005,1.566758328408469E-006,
2.496966666666667E+009,-9.865616448223591E-006,-9.479796972300392E-006,4.070692739333026E-005,3.314054265501909E-005,
2.497000000000000E+009,-1.202095518237911E-005,1.305724890698912E-005,-5.535611489904113E-005,2.392651913396549E-005,
2.497033333333334E+009,-2.105219891745946E-006,-2.806305747071747E-005,-4.660814738599584E-005,5.054409120930359E-005,
2.497066666666667E+009,-4.410500878293533E-006,5.457224324345589E-005,7.225351146189496E-005,2.069101537927054E-005,
2.497100000000000E+009,-1.540519224363379E-005,2.697761738090776E-005,1.775092277966905E-005,5.455327482195571E-006,
2.497133333333334E+009,-1.559281008667313E-005,5.520552076632157E-005,3.900979663740145E-006,-1.395440085616428E-005,
2.497166666666667E+009,-1.366767992294626E-005,5.906751539441757E-005,4.473426088225097E-005,-5.864304952751809E-008,
2.497200000000000E+009,-4.333096796926839E-007,1.728887400531676E-005,-2.642576873768121E-005,-2.508051011318457E-006,
2.497233333333334E+009,7.931254367576912E-005,4.703669401351363E-005,-3.768018927985395E-007,3.392764483578503E-005,
2.497266666666667E+009,-3.817326796706766E-005,4.793842163053341E-005,-1.415655424352735E-005,3.212924639228731E-006,
2.497300000000000E+009,7.789682967995759E-006,3.841929719783366E-005,3.026796002814081E-005,4.408543190947967E-006,
2.497333333333334E+009,-1.025365418172441E-005,-8.267806151707191E-006,-2.358458914386574E-005,-1.242259145328717E-006,
2.497366666666667E+009,-4.090035145054571E-005,-3.605722304200754E-005,7.250978342199232E-007,-1.010413598123705E-005,
2.497400000000000E+009,3.112158447038382E-005,-1.055629854818108E-005,-2.153343666577712E-005,2.373109964537434E-006,
2.497433333333334E+009,-1.173777306462398E-007,1.839572541939560E-005,-7.845908839954063E-006,1.492615047027357E-005,
2.497466666666667E+009,2.267536183353514E-005,2.258576205349527E-005,-3.101754555245861E-005,5.380083530326374E-005,
2.497500000000000E+009,9.108774975175038E-006,6.070019935577875E-006,-6.971984475967474E-006,3.367115641594864E-005,
2.497533333333334E+009,2.059625512629282E-005,-5.312516077538021E-005,-1.475629801461764E-006,4.057257319800556E-005,
2.497566666666667E+009,9.385906196257565E-006,-3.257685602875426E-005,-1.653367144172080E-005,2.934237636509351E-005,
2.497600000000000E+009,-7.568985438410891E-006,-3.652172017609701E-005,3.594287045416422E-005,4.117253411095589E-006,
2.497633333333334E+009,3.385591844562441E-005,-1.649844307394233E-005,-2.600854895717930E-005,3.522519909893163E-005,
2.497666666666667E+009,2.328480513824616E-005,-8.937161510402802E-006,-3.289134724582254E-007,-1.928733581735287E-005,
2.497700000000000E+009,3.698496220749803E-005,1.627051824470982E-005,7.002860456850613E-006,-1.040383904182818E-005,
2.497733333333334E+009,-7.074246241245419E-005,2.138665149686858E-005,5.998092456138693E-005,-6.359544204315171E-005,
2.497766666666667E+009,1.003690431389259E-005,-2.428253355901688E-005,-4.098455519851996E-006,1.033419448503992E-005,
2.497800000000000E+009,-5.528494148165919E-005,-3.636413748608902E-005,1.503835119365249E-005,-2.018616396526340E-005,
2.497833333333334E+009,2.221228533016983E-005,5.347421756596305E-005,-3.301947435829788E-005,6.859703717054799E-005,
2.497866666666667E+009,2.027643313340377E-005,5.010851964470930E-005,1.021239677356789E-005,-1.911548821453835E-007,
2.497900000000000E+009,2.852924080798402E-005,-7.505129673290867E-008,-2.939395199064165E-005,-2.770863284240477E-005,
2.497933333333334E+009,4.294096288504079E-005,6.674310861853883E-005,2.844579285010696E-005,5.409997538663447E-005,
2.497966666666667E+009,2.776112705760170E-005,-6.395184186658298E-007,1.601633994141594E-005,2.842645881173667E-005,
2.498000000000000E+009,3.495422424748540E-005,3.008405838045292E-005,-3.361234348631115E-006,3.616090907598846E-005,
2.498033333333334E+009,-3.960710819228552E-005,3.031196911251755E-006,-7.822227416909300E-006,8.648301445646212E-006,
2.498066666666667E+009,6.661066890956136E-006,-7.581476893392392E-006,2.073554787784815E-005,6.956562174309511E-006,
2.498100000000000E+009,-5.641809548251331E-005,-4.478508708416484E-005,-2.331204086658545E-005,-2.028954440902453E-005,
2.498133333333334E+009,6.481478976638755E-006,-2.876449980249163E-005,-3.702638787217438E-005,-2.858505831682123E-005,
2.498166666666667E+009,4.182028533250559E-006,-4.544846160570160E-005,-3.629535422078334E-005,1.695273203949910E-005,
2.498200000000000E+009,-3.076532811974175E-005,-2.842037974915002E-005,-2.316944573976798E-006,-1.821336627472192E-005,
2.498233333333334E+009,4.094214818906039E-005,-7.229845323308837E-006,1.431596410839120E-005,1.252675701834960E-005,
2.498266666666667E+009,-1.310798234044341E-005,5.492372656590305E-005,2.972494621644728E-005,-2.406468593108002E-005,
2.498300000000000E+009,7.245135930133984E-005,-1.895166496979073E-005,2.385286643402651E-005,9.049160325957928E-006,
2.498333333333334E+009,-9.087991202250123E-006,-3.464795736363158E-005,2.364623833273072E-005,-1.143774261436192E-005,
2.498366666666667E+009,2.167696584365331E-005,4.954052928951569E-005,4.097122291568667E-005,3.368618854437955E-005,
2.498400000000000E+009,-2.422942816338036E-005,-2.976363612106070E-005,7.006632222328335E-005,6.656695040874183E-005,
2.498433333333334E+009,3.634567838162184E-005,8.963564141595271E-006,3.471713716862723E-005,2.782922638289165E-005,
2.498466666666667E+009,2.499183892723522E-006,-2.717769893934019E-005,-2.354322714381851E-005,-3.831895082839765E-005,
2.498500000000000E+009,4.410518158692867E-006,4.630684634321369E-005,5.696147127309814E-005,-2.593653334770352E-005,
2.498533333333334E+009,-9.787966519070324E-006,5.361259172786959E-005,2.646244502102491E-005,-4.196954250801355E-006,
2.498566666666667E+009,2.928449976025149E-005,-6.695990464322676E-007,2.414662776573096E-005,-1.521285503258696E-005,
2.498600000000000E+009,6.133554506959627E-006,-4.024008376291022E-005,-2.620188934088219E-005,1.029293252940988E-005,
2.498633333333334E+009,1.530028953311557E-006,1.137461549660657E-005,3.554022623575293E-005,-9.460380169912241E-006,
2.498666666666667E+009,-2.776106884994078E-005,-1.629103462619241E-005,-1.503981457062764E-005,-1.887194594019093E-005,
2.498700000000000E+009,1.361262729915325E-005,-2.293673969688825E-005,-1.860113115981221E-006,4.611352153460757E-007,
2.498733333333334E+009,-1.081999380403431E-005,-1.246955343958689E-005,5.347941987565719E-005,-4.510403960011900E-005,
2.498766666666667E+009,1.916992005135398E-005,1.667112996983633E-006,1.105135288526071E-005,2.322037516933051E-006,
2.498800000000000E+009,-1.324016375292558E-005,-3.948622179450467E-005,1.708179479464889E-005,-4.540008376352489E-005,
2.498833333333334E+009,1.531507587060332E-005,-1.111779693019344E-005,2.982157093356364E-005,-1.351559058093699E-005,
2.498866666666667E+009,1.344744032394374E-005,-5.552166112465784E-005,-3.012971501448192E-005,-5.165587708688690E-007,
2.498900000000000E+009,-2.322463842574507E-005,-2.941345155704767E-005,7.232964435388567E-006,-4.057130354340188E-006,
2.498933333333334E+009,4.719245043816045E-005,-2.203915209975094E-005,-3.420648499741219E-005,2.101634709106293E-005,
2.498966666666667E+009,-1.767463254509494E-005,5.300398697727360E-006,4.627545422408730E-005,2.285645678057335E-005,
2.499000000000000E+009,-1.162489525086130E-006,1.898980735859368E-005,5.374733154894784E-005,3.028977880603634E-005,
2.499033333333334E+009,1.398667336616200E-005,-6.276490603340790E-005,1.688844349700958E-005,2.169180334021803E-005,
2.499066666666667E+009,4.361111132311635E-005,1.723361128824763E-005,-4.596615690388717E-005,-2.428232255624607E-005,
2.499100000000000E+009,-2.267848486781077E-007,-2.196652758357232E-006,1.037841101947379E-007,-2.463114105921704E-005,
2.499133333333334E+009,-2.825889168889262E-006,-3.786921661230736E-005,7.647519169040606E-007,3.501382525428198E-005,
2.499166666666667E+009,-6.658176516793901E-006,7.685847776883747E-006,-3.514676063787192E-005,3.294088310212828E-005,
2.499200000000000E+009,1.500809958088212E-005,-3.949347228626721E-005,-6.855319497844903E-006,-2.709542422962841E-005,
2.499233333333334E+009,2.484781907696743E-005,-2.376336487941444E-005,1.509678804723080E-005,-5.140304438100429E-006,
2.499266666666667E+009,-2.015708196267951E-005,-1.493374566052808E-005,-3.040612682525534E-005,-4.374815762275830E-005,
2.499300000000000E+009,5.474190857057693E-006,-2.871056676667649E-005,-5.684163625119254E-005,1.466967842134181E-005,
2.499333333333334E+009,-4.859293039771728E-005,1.713246456347406E-005,-6.377568206517026E-005,-4.764422192238271E-005,
2.499366666666667E+009,2.827264142979402E-005,-4.880368214799091E-005,-1.907024488900788E-005,-1.964452167158015E-006,
2.499400000000000E+009,5.289030377753079E-005,8.729583896638360E-006,2.362965824431740E-005,2.730186315602623E-005,
2.499433333333334E+009,1.629459438845515E-005,1.694785714789759E-005,5.016463182982989E-005,5.604829766525654E-006,
2.499466666666667E+009,-1.184583015856333E-005,2.692768430279102E-005,-4.454214831639547E-006,-4.558466025628150E-005,
2.499500000000000E+009,2.104443046846427E-005,-5.226355824561324E-006,-2.184006916650105E-005,4.027386637517338E-007,
2.499533333333334E+009,-1.839264768932480E-005,-1.792418697732501E-005,-3.406829637242481E-005,-3.591239874367602E-005,
2.499566666666667E+009,-4.113357135793194E-005,-3.349058533785865E-005,1.424079437128967E-005,6.101386588852620E-006,
2.499600000000000E+009,-2.014375786529854E-005,-1.318359318247531E-005,1.975739724002779E-005,3.365959128132090E-005,
2.499633333333334E+009,-2.415709786873777E-005,1.355245785816805E-005,-3.592931534512900E-005,-6.066009882488288E-005,
2.499666666666667E+009,-1.128983149101259E-005,-3.091218786721584E-006,-3.681294037960470E-005,-1.376530963170808E-005,
2.499700000000000E+009,-4.859026375925168E-005,3.364714575582184E-005,1.597143182152649E-006,-3.396416650502943E-005,
2.499733333333334E+009,3.789252332353499E-006,-4.029968295071740E-006,-2.109636443492491E-005,6.802956704632379E-006,
2.499766666666667E+009,2.792377199511975E-005,-6.379989372362616E-006,-4.258427725289948E-005,-3.189438211848028E-005,
2.499800000000000E+009,-2.898339516832493E-005,3.151095370412804E-005,-1.125650123867672E-005,-1.625313961994834E-005,
2.499833333333334E+009,-2.177363967348356E-005,2.273706195410341E-005,4.296716724638827E-005,-5.418628461484332E-006,
2.499866666666667E+009,-1.386550684401300E-005,-3.618236951297149E-005,7.425785042869393E-006,1.964059811143670E-005,
2.499900000000000E+009,-1.570027052366640E-005,-6.508517253678292E-005,4.060310857312288E-006,1.328232883679448E-006,
2.499933333333334E+009,-2.312235665158369E-005,-2.018219856836367E-005,5.878617230337113E-005,-3.101939000771381E-005,
2.499966666666667E+009,1.382599566568388E-005,3.837853000732139E-005,1.698364758340176E-005,-3.268748332629912E-005,
2.500000000000000E+009,-5.430984674603678E-005,-3.655620457720943E-005,2.417531686660368E-005,-2.752406908257399E-005,
