% Version 1.00
%
%freq[Hz];re:Trc1_S21;im:Trc1_S21;re:Trc2_S12;im:Trc2_S12;
2.480000000000000E+009,-5.789760034531355E-004,-5.176509148441255E-004,-6.269037839956582E-004,-5.159997381269932E-004,
2.480033333333334E+009,-6.064170156605542E-004,-5.003709811717272E-004,-6.259408546611667E-004,-4.989368608221412E-004,
2.480066666666667E+009,-6.596404709853232E-004,-4.599157837219536E-004,-6.337068043649197E-004,-4.725492035504431E-004,
2.480100000000000E+009,-6.304455455392599E-004,-4.007679817732424E-004,-6.438690470531583E-004,-4.055826575495303E-004,
2.480133333333334E+009,-6.883561145514250E-004,-3.978141467086971E-004,-6.904919864609838E-004,-3.641650255303830E-004,
2.480166666666667E+009,-6.899711443111301E-004,-4.257616237737238E-004,-6.763889687135816E-004,-3.862780868075788E-004,
2.480200000000000E+009,-7.176222861744463E-004,-3.608755650930107E-004,-6.441774312406778E-004,-4.187649174127728E-004,
2.480233333333334E+009,-7.161748944781721E-004,-3.981135378126055E-004,-7.205554284155369E-004,-3.618603514041752E-004,
2.480266666666667E+009,-7.491501746699214E-004,-3.492376999929547E-004,-7.655830122530460E-004,-3.258132783230394E-004,
2.480300000000000E+009,-7.061339565552771E-004,-3.468273789621890E-004,-7.082551019266248E-004,-3.165857051499188E-004,
2.480333333333334E+009,-6.987832020968199E-004,-2.657688746694475E-004,-7.057585753500462E-004,-3.324580029584467E-004,
2.480366666666667E+009,-7.222918793559074E-004,-2.570234646555036E-004,-7.575557101517916E-004,-2.637693542055786E-004,
2.480400000000000E+009,-7.521924562752247E-004,-2.645847562234849E-004,-7.249754271470010E-004,-2.823040704242885E-004,
2.480433333333334E+009,-8.045107824727893E-004,-2.647561195772141E-004,-7.826952496543527E-004,-2.557199914008379E-004,
2.480466666666667E+009,-8.068485185503960E-004,-2.311555726919323E-004,-7.442223723046482E-004,-2.166323392884806E-004,
2.480500000000000E+009,-7.665353477932513E-004,-1.806620275601745E-004,-7.460893830284476E-004,-1.793356932466850E-004,
2.480533333333334E+009,-7.656768430024386E-004,-1.560917880851775E-004,-7.666958263143897E-004,-1.523012033430859E-004,
2.480566666666667E+009,-7.109181606210768E-004,-8.408042776864022E-005,-7.571838214062154E-004,-1.340609160251916E-004,
2.480600000000000E+009,-8.306107483804226E-004,-1.534666516818106E-004,-7.757904240861535E-004,-3.472028765827417E-005,
2.480633333333334E+009,-7.240957347676158E-004,-1.061443399521522E-004,-8.250007522292435E-004,-9.702994429972023E-005,
2.480666666666667E+009,-7.498469203710556E-004,-6.118787860032171E-005,-8.153487578965724E-004,-6.163481157273054E-005,
2.480700000000000E+009,-7.619577809236944E-004,1.489841270085890E-005,-7.821387262083590E-004,-3.089393430855125E-005,
2.480733333333334E+009,-7.736224797554314E-004,-2.535879866627511E-005,-7.739300490356982E-004,-4.340945906733396E-006,
2.480766666666667E+009,-7.888489635661244E-004,7.231035851873457E-005,-8.016719948500395E-004,5.242396218818612E-005,
2.480800000000000E+009,-7.760261651128531E-004,6.747007137164474E-005,-7.373007829301059E-004,-2.345898246858269E-005,
2.480833333333334E+009,-7.721896981820464E-004,3.026408194273245E-005,-8.126876782625914E-004,9.507700451649725E-005,
2.480866666666667E+009,-7.476199534721673E-004,8.867307042237371E-005,-8.237323490902782E-004,1.361071772407740E-004,
2.480900000000000E+009,-7.559237419627607E-004,1.148651135736145E-004,-7.768140640109778E-004,1.272545487154275E-004,
2.480933333333334E+009,-8.073752396740019E-004,1.519166253274307E-004,-7.442082860507071E-004,1.607000012882054E-004,
2.480966666666667E+009,-8.509727776981890E-004,1.963388203876093E-004,-7.639667601324618E-004,2.294719161000103E-004,
2.481000000000000E+009,-7.312537054531276E-004,2.236986183561385E-004,-7.413607090711594E-004,2.226119977422059E-004,
2.481033333333334E+009,-7.600244716741145E-004,1.829029788495973E-004,-7.740088622085750E-004,2.354609605390579E-004,
2.481066666666667E+009,-7.862861384637654E-004,3.017577691935003E-004,-7.460845517925918E-004,1.949586439877749E-004,
2.481100000000000E+009,-7.408740348182619E-004,2.713424328248948E-004,-7.197188097052276E-004,2.300986088812351E-004,
2.481133333333334E+009,-7.309237844310701E-004,2.981321304105222E-004,-7.864680374041200E-004,2.822924288921058E-004,
2.481166666666667E+009,-6.588719552382827E-004,3.769402101170272E-004,-7.128358120098710E-004,3.437662089709193E-004,
2.481200000000000E+009,-7.125359843485057E-004,3.562700876500458E-004,-7.065262761898339E-004,3.254859766457230E-004,
2.481233333333334E+009,-7.082260563038290E-004,3.517201403155923E-004,-7.279516430571675E-004,3.625809331424534E-004,
2.481266666666667E+009,-7.172204204834998E-004,3.841667494270951E-004,-6.678879144601524E-004,4.223805153742433E-004,
2.481300000000000E+009,-6.982110207900405E-004,3.453093231655657E-004,-6.250836886465550E-004,3.983820497523993E-004,
2.481333333333334E+009,-6.661191582679749E-004,3.855293034575880E-004,-6.502065807580948E-004,4.516676126513630E-004,
2.481366666666667E+009,-6.601273198612034E-004,4.347372159827501E-004,-6.577821914106607E-004,4.398819000925869E-004,
2.481400000000000E+009,-6.329369498416781E-004,4.757133719976991E-004,-6.001458386890590E-004,4.574062186293304E-004,
2.481433333333334E+009,-6.552318227477372E-004,4.769899824168533E-004,-6.498389993794262E-004,4.504430107772350E-004,
2.481466666666667E+009,-6.174489972181618E-004,4.906078684143722E-004,-6.341225234791637E-004,5.237064324319363E-004,
2.481500000000000E+009,-5.446370341815054E-004,5.280984332785010E-004,-5.712470156140626E-004,5.011626053601503E-004,
2.481533333333334E+009,-6.027048220857978E-004,5.002886173315346E-004,-5.623101606033742E-004,5.508412141352892E-004,
2.481566666666667E+009,-5.551072536036372E-004,5.267031374387443E-004,-5.196132697165012E-004,5.478634848259389E-004,
2.481600000000000E+009,-5.645030178129673E-004,5.870650056749582E-004,-5.249034729786217E-004,5.742373177781701E-004,
2.481633333333334E+009,-5.021276883780956E-004,5.783911328762770E-004,-5.363752716220915E-004,6.224690587259829E-004,
2.481666666666667E+009,-5.065097939223051E-004,5.495964433066547E-004,-4.814970307052136E-004,5.795563920401037E-004,
2.481700000000000E+009,-5.525549640879035E-004,6.804678123444319E-004,-5.110658821649849E-004,5.948097095824778E-004,
2.481733333333334E+009,-4.666329768951982E-004,5.644268239848316E-004,-4.324077453929931E-004,6.521935574710369E-004,
2.481766666666667E+009,-4.449934931471944E-004,6.103425985202193E-004,-4.013732250314206E-004,6.617174367420375E-004,
2.481800000000000E+009,-4.134586779400706E-004,5.915721412748098E-004,-4.532595630735159E-004,6.938046426512301E-004,
2.481833333333334E+009,-4.590297467075288E-004,6.599222542718053E-004,-4.560822853818536E-004,6.860753055661917E-004,
2.481866666666667E+009,-3.867454361170530E-004,6.344597204588354E-004,-4.155196656938642E-004,6.874457467347384E-004,
2.481900000000000E+009,-3.592936554923654E-004,7.361923926509917E-004,-4.009234544355422E-004,7.263354491442442E-004,
2.481933333333334E+009,-3.590769483707845E-004,6.731515168212354E-004,-3.255758492741734E-004,6.883389432914555E-004,
2.481966666666667E+009,-3.508992376737297E-004,6.621701759286225E-004,-3.017400449607521E-004,7.318040006794035E-004,
2.482000000000000E+009,-2.465348807163537E-004,7.045201491564512E-004,-3.157267055939883E-004,7.283159065991640E-004,
2.482033333333334E+009,-2.372080052737147E-004,7.501595537178218E-004,-3.208426933269948E-004,7.333536632359028E-004,
2.482066666666667E+009,-2.702175406739116E-004,7.103916723281145E-004,-2.819465007632971E-004,6.964482017792761E-004,
2.482100000000000E+009,-2.136671973858029E-004,7.619670359417796E-004,-2.361695223953575E-004,7.989882724359632E-004,
2.482133333333334E+009,-2.250890684081242E-004,7.460525957867503E-004,-1.927028642967343E-004,7.957366178743541E-004,
2.482166666666667E+009,-1.895310560939834E-004,6.927929935045540E-004,-1.853104331530631E-004,7.542367093265057E-004,
2.482200000000000E+009,-1.517990895081312E-004,7.442079368047416E-004,-1.473862794227898E-004,7.861987687647343E-004,
2.482233333333334E+009,-9.995858999900520E-005,7.262907456606627E-004,-1.064740572473966E-004,7.521054940298200E-004,
2.482266666666667E+009,-8.915754733607173E-005,7.687563193030655E-004,-8.742637874092907E-005,8.300472982227802E-004,
2.482300000000000E+009,-9.320621029473841E-005,7.116907509043813E-004,-9.975668945116922E-005,8.399923099204898E-004,
2.482333333333334E+009,-1.087939672288485E-004,8.013076731003821E-004,-8.329552656505257E-005,7.514547323808074E-004,
2.482366666666667E+009,-3.640907380031422E-005,7.877990719862282E-004,-5.673410851159133E-005,7.859771139919758E-004,
2.482400000000000E+009,1.767736284818966E-005,7.626608130522072E-004,2.362130544497632E-006,8.342286455444992E-004,
2.482433333333334E+009,1.432068893336691E-005,7.633461500518024E-004,4.256927059032023E-005,7.974916370585561E-004,
2.482466666666667E+009,2.682512604224030E-005,7.505897665396333E-004,5.771379073848948E-005,7.261313730850816E-004,
2.482500000000000E+009,2.844968321369379E-006,7.986755808815360E-004,5.096777749713510E-005,7.620237302035093E-004,
2.482533333333334E+009,9.161694470094517E-005,7.682304712943733E-004,8.629520016256720E-005,7.733255042694509E-004,
2.482566666666667E+009,1.728817878756672E-004,7.874082075431943E-004,9.459967259317637E-005,7.513543823733926E-004,
2.482600000000000E+009,1.602417760295793E-004,7.758726715110242E-004,1.408485113643110E-004,8.146629552356899E-004,
2.482633333333334E+009,1.824251230573282E-004,7.498080958612263E-004,1.491531002102420E-004,7.880582707002759E-004,
2.482666666666667E+009,1.672312791924924E-004,7.313788519240916E-004,1.933750900207087E-004,7.653508218936622E-004,
2.482700000000000E+009,2.120670105796307E-004,7.654199143871665E-004,2.060029364656657E-004,7.416285225190222E-004,
2.482733333333334E+009,2.251125551993027E-004,7.940535433590412E-004,2.181414893129841E-004,7.615763461217284E-004,
2.482766666666667E+009,2.789800346363336E-004,7.554432377219200E-004,2.544694289099425E-004,7.552508031949401E-004,
2.482800000000000E+009,3.248376597184688E-004,7.588604930788279E-004,2.788654819596559E-004,6.913274410180748E-004,
2.482833333333334E+009,2.875457576010376E-004,7.538543432019651E-004,3.195500466972590E-004,6.963892374187708E-004,
2.482866666666667E+009,3.237660566810519E-004,7.185850990936160E-004,3.091830003540963E-004,7.282978040166199E-004,
2.482900000000000E+009,2.729518164414913E-004,7.126480923034251E-004,3.542969643604010E-004,7.193519268184900E-004,
2.482933333333334E+009,3.330122563056648E-004,6.984979263506830E-004,3.734829660970718E-004,6.624728557653725E-004,
2.482966666666667E+009,4.305570037104189E-004,6.870792130939663E-004,3.292793699074537E-004,6.608418771065772E-004,
2.483000000000000E+009,3.846907929982990E-004,6.582736386917532E-004,3.385439631529152E-004,6.868328782729805E-004,
2.483033333333334E+009,4.138250660616905E-004,6.862889276817441E-004,4.005056107416749E-004,6.539211026392877E-004,
2.483066666666667E+009,4.443183133844286E-004,6.399546982720494E-004,4.906696849502623E-004,6.580943008884788E-004,
2.483100000000000E+009,4.746222984977067E-004,6.291315658017993E-004,4.960277583450079E-004,6.343698478303850E-004,
2.483133333333334E+009,4.925881512463093E-004,6.214202148839831E-004,4.894227022305131E-004,6.100573809817433E-004,
2.483166666666667E+009,5.375653272494674E-004,6.251998129300773E-004,5.294727161526680E-004,5.843450198881328E-004,
2.483200000000000E+009,4.713736707344651E-004,6.026205956004560E-004,5.434200284071267E-004,5.740489577874541E-004,
2.483233333333334E+009,6.126227672211826E-004,5.679605528712273E-004,5.281625781208277E-004,5.462974077090621E-004,
2.483266666666667E+009,5.820094374939799E-004,5.769994459114969E-004,6.133206188678742E-004,5.328492261469364E-004,
2.483300000000000E+009,5.616124835796654E-004,5.918746464885771E-004,5.812885356135666E-004,5.290686385706067E-004,
2.483333333333334E+009,6.066468777135015E-004,5.016915383748710E-004,6.112201954238117E-004,4.747791099362075E-004,
2.483366666666667E+009,5.746089154854417E-004,4.700298886746168E-004,6.472356035374105E-004,4.965030821040273E-004,
2.483400000000000E+009,6.171797867864370E-004,4.693133523687720E-004,7.093206513673067E-004,4.695232200901955E-004,
2.483433333333334E+009,6.345347501337528E-004,4.350706585682929E-004,6.779230898246169E-004,4.845519724767655E-004,
2.483466666666667E+009,6.301499088294804E-004,3.942120820283890E-004,6.123911589384079E-004,4.393745330162346E-004,
2.483500000000000E+009,7.051092106848955E-004,4.565934650599957E-004,6.735068745911121E-004,4.264088347554207E-004,
2.483533333333334E+009,6.901563028804958E-004,3.852501104120165E-004,6.989922840148211E-004,4.181221593171358E-004,
2.483566666666667E+009,6.807983154430986E-004,4.021871427539736E-004,7.327589555643499E-004,3.705531999003142E-004,
2.483600000000000E+009,6.919181905686855E-004,3.483744512777776E-004,7.147241267375648E-004,3.771623887587339E-004,
2.483633333333334E+009,7.570627494715154E-004,3.534795832820237E-004,7.454333244822919E-004,3.491668903734535E-004,
2.483666666666667E+009,7.171485922299326E-004,3.532684640958905E-004,7.061546784825623E-004,3.335311484988779E-004,
2.483700000000000E+009,7.402267074212432E-004,3.188521368429065E-004,6.726684514433146E-004,3.056308778468519E-004,
2.483733333333334E+009,7.298213895410299E-004,3.366571909282357E-004,7.473590667359531E-004,2.931848575826734E-004,
2.483766666666667E+009,7.383791962638497E-004,2.747863472905010E-004,7.539618527516723E-004,2.321947104064748E-004,
2.483800000000000E+009,6.831031059846282E-004,2.290579286636785E-004,7.365448400378227E-004,2.305021480424330E-004,
2.483833333333334E+009,7.353256223723292E-004,2.362804225413129E-004,7.442865171469748E-004,1.899361814139411E-004,
2.483866666666667E+009,7.511407020501792E-004,1.948000572156161E-004,7.654791697859764E-004,1.439703773939982E-004,
2.483900000000000E+009,8.010482415556908E-004,1.220502017531544E-004,7.845413638278842E-004,1.064390671672300E-004,
2.483933333333334E+009,7.551981834694743E-004,1.479006459703669E-004,7.863050559535623E-004,1.285515463678166E-004,
2.483966666666667E+009,7.729235803708434E-004,9.295204654335976E-005,7.528309361077845E-004,1.321644522249699E-004,
2.484000000000000E+009,7.575540221296251E-004,1.186824811156839E-004,7.995442720130086E-004,5.541709106182680E-005,
2.484033333333334E+009,7.632513879798353E-004,6.797773676225916E-005,7.792460382916033E-004,7.081676449161023E-005,
2.484066666666667E+009,7.901430362835527E-004,-6.801922427257523E-005,7.431045523844659E-004,-1.767078902048525E-005,
2.484100000000000E+009,8.033804479055107E-004,-3.396782267373055E-005,7.883027428761125E-004,2.187794962082990E-005,
2.484133333333334E+009,7.493639132007957E-004,-6.339592073345557E-005,7.843472412787378E-004,-5.150194192538038E-005,
2.484166666666667E+009,7.794218836352229E-004,-1.526121195638552E-005,7.379754097200930E-004,-2.324448178114835E-005,
2.484200000000000E+009,8.384962566196919E-004,-5.543959923670627E-005,7.856149459257722E-004,-6.364106229739264E-005,
2.484233333333334E+009,7.144431583583355E-004,-1.012265784083866E-004,7.844345527701080E-004,-7.682004070375115E-005,
2.484266666666667E+009,7.531462470069528E-004,-1.596751535544172E-004,7.471471326425672E-004,-1.287525228690356E-004,
2.484300000000000E+009,7.605370483361185E-004,-1.601414114702493E-004,7.765199407003820E-004,-1.238672848558053E-004,
2.484333333333334E+009,7.063317461870611E-004,-1.714962272671983E-004,8.003592956811190E-004,-2.244045463157818E-004,
2.484366666666667E+009,7.564944680780172E-004,-1.933355379151180E-004,7.262093713507056E-004,-2.154584653908387E-004,
2.484400000000000E+009,7.274413947016001E-004,-2.404581173323095E-004,7.584150298498571E-004,-2.472215564921498E-004,
2.484433333333334E+009,7.111707236617804E-004,-2.581397420726717E-004,7.325042970478535E-004,-2.834621700458229E-004,
2.484466666666667E+009,7.442737114615738E-004,-2.657244331203401E-004,6.765998550690711E-004,-2.453872293699533E-004,
2.484500000000000E+009,7.193604833446443E-004,-3.113003913313150E-004,7.299201679416001E-004,-2.564880123827606E-004,
2.484533333333334E+009,6.920692394487560E-004,-3.540382313076407E-004,7.541262311860919E-004,-3.639748611021787E-004,
2.484566666666667E+009,7.066305261105299E-004,-3.496652061585337E-004,7.274036761373282E-004,-3.377001849003136E-004,
2.484600000000000E+009,6.848059128969908E-004,-3.314619825687259E-004,7.758132996968925E-004,-3.615374153014273E-004,
2.484633333333334E+009,6.364026921801269E-004,-3.677239001262933E-004,6.739360978826881E-004,-4.282371664885432E-004,
2.484666666666667E+009,6.965565262362361E-004,-4.288341733627021E-004,6.218628841452301E-004,-4.171359178144485E-004,
2.484700000000000E+009,6.424384191632271E-004,-4.440034972503781E-004,6.346374866552651E-004,-4.495850880630314E-004,
2.484733333333334E+009,6.147520034573972E-004,-4.036855534650385E-004,6.276740459725261E-004,-4.855154547840357E-004,
2.484766666666667E+009,6.041618180461228E-004,-4.494317108765245E-004,5.919270333833993E-004,-4.494298773352057E-004,
2.484800000000000E+009,6.719646626152098E-004,-4.661530547309667E-004,6.097715813666582E-004,-4.886087263002992E-004,
2.484833333333334E+009,5.837911157868803E-004,-5.467793089337647E-004,6.095291464589536E-004,-5.274554132483900E-004,
2.484866666666667E+009,5.020388052798808E-004,-5.589337088167667E-004,5.602727760560811E-004,-5.615030531771481E-004,
2.484900000000000E+009,6.074389675632119E-004,-5.145765608176589E-004,5.635908455587924E-004,-5.352519219741225E-004,
2.484933333333334E+009,5.747524555772543E-004,-5.783805390819907E-004,5.509799811989069E-004,-5.635528941638768E-004,
2.484966666666667E+009,5.692953127436340E-004,-5.617153947241604E-004,5.329745472408831E-004,-5.227873916737735E-004,
2.485000000000000E+009,5.038130329921842E-004,-5.856636562384665E-004,4.789850790984929E-004,-5.977950058877468E-004,
2.485033333333334E+009,5.187675706110895E-004,-6.311935721896589E-004,4.694857343565673E-004,-6.692251772619784E-004,
2.485066666666667E+009,4.909907002002001E-004,-6.381598068401218E-004,4.674434603657574E-004,-6.091055111028254E-004,
2.485100000000000E+009,4.536845081020147E-004,-5.937923560850322E-004,4.612748743966222E-004,-6.357471575029194E-004,
2.485133333333334E+009,5.048604216426611E-004,-6.792481290176511E-004,4.357578582130373E-004,-6.606527022086084E-004,
2.485166666666667E+009,4.206002922728658E-004,-6.503820768557489E-004,4.166591097600758E-004,-6.430895882658660E-004,
2.485200000000000E+009,4.986894200555980E-004,-6.910591619089246E-004,3.983308852184564E-004,-7.359563023783267E-004,
2.485233333333334E+009,4.058254708070308E-004,-6.665468681603670E-004,3.961555194109678E-004,-7.203821442089975E-004,
2.485266666666667E+009,3.456514095887542E-004,-6.997673772275448E-004,3.319606184959412E-004,-7.386746583506465E-004,
2.485300000000000E+009,3.039313887711614E-004,-7.118299836292863E-004,3.235844196751714E-004,-6.977280136197805E-004,
2.485333333333334E+009,3.257730568293482E-004,-7.246798486448824E-004,2.880381653085351E-004,-7.125721895135939E-004,
2.485366666666667E+009,2.870072203222662E-004,-7.399345631711185E-004,2.320464409422129E-004,-7.460587657988071E-004,
2.485400000000000E+009,2.321578504052013E-004,-7.185164140537381E-004,1.612703927094117E-004,-6.914245896041393E-004,
2.485433333333334E+009,2.248336822958663E-004,-7.476508617401123E-004,2.008449228014797E-004,-7.376998546533287E-004,
2.485466666666667E+009,1.974629121832550E-004,-7.181901019066572E-004,1.893717708298937E-004,-7.585939601995051E-004,
2.485500000000000E+009,1.416847808286548E-004,-7.548826397396624E-004,1.905616954900324E-004,-7.449385011568666E-004,
2.485533333333334E+009,1.354911946691573E-004,-7.305724429897964E-004,1.561925164423883E-004,-7.745997281745076E-004,
2.485566666666667E+009,1.378202723572031E-004,-7.860903861001134E-004,1.123545298469253E-004,-7.234580698423088E-004,
2.485600000000000E+009,1.524200488347560E-004,-7.650374900549650E-004,1.227955799549818E-004,-7.428179378621280E-004,
2.485633333333334E+009,1.179703831439838E-004,-7.477871840819717E-004,7.123264367692173E-005,-7.435612496919930E-004,
2.485666666666667E+009,4.860739136347547E-005,-7.472276920452714E-004,1.042662916006520E-004,-7.887149695307016E-004,
2.485700000000000E+009,-4.346908553998219E-006,-8.055537473410368E-004,2.167866841773503E-005,-7.646935409866273E-004,
2.485733333333334E+009,4.086353783350205E-006,-7.838951423764229E-004,-7.909063242550474E-006,-7.246399763971567E-004,
2.485766666666667E+009,-2.549272539908998E-005,-7.937913178466260E-004,-8.684530257596634E-006,-7.349868537858129E-004,
2.485800000000000E+009,-5.516403689398430E-005,-7.159701199270785E-004,-3.239647048758343E-005,-7.675518281757832E-004,
2.485833333333334E+009,-1.128931035054848E-004,-7.638520910404623E-004,-9.350144682684913E-005,-7.419597823172808E-004,
2.485866666666667E+009,-1.297375711146742E-004,-7.607789011672139E-004,-1.778984587872401E-004,-7.096741464920342E-004,
2.485900000000000E+009,-1.819005556171760E-004,-8.124844753183425E-004,-1.746089983498678E-004,-7.680014241486788E-004,
2.485933333333334E+009,-1.445394882466644E-004,-7.396778673864901E-004,-1.807423104764894E-004,-7.353856926783919E-004,
2.485966666666667E+009,-1.513371389592066E-004,-7.689935155212879E-004,-1.448290277039632E-004,-7.523851236328483E-004,
2.486000000000000E+009,-1.750787341734394E-004,-7.237732643261552E-004,-1.925325777847320E-004,-7.297454867511988E-004,
2.486033333333334E+009,-1.823099300963804E-004,-6.787063903175294E-004,-2.009515737881884E-004,-7.093384047038853E-004,
2.486066666666667E+009,-2.214411797467619E-004,-7.279496639966965E-004,-2.733535657171160E-004,-7.282419246621430E-004,
2.486100000000000E+009,-2.479169052094221E-004,-6.867421325296164E-004,-2.486181329004467E-004,-7.509575225412846E-004,
2.486133333333334E+009,-2.298429899383336E-004,-7.035714224912226E-004,-3.184364177286625E-004,-7.052897126413882E-004,
2.486166666666667E+009,-3.076547291129828E-004,-7.083658711053431E-004,-2.917806268669665E-004,-7.089754217304289E-004,
2.486200000000000E+009,-3.737224615179002E-004,-6.494204862974584E-004,-3.151356650050730E-004,-7.068700506351888E-004,
2.486233333333334E+009,-3.533911367412657E-004,-6.729076267220080E-004,-3.406915056984872E-004,-7.203787099570036E-004,
2.486266666666667E+009,-3.842890437226743E-004,-6.516940775327385E-004,-3.768133756238967E-004,-6.752184708602727E-004,
2.486300000000000E+009,-4.056565230712295E-004,-6.009654607623816E-004,-4.599441017489880E-004,-6.325800204649568E-004,
2.486333333333334E+009,-3.774917277041823E-004,-6.028774660080671E-004,-4.112645692657679E-004,-6.240890361368656E-004,
2.486366666666667E+009,-3.923281328752637E-004,-6.074762204661965E-004,-3.946248907595873E-004,-6.358354585245252E-004,
2.486400000000000E+009,-3.915699198842049E-004,-6.262554088607431E-004,-4.584995913319290E-004,-5.861900863237679E-004,
2.486433333333334E+009,-4.772439133375883E-004,-5.641003954224289E-004,-4.565502749755979E-004,-5.937205278314650E-004,
2.486466666666667E+009,-4.426691739354283E-004,-5.676324362866581E-004,-4.870955017395318E-004,-5.952461506240070E-004,
2.486500000000000E+009,-4.840084293391556E-004,-6.031970260664821E-004,-4.448410472832620E-004,-5.571112851612270E-004,
2.486533333333334E+009,-5.135575775057077E-004,-4.937841440550983E-004,-5.175758269615471E-004,-5.688427481800318E-004,
2.486566666666667E+009,-5.478340899571776E-004,-5.215390701778233E-004,-5.479193641804159E-004,-5.566298495978117E-004,
2.486600000000000E+009,-5.426441202871501E-004,-5.301391938701272E-004,-5.539582343772054E-004,-4.827406955882907E-004,
2.486633333333334E+009,-5.478942766785622E-004,-5.320106865838170E-004,-5.639851442538202E-004,-4.591143224388361E-004,
2.486666666666667E+009,-5.918208044022322E-004,-5.075582303106785E-004,-5.363399395719171E-004,-4.310446092858911E-004,
2.486700000000000E+009,-5.697490996681154E-004,-4.752477689180523E-004,-5.631741951219738E-004,-4.030795535072684E-004,
2.486733333333334E+009,-5.710655823349953E-004,-4.678595578297973E-004,-5.696230800822377E-004,-4.656346864067018E-004,
2.486766666666667E+009,-5.855790222994983E-004,-4.191262996755540E-004,-6.428798078559339E-004,-4.393220006022602E-004,
2.486800000000000E+009,-5.848747678101063E-004,-3.938993904739618E-004,-6.428587948903441E-004,-3.949126112274826E-004,
2.486833333333334E+009,-6.547362427227199E-004,-3.984915092587471E-004,-6.459812284447253E-004,-3.511740069370717E-004,
2.486866666666667E+009,-6.824253941886127E-004,-3.745308495126665E-004,-6.182424840517342E-004,-3.448394127190113E-004,
2.486900000000000E+009,-6.459729047492147E-004,-3.310697793494910E-004,-6.187540129758418E-004,-3.733336343429983E-004,
2.486933333333334E+009,-6.591526325792074E-004,-3.076171851716936E-004,-6.640906212851405E-004,-3.521754406392574E-004,
2.486966666666667E+009,-6.804002914577723E-004,-2.827553835231811E-004,-7.428653188981116E-004,-3.150575794279575E-004,
2.487000000000000E+009,-6.989057874307036E-004,-2.831452293321490E-004,-7.204040884971619E-004,-2.297169121447951E-004,
2.487033333333334E+009,-6.761557888239622E-004,-2.252910780953243E-004,-6.662218947894871E-004,-2.502282441128045E-004,
2.487066666666667E+009,-6.593839498236775E-004,-2.450349566061050E-004,-7.102022645995021E-004,-2.164911857107654E-004,
2.487100000000000E+009,-6.992606795392931E-004,-2.059635444311425E-004,-7.131943712010980E-004,-2.136319089913741E-004,
2.487133333333334E+009,-7.210653275251389E-004,-2.179824077757075E-004,-7.053182343952358E-004,-1.723101158859208E-004,
2.487166666666667E+009,-7.571330061182380E-004,-1.705751783447340E-004,-7.099713548086584E-004,-1.282231532968581E-004,
2.487200000000000E+009,-7.486011018045247E-004,-1.135479178628884E-004,-7.128521683625877E-004,-1.740209554554895E-004,
2.487233333333334E+009,-6.852241931483150E-004,-1.374903949908912E-004,-7.243189029395580E-004,-5.597908238996752E-005,
2.487266666666667E+009,-7.628910243511200E-004,-4.207016172586009E-005,-6.921865278854966E-004,-4.500718932831660E-005,
2.487300000000000E+009,-7.000594632700086E-004,-4.062348307343200E-005,-7.135188207030296E-004,-5.063095159130171E-005,
2.487333333333334E+009,-7.397239096462727E-004,-3.010941327374894E-005,-7.513458258472383E-004,-2.777048939606175E-005,
2.487366666666667E+009,-7.288739434443414E-004,-5.688812962034717E-005,-6.863024900667369E-004,-4.552743484964594E-005,
2.487400000000000E+009,-7.310968940146267E-004,1.610666731721722E-005,-7.029229891486466E-004,5.148200216353871E-005,
2.487433333333334E+009,-7.389548700302839E-004,5.648411024594680E-005,-7.279229466803372E-004,8.030957542359829E-005,
2.487466666666667E+009,-7.275533280335367E-004,2.647398832777981E-005,-7.365454803220928E-004,3.838100747088902E-005,
2.487500000000000E+009,-6.586727686226368E-004,6.916512938914821E-005,-7.225014851428568E-004,7.505685789510608E-005,
2.487533333333334E+009,-6.634015007875860E-004,1.257428521057591E-004,-6.945442291907966E-004,1.059466085280292E-004,
2.487566666666667E+009,-7.493072771467269E-004,1.241027348442003E-004,-7.129676523618400E-004,1.464373199269176E-004,
2.487600000000000E+009,-7.127831922844052E-004,1.336605928372592E-004,-7.210314506664872E-004,2.205526252510026E-004,
2.487633333333334E+009,-7.320607546716929E-004,1.808147062547505E-004,-7.115125190466642E-004,1.202390485559590E-004,
2.487666666666667E+009,-6.771674379706383E-004,1.767292997101322E-004,-6.641256040893495E-004,1.568790030432865E-004,
2.487700000000000E+009,-6.884661852382124E-004,2.077693206956610E-004,-6.400282727554441E-004,1.534780749352649E-004,
2.487733333333334E+009,-6.807117024436593E-004,1.766891800798476E-004,-6.696076598018408E-004,1.988028234336525E-004,
2.487766666666667E+009,-6.749607855454087E-004,2.706669038161635E-004,-6.552769918926060E-004,2.866294234991074E-004,
2.487800000000000E+009,-6.553992279805243E-004,2.684189530555159E-004,-6.271191523410380E-004,2.867907169274986E-004,
2.487833333333334E+009,-6.494761328212917E-004,3.025825717486441E-004,-6.023081950843334E-004,3.336244262754917E-004,
2.487866666666667E+009,-6.165050435811281E-004,2.727733808569610E-004,-6.801891722716391E-004,2.792039304040372E-004,
2.487900000000000E+009,-6.325430003926158E-004,3.103454073425382E-004,-5.885236896574497E-004,2.797466295305640E-004,
2.487933333333334E+009,-6.116397562436760E-004,3.334812936373055E-004,-6.310186581686139E-004,3.422482986934483E-004,
2.487966666666667E+009,-5.872107576578856E-004,4.237104440107942E-004,-6.406443426385522E-004,3.467804344836623E-004,
2.488000000000000E+009,-5.964327137917280E-004,3.464118344709277E-004,-5.467682494781911E-004,4.050443822052330E-004,
2.488033333333334E+009,-5.745192756876349E-004,3.618594782892615E-004,-5.729394615627825E-004,3.499480953905731E-004,
2.488066666666667E+009,-5.512202624231577E-004,3.518817247822881E-004,-5.715652951039374E-004,4.153244371991605E-004,
2.488100000000000E+009,-5.476051592268050E-004,4.402941558510065E-004,-5.069856415502727E-004,4.408003296703100E-004,
2.488133333333334E+009,-5.266176885925233E-004,4.932144656777382E-004,-5.163894966244698E-004,4.329231742303819E-004,
2.488166666666667E+009,-4.726052866317332E-004,4.603742854669690E-004,-5.117718246765435E-004,4.537507775239646E-004,
2.488200000000000E+009,-4.753319954033941E-004,4.453105502761900E-004,-5.053522763773799E-004,4.880500491708517E-004,
2.488233333333334E+009,-4.649139009416103E-004,4.589731106534600E-004,-5.177080747671425E-004,5.241587641648948E-004,
2.488266666666667E+009,-4.964343388564885E-004,4.545721749309450E-004,-4.860253538936377E-004,4.689903871621937E-004,
2.488300000000000E+009,-4.343635227996856E-004,5.145548493601382E-004,-4.164646379649639E-004,5.164043395780027E-004,
2.488333333333334E+009,-4.159941454418004E-004,5.573146045207977E-004,-5.208452930673957E-004,4.574932390823960E-004,
2.488366666666667E+009,-3.800663689617068E-004,4.965914995409548E-004,-4.177183436695486E-004,5.569192580878735E-004,
2.488400000000000E+009,-3.830453788395971E-004,5.403123795986176E-004,-4.096986085642129E-004,5.187697825022042E-004,
2.488433333333334E+009,-4.008701362181455E-004,5.291224806569517E-004,-3.877265844494104E-004,5.399247747845948E-004,
2.488466666666667E+009,-3.654268512036651E-004,5.397180211730301E-004,-4.006254312116653E-004,5.114836967550218E-004,
2.488500000000000E+009,-3.544599749147892E-004,5.533596267923713E-004,-3.556925512384623E-004,6.274142651818693E-004,
2.488533333333334E+009,-3.087710356339812E-004,6.062393076717854E-004,-3.031501546502113E-004,5.736352759413421E-004,
2.488566666666667E+009,-2.576158440206200E-004,5.905123543925583E-004,-3.072798135690391E-004,6.012574885971844E-004,
2.488600000000000E+009,-3.154450387228280E-004,5.827517597936094E-004,-2.517299435567111E-004,5.815913900732994E-004,
2.488633333333334E+009,-2.657028671819717E-004,6.392465438693762E-004,-3.132994461338967E-004,5.507477908395231E-004,
2.488666666666667E+009,-2.716589951887727E-004,6.275695050135255E-004,-2.519364934414625E-004,6.418226985260844E-004,
2.488700000000000E+009,-1.892775908345357E-004,5.593663663603365E-004,-2.629373339004815E-004,6.311202887445688E-004,
2.488733333333334E+009,-2.021289983531460E-004,5.844830884598196E-004,-2.221742906840518E-004,6.751368055120111E-004,
2.488766666666667E+009,-1.471309369662777E-004,7.118143839761615E-004,-1.985440903808922E-004,6.139696924947202E-004,
2.488800000000000E+009,-1.534619368612766E-004,6.254843901842833E-004,-1.637825334910303E-004,6.475052214227617E-004,
2.488833333333334E+009,-1.247707259608433E-004,6.014024838805199E-004,-1.129003794630989E-004,6.011837394908071E-004,
2.488866666666667E+009,-1.026427853503265E-004,6.405604071915150E-004,-1.045026365318336E-004,6.276153726503253E-004,
2.488900000000000E+009,-1.087716955225915E-004,5.498998798429966E-004,-1.329762744717300E-004,6.227681296877563E-004,
2.488933333333334E+009,-9.455289546167478E-005,5.985207972116768E-004,-4.876278762822039E-005,6.496579153463244E-004,
2.488966666666667E+009,-2.341293111385312E-005,6.245723925530911E-004,-5.611178494291380E-005,6.300429231487215E-004,
2.489000000000000E+009,-3.378903056727722E-005,5.991361686028540E-004,1.451574553357204E-005,6.489246734417975E-004,
2.489033333333334E+009,-7.108034424163634E-006,5.911940825171769E-004,-8.030712024265085E-007,6.500219460576773E-004,
2.489066666666667E+009,-1.628764766792301E-005,6.808266043663025E-004,2.834679980878718E-005,6.041273591108620E-004,
2.489100000000000E+009,3.344109927638783E-006,6.202466320246458E-004,2.933971336460672E-005,6.069673690944910E-004,
2.489133333333334E+009,-4.204290962661617E-005,6.478342111222446E-004,2.874171332223341E-005,6.379125406965613E-004,
2.489166666666667E+009,1.274361602554563E-005,6.444393657147884E-004,2.930735900008585E-005,6.098839221522212E-004,
2.489200000000000E+009,5.695818617823534E-005,5.494788638316095E-004,1.146003196481615E-004,5.806722328998148E-004,
2.489233333333334E+009,1.000317788566463E-004,6.043607136234641E-004,5.555977259064093E-005,6.964154890738428E-004,
2.489266666666667E+009,1.377195148961619E-004,6.355087389238179E-004,6.215771281858906E-005,6.376700475811958E-004,
2.489300000000000E+009,1.123989641200751E-004,6.176835740916431E-004,9.053113171830773E-005,5.542346043512225E-004,
2.489333333333334E+009,1.257410040125251E-004,6.023123860359192E-004,1.285782054765150E-004,6.066904752515256E-004,
2.489366666666667E+009,1.429708354407921E-004,5.291904089972377E-004,1.525102998130024E-004,5.875436472706497E-004,
2.489400000000000E+009,1.882045617094263E-004,6.149553810246289E-004,1.320160226896405E-004,5.784684326499701E-004,
2.489433333333334E+009,1.958013308467343E-004,5.768190603703260E-004,1.929428981384262E-004,5.357919144444168E-004,
2.489466666666667E+009,1.304952747887000E-004,5.167264607734978E-004,2.084168081637472E-004,6.149095133878291E-004,
2.489500000000000E+009,2.046673180302605E-004,5.410193116404116E-004,2.302784560015425E-004,5.732862628065050E-004,
2.489533333333334E+009,2.252260164823383E-004,5.661656032316387E-004,2.891330805141479E-004,5.288205575197935E-004,
2.489566666666667E+009,2.527929609641433E-004,5.517587414942682E-004,2.500120026525110E-004,5.408668075688183E-004,
2.489600000000000E+009,2.504109579604119E-004,5.374387837946415E-004,3.317711525596678E-004,5.655821296386421E-004,
2.489633333333334E+009,2.632471441756934E-004,5.357920890673995E-004,2.820302033796907E-004,5.273658316582441E-004,
2.489666666666667E+009,3.142207278870046E-004,4.926224355585873E-004,2.985615865327418E-004,5.327348480932415E-004,
2.489700000000000E+009,2.900317194871604E-004,4.614206554833800E-004,3.112408739980310E-004,4.701573925558478E-004,
2.489733333333334E+009,3.555755247361958E-004,4.727206833194941E-004,3.106323711108416E-004,4.391960974317044E-004,
2.489766666666667E+009,2.755982568487525E-004,5.155659746378660E-004,2.908757887780666E-004,5.288723623380065E-004,
2.489800000000000E+009,3.577374736778438E-004,4.680119745898992E-004,3.049973456654698E-004,4.858158354181796E-004,
2.489833333333334E+009,3.712555626407266E-004,5.004487466067076E-004,3.541605838108808E-004,5.205256165936589E-004,
2.489866666666667E+009,3.718735824804753E-004,4.399087047204375E-004,3.377699176780880E-004,4.904341767542064E-004,
2.489900000000000E+009,3.509380039758980E-004,4.775125707965344E-004,3.454695397522301E-004,4.890109994448721E-004,
2.489933333333334E+009,4.230005724821240E-004,4.943254170939326E-004,3.851346264127642E-004,4.434478469192982E-004,
2.489966666666667E+009,3.946921206079423E-004,4.247045435477048E-004,3.893905668519437E-004,4.522730305325240E-004,
2.490000000000000E+009,4.047983966302127E-004,4.323111497797072E-004,4.015440063085407E-004,4.183475975878537E-004,
2.490033333333334E+009,4.646116285584867E-004,3.766588051803410E-004,3.948343510273844E-004,4.156523500569165E-004,
2.490066666666667E+009,4.544476396404207E-004,3.862077719531953E-004,4.180350806564093E-004,4.094120231457055E-004,
2.490100000000000E+009,4.880307533312589E-004,3.767054877243936E-004,4.524346149992198E-004,3.586021193768829E-004,
2.490133333333334E+009,4.437438619788736E-004,3.874260291922838E-004,4.727506893686950E-004,4.270099452696741E-004,
2.490166666666667E+009,4.546118434518576E-004,3.533174167387188E-004,4.875640734098852E-004,3.663442330434918E-004,
2.490200000000000E+009,4.343761247582734E-004,3.546543011907488E-004,4.965983098372817E-004,3.553357091732323E-004,
2.490233333333334E+009,4.492166917771101E-004,3.302810946479440E-004,4.661782877519727E-004,2.495594962965697E-004,
2.490266666666667E+009,4.860715416725725E-004,2.591921074781567E-004,5.210667732171714E-004,2.954752417281270E-004,
2.490300000000000E+009,4.983872640877962E-004,2.601981395855546E-004,4.771516250912100E-004,2.889768802560866E-004,
2.490333333333334E+009,5.018799565732479E-004,2.445326535962522E-004,4.901582142338157E-004,2.494201762601733E-004,
2.490366666666667E+009,5.209466326050460E-004,2.512858191039413E-004,5.158489220775664E-004,2.302585198776797E-004,
2.490400000000000E+009,4.682829312514514E-004,2.124874008586630E-004,4.474592860788107E-004,2.760801580734551E-004,
2.490433333333334E+009,5.219432641752064E-004,2.265301736770198E-004,4.995636991225183E-004,2.360513753956184E-004,
2.490466666666667E+009,5.064415163360536E-004,2.858703664969653E-004,5.212232936173677E-004,2.312182186869904E-004,
2.490500000000000E+009,5.423653055913746E-004,1.877331378636882E-004,5.431477329693735E-004,1.629454636713490E-004,
2.490533333333334E+009,5.441989633254707E-004,2.493435458745807E-004,5.718375323340297E-004,1.956492633325979E-004,
2.490566666666667E+009,5.094395019114018E-004,2.058099198620766E-004,5.275671719573438E-004,1.346903300145641E-004,
2.490600000000000E+009,5.589071661233902E-004,1.372793631162494E-004,5.045601283200085E-004,1.406198571203277E-004,
2.490633333333334E+009,5.060230032540858E-004,1.450440904591233E-004,5.065278965048492E-004,1.442225184291601E-004,
2.490666666666667E+009,5.340841598808765E-004,1.134308913606219E-004,5.246871733106673E-004,8.311294368468225E-005,
2.490700000000000E+009,5.405679694376886E-004,1.223991275765002E-004,5.219277809374034E-004,1.044539530994371E-004,
2.490733333333334E+009,5.462975823320448E-004,3.933409243472852E-005,4.879127081949264E-004,4.550344965537079E-005,
2.490766666666667E+009,5.495772929862142E-004,1.352122053503990E-004,5.013826885260642E-004,4.678661935031414E-005,
2.490800000000000E+009,5.451831966638565E-004,8.494000212522224E-005,5.655896966345608E-004,5.910368054173887E-005,
2.490833333333334E+009,5.466376896947622E-004,4.432071000337601E-005,5.528538022190332E-004,3.872377874358790E-006,
2.490866666666667E+009,5.278806202113628E-004,2.677830343600363E-005,5.376312765292823E-004,6.143765494925901E-005,
2.490900000000000E+009,5.204973858781159E-004,5.677218268829165E-006,5.530418711714447E-004,1.646814598643687E-005,
2.490933333333334E+009,5.643218755722046E-004,1.821941805246752E-005,5.496676312759519E-004,-1.681836874922738E-005,
2.490966666666667E+009,5.682789487764239E-004,2.153995046683122E-005,5.007780855521560E-004,-2.265248258481734E-005,
2.491000000000000E+009,4.946155240759254E-004,-6.610147829633206E-005,5.303929792717099E-004,-2.534143277443945E-005,
2.491033333333334E+009,5.867292056791484E-004,-2.438659976178315E-005,5.744730005972087E-004,-1.182540509034880E-004,
2.491066666666667E+009,5.915702204219997E-004,-1.010651321848854E-004,5.531121278181672E-004,-7.403699419228360E-005,
2.491100000000000E+009,5.775420577265322E-004,-8.044515561778098E-005,5.319076008163393E-004,-8.982515282696113E-005,
2.491133333333334E+009,5.523524014279246E-004,-8.306062227347866E-005,5.650646635331214E-004,-7.561808160971850E-005,
2.491166666666667E+009,5.332458531484008E-004,-1.264215825358406E-004,5.293809808790684E-004,-8.407478890148923E-005,
2.491200000000000E+009,5.522215506061912E-004,-9.450473589822650E-005,5.306258099153638E-004,-1.192057898151688E-004,
2.491233333333334E+009,5.237495061010122E-004,-1.535152259748429E-004,5.769000854343176E-004,-1.130161181208678E-004,
2.491266666666667E+009,5.112507496960461E-004,-1.867620885604993E-004,4.791630781255662E-004,-1.348749647149816E-004,
2.491300000000000E+009,5.400225636549294E-004,-1.599977695150301E-004,5.404940457083285E-004,-1.596875808900222E-004,
2.491333333333334E+009,5.216749850660563E-004,-1.488473790232092E-004,5.020991666242480E-004,-1.958873617695645E-004,
2.491366666666667E+009,4.937012563459575E-004,-1.946577103808522E-004,5.582480807788670E-004,-2.127293264493346E-004,
2.491400000000000E+009,4.590229946188629E-004,-1.645978627493605E-004,5.166753544472158E-004,-2.099049888784066E-004,
2.491433333333334E+009,5.322126089595258E-004,-2.507949830032885E-004,5.164922913536429E-004,-2.235167048638687E-004,
2.491466666666667E+009,5.167123745195568E-004,-2.003493282245472E-004,5.315782036632299E-004,-1.940055808518082E-004,
2.491500000000000E+009,4.975312040187419E-004,-1.837752497522160E-004,5.230967653915286E-004,-2.375954209128395E-004,
2.491533333333334E+009,5.355397006496787E-004,-2.419576630927622E-004,5.045470315963030E-004,-2.686213410925120E-004,
2.491566666666667E+009,4.746610065922141E-004,-2.593428944237530E-004,4.761863674502820E-004,-3.018786665052176E-004,
2.491600000000000E+009,4.969562869518995E-004,-2.389970468357205E-004,4.309837240725756E-004,-2.606515772640705E-004,
2.491633333333334E+009,4.771169333253056E-004,-2.704320359043777E-004,4.671520728152245E-004,-3.071247774641961E-004,
2.491666666666667E+009,4.384682106319815E-004,-3.034706169273704E-004,4.655857337638736E-004,-3.483704349491745E-004,
2.491700000000000E+009,4.394734278321266E-004,-2.543894515838474E-004,4.385330248624086E-004,-3.549966786522418E-004,
2.491733333333334E+009,4.562559188343585E-004,-3.253333852626383E-004,4.460377967916429E-004,-3.441373992245644E-004,
2.491766666666667E+009,3.989015240222216E-004,-3.128257521893829E-004,4.410757101140916E-004,-3.653710009530187E-004,
2.491800000000000E+009,4.088974092155695E-004,-3.800925624091178E-004,4.401058831717819E-004,-3.573833964765072E-004,
2.491833333333334E+009,3.505133208818734E-004,-3.656766202766448E-004,4.366343782749027E-004,-3.462244931142777E-004,
2.491866666666667E+009,3.847472253255546E-004,-3.918170696124435E-004,3.565440129023045E-004,-4.200511903036386E-004,
2.491900000000000E+009,3.805112210102379E-004,-3.571396810002625E-004,3.497954166959971E-004,-4.055195604451001E-004,
2.491933333333334E+009,3.966929216403514E-004,-4.394571587909013E-004,3.840718418359757E-004,-4.539219371508807E-004,
2.491966666666667E+009,4.335230332799256E-004,-4.428302345331758E-004,3.525355132296681E-004,-3.716039936989546E-004,
2.492000000000000E+009,3.228250134270638E-004,-4.665746819227934E-004,3.555769217200577E-004,-4.670716298278421E-004,
2.492033333333334E+009,3.352743515279144E-004,-4.348236834630370E-004,3.090809914283454E-004,-4.741609445773065E-004,
2.492066666666667E+009,2.988563210237771E-004,-4.500357899814844E-004,3.201620420441032E-004,-4.967140266671777E-004,
2.492100000000000E+009,2.916257653851062E-004,-3.851726069115102E-004,3.160861670039594E-004,-4.462757206056267E-004,
2.492133333333334E+009,2.462515840306878E-004,-4.568541480693966E-004,2.849058364517987E-004,-4.335470148362219E-004,
2.492166666666667E+009,2.839247463271022E-004,-4.642402054741979E-004,2.783814852591604E-004,-4.764859040733427E-004,
2.492200000000000E+009,2.583945752121508E-004,-4.322874883655459E-004,2.646557113621384E-004,-5.295517621561885E-004,
2.492233333333334E+009,2.762748044915497E-004,-4.907246329821646E-004,2.880043757613748E-004,-4.982299869880080E-004,
2.492266666666667E+009,2.245326322736219E-004,-4.948095884174109E-004,2.332426083739847E-004,-5.672782426699996E-004,
2.492300000000000E+009,2.592064556665719E-004,-4.742944729514420E-004,2.406354324193671E-004,-5.022590630687773E-004,
2.492333333333334E+009,2.056139637716115E-004,-5.107599426992238E-004,1.718358980724588E-004,-5.147222545929253E-004,
2.492366666666667E+009,2.070587215712294E-004,-5.222945474088192E-004,2.243667113361880E-004,-4.793513508047909E-004,
2.492400000000000E+009,1.843257050495595E-004,-5.134146194905043E-004,1.621527480892837E-004,-5.366859841160476E-004,
2.492433333333334E+009,1.641242852201685E-004,-4.846568626817316E-004,1.866339880507439E-004,-5.346102407202125E-004,
2.492466666666667E+009,1.698701526038349E-004,-6.031583179719746E-004,1.248598273377866E-004,-5.596746923401952E-004,
2.492500000000000E+009,1.404227368766442E-004,-5.465619615279138E-004,1.434545265510678E-004,-5.977521650493145E-004,
2.492533333333334E+009,8.893069025361911E-005,-5.558202392421663E-004,1.195059157907963E-004,-5.310008418746293E-004,
2.492566666666667E+009,8.452001929981634E-005,-5.017435760237277E-004,9.153818973572925E-005,-5.695661529898644E-004,
2.492600000000000E+009,6.330485484795645E-005,-5.252231494523585E-004,6.103714258642867E-005,-5.536875687539578E-004,
2.492633333333334E+009,4.525617259787396E-005,-5.925080622546375E-004,6.326459697447717E-005,-5.554811214096844E-004,
2.492666666666667E+009,1.258424435945926E-005,-5.972487269900739E-004,5.548086483031511E-005,-5.651335231959820E-004,
2.492700000000000E+009,6.487006430688780E-006,-5.009796004742384E-004,3.712093166541308E-005,-5.415267078205943E-004,
2.492733333333334E+009,3.685899719130248E-005,-5.190550000406802E-004,-2.758948903647251E-005,-5.174524267204106E-004,
2.492766666666667E+009,-2.054843207588419E-006,-5.063625867478550E-004,-3.334565462864703E-006,-5.568235064856708E-004,
2.492800000000000E+009,1.751815580064431E-005,-5.704477080143988E-004,-5.712964775739238E-005,-5.626971833407879E-004,
2.492833333333334E+009,-2.781507100735325E-005,-5.666686338372529E-004,-2.628460788400844E-005,-5.513748037628830E-004,
2.492866666666667E+009,-7.946692676341627E-006,-5.932419444434345E-004,-6.309207674348727E-005,-5.807913839817047E-004,
2.492900000000000E+009,-2.740423224167898E-005,-5.690124235115945E-004,-4.893985533271916E-005,-5.781315849162638E-004,
2.492933333333334E+009,-1.159428429673426E-004,-5.273591377772391E-004,-6.581260822713375E-005,-5.107563920319080E-004,
2.492966666666667E+009,-1.018993352772668E-004,-5.385326221585274E-004,-9.308185690315440E-005,-5.593127571046352E-004,
2.493000000000000E+009,-7.912323053460568E-005,-5.934288492426276E-004,-1.303619792452082E-004,-5.288404063321650E-004,
2.493033333333334E+009,-1.477271580370143E-004,-5.507047171704471E-004,-1.089988436433487E-004,-5.675293505191803E-004,
2.493066666666667E+009,-1.321040908806026E-004,-5.595814436674118E-004,-2.207089273724705E-004,-5.833161412738264E-004,
2.493100000000000E+009,-1.590140163898468E-004,-5.482767010107637E-004,-1.529856090201065E-004,-5.927976453676820E-004,
2.493133333333334E+009,-1.540003140689805E-004,-5.451771430671215E-004,-1.706518523860723E-004,-5.580419674515724E-004,
2.493166666666667E+009,-1.621159608475864E-004,-5.547202890738845E-004,-2.043138374574482E-004,-5.086074233986437E-004,
2.493200000000000E+009,-2.423450641799718E-004,-5.261162295937538E-004,-1.959243090823293E-004,-5.379903013817966E-004,
2.493233333333334E+009,-1.878559996839613E-004,-4.380694881547242E-004,-2.066732558887452E-004,-5.163941532373428E-004,
2.493266666666667E+009,-2.519564877729863E-004,-5.481286789290607E-004,-2.540962304919958E-004,-5.289788241498172E-004,
2.493300000000000E+009,-2.300374180776998E-004,-5.291556008160114E-004,-2.786646073218435E-004,-4.840191686525941E-004,
2.493333333333334E+009,-2.591673110146076E-004,-5.080715636722744E-004,-2.886069123633206E-004,-4.643521679099649E-004,
2.493366666666667E+009,-2.764195960480720E-004,-4.429913533385843E-004,-3.387080796528608E-004,-4.837226297240704E-004,
2.493400000000000E+009,-2.905850706156343E-004,-4.988453001715243E-004,-2.696241426747292E-004,-4.893843433819711E-004,
2.493433333333334E+009,-3.111665137112141E-004,-4.191758052911609E-004,-2.978710399474949E-004,-4.808356170542538E-004,
2.493466666666667E+009,-3.377479442860931E-004,-4.309467040002346E-004,-3.403990995138884E-004,-4.615151556208730E-004,
2.493500000000000E+009,-3.251214220654219E-004,-4.803776100743562E-004,-3.101666225120425E-004,-4.497140471357852E-004,
2.493533333333334E+009,-3.685482079163194E-004,-3.810898924712092E-004,-3.472368407528848E-004,-4.166254948358983E-004,
2.493566666666667E+009,-3.468988288659602E-004,-3.915529232472181E-004,-3.309909370727837E-004,-3.827541950158775E-004,
2.493600000000000E+009,-3.883320023305714E-004,-4.325326299294829E-004,-4.022934299428016E-004,-3.965930955018848E-004,
2.493633333333334E+009,-3.434821555856615E-004,-3.588835534173995E-004,-4.466532554943115E-004,-3.562711062841117E-004,
2.493666666666667E+009,-3.377376124262810E-004,-3.841588040813804E-004,-3.822057915385813E-004,-3.743667039088905E-004,
2.493700000000000E+009,-3.518510784488171E-004,-4.627793096005917E-004,-4.001607303507626E-004,-3.684638941194862E-004,
2.493733333333334E+009,-4.386758664622903E-004,-3.168966504745185E-004,-4.812658298760653E-004,-3.660415532067418E-004,
2.493766666666667E+009,-4.659050609916449E-004,-3.138273896183819E-004,-4.415647417772561E-004,-3.095646388828754E-004,
2.493800000000000E+009,-4.800322058144957E-004,-3.035094996448606E-004,-4.648725443985313E-004,-2.819537185132504E-004,
2.493833333333334E+009,-4.361723549664021E-004,-2.568592899478972E-004,-4.816200234927237E-004,-2.938225225079805E-004,
2.493866666666667E+009,-4.580653621815145E-004,-2.877551014535129E-004,-4.892876022495329E-004,-3.298396768514067E-004,
2.493900000000000E+009,-4.525222466327250E-004,-2.940174599643797E-004,-4.373790579847992E-004,-2.987154293805361E-004,
2.493933333333334E+009,-4.757802234962583E-004,-2.944151929114014E-004,-4.783186013810337E-004,-2.464454737491906E-004,
2.493966666666667E+009,-4.718392447102815E-004,-2.458072558511049E-004,-5.278174066916108E-004,-2.281451306771487E-004,
2.494000000000000E+009,-4.872234712820500E-004,-2.292942081112415E-004,-5.030394531786442E-004,-1.980683009605855E-004,
2.494033333333334E+009,-4.841459449380636E-004,-2.556171966716647E-004,-5.031595937907696E-004,-2.116370596922934E-004,
2.494066666666667E+009,-4.792834224645048E-004,-2.220501482952386E-004,-4.723091842606664E-004,-1.269178465008736E-004,
2.494100000000000E+009,-4.691240901593119E-004,-1.956068153958768E-004,-4.880566557403654E-004,-2.243955823360011E-004,
2.494133333333334E+009,-4.857428139075637E-004,-2.131546352757141E-004,-5.259766476228833E-004,-1.844888320192695E-004,
2.494166666666667E+009,-5.652105901390314E-004,-1.791219401638955E-004,-4.877906758338213E-004,-1.419992186129093E-004,
2.494200000000000E+009,-5.441376706585288E-004,-1.836578157963231E-004,-5.138104897923768E-004,-1.612378109712154E-004,
2.494233333333334E+009,-5.367083940654993E-004,-1.663779257796705E-004,-5.068286554887891E-004,-1.794179843273014E-004,
2.494266666666667E+009,-5.529522313736379E-004,-9.156105079455301E-005,-5.314194713719189E-004,-8.252445695688948E-005,
2.494300000000000E+009,-5.468863528221846E-004,-1.039056078298017E-004,-5.240322207100689E-004,-8.048945892369375E-005,
2.494333333333334E+009,-4.956127959303558E-004,-8.894387428881601E-005,-5.196264828555286E-004,-1.146734502981417E-004,
2.494366666666667E+009,-4.953475436195731E-004,-9.607008541934192E-005,-5.513064097613096E-004,-8.614698890596628E-005,
2.494400000000000E+009,-5.354571039788425E-004,-7.681332499487326E-005,-5.429835873655975E-004,-9.793537901714444E-005,
2.494433333333334E+009,-5.341181531548500E-004,-6.774901703465730E-005,-5.505728186108172E-004,-3.134321377729066E-005,
2.494466666666667E+009,-5.602498422376812E-004,-2.894960198318586E-005,-5.158152780495584E-004,-1.889258237497415E-005,
2.494500000000000E+009,-5.019840318709612E-004,-6.693646810163045E-006,-5.624568439088762E-004,-2.818175926222466E-005,
2.494533333333334E+009,-5.412900354713202E-004,-1.935748878167942E-005,-5.484135472215712E-004,2.356919685553294E-005,
2.494566666666667E+009,-5.587033228948712E-004,-2.084166652593922E-007,-5.700421170331538E-004,1.258837255591061E-005,
2.494600000000000E+009,-5.615376285277307E-004,-1.387355496262899E-005,-4.934671451337636E-004,2.124530510627665E-005,
2.494633333333334E+009,-5.874951602891088E-004,1.924301614053547E-006,-5.905358702875674E-004,5.020944809075445E-005,
2.494666666666667E+009,-5.443395930342376E-004,7.752837518637534E-006,-5.755560123361647E-004,8.875341882230714E-005,
2.494700000000000E+009,-5.410715821199119E-004,7.164029375417158E-005,-5.578937125392258E-004,5.718470492865890E-005,
2.494733333333334E+009,-5.552103393711150E-004,1.452235737815499E-004,-4.927489790134132E-004,5.810260699945502E-005,
2.494766666666667E+009,-5.176002159714699E-004,1.224778970936313E-004,-5.336051108315587E-004,1.377034786855802E-004,
2.494800000000000E+009,-5.265087238512933E-004,1.154772107838653E-004,-5.772550939582288E-004,1.090017467504367E-004,
2.494833333333334E+009,-4.917549667879939E-004,1.450647687306628E-004,-5.136089748702943E-004,1.339905866188929E-004,
2.494866666666667E+009,-5.048688617534936E-004,1.325993507634848E-004,-5.152106750756502E-004,2.066489978460595E-004,
2.494900000000000E+009,-5.060715484432876E-004,2.035053039435297E-004,-5.484441062435508E-004,1.457605685573071E-004,
2.494933333333334E+009,-5.198849830776453E-004,2.083995059365407E-004,-4.731363442260772E-004,1.624828728381544E-004,
2.494966666666667E+009,-4.780861199833453E-004,1.900145725812763E-004,-4.813999112229794E-004,1.607472950126976E-004,
2.495000000000000E+009,-4.497613699641079E-004,2.348103007534519E-004,-4.296682600397617E-004,2.568477357272059E-004,
2.495033333333334E+009,-5.056609516032040E-004,1.720795698929578E-004,-4.701137077063322E-004,2.434870111756027E-004,
2.495066666666667E+009,-4.709633067250252E-004,2.432163455523551E-004,-4.593365592882037E-004,2.266849769512191E-004,
2.495100000000000E+009,-4.759296425618231E-004,2.752032014541328E-004,-4.004499060101807E-004,2.382539387326688E-004,
2.495133333333334E+009,-4.526884586084634E-004,2.916952653322369E-004,-4.441987257450819E-004,2.642383624333888E-004,
2.495166666666667E+009,-3.984811773989350E-004,3.025490441359580E-004,-4.314264806453139E-004,2.441403630655259E-004,
2.495200000000000E+009,-4.209937178529799E-004,2.994881651829928E-004,-3.988997486885637E-004,2.422946126898751E-004,
2.495233333333334E+009,-4.130127199459821E-004,2.932843926828355E-004,-3.855884133372456E-004,3.024990728590637E-004,
2.495266666666667E+009,-3.771701012738049E-004,2.894862263929099E-004,-3.894261026289314E-004,2.622086904011667E-004,
2.495300000000000E+009,-4.250759084243327E-004,3.071189858019352E-004,-4.334681434556842E-004,3.452567034401000E-004,
2.495333333333334E+009,-3.922500764019787E-004,3.385353775229305E-004,-3.928666701540351E-004,3.023004101123661E-004,
2.495366666666667E+009,-3.705251729115844E-004,3.336841473355889E-004,-3.773849457502365E-004,3.228276909794658E-004,
2.495400000000000E+009,-3.766534500755370E-004,3.935408894903958E-004,-3.866498882416636E-004,3.192645381204784E-004,
2.495433333333334E+009,-3.982512571383268E-004,3.400214191060513E-004,-3.862582670990378E-004,3.440967120695859E-004,
2.495466666666667E+009,-3.158337785862386E-004,3.352761559654027E-004,-3.667224082164466E-004,3.253615577705205E-004,
2.495500000000000E+009,-3.761366242542863E-004,4.167892911937088E-004,-3.257685748394579E-004,3.417458501644433E-004,
2.495533333333334E+009,-3.575242299120873E-004,3.422075824346393E-004,-3.480789600871503E-004,4.157623334322125E-004,
2.495566666666667E+009,-3.237980708945543E-004,4.311258671805263E-004,-3.357612586114556E-004,4.084842803422362E-004,
2.495600000000000E+009,-3.234566538594663E-004,3.456351696513593E-004,-3.185341483913362E-004,4.242381837684661E-004,
2.495633333333334E+009,-3.110908728558570E-004,3.513493284117430E-004,-3.235084877815098E-004,4.309962678235024E-004,
2.495666666666667E+009,-3.477082063909620E-004,4.617016529664397E-004,-2.660236787050962E-004,3.679867077153176E-004,
2.495700000000000E+009,-2.713823050726205E-004,4.130665911361575E-004,-2.819209476001561E-004,4.467922844924033E-004,
2.495733333333334E+009,-2.589418727438897E-004,4.391104739625007E-004,-2.788945566862822E-004,4.402114718686789E-004,
2.495766666666667E+009,-2.759061753749847E-004,4.705384490080178E-004,-2.693628193810582E-004,4.884487716481090E-004,
2.495800000000000E+009,-2.297262108186260E-004,4.543358518276364E-004,-2.645512868184596E-004,4.792716936208308E-004,
2.495833333333334E+009,-1.973476028069854E-004,4.913507145829499E-004,-2.531785867176950E-004,4.604458808898926E-004,
2.495866666666667E+009,-2.304006484337151E-004,4.745692131109536E-004,-2.439682430122048E-004,4.586231370922178E-004,
2.495900000000000E+009,-2.360314683755860E-004,4.801511822734028E-004,-2.285568771185353E-004,4.126159765291959E-004,
2.495933333333334E+009,-2.037111844401807E-004,4.197363159619272E-004,-2.154860703740269E-004,4.591286415234208E-004,
2.495966666666667E+009,-1.939563808264211E-004,4.968603025190532E-004,-1.886577956611291E-004,4.772054380737245E-004,
2.496000000000000E+009,-1.461823121644557E-004,5.303037469275296E-004,-1.431167183909565E-004,4.558479704428464E-004,
2.496033333333334E+009,-1.701788860373199E-004,5.116872489452362E-004,-2.088409964926541E-004,4.154987400397658E-004,
2.496066666666667E+009,-1.030418643495068E-004,4.855587321799249E-004,-1.192376948893070E-004,4.755602276418358E-004,
2.496100000000000E+009,-1.796268188627437E-004,4.998547956347466E-004,-1.298563292948529E-004,5.091845523566008E-004,
2.496133333333334E+009,-1.277390256291255E-004,5.106303724460304E-004,-1.190665861940943E-004,5.441349348984659E-004,
2.496166666666667E+009,-8.873941987985745E-005,5.054211360402405E-004,-6.950345414225012E-005,5.092635401524603E-004,
2.496200000000000E+009,-7.483730587409809E-005,5.187198403291404E-004,-1.033462613122538E-004,5.129207856953144E-004,
2.496233333333334E+009,-5.858401345903985E-005,5.621885065920651E-004,-6.067808499210514E-005,5.510658374987543E-004,
2.496266666666667E+009,-5.211955067352392E-005,5.144146271049976E-004,-7.347670180024579E-005,5.866100545972586E-004,
2.496300000000000E+009,-5.062631316832267E-005,5.617290735244751E-004,-3.226930130040273E-005,5.328105762600899E-004,
2.496333333333334E+009,-4.958338104188442E-005,5.010324530303478E-004,-7.123486284399405E-005,5.536354146897793E-004,
2.496366666666667E+009,-2.870018215617165E-005,5.270385299809277E-004,-4.510108556132764E-005,5.261726910248399E-004,
2.496400000000000E+009,-1.007636637950782E-005,4.891809658147395E-004,-3.075326458201744E-005,5.190335214138031E-004,
2.496433333333334E+009,-9.562686500430573E-006,5.009863525629044E-004,4.761894524563104E-005,5.178211722522974E-004,
2.496466666666667E+009,-1.481132403569063E-005,5.191629752516747E-004,-4.481971245695604E-006,5.675190477631986E-004,
2.496500000000000E+009,4.425674342201091E-005,5.024979473091662E-004,4.254813757142983E-005,5.135343526490033E-004,
2.496533333333334E+009,3.931245373678394E-005,5.407712305895984E-004,4.649881157092750E-005,4.954684409312904E-004,
2.496566666666667E+009,8.969057671492919E-005,5.569386412389576E-004,1.606493242434226E-005,5.139490822330117E-004,
2.496600000000000E+009,5.582217272603884E-005,4.798870650120080E-004,9.081036114366725E-005,4.702764854300767E-004,
2.496633333333334E+009,1.221107959281653E-004,4.881457134615630E-004,9.394778317073360E-005,5.192583194002509E-004,
2.496666666666667E+009,1.160073297796771E-004,5.237441509962082E-004,8.940798579715192E-005,5.314301233738661E-004,
2.496700000000000E+009,1.345034543192014E-004,5.839428049512208E-004,1.489426067564637E-004,5.124054732732475E-004,
2.496733333333334E+009,6.065487468731590E-005,5.096080712974072E-004,1.019893388729543E-004,4.871246055699885E-004,
2.496766666666667E+009,1.264736201846972E-004,5.221726023592055E-004,1.312785461777821E-004,5.032320041209459E-004,
2.496800000000000E+009,1.084300602087751E-004,4.647789464797825E-004,1.395626313751563E-004,5.298940814100206E-004,
2.496833333333334E+009,1.875019224826247E-004,4.986984422430396E-004,2.085643209284172E-004,4.729877982754260E-004,
2.496866666666667E+009,1.711360819172114E-004,4.893526784144342E-004,1.341589086223394E-004,4.986368585377932E-004,
2.496900000000000E+009,2.015635109273717E-004,5.007598083466291E-004,1.917708286782727E-004,5.053225904703140E-004,
2.496933333333334E+009,2.052316849585623E-004,4.737010167445988E-004,1.984285627258942E-004,4.480701463762671E-004,
2.496966666666667E+009,2.246784861199558E-004,4.724748141597956E-004,2.059085236396641E-004,5.198965081945062E-004,
2.497000000000000E+009,1.918238849611953E-004,4.913444281555712E-004,2.024291316047311E-004,4.976722993887961E-004,
2.497033333333334E+009,2.691697736736387E-004,4.713230591733009E-004,2.458226226735860E-004,4.680068523157388E-004,
2.497066666666667E+009,2.588429779279977E-004,4.846701049245894E-004,2.390618465142325E-004,4.358876030892134E-004,
2.497100000000000E+009,2.468836901243776E-004,4.621729312930256E-004,2.198494912590832E-004,4.678202385548502E-004,
2.497133333333334E+009,2.557474945206195E-004,4.501799121499062E-004,3.203867236152291E-004,4.006996459793299E-004,
2.497166666666667E+009,2.449731109663844E-004,4.571313620544970E-004,2.700114564504474E-004,4.512014274951071E-004,
2.497200000000000E+009,2.823105605784804E-004,4.556094645522535E-004,3.206059627700597E-004,4.370716633275151E-004,
2.497233333333334E+009,2.744061930570751E-004,4.733972309622914E-004,3.541555488482118E-004,4.274604143574834E-004,
2.497266666666667E+009,3.430359938647598E-004,4.338091821409762E-004,3.350058395881206E-004,3.983523638453335E-004,
2.497300000000000E+009,3.449753276072443E-004,4.108730936422944E-004,3.789155452977866E-004,3.390097699593753E-004,
2.497333333333334E+009,3.478140570223332E-004,4.585963906720281E-004,3.599064657464624E-004,4.424193757586181E-004,
2.497366666666667E+009,4.058522172272205E-004,4.302819434087724E-004,3.685453557409346E-004,3.900090814568102E-004,
2.497400000000000E+009,4.079096543136984E-004,4.737310227937996E-004,3.556946467142552E-004,3.638123162090778E-004,
2.497433333333334E+009,3.785797453019768E-004,3.918374713975936E-004,4.329840594436973E-004,4.105353436898440E-004,
2.497466666666667E+009,4.341622407082468E-004,3.609742561820895E-004,3.994352882727981E-004,3.874027752317488E-004,
2.497500000000000E+009,3.695462073665112E-004,3.551556146703661E-004,4.204204597044736E-004,3.636491019278765E-004,
2.497533333333334E+009,3.781438281293958E-004,3.931748506147414E-004,4.190984764136374E-004,3.577588358893991E-004,
2.497566666666667E+009,4.628617607522756E-004,3.241260710638017E-004,4.762133467011154E-004,3.637257905211300E-004,
2.497600000000000E+009,4.821772745344788E-004,3.496285935398191E-004,3.935173735953867E-004,3.391908539924771E-004,
2.497633333333334E+009,4.998534568585455E-004,2.961503632832319E-004,5.136273684911430E-004,3.708790172822774E-004,
2.497666666666667E+009,4.707430780399591E-004,3.172934520989656E-004,4.837632004637271E-004,3.342761192470789E-004,
2.497700000000000E+009,5.271434783935547E-004,2.878880186472088E-004,4.636200028471649E-004,2.976922551169992E-004,
2.497733333333334E+009,4.920636420138180E-004,2.966449246741831E-004,5.254633724689484E-004,2.836580679286271E-004,
2.497766666666667E+009,4.816209839191288E-004,3.142032946925610E-004,5.241017206571996E-004,2.909443865064532E-004,
2.497800000000000E+009,6.016085972078145E-004,2.706779632717371E-004,5.650374805554748E-004,2.784373064059764E-004,
2.497833333333334E+009,5.746849346905947E-004,2.218305016867816E-004,5.412084283307195E-004,2.472581691108644E-004,
2.497866666666667E+009,5.432571051642299E-004,2.248230011900887E-004,5.629191873595119E-004,2.702984202187508E-004,
2.497900000000000E+009,5.831417511217296E-004,1.669026532908902E-004,5.822438397444785E-004,1.550067245261744E-004,
2.497933333333334E+009,5.532980430871248E-004,1.925097312778235E-004,5.767957773059607E-004,1.719014981063083E-004,
2.497966666666667E+009,5.501696723513305E-004,2.362853119848296E-004,5.670433165505529E-004,1.632156054256484E-004,
2.498000000000000E+009,6.412709481082857E-004,1.870823180070147E-004,5.456794169731438E-004,1.920495269587264E-004,
2.498033333333334E+009,6.059150910004973E-004,1.542617683298886E-004,5.984428571537137E-004,1.075548279914074E-004,
2.498066666666667E+009,5.721709458157420E-004,1.106327035813592E-004,5.547393811866641E-004,1.484584499849007E-004,
2.498100000000000E+009,5.720754270441830E-004,1.130303135141730E-004,5.942009156569839E-004,3.518716403050348E-005,
2.498133333333334E+009,6.114376592449844E-004,1.083674433175474E-004,6.115661817602813E-004,1.133700279751793E-004,
2.498166666666667E+009,5.826680571772158E-004,7.963326061144471E-005,6.248611607588828E-004,1.132773613790050E-004,
2.498200000000000E+009,6.092827534303069E-004,6.656580080743879E-005,6.638374179601669E-004,3.259635195718147E-005,
2.498233333333334E+009,6.798484246246517E-004,1.201538179884665E-004,6.074156844988465E-004,6.527223013108596E-005,
2.498266666666667E+009,6.041245069354773E-004,2.032633165072184E-005,6.620206986553967E-004,5.713410428143106E-005,
2.498300000000000E+009,5.687873344868422E-004,4.690949572250247E-005,5.887524457648397E-004,-4.180707492196234E-006,
2.498333333333334E+009,6.032591918483377E-004,-6.838879926363006E-005,6.178279872983694E-004,1.826477819122374E-005,
2.498366666666667E+009,6.132891867309809E-004,-4.041622742079198E-005,6.557552842423320E-004,-2.361571205256041E-005,
2.498400000000000E+009,6.081765168346465E-004,-1.696987419563811E-005,6.324230344034731E-004,-3.067625948460773E-005,
2.498433333333334E+009,5.969589110463858E-004,-3.669603029266000E-005,6.378733669407666E-004,-4.779296432388946E-005,
2.498466666666667E+009,5.700957844965160E-004,-9.126014629146084E-005,5.800130311399698E-004,-5.055234942119569E-005,
2.498500000000000E+009,6.334113422781229E-004,-1.370660611428320E-004,6.258927169255912E-004,-1.022416472551413E-004,
2.498533333333334E+009,5.855600466020405E-004,-9.682599920779467E-005,5.818448262289167E-004,-1.361551112495363E-004,
2.498566666666667E+009,6.723834085278213E-004,-1.341527095064521E-004,6.536066066473723E-004,-1.751325035002083E-004,
2.498600000000000E+009,5.868133739568293E-004,-1.579603849677369E-004,6.271505844779313E-004,-1.359134912490845E-004,
2.498633333333334E+009,6.272699683904648E-004,-1.426045055268332E-004,6.183931836858392E-004,-1.741087326081470E-004,
2.498666666666667E+009,6.020223954692483E-004,-1.372878614347428E-004,6.314726197160780E-004,-1.787154469639063E-004,
2.498700000000000E+009,5.433433689177036E-004,-1.984828850254417E-004,6.146218511275947E-004,-2.625016204547137E-004,
2.498733333333334E+009,6.324046989902854E-004,-2.146557380910963E-004,5.809398135170341E-004,-2.395383198745549E-004,
2.498766666666667E+009,5.448248703032732E-004,-2.491934865247458E-004,6.187830585986376E-004,-2.617268764879555E-004,
2.498800000000000E+009,6.265840493142605E-004,-2.817400672938675E-004,6.262952229008079E-004,-2.814710605889559E-004,
2.498833333333334E+009,5.925886216573417E-004,-2.515882661100477E-004,5.717896856367588E-004,-2.694115682970733E-004,
2.498866666666667E+009,5.756778991781175E-004,-3.326603909954429E-004,5.720626795664430E-004,-3.494113916531205E-004,
2.498900000000000E+009,5.899511161260307E-004,-3.112031554337591E-004,5.090319900773466E-004,-3.503144253045321E-004,
2.498933333333334E+009,5.652279942296445E-004,-3.576892777346075E-004,5.450951284728944E-004,-3.993019345216453E-004,
2.498966666666667E+009,5.229024100117385E-004,-3.651511506177485E-004,5.865745479241014E-004,-4.026124079246074E-004,
2.499000000000000E+009,5.321488133631647E-004,-4.095728218089789E-004,5.061470437794924E-004,-3.893015964422375E-004,
2.499033333333334E+009,5.344510427676141E-004,-4.290117358323187E-004,5.184805486351252E-004,-4.520180227700621E-004,
2.499066666666667E+009,4.651473136618733E-004,-3.808288020081818E-004,5.186558701097965E-004,-4.608670133166015E-004,
2.499100000000000E+009,4.912147414870560E-004,-4.529881116468459E-004,5.061336560174823E-004,-4.498674243222922E-004,
2.499133333333334E+009,5.345093668438494E-004,-4.858334432356060E-004,5.066315061412752E-004,-4.531854356173426E-004,
2.499166666666667E+009,4.555291379801929E-004,-4.679752746596932E-004,4.818306770175695E-004,-4.646494344342500E-004,
2.499200000000000E+009,5.065854056738317E-004,-5.346844554878771E-004,4.180097312200815E-004,-5.459829117171466E-004,
2.499233333333334E+009,4.604725691024214E-004,-4.840213514398783E-004,4.188829916529357E-004,-5.426644347608089E-004,
2.499266666666667E+009,4.423618374858052E-004,-5.478626117110252E-004,4.257152904756367E-004,-5.403123795986176E-004,
2.499300000000000E+009,4.474080633372068E-004,-6.018643034622073E-004,3.975995641667396E-004,-5.804779357276857E-004,
2.499333333333334E+009,3.761562111321837E-004,-5.994666134938598E-004,3.939614398404956E-004,-6.564923096448183E-004,
2.499366666666667E+009,3.728658484760672E-004,-5.645251367241144E-004,3.747483133338392E-004,-5.973541410639882E-004,
2.499400000000000E+009,4.135778581257910E-004,-6.588063552044332E-004,3.843541198875755E-004,-6.002302980050445E-004,
2.499433333333334E+009,3.502278996165842E-004,-6.513918633572757E-004,3.026828344445676E-004,-6.168220425024629E-004,
2.499466666666667E+009,3.098633897025138E-004,-6.509184022434056E-004,3.605305973906070E-004,-5.946089513599873E-004,
2.499500000000000E+009,3.102212795056403E-004,-6.107270601205528E-004,2.820550871547312E-004,-6.820931448601186E-004,
2.499533333333334E+009,3.488007059786469E-004,-6.956869619898498E-004,3.039645671378821E-004,-6.405258318409324E-004,
2.499566666666667E+009,2.817596250679344E-004,-7.179576787166297E-004,2.597007551230490E-004,-6.204829551279545E-004,
2.499600000000000E+009,2.661122707650065E-004,-7.201644475571811E-004,2.679122844710946E-004,-6.892320816405118E-004,
2.499633333333334E+009,2.182496828027070E-004,-6.874539540149272E-004,2.566340554039925E-004,-6.813954096287489E-004,
2.499666666666667E+009,2.046880254056305E-004,-6.865726900286973E-004,1.853120338637382E-004,-6.932157557457686E-004,
2.499700000000000E+009,1.677787950029597E-004,-6.897830753587186E-004,1.763874315656722E-004,-6.827007164247334E-004,
2.499733333333334E+009,1.369600213365629E-004,-6.515993154607713E-004,1.681571739027277E-004,-6.735964561812580E-004,
2.499766666666667E+009,1.299772411584854E-004,-6.787597667425871E-004,1.160565880127251E-004,-7.070726132951677E-004,
2.499800000000000E+009,1.042245930875652E-004,-6.920826272107661E-004,1.297313283430412E-004,-6.744344136677682E-004,
2.499833333333334E+009,1.070047292159870E-004,-7.220637635327876E-004,9.519833838567138E-005,-7.891156710684300E-004,
2.499866666666667E+009,6.551385740749538E-005,-7.091945735737681E-004,7.394161366391927E-005,-7.593722548335791E-004,
2.499900000000000E+009,8.814494503894821E-005,-7.040650234557688E-004,7.765577902318910E-005,-7.667411700822413E-004,
2.499933333333334E+009,6.316934741334990E-005,-6.917343707755208E-004,-3.109967792624957E-006,-6.876360275782645E-004,
2.499966666666667E+009,-3.671937520266511E-005,-7.789122755639255E-004,3.871744047501124E-005,-7.101114606484771E-004,
2.500000000000000E+009,-7.350889518420445E-006,-7.240200066007674E-004,-2.605946247058455E-005,-7.375784916803241E-004,
