% Version 1.00
%
%freq[Hz];re:Trc1_S21;im:Trc1_S21;re:Trc2_S12;im:Trc2_S12;
2.480000000000000E+009,-6.092223920859397E-004,-4.438171745277941E-004,-6.345297442749143E-004,-5.545826279558241E-004,
2.480033333333334E+009,-5.687021184712648E-004,-4.868557443842292E-004,-6.799450493417680E-004,-4.504809039644897E-004,
2.480066666666667E+009,-6.053886027075350E-004,-4.287844640202820E-004,-6.784816505387425E-004,-4.257716645952314E-004,
2.480100000000000E+009,-6.637490005232394E-004,-4.166006401646882E-004,-5.756070022471249E-004,-4.597149090841413E-004,
2.480133333333334E+009,-6.916207494214177E-004,-3.465630579739809E-004,-6.968275411054492E-004,-4.136392090003938E-004,
2.480166666666667E+009,-6.919346051290631E-004,-4.213645879644901E-004,-6.331882323138416E-004,-4.303140158299357E-004,
2.480200000000000E+009,-7.165713468566537E-004,-4.103512910660356E-004,-6.565911462530494E-004,-3.489646478556097E-004,
2.480233333333334E+009,-6.906891358084977E-004,-3.318172530271113E-004,-7.056717295199633E-004,-3.675546613521874E-004,
2.480266666666667E+009,-7.338042487390339E-004,-3.192095027770847E-004,-7.040039054118097E-004,-3.111856349278241E-004,
2.480300000000000E+009,-7.460633642040193E-004,-3.244319523219019E-004,-6.686374545097351E-004,-3.098613815382123E-004,
2.480333333333334E+009,-7.078818161971867E-004,-3.171609423588961E-004,-7.572220056317747E-004,-2.729868574533612E-004,
2.480366666666667E+009,-7.236311212182045E-004,-2.723649668041617E-004,-7.731796940788627E-004,-2.871810575015843E-004,
2.480400000000000E+009,-7.641142001375556E-004,-2.421582321403548E-004,-7.580946548841894E-004,-2.890587784349918E-004,
2.480433333333334E+009,-8.082187850959599E-004,-2.417623763903976E-004,-7.374705746769905E-004,-2.373485331190750E-004,
2.480466666666667E+009,-7.890134002082050E-004,-2.088153269141913E-004,-7.583913975395262E-004,-2.019990788539872E-004,
2.480500000000000E+009,-7.493197917938232E-004,-1.789565430954099E-004,-7.311155204661191E-004,-1.791810354916379E-004,
2.480533333333334E+009,-8.395463228225708E-004,-1.286471961066127E-004,-7.489971467293799E-004,-1.485650573158637E-004,
2.480566666666667E+009,-8.407727000303567E-004,-1.547645952086896E-004,-7.906553219072521E-004,-1.084884861484170E-004,
2.480600000000000E+009,-7.611289038322866E-004,-1.511739101260901E-004,-7.720568682998419E-004,-9.494055848335847E-005,
2.480633333333334E+009,-7.680600392632186E-004,-2.246022813778836E-005,-7.865796214900911E-004,-6.230715371202678E-005,
2.480666666666667E+009,-7.847854285500944E-004,-2.398963988525793E-005,-7.788615766912699E-004,-4.328439899836667E-005,
2.480700000000000E+009,-8.112917421385646E-004,-3.165087719025905E-006,-8.160838624462485E-004,-3.250126974307932E-005,
2.480733333333334E+009,-7.429536781273782E-004,-2.240120738861151E-005,-7.940478972159326E-004,-2.474880966474302E-005,
2.480766666666667E+009,-7.934966706670821E-004,-1.716193196443783E-006,-8.381884545087814E-004,1.628058817004785E-005,
2.480800000000000E+009,-7.689268677495420E-004,5.848485307069495E-005,-7.858026074245572E-004,8.484648424200714E-005,
2.480833333333334E+009,-7.775984704494476E-004,9.174933074973524E-005,-8.163362508639693E-004,4.572897523758002E-005,
2.480866666666667E+009,-8.058130042627454E-004,9.871688234852627E-005,-7.748293573968113E-004,1.179292012238875E-004,
2.480900000000000E+009,-7.423334172926843E-004,1.133908299379982E-004,-7.752501405775547E-004,1.312006934313104E-004,
2.480933333333334E+009,-7.877127500250936E-004,1.349402446066961E-004,-7.745055481791496E-004,1.934351166710258E-004,
2.480966666666667E+009,-7.358370348811150E-004,1.388632226735354E-004,-7.867979584261775E-004,1.853095018304884E-004,
2.481000000000000E+009,-7.616596994921565E-004,2.374147879891098E-004,-7.561142556369305E-004,1.583770354045555E-004,
2.481033333333334E+009,-7.285391329787672E-004,2.656835131347179E-004,-7.745193433947861E-004,2.277457388117909E-004,
2.481066666666667E+009,-7.549272268079221E-004,1.984215778065845E-004,-7.451206329278648E-004,2.428848820272833E-004,
2.481100000000000E+009,-7.285928004421294E-004,2.884037094190717E-004,-7.309958455152810E-004,2.782740048132837E-004,
2.481133333333334E+009,-7.136249332688749E-004,2.648599911481142E-004,-7.626492297276855E-004,2.930732443928719E-004,
2.481166666666667E+009,-7.222163258120418E-004,2.759160997811705E-004,-7.074190652929246E-004,2.951779169961810E-004,
2.481200000000000E+009,-6.639817147515714E-004,3.405557654332370E-004,-6.672481540590525E-004,3.851859655696899E-004,
2.481233333333334E+009,-7.291883812285960E-004,3.978859458584338E-004,-7.271330105140805E-004,3.945173521060497E-004,
2.481266666666667E+009,-6.944477208890021E-004,3.676505293697119E-004,-6.735641509294510E-004,4.306080227252096E-004,
2.481300000000000E+009,-6.857225671410561E-004,3.780239785555750E-004,-6.733949994668365E-004,3.913805994670838E-004,
2.481333333333334E+009,-6.786091835238040E-004,4.419551114551723E-004,-6.334412610158324E-004,4.148680018261075E-004,
2.481366666666667E+009,-6.647532572969794E-004,4.467131511773914E-004,-6.018871208652854E-004,4.678942786995322E-004,
2.481400000000000E+009,-6.504377815872431E-004,4.559626977425069E-004,-6.780760013498366E-004,4.734410904347897E-004,
2.481433333333334E+009,-6.345726433210075E-004,4.777282301802188E-004,-6.332949269562960E-004,4.904986708424985E-004,
2.481466666666667E+009,-5.683598574250937E-004,4.873365396633744E-004,-6.081638275645673E-004,5.123565788380802E-004,
2.481500000000000E+009,-6.213469314388931E-004,5.518787074834108E-004,-5.852813483215869E-004,5.388053250499070E-004,
2.481533333333334E+009,-5.433083279058337E-004,4.325990448705852E-004,-5.605399492196739E-004,5.522121209651232E-004,
2.481566666666667E+009,-5.783518427051604E-004,5.654722917824984E-004,-5.395704065449536E-004,5.412921309471130E-004,
2.481600000000000E+009,-5.388669087551534E-004,5.715224542655051E-004,-5.563367158174515E-004,5.795672186650336E-004,
2.481633333333334E+009,-4.622704582288861E-004,5.844309343956411E-004,-5.247360677458346E-004,5.692357663065195E-004,
2.481666666666667E+009,-4.998466465622187E-004,6.313836202025414E-004,-4.829693352803588E-004,6.023168680258095E-004,
2.481700000000000E+009,-5.021739052608609E-004,6.424248567782342E-004,-4.289449425414205E-004,5.612623062916100E-004,
2.481733333333334E+009,-4.938154597766697E-004,5.903322016820312E-004,-4.792613326571882E-004,6.560363108292222E-004,
2.481766666666667E+009,-4.283640591893345E-004,6.108758389018476E-004,-4.445044323801994E-004,7.015704759396613E-004,
2.481800000000000E+009,-4.241982824169099E-004,6.132094422355294E-004,-4.160112293902785E-004,6.557652377523482E-004,
2.481833333333334E+009,-4.328025679569691E-004,6.416505202651024E-004,-4.083701351191849E-004,7.227205205708742E-004,
2.481866666666667E+009,-3.226530971005559E-004,6.836246466264129E-004,-4.221983253955841E-004,6.578398752026260E-004,
2.481900000000000E+009,-3.982823691330850E-004,6.773353088647127E-004,-3.863275633193553E-004,6.852129590697587E-004,
2.481933333333334E+009,-3.436357656028122E-004,6.941073806956410E-004,-3.324184799566865E-004,7.587139843963087E-004,
2.481966666666667E+009,-3.401806752663106E-004,6.616495666094124E-004,-3.540590696502477E-004,7.019793265499175E-004,
2.482000000000000E+009,-3.570835688151419E-004,7.393817068077624E-004,-3.280160599388182E-004,7.367040961980820E-004,
2.482033333333334E+009,-2.862463879864663E-004,7.372913532890379E-004,-2.977040421683341E-004,7.029762491583824E-004,
2.482066666666667E+009,-2.547623007558286E-004,7.256405078805983E-004,-2.897604135796428E-004,7.277997792698443E-004,
2.482100000000000E+009,-2.098226250382140E-004,7.507305708713830E-004,-2.299186307936907E-004,7.322071469388902E-004,
2.482133333333334E+009,-2.523482253309339E-004,7.767336210235953E-004,-2.297038881806657E-004,7.406004588119686E-004,
2.482166666666667E+009,-1.937741762958467E-004,7.536152843385935E-004,-1.985104754567146E-004,7.739233551546931E-004,
2.482200000000000E+009,-1.885461970232427E-004,7.296458352357149E-004,-1.914061431307346E-004,7.808805676177144E-004,
2.482233333333334E+009,-1.466893445467576E-004,7.927656406536698E-004,-1.467925467295572E-004,7.700436981394887E-004,
2.482266666666667E+009,-1.615177170606330E-004,8.386772242374718E-004,-1.331099047092721E-004,8.200392476283014E-004,
2.482300000000000E+009,-4.790412640431896E-005,7.802022155374289E-004,-7.798271690262482E-005,7.974676555022597E-004,
2.482333333333334E+009,-7.803052540111821E-006,7.601460092701018E-004,-2.530776873754803E-005,7.877515745349228E-004,
2.482366666666667E+009,-2.340659193578176E-005,8.444223203696311E-004,-7.978442590683699E-005,8.326111710630357E-004,
2.482400000000000E+009,-7.459424978151219E-006,7.731267833150923E-004,4.712823283625767E-006,7.723682792857289E-004,
2.482433333333334E+009,7.232905772980303E-005,7.587588625028729E-004,4.065373286721297E-005,7.814518758095801E-004,
2.482466666666667E+009,4.749661457026377E-005,7.607663283124566E-004,5.767554830526933E-005,7.693354855291545E-004,
2.482500000000000E+009,2.614669392642099E-005,7.635883521288633E-004,5.861097451997921E-005,7.851695409044623E-004,
2.482533333333334E+009,1.026322715915740E-004,7.718934793956578E-004,9.077299910131842E-005,7.609115564264357E-004,
2.482566666666667E+009,1.326200872426853E-004,7.416026783175767E-004,1.472221629228443E-004,7.307989289984107E-004,
2.482600000000000E+009,1.643235300434753E-004,7.439550827257335E-004,1.406640512868762E-004,7.825556676834822E-004,
2.482633333333334E+009,1.821447222027928E-004,8.233087137341499E-004,2.058066165773198E-004,7.836907752789557E-004,
2.482666666666667E+009,2.267834352096543E-004,7.927642436698079E-004,1.848446554504335E-004,7.292482187040150E-004,
2.482700000000000E+009,1.809609966585413E-004,7.458754116669297E-004,2.338471240364015E-004,7.859650650061667E-004,
2.482733333333334E+009,2.245175273856148E-004,7.589049055241048E-004,2.287717652507126E-004,6.991706904955208E-004,
2.482766666666667E+009,2.913728822022677E-004,6.907804636284709E-004,2.584453322924674E-004,7.269256166182458E-004,
2.482800000000000E+009,2.864008711185306E-004,7.235276862047613E-004,2.722905483096838E-004,7.347012870013714E-004,
2.482833333333334E+009,3.200654755346477E-004,7.401464390568435E-004,3.035693953279406E-004,6.889975629746914E-004,
2.482866666666667E+009,3.538333403412253E-004,6.940475432202220E-004,3.242831444367766E-004,7.207910530269146E-004,
2.482900000000000E+009,3.125122457277030E-004,7.014753646217287E-004,3.190066199749708E-004,6.975342985242605E-004,
2.482933333333334E+009,3.934346605092287E-004,7.003461942076683E-004,3.944156051147729E-004,6.633553421124816E-004,
2.482966666666667E+009,3.326433070469648E-004,7.112057064659894E-004,4.203226999379695E-004,6.454715621657670E-004,
2.483000000000000E+009,4.247594333719462E-004,6.754082278348506E-004,4.570554883684963E-004,6.569570978172123E-004,
2.483033333333334E+009,4.277543339412659E-004,7.022162899374962E-004,4.280417633708566E-004,6.716458010487258E-004,
2.483066666666667E+009,5.068508326075971E-004,6.476396811194718E-004,4.460348864085972E-004,6.453036912716925E-004,
2.483100000000000E+009,5.007311119697988E-004,5.899248062632978E-004,4.794258566107601E-004,6.163089419715107E-004,
2.483133333333334E+009,4.135459894314408E-004,6.051594973541796E-004,4.999918746761978E-004,6.464971229434013E-004,
2.483166666666667E+009,5.224851774983108E-004,6.174470181576908E-004,5.206505302339792E-004,6.114189163781703E-004,
2.483200000000000E+009,4.967674030922353E-004,6.289237644523382E-004,5.021450924687088E-004,5.628248327411711E-004,
2.483233333333334E+009,5.605617770925164E-004,5.783873493783176E-004,5.304468213580549E-004,5.694067804142833E-004,
2.483266666666667E+009,5.188878858461976E-004,5.402282113209367E-004,5.497566889971495E-004,5.825366242788732E-004,
2.483300000000000E+009,6.351390038616955E-004,5.794898024760187E-004,5.673295236192644E-004,5.490449257194996E-004,
2.483333333333334E+009,5.450038006529212E-004,5.660663009621203E-004,5.793372401967645E-004,5.276695010252297E-004,
2.483366666666667E+009,5.688910605385900E-004,4.726772313006222E-004,5.874142516404390E-004,4.870313860010356E-004,
2.483400000000000E+009,6.125997751951218E-004,4.921003128401935E-004,6.813220679759979E-004,5.173485842533410E-004,
2.483433333333334E+009,5.897665978409350E-004,4.668699111789465E-004,6.164672668091953E-004,4.775644920300692E-004,
2.483466666666667E+009,6.346362060867250E-004,4.855932784266770E-004,6.289769080467522E-004,4.674151714425534E-004,
2.483500000000000E+009,6.781857809983194E-004,4.228980687912554E-004,6.371385534293950E-004,4.386369255371392E-004,
2.483533333333334E+009,6.902673630975187E-004,4.075863980688155E-004,6.339793326333165E-004,3.515322750899941E-004,
2.483566666666667E+009,6.675692857243121E-004,4.070064169354737E-004,7.026846287772059E-004,4.081334045622498E-004,
2.483600000000000E+009,7.215963560156524E-004,3.739574167411774E-004,6.979864556342363E-004,3.537032753229141E-004,
2.483633333333334E+009,6.888979696668685E-004,3.602392680477351E-004,6.964713102206588E-004,3.309322055429220E-004,
2.483666666666667E+009,7.418096647597849E-004,3.840565041173250E-004,7.337152492254973E-004,2.773982123471797E-004,
2.483700000000000E+009,7.268060580827296E-004,3.274191112723202E-004,6.865937029942870E-004,3.047354402951896E-004,
2.483733333333334E+009,7.390469545498490E-004,2.835635386873037E-004,7.504150271415710E-004,2.804645919241011E-004,
2.483766666666667E+009,7.732571684755385E-004,2.527392061892897E-004,7.711948128417134E-004,2.818293578457087E-004,
2.483800000000000E+009,7.715923129580915E-004,2.088327164528891E-004,7.821089238859713E-004,1.894760498544201E-004,
2.483833333333334E+009,7.981337839737535E-004,2.546291216276586E-004,8.240492315962911E-004,2.172725653508678E-004,
2.483866666666667E+009,7.508472190238535E-004,2.199523005401716E-004,8.160750148817897E-004,1.548409200040624E-004,
2.483900000000000E+009,7.412334671244025E-004,1.643174473429099E-004,8.114457014016807E-004,1.448177790734917E-004,
2.483933333333334E+009,7.298840791918337E-004,1.262796868104488E-004,8.023140253499150E-004,1.263959857169539E-004,
2.483966666666667E+009,7.840595208108425E-004,9.264320397051051E-005,8.025469724088907E-004,1.300060102948919E-004,
2.484000000000000E+009,7.656448287889361E-004,7.894018199294806E-005,7.501762011088431E-004,6.265812407946214E-005,
2.484033333333334E+009,7.894987356849015E-004,3.762388223549351E-005,7.697851979173720E-004,2.836722342181020E-005,
2.484066666666667E+009,7.416423177346587E-004,2.500100526958704E-005,8.073355420492590E-004,5.058721217210405E-005,
2.484100000000000E+009,8.110491326078773E-004,-3.643598756752908E-005,7.789988885633647E-004,1.651461207075045E-005,
2.484133333333334E+009,7.721415604464710E-004,-2.184620097978041E-005,7.768707582727075E-004,-2.364004285482224E-005,
2.484166666666667E+009,7.529400172643364E-004,2.144437758033746E-006,8.306954405270517E-004,-5.859573502675630E-005,
2.484200000000000E+009,8.117874967865646E-004,-5.482811320689507E-005,8.003968978300691E-004,-3.761715197470039E-005,
2.484233333333334E+009,7.573351613245904E-004,-1.142405890277587E-004,7.485872483812273E-004,-7.756301056360826E-005,
2.484266666666667E+009,7.637512171640992E-004,-1.763394102454186E-004,7.760015432722867E-004,-1.296954433200881E-004,
2.484300000000000E+009,8.007424185052514E-004,-1.919690839713439E-004,7.751291268505156E-004,-1.663731090957299E-004,
2.484333333333334E+009,7.572330068796873E-004,-1.722290617180988E-004,7.404298521578312E-004,-1.784234773367643E-004,
2.484366666666667E+009,7.427329546771944E-004,-1.863595098257065E-004,7.859508623369038E-004,-1.722600427456200E-004,
2.484400000000000E+009,7.878062315285206E-004,-2.499144175089896E-004,7.372695836238563E-004,-2.364504034630954E-004,
2.484433333333334E+009,7.329998770728707E-004,-2.455514622852206E-004,7.385099888779223E-004,-2.771229483187199E-004,
2.484466666666667E+009,7.318011485040188E-004,-3.195928584318608E-004,7.666578167118132E-004,-2.781794755719602E-004,
2.484500000000000E+009,7.504609529860318E-004,-2.550423087086529E-004,7.298813434317708E-004,-3.208984271623194E-004,
2.484533333333334E+009,6.537868757732213E-004,-2.974817471113056E-004,7.009585388004780E-004,-3.653232415672392E-004,
2.484566666666667E+009,6.976982695050538E-004,-2.911067567765713E-004,6.869304343126714E-004,-3.609942214097828E-004,
2.484600000000000E+009,6.605028756894171E-004,-3.558320458978415E-004,6.917206919752061E-004,-4.024960217066109E-004,
2.484633333333334E+009,6.811053026467562E-004,-3.964951902162284E-004,7.229667389765382E-004,-3.986344672739506E-004,
2.484666666666667E+009,6.742482655681670E-004,-4.280513676349074E-004,6.914586410857737E-004,-4.473898734431714E-004,
2.484700000000000E+009,6.913194665685296E-004,-4.201625706627965E-004,5.967294564470649E-004,-4.618451057467610E-004,
2.484733333333334E+009,6.210551946423948E-004,-4.660635022446513E-004,6.721795652993023E-004,-4.660573904402554E-004,
2.484766666666667E+009,6.589762633666396E-004,-5.191345117054880E-004,6.288113072514534E-004,-5.203433684073389E-004,
2.484800000000000E+009,5.459282547235489E-004,-4.973766626790166E-004,5.779446801170707E-004,-5.220547318458557E-004,
2.484833333333334E+009,5.669644451700151E-004,-5.426652496680617E-004,5.903530400246382E-004,-4.898881888948381E-004,
2.484866666666667E+009,5.817773053422570E-004,-4.965107073076069E-004,6.084801279939711E-004,-5.060135154053569E-004,
2.484900000000000E+009,5.642012110911310E-004,-5.462463595904410E-004,5.252711125649512E-004,-6.142808124423027E-004,
2.484933333333334E+009,5.324587691575289E-004,-5.456249928101897E-004,5.290958215482533E-004,-5.488948081620038E-004,
2.484966666666667E+009,4.978287033736706E-004,-6.167583051137626E-004,4.772412066813558E-004,-5.939569673500955E-004,
2.485000000000000E+009,5.066634039394558E-004,-5.804636166431010E-004,5.078982212580741E-004,-6.107401568442583E-004,
2.485033333333334E+009,4.453065630514175E-004,-5.471981130540371E-004,4.854246217291802E-004,-6.128009408712387E-004,
2.485066666666667E+009,4.795873537659645E-004,-6.856970721855760E-004,4.334002733230591E-004,-6.230805302038789E-004,
2.485100000000000E+009,4.186124424450100E-004,-6.491317762993276E-004,4.784155753441155E-004,-6.057256250642240E-004,
2.485133333333334E+009,4.583997069858015E-004,-6.350456969812512E-004,4.286751791369170E-004,-5.993455997668207E-004,
2.485166666666667E+009,4.217665700707585E-004,-6.046188645996153E-004,4.253186343703419E-004,-6.707796128466725E-004,
2.485200000000000E+009,4.147934669163078E-004,-6.840855348855257E-004,3.921282477676868E-004,-6.845802417956293E-004,
2.485233333333334E+009,3.758739621844143E-004,-7.062208023853600E-004,3.387937904335558E-004,-6.536065484397113E-004,
2.485266666666667E+009,3.242277889512479E-004,-7.121540256775916E-004,3.281949029769748E-004,-7.238317630253732E-004,
2.485300000000000E+009,3.236866032239050E-004,-7.177832885645330E-004,3.203645173925906E-004,-7.161356625147164E-004,
2.485333333333334E+009,2.797739871311933E-004,-6.836929242126644E-004,2.841927052941173E-004,-6.800516857765615E-004,
2.485366666666667E+009,2.685250074137002E-004,-7.207178859971464E-004,2.971406211145222E-004,-7.015148876234889E-004,
2.485400000000000E+009,2.797946799546480E-004,-7.648905157111585E-004,2.317545004189014E-004,-7.466916576959193E-004,
2.485433333333334E+009,2.648738736752421E-004,-7.342550670728087E-004,2.154601097572595E-004,-7.355082780122757E-004,
2.485466666666667E+009,2.218999870819971E-004,-7.493500597774983E-004,2.106805477524176E-004,-7.517129415646195E-004,
2.485500000000000E+009,2.062181883957237E-004,-7.336472044698894E-004,1.805730425985530E-004,-7.449215045198798E-004,
2.485533333333334E+009,1.184332213597372E-004,-7.871362031437457E-004,1.536113704787567E-004,-7.159006781876087E-004,
2.485566666666667E+009,1.421788183506578E-004,-7.166776340454817E-004,9.493589459452778E-005,-7.698839181102812E-004,
2.485600000000000E+009,5.833343311678618E-005,-7.579081575386226E-004,7.268081390066072E-005,-7.105892291292548E-004,
2.485633333333334E+009,8.888719457900152E-005,-7.025924278423190E-004,4.142981561017223E-005,-7.466069073416293E-004,
2.485666666666667E+009,-5.312086432240903E-005,-7.866554078646004E-004,9.135702384810429E-006,-7.517869817093015E-004,
2.485700000000000E+009,4.757714486913756E-005,-7.384317577816546E-004,-4.850479399465257E-006,-7.590482709929347E-004,
2.485733333333334E+009,-4.275660467101261E-005,-7.195824291557074E-004,5.533673174795695E-005,-7.932474254630506E-004,
2.485766666666667E+009,3.127016680082306E-005,-7.766108610667288E-004,-1.649799196457025E-005,-7.739763241261244E-004,
2.485800000000000E+009,-1.117758001782931E-004,-7.469608681276441E-004,-6.187258259160444E-005,-7.770466036163271E-004,
2.485833333333334E+009,-1.003472643787973E-004,-7.388123776763678E-004,-7.214605284389108E-005,-7.372650434263051E-004,
2.485866666666667E+009,-1.368319353787229E-004,-8.106744498945773E-004,-6.842096627224237E-005,-7.697727414779365E-004,
2.485900000000000E+009,-1.411722914781421E-004,-7.959239883348346E-004,-1.408215030096471E-004,-8.273240528069437E-004,
2.485933333333334E+009,-1.819094031816348E-004,-7.791280513629317E-004,-1.283551828237250E-004,-7.710028439760208E-004,
2.485966666666667E+009,-2.213620755355805E-004,-7.200620020739734E-004,-1.895237219287083E-004,-7.690756465308368E-004,
2.486000000000000E+009,-1.715286198304966E-004,-7.378050941042602E-004,-1.919788046507165E-004,-6.751098553650081E-004,
2.486033333333334E+009,-2.376101765548810E-004,-7.703010342083871E-004,-2.314121957169846E-004,-6.699537043459714E-004,
2.486066666666667E+009,-2.248172677354887E-004,-7.582749240100384E-004,-2.329731505597010E-004,-7.016633753664792E-004,
2.486100000000000E+009,-2.906159788835794E-004,-6.618014886043966E-004,-2.899940591305494E-004,-7.018091273494065E-004,
2.486133333333334E+009,-2.898160601034761E-004,-7.476172759197652E-004,-2.989746571984142E-004,-7.177889929153025E-004,
2.486166666666667E+009,-2.768347621895373E-004,-7.259681588038802E-004,-3.088088706135750E-004,-6.797101232223213E-004,
2.486200000000000E+009,-2.853821788448840E-004,-6.721825920976698E-004,-2.965572057291865E-004,-7.063284865580499E-004,
2.486233333333334E+009,-3.187383408658207E-004,-6.934705888852477E-004,-4.359786398708820E-004,-6.938090082257986E-004,
2.486266666666667E+009,-3.631703148130328E-004,-6.231484003365040E-004,-3.894017718266696E-004,-6.495442939922214E-004,
2.486300000000000E+009,-3.816476673819125E-004,-6.399272242560983E-004,-4.120454832445830E-004,-6.387266912497580E-004,
2.486333333333334E+009,-4.161247634328902E-004,-6.276977364905179E-004,-4.093753232154995E-004,-6.134994328022003E-004,
2.486366666666667E+009,-3.765503061003983E-004,-6.262111128307879E-004,-3.860717115458101E-004,-6.150475819595158E-004,
2.486400000000000E+009,-4.070221330039203E-004,-6.106217042542994E-004,-4.281851288396865E-004,-6.195514579303563E-004,
2.486433333333334E+009,-4.800534807145596E-004,-6.274007610045373E-004,-4.477204056456685E-004,-6.391748902387917E-004,
2.486466666666667E+009,-5.147640476934612E-004,-6.287622381933034E-004,-4.545977863017470E-004,-5.362132214941084E-004,
2.486500000000000E+009,-5.238731973804534E-004,-5.481824046000838E-004,-5.176055128686130E-004,-5.626000347547233E-004,
2.486533333333334E+009,-4.940653452649713E-004,-5.641906172968447E-004,-5.091180210001767E-004,-5.906654987484217E-004,
2.486566666666667E+009,-5.595276015810669E-004,-5.220136372372508E-004,-5.221888422966003E-004,-5.525933811441064E-004,
2.486600000000000E+009,-5.265762447379530E-004,-4.537591303233057E-004,-5.848950822837651E-004,-5.503305001184344E-004,
2.486633333333334E+009,-4.898342303931713E-004,-5.407833959907293E-004,-5.977756809443235E-004,-5.031978944316506E-004,
2.486666666666667E+009,-5.609575309790671E-004,-4.658342804759741E-004,-5.742980283685029E-004,-4.808505473192781E-004,
2.486700000000000E+009,-5.888944142498076E-004,-4.673436633311212E-004,-5.519043770618737E-004,-5.183920147828758E-004,
2.486733333333334E+009,-6.375522352755070E-004,-4.395256110001355E-004,-6.347894086502492E-004,-4.104187537450343E-004,
2.486766666666667E+009,-5.974872037768364E-004,-4.593339108396322E-004,-6.045458139851689E-004,-4.018089675810188E-004,
2.486800000000000E+009,-6.174281006678939E-004,-4.075226315762848E-004,-6.902041495777667E-004,-4.181251279078424E-004,
2.486833333333334E+009,-6.111752009019256E-004,-3.532034461386502E-004,-6.146492669358850E-004,-3.612145665101707E-004,
2.486866666666667E+009,-6.315934588201344E-004,-3.912306565325707E-004,-6.680880323983729E-004,-3.977631276939064E-004,
2.486900000000000E+009,-6.682662642560899E-004,-3.453263489063829E-004,-6.668941350653768E-004,-3.194205928593874E-004,
2.486933333333334E+009,-6.651905714534223E-004,-3.920652379747480E-004,-6.641242071054876E-004,-3.199273778591305E-004,
2.486966666666667E+009,-7.176297367550433E-004,-3.031809756066650E-004,-6.061834283173084E-004,-2.933723735623062E-004,
2.487000000000000E+009,-7.265915628522635E-004,-2.702903875615448E-004,-6.752464687451720E-004,-2.675472060218453E-004,
2.487033333333334E+009,-6.937645957805216E-004,-2.061880950350314E-004,-6.941379397176206E-004,-2.726118837017566E-004,
2.487066666666667E+009,-6.657182238996029E-004,-2.231768012279645E-004,-7.178066298365593E-004,-2.080575795844197E-004,
2.487100000000000E+009,-6.923957262188196E-004,-2.280772896483541E-004,-6.981944898143411E-004,-2.152214583475143E-004,
2.487133333333334E+009,-6.735604838468134E-004,-2.101655409205705E-004,-7.039759075269103E-004,-1.692173245828599E-004,
2.487166666666667E+009,-7.109207217581570E-004,-1.550579472677782E-004,-7.316630217246711E-004,-1.268779742531478E-004,
2.487200000000000E+009,-7.206344162113965E-004,-1.674080558586866E-004,-6.842901930212975E-004,-1.211360649904236E-004,
2.487233333333334E+009,-7.296931580640376E-004,-1.371546823065728E-004,-6.977820303291082E-004,-1.206471788464114E-004,
2.487266666666667E+009,-7.097942288964987E-004,-5.037282971898094E-005,-7.375888526439667E-004,-1.075573745765723E-004,
2.487300000000000E+009,-6.754784844815731E-004,-8.520189294358715E-005,-6.846860633231700E-004,-3.307275983388536E-005,
2.487333333333334E+009,-7.164217531681061E-004,-3.250154622946866E-005,-7.102222880348563E-004,-4.930772774969228E-005,
2.487366666666667E+009,-7.349826046265662E-004,2.990759276144672E-005,-7.223141728900373E-004,-5.405027695815079E-005,
2.487400000000000E+009,-7.452603313140571E-004,9.099634326048545E-007,-7.087226840667427E-004,1.512984363216674E-005,
2.487433333333334E+009,-6.445809267461300E-004,8.570892532588914E-006,-7.296600961126387E-004,7.329460913751973E-007,
2.487466666666667E+009,-7.428071694448590E-004,1.009636762319133E-004,-6.954803830012679E-004,1.148684677900747E-004,
2.487500000000000E+009,-6.559006869792938E-004,3.766113877645694E-005,-6.892700330354273E-004,5.909905303269625E-005,
2.487533333333334E+009,-7.331558736041188E-004,1.167204609373584E-004,-6.883955211378634E-004,8.571784564992413E-005,
2.487566666666667E+009,-6.533000268973410E-004,1.060547074303031E-004,-6.606515962630510E-004,1.309149665758014E-004,
2.487600000000000E+009,-7.105841068550944E-004,1.166734509752132E-004,-6.951838731765747E-004,1.192056515719742E-004,
2.487633333333334E+009,-7.141496753320098E-004,1.359873858746141E-004,-7.118457579053938E-004,1.069550417014398E-004,
2.487666666666667E+009,-6.706728599965572E-004,1.830398978199810E-004,-6.888493662700057E-004,1.361141912639141E-004,
2.487700000000000E+009,-6.752253975719214E-004,2.245319046778604E-004,-6.646753172390163E-004,2.500538248568773E-004,
2.487733333333334E+009,-5.809757858514786E-004,2.181001909775659E-004,-6.675264448858798E-004,1.929220743477345E-004,
2.487766666666667E+009,-6.538844900205731E-004,2.613820543047041E-004,-6.119937170296907E-004,2.184316253988072E-004,
2.487800000000000E+009,-6.849670317023993E-004,2.432069595670328E-004,-6.566432421095669E-004,2.832893515005708E-004,
2.487833333333334E+009,-6.411500507965684E-004,2.241182082798332E-004,-6.581286434084177E-004,3.108785895165056E-004,
2.487866666666667E+009,-6.127845845185220E-004,2.879290259443224E-004,-5.914699868299067E-004,2.792666782625020E-004,
2.487900000000000E+009,-5.648319493047893E-004,2.970595669467002E-004,-6.261335802264512E-004,3.450894437264651E-004,
2.487933333333334E+009,-6.560142501257360E-004,2.917510864790529E-004,-6.367258611135185E-004,3.397526161279529E-004,
2.487966666666667E+009,-6.173277506604791E-004,3.151478013023734E-004,-5.704335635527968E-004,3.390275523997843E-004,
2.488000000000000E+009,-5.103608127683401E-004,3.699871886055917E-004,-5.485807778313756E-004,3.765133151318878E-004,
2.488033333333334E+009,-5.495469667948782E-004,3.824460145551711E-004,-5.639062728732824E-004,3.883259196300060E-004,
2.488066666666667E+009,-5.268430686555803E-004,3.656133194454014E-004,-5.563307786360383E-004,3.692983591463417E-004,
2.488100000000000E+009,-5.154985119588673E-004,3.619414055719972E-004,-5.231869290582836E-004,4.089186259079725E-004,
2.488133333333334E+009,-5.322638899087906E-004,4.220749542582780E-004,-5.554665112867951E-004,4.447456740308553E-004,
2.488166666666667E+009,-5.290822009555996E-004,4.506087279878557E-004,-5.072975764051080E-004,4.625868168659508E-004,
2.488200000000000E+009,-5.051516345702112E-004,4.417845921125263E-004,-4.706037580035627E-004,4.521928203757852E-004,
2.488233333333334E+009,-4.640187544282526E-004,4.093356546945870E-004,-4.869711992796511E-004,4.631226765923202E-004,
2.488266666666667E+009,-4.996282514184713E-004,4.382923943921924E-004,-4.850819241255522E-004,4.944748943671584E-004,
2.488300000000000E+009,-4.516942426562309E-004,5.682226619683206E-004,-4.310561635065824E-004,4.363493062555790E-004,
2.488333333333334E+009,-4.707076295744628E-004,5.134886596351862E-004,-4.458269104361534E-004,5.417480133473873E-004,
2.488366666666667E+009,-4.235312808305025E-004,5.050795734860003E-004,-4.253377846907824E-004,5.282084457576275E-004,
2.488400000000000E+009,-4.253046936355531E-004,5.819982034154236E-004,-4.107442509848625E-004,5.634666886180639E-004,
2.488433333333334E+009,-3.981775371357799E-004,5.290736444294453E-004,-3.909936349373311E-004,5.514837102964521E-004,
2.488466666666667E+009,-4.148624138906598E-004,5.846848944202066E-004,-3.805615415330976E-004,5.762448417954147E-004,
2.488500000000000E+009,-3.798030957113951E-004,6.040346925146878E-004,-3.893474640790373E-004,6.279383669607341E-004,
2.488533333333334E+009,-3.666119300760329E-004,5.767751135863364E-004,-2.679711033124477E-004,5.524031003005803E-004,
2.488566666666667E+009,-2.813377359416336E-004,6.180927157402039E-004,-3.155053418595344E-004,5.814124015159905E-004,
2.488600000000000E+009,-2.452510816510767E-004,5.967002362012863E-004,-2.128726191585884E-004,5.542312283068895E-004,
2.488633333333334E+009,-3.359668771736324E-004,6.180376512929797E-004,-2.445750578772277E-004,5.970963393338025E-004,
2.488666666666667E+009,-2.599302388262004E-004,5.500213010236621E-004,-2.437382354401052E-004,5.852567846886814E-004,
2.488700000000000E+009,-1.869241968961433E-004,6.528763333335519E-004,-2.107020554831252E-004,6.244362448342145E-004,
2.488733333333334E+009,-1.368360390188173E-004,6.371663766913116E-004,-1.812913396861404E-004,6.700854864902794E-004,
2.488766666666667E+009,-2.270465047331527E-004,6.463988684117794E-004,-1.845812075771391E-004,6.191727006807923E-004,
2.488800000000000E+009,-1.667763863224536E-004,6.376341334544122E-004,-1.623493590159342E-004,6.120035541243851E-004,
2.488833333333334E+009,-1.333030959358439E-004,6.561330519616604E-004,-1.205961525556631E-004,6.666359840892255E-004,
2.488866666666667E+009,-8.557808905607089E-005,6.409785128198564E-004,-1.422974455635995E-004,6.696679629385471E-004,
2.488900000000000E+009,-1.215340453200042E-004,6.606628303416073E-004,-7.142135291360319E-005,5.824022227898240E-004,
2.488933333333334E+009,-3.953345367335714E-005,6.171352579258382E-004,-1.164477362181060E-004,6.177459727041423E-004,
2.488966666666667E+009,-8.591186633566394E-005,6.046153721399605E-004,-1.142287437687628E-004,6.309956661425531E-004,
2.489000000000000E+009,-5.557372787734494E-005,5.784100503660739E-004,-3.801713319262490E-005,6.338484236039221E-004,
2.489033333333334E+009,-2.311991011083592E-005,6.731277098879218E-004,-1.783059633453377E-005,6.575185107067227E-004,
2.489066666666667E+009,-2.523233888496179E-006,6.031350349076092E-004,2.768832018773537E-005,6.195251480676234E-004,
2.489100000000000E+009,1.795258685888257E-005,6.586884264834225E-004,2.806952397804707E-005,6.328362505882978E-004,
2.489133333333334E+009,1.068323945219163E-005,6.092039984650910E-004,3.165266025462188E-005,6.417575059458613E-004,
2.489166666666667E+009,4.479878407437354E-005,5.983113078400493E-004,2.005268470384181E-005,6.424280581995845E-004,
2.489200000000000E+009,3.990928962593898E-005,6.643527303822339E-004,9.263048559660092E-005,6.187228718772531E-004,
2.489233333333334E+009,7.413107960019261E-005,6.373529904522002E-004,1.201753620989621E-004,6.260077352635562E-004,
2.489266666666667E+009,8.634877303848043E-005,5.711576668545604E-004,1.149231029557996E-004,6.112040136940777E-004,
2.489300000000000E+009,1.214265794260427E-004,5.920545663684607E-004,1.248405751539394E-004,5.716147716157138E-004,
2.489333333333334E+009,2.091794740408659E-004,5.897918017581105E-004,9.547192894387990E-005,6.012846715748310E-004,
2.489366666666667E+009,1.072048762580380E-004,5.326773389242590E-004,1.324656041106209E-004,6.129936082288623E-004,
2.489400000000000E+009,2.163300232496113E-004,6.003655726090074E-004,1.861802738858387E-004,5.808632704429328E-004,
2.489433333333334E+009,1.308805949520320E-004,6.021805456839502E-004,1.951342128450051E-004,5.926295998506248E-004,
2.489466666666667E+009,2.008644369198009E-004,5.566103500314057E-004,2.301131899002940E-004,5.361167131923139E-004,
2.489500000000000E+009,2.439540985506028E-004,5.663221236318350E-004,1.837988384068012E-004,5.651857354678214E-004,
2.489533333333334E+009,2.210725215263665E-004,5.663279443979263E-004,2.423731784801930E-004,5.889155436307192E-004,
2.489566666666667E+009,2.722835051827133E-004,5.404565017670393E-004,3.076192806474865E-004,5.705984076485038E-004,
2.489600000000000E+009,2.277229359606281E-004,5.623337347060442E-004,2.089219924528152E-004,5.240989848971367E-004,
2.489633333333334E+009,2.833920298144221E-004,4.917814512737095E-004,3.157159371767193E-004,5.064099677838385E-004,
2.489666666666667E+009,2.863908302970231E-004,4.858613829128444E-004,2.935093361884356E-004,4.946106346324086E-004,
2.489700000000000E+009,2.833557082340121E-004,4.988540895283222E-004,2.720444172155112E-004,4.580319800879806E-004,
2.489733333333334E+009,2.993813541252166E-004,4.949924768880010E-004,3.042393655050546E-004,4.899181076325476E-004,
2.489766666666667E+009,3.095994179602712E-004,5.140845896676183E-004,2.445845166221261E-004,5.011441535316408E-004,
2.489800000000000E+009,3.252936876378954E-004,5.125276511535049E-004,3.234729811083525E-004,5.209367955103517E-004,
2.489833333333334E+009,3.568301617633551E-004,5.043283454142511E-004,3.312808112241328E-004,4.854786675423384E-004,
2.489866666666667E+009,3.849794447887689E-004,4.693758382927626E-004,3.606129030231386E-004,4.633752687368542E-004,
2.489900000000000E+009,3.570705885067582E-004,4.980847588740289E-004,3.791921481024474E-004,4.623388522304595E-004,
2.489933333333334E+009,4.036255413666368E-004,4.605004796758294E-004,3.839392156805843E-004,4.725701583083719E-004,
2.489966666666667E+009,3.793139185290784E-004,4.564989358186722E-004,3.607398539315909E-004,4.300955915823579E-004,
2.490000000000000E+009,3.782345738727599E-004,3.863799793180078E-004,4.127190040890127E-004,4.232039791531861E-004,
2.490033333333334E+009,4.067011759616435E-004,3.649992286227644E-004,4.680156998801976E-004,3.980113833677024E-004,
2.490066666666667E+009,4.397960146889091E-004,4.053515149280429E-004,4.361752071417868E-004,3.920033341273665E-004,
2.490100000000000E+009,4.708632186520845E-004,4.261767317075282E-004,4.287824267521501E-004,3.588375402614474E-004,
2.490133333333334E+009,4.421903286129236E-004,3.873212262988091E-004,4.680326092056930E-004,3.023000608664006E-004,
2.490166666666667E+009,4.484506498556584E-004,3.445699112489820E-004,4.373575211502612E-004,3.398937114980072E-004,
2.490200000000000E+009,5.018070805817843E-004,3.531929396558553E-004,4.915228928439319E-004,3.183701192028821E-004,
2.490233333333334E+009,4.557578649837524E-004,2.389264263911173E-004,4.289896169211716E-004,3.191738214809448E-004,
2.490266666666667E+009,4.843067727051675E-004,3.451714001130313E-004,4.656252858694643E-004,3.170504642184824E-004,
2.490300000000000E+009,4.759274597745389E-004,3.047685022465885E-004,4.671937203966081E-004,2.324914239579812E-004,
2.490333333333334E+009,4.660896083805710E-004,3.172574506606907E-004,4.911692813038826E-004,2.308266120962799E-004,
2.490366666666667E+009,4.877726605627686E-004,2.955560630653054E-004,5.344889941625297E-004,2.289373514940962E-004,
2.490400000000000E+009,4.808760713785887E-004,1.862596254795790E-004,5.681305192410946E-004,2.695126750040799E-004,
2.490433333333334E+009,4.808655066881329E-004,2.012604672927409E-004,4.862907226197422E-004,2.189181541325524E-004,
2.490466666666667E+009,5.228183581493795E-004,2.107744367094711E-004,4.645796725526452E-004,2.021780092036352E-004,
2.490500000000000E+009,4.972949973307550E-004,1.772731193341315E-004,5.764173110947013E-004,1.711893564788625E-004,
2.490533333333334E+009,5.669976235367358E-004,1.513718598289415E-004,5.380588117986918E-004,2.112135261995718E-004,
2.490566666666667E+009,5.735512240789831E-004,1.063067102222703E-004,5.331981810741127E-004,1.408337120665237E-004,
2.490600000000000E+009,5.569679196923971E-004,9.028001659316942E-005,5.180458538234234E-004,1.482304651290178E-004,
2.490633333333334E+009,5.260152975097299E-004,1.334574772045016E-004,5.476114456541836E-004,9.271761518903077E-005,
2.490666666666667E+009,5.385016556829214E-004,1.239899575011805E-004,5.608459468930960E-004,1.888791302917525E-004,
2.490700000000000E+009,5.470502073876560E-004,1.001088967313990E-004,5.754326703026891E-004,5.181209053262137E-005,
2.490733333333334E+009,5.533855874091387E-004,1.466314715798944E-004,5.296500166878104E-004,1.061303410097025E-004,
2.490766666666667E+009,5.535728996619582E-004,3.433011806919240E-005,5.639339797198772E-004,7.837007433408871E-005,
2.490800000000000E+009,5.118062254041433E-004,5.129921919433400E-005,5.812187446281314E-004,9.336162474937737E-005,
2.490833333333334E+009,6.177895120345056E-004,1.824259743443690E-005,5.374495522119105E-004,8.011257887119427E-005,
2.490866666666667E+009,5.732189747504890E-004,-8.622010682302062E-006,5.348854465410113E-004,-6.066898095014039E-006,
2.490900000000000E+009,5.251422408036888E-004,5.513079941010801E-006,5.470920004881918E-004,1.590359715919476E-005,
2.490933333333334E+009,5.077318055555224E-004,3.409055352676660E-005,5.680603208020330E-004,-2.903957647504285E-005,
2.490966666666667E+009,5.121601279824972E-004,6.040455900802044E-006,5.702804191969335E-004,-5.642024189000949E-005,
2.491000000000000E+009,5.236206925474107E-004,1.948845010701916E-006,5.269849207252264E-004,-4.506071127252653E-005,
2.491033333333334E+009,5.518677644431591E-004,-6.843890878371894E-005,5.614348920062184E-004,-5.243413397693075E-005,
2.491066666666667E+009,4.770283703692257E-004,-1.634205000300426E-005,4.969708388671279E-004,-8.101201092358679E-005,
2.491100000000000E+009,5.852437461726368E-004,-1.134557169280015E-004,5.483720451593399E-004,-7.158674998208880E-005,
2.491133333333334E+009,5.221096216700971E-004,-6.057816790416837E-005,5.516712553799152E-004,-9.110358223551884E-005,
2.491166666666667E+009,5.596040282398462E-004,-1.828690437832847E-005,5.417406209744513E-004,-8.459881792077795E-005,
2.491200000000000E+009,4.584667040035129E-004,-1.260384451597929E-004,5.058413953520358E-004,-1.396170118823648E-004,
2.491233333333334E+009,5.546615575440228E-004,-1.520931982668117E-004,5.317684262990952E-004,-1.058256748365238E-004,
2.491266666666667E+009,5.034726927988231E-004,-1.505864929640666E-004,5.325794918462634E-004,-1.498090859968215E-004,
2.491300000000000E+009,5.182189634069800E-004,-1.684485177975148E-004,5.351959844119847E-004,-1.840863696997985E-004,
2.491333333333334E+009,5.495842196978629E-004,-1.717002742225304E-004,4.810366372112185E-004,-2.185986668337137E-004,
2.491366666666667E+009,5.104170995764434E-004,-1.810578251024708E-004,5.410743760876358E-004,-1.728150382405147E-004,
2.491400000000000E+009,5.634471890516579E-004,-1.893004373414442E-004,5.521112470887601E-004,-1.843884674599394E-004,
2.491433333333334E+009,5.826533306390047E-004,-2.464488206896931E-004,5.564267630688846E-004,-2.924093569163233E-004,
2.491466666666667E+009,5.263239145278931E-004,-2.527784963604063E-004,5.318773910403252E-004,-2.691709378268570E-004,
2.491500000000000E+009,4.649410257115960E-004,-2.384568215347827E-004,5.208330112509430E-004,-2.217728761024773E-004,
2.491533333333334E+009,4.553727339953184E-004,-2.943541330751032E-004,4.779095179401338E-004,-2.729984407778829E-004,
2.491566666666667E+009,5.197600112296641E-004,-2.849079028237611E-004,4.887208342552185E-004,-2.833359176293016E-004,
2.491600000000000E+009,4.527084238361567E-004,-2.786224067676812E-004,4.821692709811032E-004,-3.329500032123178E-004,
2.491633333333334E+009,4.500108188949525E-004,-2.741444332059473E-004,4.753008252009749E-004,-3.026033809874207E-004,
2.491666666666667E+009,4.831827536690980E-004,-2.577215200290084E-004,5.039088428020477E-004,-3.124539216514677E-004,
2.491700000000000E+009,4.367168003227562E-004,-3.658220812212676E-004,4.470120766200125E-004,-3.146005619782955E-004,
2.491733333333334E+009,4.170790780335665E-004,-3.293147019576281E-004,4.018401086796075E-004,-3.410055360291153E-004,
2.491766666666667E+009,4.002684436272830E-004,-3.800874110311270E-004,4.122826503589749E-004,-3.803932922892273E-004,
2.491800000000000E+009,4.495679459068924E-004,-3.677246859297156E-004,4.214438085909933E-004,-3.186348476447165E-004,
2.491833333333334E+009,3.865449689328671E-004,-3.699016524478793E-004,3.931680694222450E-004,-4.029005358461291E-004,
2.491866666666667E+009,3.678312059491873E-004,-3.783810825552791E-004,4.053614102303982E-004,-3.910382511094213E-004,
2.491900000000000E+009,3.942693001590669E-004,-4.193971108179539E-004,3.416324034333229E-004,-3.771709743887186E-004,
2.491933333333334E+009,3.649168065749109E-004,-3.460327570792288E-004,3.664456016849726E-004,-4.120563971810043E-004,
2.491966666666667E+009,3.535849682521075E-004,-3.767915768548846E-004,3.668340214062482E-004,-3.853945818264037E-004,
2.492000000000000E+009,3.686695999931544E-004,-3.667246492113918E-004,4.008968826383352E-004,-4.296078113839030E-004,
2.492033333333334E+009,3.387680626474321E-004,-4.797870933543891E-004,2.649765810929239E-004,-4.495196335483342E-004,
2.492066666666667E+009,3.187699476256967E-004,-4.413262940943241E-004,3.339299291837961E-004,-5.138595006428659E-004,
2.492100000000000E+009,3.409152268432081E-004,-4.484573728404939E-004,3.215568431187421E-004,-4.407193919178098E-004,
2.492133333333334E+009,3.100059402640909E-004,-4.627529997378588E-004,2.325898967683315E-004,-4.807644290849567E-004,
2.492166666666667E+009,2.614232653286308E-004,-5.008126609027386E-004,2.732000430114567E-004,-5.060167168267071E-004,
2.492200000000000E+009,2.837798383552581E-004,-4.865527444053441E-004,2.914240467362106E-004,-5.125898751430214E-004,
2.492233333333334E+009,2.871318720281124E-004,-5.236454308032990E-004,2.220037858933210E-004,-5.058797542005777E-004,
2.492266666666667E+009,2.338593767490238E-004,-4.843823262490332E-004,2.243765775347129E-004,-4.735956899821758E-004,
2.492300000000000E+009,2.278612664667890E-004,-4.911479772999883E-004,1.684735470917076E-004,-4.867387469857931E-004,
2.492333333333334E+009,1.845986407715827E-004,-4.931039875373244E-004,1.457403268432245E-004,-4.405138024594635E-004,
2.492366666666667E+009,1.616994268260896E-004,-5.620267475023866E-004,1.926651457324624E-004,-5.512782954610884E-004,
2.492400000000000E+009,1.570398890180513E-004,-5.506303859874606E-004,1.031858191709034E-004,-5.433706101030111E-004,
2.492433333333334E+009,1.707167830318213E-004,-5.059990799054503E-004,1.307678758166730E-004,-5.087785539217293E-004,
2.492466666666667E+009,1.675692037679255E-004,-5.110931815579534E-004,1.433261350030080E-004,-5.108091863803566E-004,
2.492500000000000E+009,1.287098129978403E-004,-5.505762528628111E-004,1.333293475909159E-004,-5.343375960364938E-004,
2.492533333333334E+009,1.267471234314144E-004,-4.995404160581529E-004,1.166930014733225E-004,-5.069221951998770E-004,
2.492566666666667E+009,9.875328396447003E-005,-5.979982088319957E-004,1.028238766593859E-004,-5.605094484053552E-004,
2.492600000000000E+009,5.933513602940366E-005,-5.383309326134622E-004,1.444755034754053E-004,-4.995141061954200E-004,
2.492633333333334E+009,3.557904710760340E-005,-5.384701071307063E-004,2.307867362105753E-005,-5.767072434537113E-004,
2.492666666666667E+009,2.215194217569660E-005,-5.861155805177987E-004,8.275768050225452E-005,-5.370252183638513E-004,
2.492700000000000E+009,-2.011456308537163E-005,-5.557800177484751E-004,-9.656933798396494E-006,-5.207118229009211E-004,
2.492733333333334E+009,-9.492738684002688E-008,-5.460606771521270E-004,-3.739971589311608E-006,-5.821675295010209E-004,
2.492766666666667E+009,1.721208900562488E-005,-5.376821500249207E-004,-6.969761216168990E-006,-5.680780741386116E-004,
2.492800000000000E+009,-3.384887531865388E-005,-5.600359872914851E-004,-9.402035357197747E-005,-6.033426616340876E-004,
2.492833333333334E+009,4.364051619631937E-006,-5.773053853772581E-004,-8.016188803594559E-005,-5.685483338311315E-004,
2.492866666666667E+009,-2.237292028439697E-005,-5.711748963221908E-004,-4.135788913117722E-005,-5.257476586848497E-004,
2.492900000000000E+009,-1.080497077055043E-005,-5.546493921428919E-004,-1.020061899907887E-004,-5.360943614505231E-004,
2.492933333333334E+009,-7.908687257440761E-005,-5.082475836388767E-004,-1.036804242176004E-004,-6.095078424550593E-004,
2.492966666666667E+009,-7.737983105471358E-005,-5.903859855607152E-004,-7.359378651017323E-005,-5.649233353324235E-004,
2.493000000000000E+009,-1.401360932504758E-004,-5.708399694412947E-004,-9.087297803489491E-005,-6.378534599207342E-004,
2.493033333333334E+009,-1.482225925428793E-004,-5.532909417524934E-004,-1.503779494669288E-004,-5.510376649908721E-004,
2.493066666666667E+009,-1.650869235163555E-004,-5.337332841008902E-004,-1.430959528079256E-004,-6.334990030154586E-004,
2.493100000000000E+009,-1.225572777912021E-004,-4.995726048946381E-004,-1.951656740857288E-004,-5.479154060594738E-004,
2.493133333333334E+009,-1.510720612714067E-004,-5.514611839316785E-004,-2.186763595091179E-004,-5.282951751723886E-004,
2.493166666666667E+009,-1.934631291078404E-004,-5.259042955003679E-004,-2.039285900536925E-004,-5.443888949230313E-004,
2.493200000000000E+009,-2.388356224400923E-004,-4.967993590980768E-004,-2.383982791798189E-004,-4.923637025058270E-004,
2.493233333333334E+009,-2.306537935510278E-004,-5.698323366232216E-004,-2.709607651922852E-004,-5.361375515349209E-004,
2.493266666666667E+009,-2.316276659257710E-004,-5.007506697438657E-004,-2.722783538047224E-004,-4.515237815212458E-004,
2.493300000000000E+009,-2.839887456502765E-004,-5.120622809045017E-004,-2.228758967248723E-004,-4.473336157388985E-004,
2.493333333333334E+009,-2.283405046910048E-004,-4.955205367878079E-004,-2.847046998795122E-004,-5.266997031867504E-004,
2.493366666666667E+009,-2.677540178410709E-004,-4.421232733875513E-004,-2.906125155277550E-004,-4.428346001077443E-004,
2.493400000000000E+009,-2.419341326458380E-004,-4.270536883268505E-004,-2.588856732472777E-004,-5.046297446824610E-004,
2.493433333333334E+009,-3.190459683537483E-004,-4.036877653561533E-004,-2.857786312233657E-004,-4.193625063635409E-004,
2.493466666666667E+009,-3.618564223870635E-004,-4.708400520030409E-004,-3.277600626461208E-004,-4.038608749397099E-004,
2.493500000000000E+009,-3.921259485650808E-004,-4.518376081250608E-004,-3.809307527262718E-004,-4.323151079006493E-004,
2.493533333333334E+009,-3.897484275512397E-004,-4.464889643713832E-004,-3.943610063288361E-004,-4.218912508804351E-004,
2.493566666666667E+009,-3.577821771614254E-004,-3.922394535038620E-004,-3.437988925725222E-004,-4.040416388306767E-004,
2.493600000000000E+009,-3.567249514162540E-004,-4.067189875058830E-004,-3.517098375596106E-004,-3.622751974035054E-004,
2.493633333333334E+009,-4.140691889915615E-004,-3.628174017649144E-004,-3.623454831540585E-004,-3.966183285228908E-004,
2.493666666666667E+009,-4.575618950184435E-004,-3.874090616591275E-004,-4.086411208845675E-004,-3.612321161199361E-004,
2.493700000000000E+009,-3.980049805250019E-004,-3.741840773727745E-004,-3.806451277341694E-004,-2.927418681792915E-004,
2.493733333333334E+009,-4.104620311409235E-004,-3.778099780902267E-004,-3.742651315405965E-004,-3.384792944416404E-004,
2.493766666666667E+009,-4.714001843240112E-004,-2.816978958435357E-004,-4.558796936180443E-004,-3.393328806851059E-004,
2.493800000000000E+009,-4.581552930176258E-004,-2.723665966186672E-004,-4.393966519273818E-004,-3.733863995876163E-004,
2.493833333333334E+009,-4.747755883727223E-004,-3.449410432949662E-004,-4.504921380430460E-004,-2.907560556195676E-004,
2.493866666666667E+009,-4.740268050227314E-004,-2.756671747192740E-004,-4.764315090142191E-004,-2.913122298195958E-004,
2.493900000000000E+009,-4.845317162107676E-004,-2.970992354676127E-004,-4.555882187560201E-004,-2.733800502028316E-004,
2.493933333333334E+009,-4.456496099010110E-004,-2.515329397283495E-004,-4.576233623083681E-004,-2.536956162657589E-004,
2.493966666666667E+009,-4.870595585089177E-004,-2.501179114915431E-004,-4.780906892847270E-004,-2.377403434365988E-004,
2.494000000000000E+009,-5.159279680810869E-004,-2.661245816852897E-004,-4.389639070723206E-004,-2.171253145206720E-004,
2.494033333333334E+009,-4.766579659190029E-004,-1.661428104853258E-004,-5.054424400441349E-004,-2.127561892848462E-004,
2.494066666666667E+009,-4.976836498826742E-004,-2.129365020664409E-004,-5.310567794367671E-004,-1.805060601327568E-004,
2.494100000000000E+009,-4.540406225714833E-004,-1.868160761659965E-004,-4.336975689511746E-004,-1.724080648273230E-004,
2.494133333333334E+009,-5.819025100208819E-004,-2.253935235785320E-004,-5.080985138192773E-004,-1.771677489159629E-004,
2.494166666666667E+009,-5.181994056329131E-004,-1.088881035684608E-004,-5.142874433659017E-004,-1.586940052220598E-004,
2.494200000000000E+009,-5.093860672786832E-004,-7.800926687195897E-005,-4.877221654169262E-004,-1.508455461589620E-004,
2.494233333333334E+009,-5.304415826685727E-004,-1.600669493200257E-004,-5.139935528859496E-004,-1.260296412510797E-004,
2.494266666666667E+009,-5.283256177790463E-004,-9.805633453652263E-005,-5.534363444894552E-004,-1.468915288569406E-004,
2.494300000000000E+009,-5.345517420209944E-004,-1.379452151013538E-004,-4.713233211077750E-004,-9.681679512141272E-005,
2.494333333333334E+009,-4.948642454110086E-004,-1.067787161446177E-004,-5.500420811586082E-004,-7.215025834739208E-005,
2.494366666666667E+009,-5.972923827357590E-004,-4.128150249016471E-005,-5.905703292228282E-004,-7.021073543000966E-005,
2.494400000000000E+009,-5.219510640017688E-004,-7.618458766955882E-005,-5.646137869916856E-004,-1.637823152123019E-005,
2.494433333333334E+009,-6.053028046153486E-004,-8.189848449546844E-005,-5.234469426795840E-004,-5.095890082884580E-005,
2.494466666666667E+009,-5.301232449710369E-004,-5.278562457533553E-005,-5.414777551777661E-004,-3.542031845427118E-005,
2.494500000000000E+009,-4.845684743486345E-004,-5.523426807485521E-006,-5.383967072702944E-004,-7.026952516753227E-006,
2.494533333333334E+009,-5.716938758268952E-004,-3.371325510670431E-005,-5.451662000268698E-004,-1.697659172350541E-005,
2.494566666666667E+009,-6.269681034609675E-004,8.193957910407335E-005,-5.811244482174516E-004,5.338088885764591E-005,
2.494600000000000E+009,-5.873912014067173E-004,2.421879253233783E-005,-5.663883057422936E-004,8.075923688011244E-006,
2.494633333333334E+009,-5.373619496822357E-004,5.066079393145628E-005,-5.241906037554145E-004,4.783949043485336E-005,
2.494666666666667E+009,-5.691515398211777E-004,9.680493531050161E-005,-5.672328406944871E-004,7.412570994347334E-005,
2.494700000000000E+009,-5.223667831160128E-004,6.853390368632972E-005,-5.495985387824476E-004,7.157288200687617E-005,
2.494733333333334E+009,-5.582303856499493E-004,4.812535189557821E-005,-5.272272392176092E-004,5.897647861274891E-005,
2.494766666666667E+009,-5.487880553118885E-004,3.938936788472347E-005,-4.789273662026972E-004,1.085183685063385E-004,
2.494800000000000E+009,-5.660097231157124E-004,1.891997671918944E-004,-4.853255231864750E-004,1.036407265928574E-004,
2.494833333333334E+009,-5.259873578324914E-004,1.134265839937143E-004,-5.062756245024502E-004,1.269308122573420E-004,
2.494866666666667E+009,-4.852839047089219E-004,1.030070779961534E-004,-5.151930963620544E-004,1.827245432650670E-004,
2.494900000000000E+009,-5.092957289889455E-004,1.701635628705844E-004,-5.233039846643806E-004,1.062191004166380E-004,
2.494933333333334E+009,-4.820855101570487E-004,1.462367217754945E-004,-4.771205130964518E-004,1.222240098286420E-004,
2.494966666666667E+009,-4.819015448447317E-004,2.012098848354071E-004,-4.919100902043283E-004,2.181399759138003E-004,
2.495000000000000E+009,-5.082077113911510E-004,2.219028829131275E-004,-5.135693936608732E-004,2.276143932249397E-004,
2.495033333333334E+009,-4.704405437223613E-004,2.888768503908068E-004,-4.340996965765953E-004,2.348990674363449E-004,
2.495066666666667E+009,-4.546204290818423E-004,2.355889882892370E-004,-4.886937676928937E-004,2.436298236716539E-004,
2.495100000000000E+009,-4.589807649608702E-004,2.145556354662404E-004,-5.043204291723669E-004,2.576089755166322E-004,
2.495133333333334E+009,-3.607585967984051E-004,2.777108456939459E-004,-4.593071062117815E-004,2.916948869824410E-004,
2.495166666666667E+009,-4.235864325892180E-004,2.771196013782173E-004,-4.395498253870755E-004,2.684854844119400E-004,
2.495200000000000E+009,-4.554272745735943E-004,2.949389163404703E-004,-4.461673088371754E-004,2.707885578274727E-004,
2.495233333333334E+009,-3.857831470668316E-004,3.000086871907115E-004,-4.278429842088372E-004,2.770201826933771E-004,
2.495266666666667E+009,-3.999583423137665E-004,2.996627299580723E-004,-4.155675997026265E-004,3.435016842558980E-004,
2.495300000000000E+009,-3.850468783639371E-004,2.983338199555874E-004,-4.266971664037556E-004,3.168912371620536E-004,
2.495333333333334E+009,-3.845520550385118E-004,3.360976406838745E-004,-3.943125193472952E-004,2.959921257570386E-004,
2.495366666666667E+009,-3.872686356771737E-004,3.409710770938546E-004,-3.753101918846369E-004,3.167888207826763E-004,
2.495400000000000E+009,-3.358185931574553E-004,3.593805595301092E-004,-3.623769152909517E-004,2.937119570560753E-004,
2.495433333333334E+009,-4.008576215710491E-004,3.322358243167400E-004,-3.733837511390448E-004,3.254974144510925E-004,
2.495466666666667E+009,-3.550302644725889E-004,3.707841678988189E-004,-3.325312572997063E-004,3.593132132664323E-004,
2.495500000000000E+009,-3.400457499083132E-004,3.589534317143261E-004,-3.392510407138616E-004,3.758754173759371E-004,
2.495533333333334E+009,-3.105712821707130E-004,3.579299082048237E-004,-3.221005026716739E-004,3.410877834539861E-004,
2.495566666666667E+009,-3.423909947741777E-004,3.759069659281522E-004,-3.434738609939814E-004,3.998357278760523E-004,
2.495600000000000E+009,-3.130712721031159E-004,3.243729588575661E-004,-3.288499137852341E-004,4.161263059359044E-004,
2.495633333333334E+009,-2.886248112190515E-004,3.709039883688092E-004,-3.224463143851608E-004,4.054397868458182E-004,
2.495666666666667E+009,-2.785504038911313E-004,4.040070634800941E-004,-2.814185572788119E-004,3.730251046363264E-004,
2.495700000000000E+009,-2.511220518499613E-004,4.405749787110835E-004,-3.119002794846892E-004,4.065692191943526E-004,
2.495733333333334E+009,-2.358015481149778E-004,4.257709369994700E-004,-2.595988044049591E-004,4.092510498594493E-004,
2.495766666666667E+009,-2.685379877220839E-004,4.692640504799783E-004,-2.661674807313830E-004,4.452987632248551E-004,
2.495800000000000E+009,-2.875155769288540E-004,3.911218082066625E-004,-2.085827582050115E-004,4.683871811721474E-004,
2.495833333333334E+009,-2.501407871022821E-004,4.202473501209170E-004,-2.324365341337398E-004,4.093631287105382E-004,
2.495866666666667E+009,-2.179142466047779E-004,4.912216681987047E-004,-2.016826183535159E-004,4.396059957798570E-004,
2.495900000000000E+009,-2.615161938592792E-004,4.448965191841126E-004,-2.290446427650750E-004,4.811343969777226E-004,
2.495933333333334E+009,-2.329427079530433E-004,4.832281556446105E-004,-2.288209652760997E-004,4.972204915247858E-004,
2.495966666666667E+009,-1.667738542892039E-004,4.835694271605462E-004,-1.520163059467450E-004,5.183583125472069E-004,
2.496000000000000E+009,-2.008528535952792E-004,4.439541953615844E-004,-1.817906304495409E-004,4.982340033166111E-004,
2.496033333333334E+009,-1.856036687968299E-004,5.076924571767449E-004,-1.620047260075808E-004,4.861364141106606E-004,
2.496066666666667E+009,-1.833592687034980E-004,5.134764942340553E-004,-1.509867142885923E-004,5.226751673035324E-004,
2.496100000000000E+009,-2.034137287409976E-004,4.716776020359248E-004,-1.749102957546711E-004,5.398590583354235E-004,
2.496133333333334E+009,-1.560165255796164E-004,5.322680226527154E-004,-1.496018521720544E-004,5.051798652857542E-004,
2.496166666666667E+009,-1.157003425760195E-004,5.289031541906297E-004,-9.946027421392500E-005,5.330364219844341E-004,
2.496200000000000E+009,-1.122866015066393E-004,5.420522647909820E-004,-1.037949041347019E-004,4.767451318912208E-004,
2.496233333333334E+009,-8.522761345375329E-005,5.455172504298389E-004,-6.381609273375943E-005,4.803212359547615E-004,
2.496266666666667E+009,-6.732729525538161E-005,4.655873053707182E-004,-9.057178976945579E-005,5.295262089930475E-004,
2.496300000000000E+009,-5.882502227905206E-005,5.246720975264907E-004,-5.962447903584689E-005,5.174935795366764E-004,
2.496333333333334E+009,-4.295325561542995E-005,4.774486878886819E-004,-6.191327702254057E-005,5.095488158985972E-004,
2.496366666666667E+009,-4.966103369952180E-005,5.658547743223608E-004,-2.177256283175666E-005,4.956453340128064E-004,
2.496400000000000E+009,-2.770190985756926E-005,5.094479420222342E-004,-2.572422454250045E-005,5.304228980094194E-004,
2.496433333333334E+009,3.194311648258008E-005,5.088152829557657E-004,-5.497878737514839E-005,5.550045752897859E-004,
2.496466666666667E+009,2.140623394097929E-007,5.323958466760814E-004,1.588073973834980E-005,5.338343326002359E-004,
2.496500000000000E+009,-2.870628668460995E-005,4.933344316668809E-004,3.291196117061190E-005,5.042400443926454E-004,
2.496533333333334E+009,2.212256367783994E-005,4.831869155168533E-004,9.512543329037726E-005,5.350476130843163E-004,
2.496566666666667E+009,6.857873086119071E-005,5.313407164067030E-004,8.040667307795957E-005,4.756846174132079E-004,
2.496600000000000E+009,9.671460429672152E-005,5.575430113822222E-004,5.125614552525803E-005,4.965726984664798E-004,
2.496633333333334E+009,4.249065023032017E-005,5.282615893520415E-004,5.097867324366234E-005,4.971933085471392E-004,
2.496666666666667E+009,4.070853174198419E-005,5.031626787967980E-004,1.160200990852900E-004,5.400500958785415E-004,
2.496700000000000E+009,1.544904371257871E-004,4.802048788405955E-004,5.483370478032157E-005,4.927530535496771E-004,
2.496733333333334E+009,6.891884549986571E-005,4.809974343515933E-004,1.624131837161258E-004,4.657857352867723E-004,
2.496766666666667E+009,1.273905509151518E-004,5.027954466640949E-004,1.447037357138470E-004,5.056273075751960E-004,
2.496800000000000E+009,1.739401632221416E-004,5.166613264009357E-004,1.469584385631606E-004,5.333945737220347E-004,
2.496833333333334E+009,1.118438740377314E-004,4.920244682580233E-004,1.520864607300609E-004,4.856460436712951E-004,
2.496866666666667E+009,1.581598771736026E-004,4.401640908326954E-004,1.742777676554397E-004,4.901901120319963E-004,
2.496900000000000E+009,2.301645145053044E-004,4.912531003355980E-004,1.999041851377115E-004,4.748056817334145E-004,
2.496933333333334E+009,2.273099235026166E-004,5.158476415090263E-004,1.821348414523527E-004,4.479570197872818E-004,
2.496966666666667E+009,1.948882127180696E-004,4.072264709975570E-004,1.932977174874395E-004,4.841655318159610E-004,
2.497000000000000E+009,1.749528746586293E-004,4.928415291942656E-004,2.226852229796350E-004,5.371749284677208E-004,
2.497033333333334E+009,2.403214020887390E-004,4.754469846375287E-004,2.502017596270889E-004,4.668872861657292E-004,
2.497066666666667E+009,2.274419530294836E-004,4.801681207027286E-004,2.810732112266123E-004,4.448977124411613E-004,
2.497100000000000E+009,2.392435562796891E-004,4.136681673116982E-004,3.066486679017544E-004,4.768193175550550E-004,
2.497133333333334E+009,2.892742049880326E-004,5.043178098276258E-004,2.358885540161282E-004,4.534098261501640E-004,
2.497166666666667E+009,2.760259085334837E-004,4.541990347206593E-004,3.004760365001857E-004,4.021230270154774E-004,
2.497200000000000E+009,3.098832967225462E-004,4.351319803390652E-004,2.992950030602515E-004,4.078205383848399E-004,
2.497233333333334E+009,3.261718666180968E-004,4.551577439997345E-004,3.067039651796222E-004,4.207296879030764E-004,
2.497266666666667E+009,3.027547791134566E-004,4.454589216038585E-004,3.861556469928473E-004,4.216648812871426E-004,
2.497300000000000E+009,3.293580084573478E-004,4.206854209769517E-004,3.648934070952237E-004,4.496093897614628E-004,
2.497333333333334E+009,3.744045388884842E-004,4.135523049626499E-004,3.474278782960028E-004,3.990370314568281E-004,
2.497366666666667E+009,3.641018993221223E-004,4.477621696423739E-004,4.033330769743770E-004,4.185197467450053E-004,
2.497400000000000E+009,3.515871358104050E-004,4.164674610365182E-004,3.530599351506680E-004,3.884698089677841E-004,
2.497433333333334E+009,3.583514480851591E-004,3.383103758096695E-004,4.074438766110688E-004,3.745033463928849E-004,
2.497466666666667E+009,4.303705063648522E-004,4.404630453791469E-004,4.840383771806955E-004,4.314073303248733E-004,
2.497500000000000E+009,4.387399530969560E-004,3.535537398420274E-004,4.187512095086277E-004,3.716727951541543E-004,
2.497533333333334E+009,4.469671985134482E-004,3.767991438508034E-004,5.104850861243904E-004,3.657225461211056E-004,
2.497566666666667E+009,4.497800546232611E-004,3.753329219762236E-004,4.906824906356633E-004,3.305163118056953E-004,
2.497600000000000E+009,4.707948246505112E-004,3.889999643433839E-004,4.603336856234819E-004,3.319241805002093E-004,
2.497633333333334E+009,4.570206801872701E-004,3.070505044888705E-004,4.806652432307601E-004,3.567448875401169E-004,
2.497666666666667E+009,5.018417141400278E-004,2.674171992111951E-004,4.696960386354476E-004,2.894557837862521E-004,
2.497700000000000E+009,5.007378640584648E-004,3.400031127966940E-004,5.071911728009582E-004,2.529407502152026E-004,
2.497733333333334E+009,5.484168650582433E-004,2.921521663665772E-004,5.675630527548492E-004,2.598038699943572E-004,
2.497766666666667E+009,5.139940185472369E-004,2.748042461462319E-004,5.065988516435027E-004,2.475130313541740E-004,
2.497800000000000E+009,5.195564590394497E-004,1.629987673368305E-004,5.291157285682857E-004,2.724553050938994E-004,
2.497833333333334E+009,5.305858212523162E-004,1.840202166931704E-004,5.851364112459123E-004,2.086105814669281E-004,
2.497866666666667E+009,5.314060254022479E-004,2.344995446037501E-004,5.883278790861368E-004,1.766748900990933E-004,
2.497900000000000E+009,5.380277871154249E-004,2.041585976257920E-004,5.515237571671605E-004,2.206870267400518E-004,
2.497933333333334E+009,5.401881062425673E-004,2.224055060651153E-004,5.526833119802177E-004,2.016582293435931E-004,
2.497966666666667E+009,5.772036383859813E-004,1.987329596886411E-004,5.554975941777229E-004,1.605252036824822E-004,
2.498000000000000E+009,5.740046617574990E-004,1.889565610326827E-004,5.515290540643036E-004,1.474042801419273E-004,
2.498033333333334E+009,6.226004334166646E-004,1.647536555537954E-004,5.961506976746023E-004,1.249847555300221E-004,
2.498066666666667E+009,6.322573171928525E-004,1.002759890980087E-004,5.984567687846720E-004,1.386359217576683E-004,
2.498100000000000E+009,5.864708218723536E-004,7.253493095049635E-005,5.298780743032694E-004,1.203202045871876E-004,
2.498133333333334E+009,5.762609653174877E-004,8.289430843433365E-005,5.884850979782641E-004,9.985665383283049E-005,
2.498166666666667E+009,6.125384825281799E-004,7.121937233023346E-005,5.981408176012337E-004,1.384988863719627E-004,
2.498200000000000E+009,6.203395314514637E-004,5.767595939687453E-005,5.813369061797857E-004,4.553375765681267E-005,
2.498233333333334E+009,5.325087695382536E-004,6.288605800364167E-005,6.225888500921428E-004,5.007266372558661E-005,
2.498266666666667E+009,5.998567794449627E-004,1.222653227159753E-004,6.703378167003393E-004,5.744255031459034E-005,
2.498300000000000E+009,6.121670012362301E-004,-3.438018393353559E-005,5.922734853811562E-004,5.396144479163922E-005,
2.498333333333334E+009,6.096424185670912E-004,-3.438212661421858E-005,5.898200906813145E-004,4.222954157739878E-005,
2.498366666666667E+009,6.436383118852973E-004,9.410390703123994E-006,6.168803083710372E-004,-2.591285192465875E-005,
2.498400000000000E+009,6.333675119094551E-004,-1.099167202482931E-004,6.430488429032266E-004,-5.519656042451970E-005,
2.498433333333334E+009,6.285501876845956E-004,-4.311230804887600E-005,6.598684121854603E-004,-6.380036938935518E-005,
2.498466666666667E+009,6.301095127128065E-004,-5.224180131335743E-005,6.464853067882359E-004,-7.561454549431801E-005,
2.498500000000000E+009,6.459206342697144E-004,-6.163055513752624E-005,6.137719028629363E-004,-1.401008776156232E-004,
2.498533333333334E+009,6.129394168965519E-004,-1.184285283670761E-004,5.912217893637717E-004,-1.170867544715293E-004,
2.498566666666667E+009,6.404786836355925E-004,-1.559668162371963E-004,6.348044262267649E-004,-1.408140233252198E-004,
2.498600000000000E+009,6.270242156460881E-004,-1.753156248014420E-004,5.889043677598238E-004,-1.872416614787653E-004,
2.498633333333334E+009,6.330549949780107E-004,-1.551645254949108E-004,5.591159570030868E-004,-1.297257840633392E-004,
2.498666666666667E+009,6.305325659923255E-004,-2.041163534158841E-004,5.769716226495802E-004,-2.125831961166114E-004,
2.498700000000000E+009,5.713106365874410E-004,-2.390010195085779E-004,5.586682236753404E-004,-1.803852064767852E-004,
2.498733333333334E+009,5.879975506104529E-004,-2.169587241951376E-004,6.203453522175551E-004,-2.073677314911038E-004,
2.498766666666667E+009,5.902932607568800E-004,-2.635598939377815E-004,6.027094204910100E-004,-2.664493222255260E-004,
2.498800000000000E+009,5.377873894758523E-004,-2.867451112251729E-004,5.744036752730608E-004,-2.737759787123650E-004,
2.498833333333334E+009,5.792037118226290E-004,-3.128982207272202E-004,6.467240746133030E-004,-3.103963972534984E-004,
2.498866666666667E+009,6.309198797680438E-004,-2.731202112045139E-004,6.167640094645321E-004,-3.267898282501847E-004,
2.498900000000000E+009,5.650785169564188E-004,-3.813894873019308E-004,5.453085177578032E-004,-3.127638483420014E-004,
2.498933333333334E+009,5.200601881369948E-004,-4.073450108990073E-004,5.895096110180020E-004,-3.306067956145853E-004,
2.498966666666667E+009,5.643147742375732E-004,-3.607753315009177E-004,5.743482615798712E-004,-3.655094478745014E-004,
2.499000000000000E+009,5.848789005540311E-004,-4.556842322926968E-004,5.608384381048381E-004,-4.368810041341931E-004,
2.499033333333334E+009,5.159934516996145E-004,-3.815505770035088E-004,5.465953727252781E-004,-3.919490263797343E-004,
2.499066666666667E+009,5.441497778519988E-004,-4.314753168728203E-004,5.343118100427091E-004,-4.322851891629398E-004,
2.499100000000000E+009,5.161588196642697E-004,-4.533293831627816E-004,4.779620503541082E-004,-3.848926862701774E-004,
2.499133333333334E+009,5.079220863990486E-004,-4.665286978706718E-004,5.330668063834310E-004,-4.771212406922132E-004,
2.499166666666667E+009,4.993244074285030E-004,-4.743636236526072E-004,4.547099233604968E-004,-5.248651141300798E-004,
2.499200000000000E+009,4.862694477196783E-004,-4.545165575109422E-004,4.747795173898339E-004,-5.375583423301578E-004,
2.499233333333334E+009,4.751232627313584E-004,-5.295893643051386E-004,4.515096952673048E-004,-5.860498640686274E-004,
2.499266666666667E+009,4.427489184308797E-004,-5.854445626027882E-004,4.159724048804492E-004,-5.545744788832963E-004,
2.499300000000000E+009,4.772368993144482E-004,-6.158525357022882E-004,3.776777884922922E-004,-5.778642371296883E-004,
2.499333333333334E+009,4.180738469585776E-004,-5.532494978979230E-004,3.927648358512670E-004,-5.764101515524089E-004,
2.499366666666667E+009,3.702791000250727E-004,-5.734396399930120E-004,4.483858647290617E-004,-5.814261385239661E-004,
2.499400000000000E+009,3.614376473706216E-004,-6.301212124526501E-004,3.474958066362888E-004,-6.397930555976927E-004,
2.499433333333334E+009,2.995182876475155E-004,-6.694837356917560E-004,3.954711137339473E-004,-6.176786264404655E-004,
2.499466666666667E+009,2.959146222565323E-004,-6.025983020663261E-004,2.875577192753553E-004,-6.797838723286986E-004,
2.499500000000000E+009,3.053862892556936E-004,-6.278237560763955E-004,3.309103194624186E-004,-6.606697570532560E-004,
2.499533333333334E+009,2.812056627590209E-004,-6.528095109388232E-004,2.848020521923900E-004,-6.399229168891907E-004,
2.499566666666667E+009,2.958912227768451E-004,-5.686254589818418E-004,3.000868600793183E-004,-6.745954742655158E-004,
2.499600000000000E+009,2.007922739721835E-004,-6.748007726855576E-004,2.364560496062040E-004,-6.288682343438268E-004,
2.499633333333334E+009,2.404016413493082E-004,-6.467478815466166E-004,2.065279986709356E-004,-6.800866685807705E-004,
2.499666666666667E+009,1.539037039037794E-004,-6.715896888636053E-004,1.658054825384170E-004,-6.789625040255487E-004,
2.499700000000000E+009,1.514063769718632E-004,-6.748265004716814E-004,1.743097818689421E-004,-6.098450976423919E-004,
2.499733333333334E+009,1.620801340322942E-004,-7.054879097267985E-004,1.343511976301670E-004,-6.667554262094200E-004,
2.499766666666667E+009,1.708047348074615E-004,-6.979801109991968E-004,1.613934291526675E-004,-6.456870469264686E-004,
2.499800000000000E+009,1.236550160683692E-004,-6.427948246710002E-004,9.848378977039829E-005,-6.816387758590281E-004,
2.499833333333334E+009,1.595935900695622E-004,-7.272268412634730E-004,9.787460294319317E-005,-7.414364372380078E-004,
2.499866666666667E+009,9.422954462934285E-005,-7.045377278700471E-004,8.190413791453466E-005,-7.310712244361639E-004,
2.499900000000000E+009,8.497868839185685E-005,-7.110913866199553E-004,1.091025769710541E-004,-8.004000992514193E-004,
2.499933333333334E+009,-3.065404371227487E-006,-7.007539388723671E-004,-2.167716593248770E-005,-7.126947748474777E-004,
2.499966666666667E+009,-2.589198811620008E-005,-6.976720178499818E-004,1.776299541234039E-005,-7.333465036936104E-004,
2.500000000000000E+009,-4.532349703367800E-005,-7.063783123157919E-004,3.052791271329625E-006,-7.637235103175044E-004,
