% Version 1.00
%
%freq[Hz];re:Trc1_S21;im:Trc1_S21;re:Trc2_S12;im:Trc2_S12;
2.480000000000000E+009,3.094080602750182E-004,-1.042322604916990E-003,3.126734227407724E-004,-1.068506739102304E-003,
2.480033333333334E+009,3.365119046065956E-004,-1.091707381419838E-003,2.833930484484881E-004,-1.126597402617335E-003,
2.480066666666667E+009,2.315803139936179E-004,-1.160333165898919E-003,2.576395054347813E-004,-1.129584619775415E-003,
2.480100000000000E+009,2.228606317657977E-004,-1.094100531190634E-003,2.054459182545543E-004,-1.067645149305463E-003,
2.480133333333334E+009,1.741674204822630E-004,-1.082273083738983E-003,1.753338292473927E-004,-1.085296622477472E-003,
2.480166666666667E+009,1.219001351273619E-004,-1.117204199545085E-003,1.353248080704361E-004,-1.106866518966854E-003,
2.480200000000000E+009,1.206084925797768E-004,-1.116484869271517E-003,7.262226426973939E-005,-1.116588595323265E-003,
2.480233333333334E+009,3.219506470486522E-005,-1.066867844201624E-003,5.225836866884492E-005,-1.163115608505905E-003,
2.480266666666667E+009,-8.394182259507943E-006,-1.088480697944760E-003,6.947461952222511E-005,-1.144128618761897E-003,
2.480300000000000E+009,-1.654651350690983E-005,-1.167327049188316E-003,2.712074274313636E-005,-1.179381040856242E-003,
2.480333333333334E+009,-9.982739356928505E-006,-1.114853192120791E-003,-4.281029760022648E-005,-1.066667726263404E-003,
2.480366666666667E+009,-3.649963036878035E-005,-1.149284769780934E-003,-3.585269223549403E-005,-1.130512682721019E-003,
2.480400000000000E+009,-1.198702884721570E-004,-1.119086751714349E-003,-1.143757835961878E-004,-1.137502840720117E-003,
2.480433333333334E+009,-1.303317549172789E-004,-1.098938402719796E-003,-1.977660285774618E-004,-1.059701316989958E-003,
2.480466666666667E+009,-1.908528356580064E-004,-1.109543140046299E-003,-1.327297941315919E-004,-1.108726952224970E-003,
2.480500000000000E+009,-1.837807067204267E-004,-1.064808107912540E-003,-1.892991131171584E-004,-1.103165093809366E-003,
2.480533333333334E+009,-2.442146069370210E-004,-1.093349768780172E-003,-2.676100702956319E-004,-1.090275356546044E-003,
2.480566666666667E+009,-2.754976158030331E-004,-1.066603465005755E-003,-3.058043657802045E-004,-1.062654308043420E-003,
2.480600000000000E+009,-3.231675655115396E-004,-1.061926479451358E-003,-3.405671450309455E-004,-1.057474175468087E-003,
2.480633333333334E+009,-3.299897944089025E-004,-1.051884144544601E-003,-3.367678436916322E-004,-1.050686114467681E-003,
2.480666666666667E+009,-3.501790342852473E-004,-1.062599942088127E-003,-3.392965008970350E-004,-1.046027988195419E-003,
2.480700000000000E+009,-4.608644230756909E-004,-1.013958943076432E-003,-3.852989466395229E-004,-9.992663981392980E-004,
2.480733333333334E+009,-4.625709843821824E-004,-9.896825067698956E-004,-4.175326903350651E-004,-1.023894292302430E-003,
2.480766666666667E+009,-4.247218312229961E-004,-9.668481070548296E-004,-4.508801794145256E-004,-1.035514869727194E-003,
2.480800000000000E+009,-4.547749995253980E-004,-1.031977240927517E-003,-4.949102294631302E-004,-9.500294690951705E-004,
2.480833333333334E+009,-5.092833889648318E-004,-9.961522882804275E-004,-4.655084630940110E-004,-9.327282896265388E-004,
2.480866666666667E+009,-4.996195202693343E-004,-9.580457699485123E-004,-5.377575289458036E-004,-9.975652210414410E-004,
2.480900000000000E+009,-5.400548689067364E-004,-9.559172904118896E-004,-5.828521098010242E-004,-9.268050780519843E-004,
2.480933333333334E+009,-5.918176611885428E-004,-9.275717893615365E-004,-5.782521911896765E-004,-9.697549976408482E-004,
2.480966666666667E+009,-6.309691234491766E-004,-9.408597834408283E-004,-5.808469722978771E-004,-9.478977299295366E-004,
2.481000000000000E+009,-6.316973012872040E-004,-8.627415518276393E-004,-6.621959037147462E-004,-9.208749397657812E-004,
2.481033333333334E+009,-6.877403357066214E-004,-7.919719209894538E-004,-6.135732401162386E-004,-8.718672906979919E-004,
2.481066666666667E+009,-6.872570957057178E-004,-8.694601128809154E-004,-7.087340345606208E-004,-8.714638534002006E-004,
2.481100000000000E+009,-7.088868878781796E-004,-8.335359161719680E-004,-7.889380212873220E-004,-8.719544857740402E-004,
2.481133333333334E+009,-7.611981127411127E-004,-8.512835483998060E-004,-7.629001629538834E-004,-7.501980289816856E-004,
2.481166666666667E+009,-7.805975619703531E-004,-8.069898467510939E-004,-7.491779397241771E-004,-7.525041582994163E-004,
2.481200000000000E+009,-7.559116929769516E-004,-7.846165099181235E-004,-7.682187133468688E-004,-7.494398159906268E-004,
2.481233333333334E+009,-7.915918831713498E-004,-7.214702782221139E-004,-7.938489434309304E-004,-7.439309847541153E-004,
2.481266666666667E+009,-8.220048621296883E-004,-6.871341611258686E-004,-7.738586864434183E-004,-6.988865206949413E-004,
2.481300000000000E+009,-8.081982377916575E-004,-6.884801550768316E-004,-8.378028869628906E-004,-6.829282501712441E-004,
2.481333333333334E+009,-7.793353870511055E-004,-6.355347577482462E-004,-8.321102941408753E-004,-6.703104008920491E-004,
2.481366666666667E+009,-9.097022702917457E-004,-6.408818298950791E-004,-8.818632923066616E-004,-6.377152167260647E-004,
2.481400000000000E+009,-9.063116158358753E-004,-6.010172655805945E-004,-8.786533144302666E-004,-5.997905973345041E-004,
2.481433333333334E+009,-8.582275477237999E-004,-6.320479442365468E-004,-8.513076463714242E-004,-6.627799011766911E-004,
2.481466666666667E+009,-9.120997274294496E-004,-6.013379315845668E-004,-8.771193097345531E-004,-5.446454160846770E-004,
2.481500000000000E+009,-8.973601507022977E-004,-5.563721642829478E-004,-9.442551527172327E-004,-5.320766358636320E-004,
2.481533333333334E+009,-9.816059609875083E-004,-5.276355077512562E-004,-9.095482528209686E-004,-5.772114964202046E-004,
2.481566666666667E+009,-9.592339047230780E-004,-5.575193790718913E-004,-9.271049639210105E-004,-5.080222617834806E-004,
2.481600000000000E+009,-9.246133849956095E-004,-4.836586886085570E-004,-9.479285799898207E-004,-5.209171795286238E-004,
2.481633333333334E+009,-1.025382662191987E-003,-5.125721800141037E-004,-9.724365081638098E-004,-4.354590200819075E-004,
2.481666666666667E+009,-1.010942854918540E-003,-4.362892650533468E-004,-1.012810156680644E-003,-4.644746077246964E-004,
2.481700000000000E+009,-1.009728410281241E-003,-4.187827871646732E-004,-9.761710534803569E-004,-3.857426636386663E-004,
2.481733333333334E+009,-1.071345061063767E-003,-3.419358108658344E-004,-9.894543327391148E-004,-4.123537219129503E-004,
2.481766666666667E+009,-1.004265737719834E-003,-3.426104085519910E-004,-1.051808823831379E-003,-3.367302124388516E-004,
2.481800000000000E+009,-1.001405878923833E-003,-2.314672165084630E-004,-1.056668232195079E-003,-3.051319217775017E-004,
2.481833333333334E+009,-1.034076325595379E-003,-2.751393767539412E-004,-1.029367675073445E-003,-3.055865527130663E-004,
2.481866666666667E+009,-1.046718447469175E-003,-2.742476644925773E-004,-1.073533552698791E-003,-2.047518937615678E-004,
2.481900000000000E+009,-9.819222614169121E-004,-1.396557927364484E-004,-1.033857464790344E-003,-2.094347291858867E-004,
2.481933333333334E+009,-1.069047604687512E-003,-2.037116646533832E-004,-1.057064975611866E-003,-1.517482305644080E-004,
2.481966666666667E+009,-1.071093720383942E-003,-1.720339496387169E-004,-1.068721292540431E-003,-1.158278319053352E-004,
2.482000000000000E+009,-1.078829634934664E-003,-1.262806617887691E-004,-1.074445317499340E-003,-1.353577827103436E-004,
2.482033333333334E+009,-1.083248527720571E-003,-9.155106090474874E-005,-1.087207929231226E-003,-8.931338379625231E-005,
2.482066666666667E+009,-1.045578159391880E-003,-5.171846351004206E-005,-1.108639291487634E-003,-7.917404582258314E-005,
2.482100000000000E+009,-1.024763449095190E-003,-2.630480048537720E-005,-1.065726624801755E-003,-9.053072972164955E-006,
2.482133333333334E+009,-1.024138415232301E-003,2.321385636605555E-006,-1.134425983764231E-003,-2.479427530488465E-005,
2.482166666666667E+009,-1.066395896486938E-003,4.182532575214282E-005,-1.092818914912641E-003,6.100394239183515E-005,
2.482200000000000E+009,-1.015840331092477E-003,8.909156895242631E-005,-1.080357469618321E-003,5.051224434282631E-005,
2.482233333333334E+009,-1.033941865898669E-003,1.174869976239279E-004,-1.015752321109176E-003,2.303815745108295E-005,
2.482266666666667E+009,-1.095603918656707E-003,1.489279675297439E-004,-1.097683561965823E-003,1.450952404411510E-004,
2.482300000000000E+009,-1.064466079697013E-003,1.546104322187603E-004,-1.053216750733554E-003,1.877994800452143E-004,
2.482333333333334E+009,-1.047185738570988E-003,2.533311781007797E-004,-1.022340264171362E-003,2.066299493890256E-004,
2.482366666666667E+009,-1.089909696020186E-003,1.704295573290438E-004,-1.030467567034066E-003,2.261107001686469E-004,
2.482400000000000E+009,-1.098883803933859E-003,2.396692143520340E-004,-1.039648195728660E-003,2.582876186352223E-004,
2.482433333333334E+009,-1.027562073431909E-003,2.598979917820543E-004,-1.005852944217622E-003,2.174012042814866E-004,
2.482466666666667E+009,-9.744853596203029E-004,3.301065298728645E-004,-1.022345502860844E-003,3.466430061962456E-004,
2.482500000000000E+009,-1.031998661346734E-003,3.217982302885503E-004,-1.042812480591238E-003,3.855615796055645E-004,
2.482533333333334E+009,-9.525555651634932E-004,3.223906969651580E-004,-9.980666218325496E-004,3.735969366971403E-004,
2.482566666666667E+009,-1.020695781335235E-003,4.300528671592474E-004,-1.000239979475737E-003,4.251181380823255E-004,
2.482600000000000E+009,-9.547019726596773E-004,4.511612642090768E-004,-9.391621570102871E-004,4.115038609597832E-004,
2.482633333333334E+009,-9.849948110058904E-004,4.409001558087766E-004,-9.372702916152775E-004,4.075633187312633E-004,
2.482666666666667E+009,-9.276069467887282E-004,4.838265012949705E-004,-9.498647414147854E-004,4.804337804671377E-004,
2.482700000000000E+009,-9.048684150911868E-004,5.059956456534565E-004,-8.935484220273793E-004,5.450161406770349E-004,
2.482733333333334E+009,-9.062957833521068E-004,5.236937431618571E-004,-9.508617804385722E-004,4.959219950251281E-004,
2.482766666666667E+009,-8.827854180708528E-004,6.155896116979420E-004,-8.710042457096279E-004,5.714520812034607E-004,
2.482800000000000E+009,-9.284587576985359E-004,5.780843202956021E-004,-8.609284413978458E-004,5.632433458231390E-004,
2.482833333333334E+009,-8.740525809116662E-004,6.214986788108945E-004,-8.730033296160400E-004,6.315695936791599E-004,
2.482866666666667E+009,-8.806164842098951E-004,5.893729394301772E-004,-9.164221119135618E-004,5.882359691895545E-004,
2.482900000000000E+009,-8.174878894351423E-004,7.092187879607081E-004,-8.222731994464994E-004,6.955713615752757E-004,
2.482933333333334E+009,-8.146937470883131E-004,6.835102685727179E-004,-8.176450501196086E-004,6.865891045890749E-004,
2.482966666666667E+009,-8.120959391817451E-004,6.398319965228438E-004,-7.966446573846042E-004,7.404544739983976E-004,
2.483000000000000E+009,-7.369504892267287E-004,7.470403797924519E-004,-7.856820011511445E-004,7.395178545266390E-004,
2.483033333333334E+009,-7.703101146034896E-004,7.699427078478038E-004,-7.989374571479857E-004,7.586007122881711E-004,
2.483066666666667E+009,-7.603106787428260E-004,7.642621640115976E-004,-7.549047586508095E-004,7.610474131070077E-004,
2.483100000000000E+009,-7.157529471442103E-004,7.046997779980302E-004,-7.323419558815658E-004,8.081907290033996E-004,
2.483133333333334E+009,-7.320519653148949E-004,8.288499084301293E-004,-7.524124230258167E-004,8.212093380279839E-004,
2.483166666666667E+009,-6.741277757100761E-004,8.528612670488656E-004,-7.106467382982373E-004,8.565956377424300E-004,
2.483200000000000E+009,-6.805888260714710E-004,8.010580786503851E-004,-7.089405553415418E-004,8.623016183264554E-004,
2.483233333333334E+009,-6.909318617545068E-004,9.218193008564413E-004,-6.464908365160227E-004,8.826622506603599E-004,
2.483266666666667E+009,-5.879232194274664E-004,8.896912331692874E-004,-6.324243731796742E-004,9.037244599312544E-004,
2.483300000000000E+009,-6.015951512381434E-004,8.824029937386513E-004,-5.966057069599628E-004,9.230315336026251E-004,
2.483333333333334E+009,-5.563765298575163E-004,9.659521165303886E-004,-6.095705903135240E-004,9.535803692415357E-004,
2.483366666666667E+009,-5.708679091185331E-004,9.867189219221473E-004,-5.717034218832851E-004,9.278176003135741E-004,
2.483400000000000E+009,-4.990847664885223E-004,9.683133685030043E-004,-5.048512830398977E-004,9.391040075570345E-004,
2.483433333333334E+009,-5.175278638489544E-004,9.914501570165157E-004,-4.732786328531802E-004,9.231179719790816E-004,
2.483466666666667E+009,-4.929701099172235E-004,9.788958122953773E-004,-4.766894853673875E-004,1.049092388711870E-003,
2.483500000000000E+009,-3.871282970067114E-004,9.930132655426860E-004,-4.236230161041021E-004,1.057856832630932E-003,
2.483533333333334E+009,-3.564105427358300E-004,1.059743692167103E-003,-3.847927728202194E-004,1.048882026225328E-003,
2.483566666666667E+009,-3.949254460167140E-004,1.004441990517080E-003,-3.273772308602929E-004,1.111060148105025E-003,
2.483600000000000E+009,-3.280804085079581E-004,1.017826725728810E-003,-2.765450626611710E-004,1.031564315780997E-003,
2.483633333333334E+009,-3.108497767243534E-004,1.031143241561949E-003,-3.415854298509657E-004,1.092586549930275E-003,
2.483666666666667E+009,-2.973772643599659E-004,1.048730220645666E-003,-2.538730041123927E-004,1.070069964043796E-003,
2.483700000000000E+009,-2.272990677738562E-004,1.137544051744044E-003,-2.388381399214268E-004,1.109659438952804E-003,
2.483733333333334E+009,-2.381855447310954E-004,1.034045708365738E-003,-1.822913473006338E-004,1.096759457141161E-003,
2.483766666666667E+009,-1.394530117977411E-004,1.128437346778810E-003,-1.737332931952551E-004,1.074328669346869E-003,
2.483800000000000E+009,-1.346703938907012E-004,1.090706093236804E-003,-1.496691256761551E-004,1.115874038077891E-003,
2.483833333333334E+009,-8.995065581984818E-005,1.087154378183186E-003,-6.903039320604876E-005,1.133698155172169E-003,
2.483866666666667E+009,-1.002811695798300E-004,1.137670013122261E-003,-2.170816333091352E-005,1.147405360825360E-003,
2.483900000000000E+009,-1.616916233615484E-005,1.108891563490033E-003,-4.060797436977737E-005,1.097984029911459E-003,
2.483933333333334E+009,-2.887170739995781E-005,1.067782635800540E-003,-1.553683614474721E-005,1.124440459534526E-003,
2.483966666666667E+009,1.520157724144156E-007,1.141044660471380E-003,2.238518754893448E-005,1.083710347302258E-003,
2.484000000000000E+009,4.719772914540954E-005,1.084114192053676E-003,9.638319170335308E-005,1.109854201786220E-003,
2.484033333333334E+009,7.948992424644530E-005,1.140669919550419E-003,1.014993904391304E-004,1.128426636569202E-003,
2.484066666666667E+009,1.341470051556826E-004,1.095553743652999E-003,1.415777951478958E-004,1.099666231311858E-003,
2.484100000000000E+009,1.215005395351909E-004,1.133110723458231E-003,1.904786622617394E-004,1.100743422284722E-003,
2.484133333333334E+009,1.595501526026055E-004,1.103806309401989E-003,2.098270342685282E-004,1.109065953642130E-003,
2.484166666666667E+009,1.941842347150669E-004,1.083921059034765E-003,1.573704939801246E-004,1.050713704898953E-003,
2.484200000000000E+009,2.059640100924298E-004,1.062598894350231E-003,2.452268381603062E-004,1.059277565218508E-003,
2.484233333333334E+009,2.981470897793770E-004,1.076794927939773E-003,3.051565727218986E-004,1.084399176761508E-003,
2.484266666666667E+009,3.102643531747162E-004,1.045316923409700E-003,3.412926453165710E-004,1.112174242734909E-003,
2.484300000000000E+009,3.844022867269814E-004,1.014292007312179E-003,3.700543020386249E-004,1.061174902133644E-003,
2.484333333333334E+009,3.194614837411791E-004,1.055461470969021E-003,4.041611391585320E-004,1.023568911477923E-003,
2.484366666666667E+009,4.125527630094439E-004,1.013511093333364E-003,3.903691831510514E-004,1.084389397874475E-003,
2.484400000000000E+009,4.556476196739823E-004,1.067477045580745E-003,4.517209308687598E-004,1.003893557935953E-003,
2.484433333333334E+009,4.146236169617623E-004,1.009013969451189E-003,5.043235723860562E-004,1.046897727064788E-003,
2.484466666666667E+009,5.705237854272127E-004,1.004722900688648E-003,4.790700622834265E-004,1.016949536278844E-003,
2.484500000000000E+009,5.327099352143705E-004,9.600270423106849E-004,5.564649472944439E-004,1.019908115267754E-003,
2.484533333333334E+009,5.183731555007398E-004,9.855931857600808E-004,5.401715170592070E-004,9.811741765588522E-004,
2.484566666666667E+009,5.441129906103015E-004,9.724562987685204E-004,5.548416520468891E-004,1.022722339257598E-003,
2.484600000000000E+009,6.126918015070260E-004,8.819985087029636E-004,5.936994566582143E-004,9.548409725539386E-004,
2.484633333333334E+009,6.413279334083200E-004,9.259630460292101E-004,6.306588766165078E-004,9.509805240668356E-004,
2.484666666666667E+009,6.923711043782532E-004,8.950561168603599E-004,6.753983325324953E-004,9.501120657660067E-004,
2.484700000000000E+009,6.676729535683990E-004,8.963994914665818E-004,6.676462362520397E-004,8.835716289468110E-004,
2.484733333333334E+009,6.666541448794305E-004,8.261295151896775E-004,7.516361656598747E-004,9.207719122059643E-004,
2.484766666666667E+009,7.514500757679343E-004,8.254451677203178E-004,7.493955199606717E-004,8.530925260856748E-004,
2.484800000000000E+009,7.986111450009048E-004,8.919337997213006E-004,7.774584810249507E-004,7.959154318086803E-004,
2.484833333333334E+009,7.673471700400114E-004,8.309572585858405E-004,8.056444348767400E-004,8.176289848051965E-004,
2.484866666666667E+009,8.379520149901509E-004,7.593721966259182E-004,7.992381579242647E-004,7.929833373054862E-004,
2.484900000000000E+009,7.824329659342766E-004,7.292599766515195E-004,8.356409380212426E-004,7.308656931854785E-004,
2.484933333333334E+009,8.475903305225074E-004,7.711372454650700E-004,8.697445155121386E-004,7.227776222862303E-004,
2.484966666666667E+009,8.683712803758681E-004,7.675241213291884E-004,8.829864673316479E-004,6.502266624011099E-004,
2.485000000000000E+009,8.793117594905198E-004,6.838936824351549E-004,9.198593324981630E-004,6.930120871402323E-004,
2.485033333333334E+009,8.715767180547118E-004,6.552726845256984E-004,9.060529991984367E-004,6.604996160604060E-004,
2.485066666666667E+009,9.755544597283006E-004,6.357704987749457E-004,9.456101106479764E-004,5.985925672575831E-004,
2.485100000000000E+009,9.368728497065604E-004,5.730739794671536E-004,9.644477395340800E-004,5.645541823469102E-004,
2.485133333333334E+009,9.815212106332183E-004,5.774458986707032E-004,9.583635837770999E-004,5.853483453392983E-004,
2.485166666666667E+009,9.708724101074040E-004,5.441209068521857E-004,9.829007321968675E-004,4.852056154049933E-004,
2.485200000000000E+009,9.726667776703835E-004,4.747450875584036E-004,9.815735975280404E-004,5.199838778935373E-004,
2.485233333333334E+009,1.078355009667575E-003,4.212942149024457E-004,1.004038960672915E-003,4.742053279187530E-004,
2.485266666666667E+009,1.026830170303583E-003,4.253430233802646E-004,1.042012474499643E-003,3.999813634436578E-004,
2.485300000000000E+009,1.023444230668247E-003,4.347318026702851E-004,1.061755116097629E-003,4.162466502748430E-004,
2.485333333333334E+009,1.023866934701800E-003,4.347834910731763E-004,1.121620531193912E-003,3.946059732697904E-004,
2.485366666666667E+009,1.036714296787977E-003,3.373180516064167E-004,1.084232120774686E-003,3.201423969585449E-004,
2.485400000000000E+009,1.072003971785307E-003,2.699546166695654E-004,1.097268774174154E-003,2.883134584408253E-004,
2.485433333333334E+009,1.096881460398436E-003,2.518134133424610E-004,1.084048533812165E-003,2.789113787002862E-004,
2.485466666666667E+009,1.084019779227674E-003,2.619977749418467E-004,1.100376714020968E-003,1.530824956716970E-004,
2.485500000000000E+009,1.097703352570534E-003,2.193959808209911E-004,1.113425241783261E-003,2.638951991684735E-004,
2.485533333333334E+009,1.136033912189305E-003,1.368981611449271E-004,1.106761628761888E-003,1.646093587623909E-004,
2.485566666666667E+009,1.102613168768585E-003,1.476008037570864E-004,1.152608892880380E-003,1.477931655244902E-004,
2.485600000000000E+009,1.115051447413862E-003,1.058690468198620E-004,1.147928996942937E-003,1.366355572827160E-004,
2.485633333333334E+009,1.142700668424368E-003,6.995299918344244E-005,1.116778934374452E-003,2.386317100899760E-005,
2.485666666666667E+009,1.093062805011869E-003,2.871215838240460E-005,1.105337985791266E-003,4.390940375742503E-005,
2.485700000000000E+009,1.077436609193683E-003,3.817027902641712E-007,1.088836928829551E-003,2.124104503309354E-005,
2.485733333333334E+009,1.092928112484515E-003,-3.224270767532289E-005,1.159108243882656E-003,-8.118249388644472E-005,
2.485766666666667E+009,1.076332177035511E-003,-7.981338967510965E-006,1.115830498747528E-003,-8.636818529339507E-005,
2.485800000000000E+009,1.088290708139539E-003,-6.194787420099601E-005,1.144310226663947E-003,-7.584461855003610E-005,
2.485833333333334E+009,1.128399628214538E-003,-1.319546281592920E-004,1.106986310333014E-003,-8.850114681990817E-005,
2.485866666666667E+009,1.151451142504811E-003,-1.360340975224972E-004,1.105951145291328E-003,-9.818396210903302E-005,
2.485900000000000E+009,1.108701806515455E-003,-1.892387954285368E-004,1.141301705501974E-003,-1.504248357377946E-004,
2.485933333333334E+009,1.162669854238629E-003,-2.117944823112339E-004,1.086157048121095E-003,-2.547314506955445E-004,
2.485966666666667E+009,1.085667405277491E-003,-1.858438772615045E-004,1.067926292307675E-003,-2.660579048097134E-004,
2.486000000000000E+009,1.097187865525484E-003,-2.438982774037868E-004,1.054857159033418E-003,-2.685069048311561E-004,
2.486033333333334E+009,1.062037772499025E-003,-3.042441385332495E-004,1.059238333255053E-003,-2.592805831227452E-004,
2.486066666666667E+009,1.058618887327611E-003,-3.269333101343364E-004,1.050082268193364E-003,-3.507303481455892E-004,
2.486100000000000E+009,1.119295950047672E-003,-3.544700448401272E-004,1.103256014175713E-003,-3.933520929422230E-004,
2.486133333333334E+009,1.097265747375786E-003,-3.804654115810990E-004,1.073219813406467E-003,-3.935033746529371E-004,
2.486166666666667E+009,1.029352890327573E-003,-4.345045308582485E-004,1.091072103008628E-003,-4.046531685162336E-004,
2.486200000000000E+009,1.060149283148348E-003,-4.355293640401214E-004,1.071898150257766E-003,-5.213925614953041E-004,
2.486233333333334E+009,1.064584590494633E-003,-5.146212643012404E-004,9.848307818174362E-004,-4.777161229867488E-004,
2.486266666666667E+009,1.023110351525247E-003,-5.744962254539132E-004,1.040908508002758E-003,-5.244359490461648E-004,
2.486300000000000E+009,1.047440455295146E-003,-5.055394722148776E-004,1.014976412989199E-003,-5.768811679445207E-004,
2.486333333333334E+009,1.049662940204144E-003,-5.681202746927738E-004,1.038789865560830E-003,-5.814745672978461E-004,
2.486366666666667E+009,1.019773888401687E-003,-6.481105810962617E-004,9.917208226397634E-004,-5.984472809359431E-004,
2.486400000000000E+009,1.006129314191639E-003,-6.358700338751078E-004,9.567748056724668E-004,-6.482664030045271E-004,
2.486433333333334E+009,9.583742939867079E-004,-6.832809303887188E-004,9.634254965931177E-004,-6.343161221593618E-004,
2.486466666666667E+009,9.525251807644963E-004,-7.063515949994326E-004,8.909154566936195E-004,-7.095488253980875E-004,
2.486500000000000E+009,9.093928383663297E-004,-7.387344376184046E-004,9.228152921423316E-004,-7.282751030288637E-004,
2.486533333333334E+009,8.638273575343192E-004,-7.401140755973756E-004,8.737422758713365E-004,-7.789318333379924E-004,
2.486566666666667E+009,8.632123935967684E-004,-7.706795004196465E-004,8.743897196836770E-004,-7.703566807322204E-004,
2.486600000000000E+009,7.957872003316879E-004,-8.354507735930383E-004,8.889820310287178E-004,-7.645275327377021E-004,
2.486633333333334E+009,8.184187463484705E-004,-8.291327976621687E-004,8.405441767536104E-004,-8.651799871586263E-004,
2.486666666666667E+009,7.995250634849072E-004,-8.177789277397096E-004,7.787898648530245E-004,-8.204511250369251E-004,
2.486700000000000E+009,7.378858863376081E-004,-8.568725897930563E-004,7.699248963035643E-004,-8.270562393590808E-004,
2.486733333333334E+009,7.493525627069175E-004,-8.791625150479376E-004,7.143081747926772E-004,-9.192813886329532E-004,
2.486766666666667E+009,7.163149421103299E-004,-9.000159916467965E-004,7.262585568241775E-004,-8.828752906993032E-004,
2.486800000000000E+009,6.426984327845275E-004,-9.678581263870001E-004,6.621507927775383E-004,-8.985697058960795E-004,
2.486833333333334E+009,6.871791556477547E-004,-9.787367889657617E-004,6.456333794631064E-004,-8.886692230589688E-004,
2.486866666666667E+009,6.601137574762106E-004,-1.017218921333551E-003,6.425807368941605E-004,-9.643642697483301E-004,
2.486900000000000E+009,6.056500715203583E-004,-1.003784360364080E-003,5.540231941267848E-004,-9.422693983651698E-004,
2.486933333333334E+009,5.691960104741156E-004,-1.003049779683352E-003,5.411812453530729E-004,-9.436804684810340E-004,
2.486966666666667E+009,5.309598054736853E-004,-1.020886353217065E-003,5.198157159611583E-004,-1.035024062730372E-003,
2.487000000000000E+009,4.887818358838558E-004,-1.043782103806734E-003,5.082230782136321E-004,-1.032285508699715E-003,
2.487033333333334E+009,4.757762071676552E-004,-1.012312248349190E-003,4.112114256713539E-004,-1.029487815685570E-003,
2.487066666666667E+009,3.906174388248473E-004,-1.052127685397863E-003,4.145666607655585E-004,-1.088271848857403E-003,
2.487100000000000E+009,3.598317271098495E-004,-1.049803802743554E-003,4.410844703670591E-004,-1.029710518196225E-003,
2.487133333333334E+009,3.799264668487012E-004,-1.121722627431154E-003,3.176487225573510E-004,-1.111743156798184E-003,
2.487166666666667E+009,3.431589575484395E-004,-1.042336574755609E-003,2.737568865995854E-004,-1.103311660699546E-003,
2.487200000000000E+009,3.405972383916378E-004,-1.161319552920759E-003,3.299616801086813E-004,-1.117373583838344E-003,
2.487233333333334E+009,2.245688956463710E-004,-1.095862477086484E-003,2.549155906308442E-004,-1.123186317272484E-003,
2.487266666666667E+009,2.305115194758400E-004,-1.079197041690350E-003,1.972813042812049E-004,-1.091497018933296E-003,
2.487300000000000E+009,1.446007518097758E-004,-1.132201636210084E-003,2.318000188097358E-004,-1.182145089842379E-003,
2.487333333333334E+009,1.644075964577496E-004,-1.126378425396979E-003,1.748191716615111E-004,-1.116102561354637E-003,
2.487366666666667E+009,1.679088891251013E-004,-1.148294191807509E-003,1.412289566360414E-004,-1.138752559199929E-003,
2.487400000000000E+009,1.281117583857849E-004,-1.148088369518518E-003,1.186747322208248E-004,-1.169287366792560E-003,
2.487433333333334E+009,1.059176793205552E-004,-1.161513151600957E-003,5.711268750019372E-005,-1.188344205729663E-003,
2.487466666666667E+009,4.819451987714274E-006,-1.188993104733527E-003,6.638123886659741E-005,-1.153723569586873E-003,
2.487500000000000E+009,1.698095184110571E-005,-1.159412669949234E-003,5.094800144433975E-005,-1.151615055277944E-003,
2.487533333333334E+009,-3.739038947969675E-005,-1.198503421619535E-003,-7.373112748609856E-005,-1.189272035844624E-003,
2.487566666666667E+009,-2.703962127270643E-005,-1.180888386443257E-003,-9.310756286140531E-005,-1.171855023130775E-003,
2.487600000000000E+009,-8.754900773055852E-005,-1.146486261859536E-003,-9.163058712147176E-005,-1.187201356515288E-003,
2.487633333333334E+009,-1.308476785197854E-004,-1.195626449771226E-003,-1.606367150088772E-004,-1.176313729956746E-003,
2.487666666666667E+009,-1.606536097824574E-004,-1.153629040345550E-003,-1.567296858411282E-004,-1.147462404333055E-003,
2.487700000000000E+009,-1.987591385841370E-004,-1.164479530416429E-003,-1.791874092305079E-004,-1.192756928503513E-003,
2.487733333333334E+009,-2.306099195266143E-004,-1.178981969133019E-003,-2.132914378307760E-004,-1.142761320807040E-003,
2.487766666666667E+009,-2.799232606776059E-004,-1.114041893742979E-003,-2.447982551530004E-004,-1.167179434560239E-003,
2.487800000000000E+009,-3.595289017539471E-004,-1.136979553848505E-003,-2.875282079912722E-004,-1.153076533228159E-003,
2.487833333333334E+009,-3.686622658278793E-004,-1.164699089713395E-003,-3.497017314657569E-004,-1.096376799978316E-003,
2.487866666666667E+009,-3.440183645579964E-004,-1.133015379309654E-003,-3.426467010285705E-004,-1.191960531286895E-003,
2.487900000000000E+009,-3.675748012028635E-004,-1.174246775917709E-003,-3.779742692131549E-004,-1.135454862378538E-003,
2.487933333333334E+009,-4.147333384025842E-004,-1.065837917849422E-003,-4.144264967180789E-004,-1.085357158444822E-003,
2.487966666666667E+009,-4.637943929992616E-004,-1.149348914623261E-003,-4.531616577878594E-004,-1.137187355197966E-003,
2.488000000000000E+009,-4.620715044438839E-004,-1.079292735084891E-003,-4.794934939127415E-004,-1.136522158049047E-003,
2.488033333333334E+009,-5.121280555613339E-004,-1.061266986653209E-003,-4.923812812194228E-004,-1.053281710483134E-003,
2.488066666666667E+009,-5.495079094544053E-004,-1.035398920066655E-003,-5.609610234387219E-004,-1.099571818485856E-003,
2.488100000000000E+009,-5.915210931561887E-004,-1.012611668556929E-003,-5.536260432563722E-004,-1.016097958199680E-003,
2.488133333333334E+009,-6.436777766793966E-004,-1.025593606755137E-003,-6.080530583858490E-004,-1.042619347572327E-003,
2.488166666666667E+009,-6.800551200285554E-004,-9.952044347301126E-004,-6.291891331784427E-004,-1.013544853776693E-003,
2.488200000000000E+009,-6.730221211910248E-004,-1.040928298607469E-003,-6.521423347294331E-004,-9.894196409732103E-004,
2.488233333333334E+009,-7.092680898495019E-004,-9.529062663204968E-004,-7.344702025875449E-004,-9.680022485554218E-004,
2.488266666666667E+009,-7.342086173593998E-004,-9.752069017849863E-004,-7.830922841094434E-004,-9.529179660603404E-004,
2.488300000000000E+009,-7.999640074558556E-004,-9.497015853412449E-004,-7.644664729014039E-004,-9.031039662659168E-004,
2.488333333333334E+009,-7.909036357887089E-004,-8.657495491206646E-004,-7.386776269413531E-004,-9.195150341838598E-004,
2.488366666666667E+009,-8.758907206356525E-004,-8.608538191765547E-004,-7.944784010760486E-004,-8.752811118029058E-004,
2.488400000000000E+009,-8.178208954632282E-004,-8.206152124330401E-004,-8.193606627173722E-004,-8.505624718964100E-004,
2.488433333333334E+009,-8.459821110591292E-004,-8.392560412175953E-004,-8.728713728487492E-004,-8.628710056655109E-004,
2.488466666666667E+009,-8.646320202387869E-004,-7.599802920594811E-004,-8.979552658274770E-004,-7.818194571882486E-004,
2.488500000000000E+009,-9.175799204967916E-004,-7.871841080486774E-004,-8.550879429094493E-004,-8.264651987701654E-004,
2.488533333333334E+009,-9.188197436742485E-004,-6.837376859039068E-004,-9.900243021547794E-004,-7.178453961387277E-004,
2.488566666666667E+009,-9.268869762308896E-004,-6.808806792832911E-004,-1.014296081848443E-003,-7.220002589747310E-004,
2.488600000000000E+009,-9.672918822616339E-004,-6.467780913226306E-004,-9.547522640787065E-004,-7.262322469614446E-004,
2.488633333333334E+009,-1.005628728307784E-003,-6.072386167943478E-004,-1.023805467411876E-003,-6.851516081951559E-004,
2.488666666666667E+009,-1.018262119032443E-003,-6.399137200787664E-004,-1.028573606163263E-003,-6.246313569135964E-004,
2.488700000000000E+009,-1.049079583026469E-003,-6.366490270011127E-004,-1.090081175789237E-003,-5.765530513599515E-004,
2.488733333333334E+009,-1.036762259900570E-003,-6.266850978136063E-004,-1.048609730787575E-003,-5.663040210492909E-004,
2.488766666666667E+009,-1.147509086877108E-003,-5.090294871479273E-004,-1.075388747267425E-003,-5.741295171901584E-004,
2.488800000000000E+009,-1.113743986934423E-003,-5.017739604227245E-004,-1.075401320122182E-003,-4.656509554479271E-004,
2.488833333333334E+009,-1.096426160074771E-003,-4.764724872075021E-004,-1.083895680494607E-003,-4.703926097135991E-004,
2.488866666666667E+009,-1.127956085838378E-003,-4.647886671591550E-004,-1.139950822107494E-003,-4.697947879321873E-004,
2.488900000000000E+009,-1.166498288512230E-003,-3.784778527915478E-004,-1.150428201071918E-003,-4.472767177503556E-004,
2.488933333333334E+009,-1.127735828049481E-003,-3.465763584244996E-004,-1.152222161181271E-003,-3.669193247333169E-004,
2.488966666666667E+009,-1.168262097053230E-003,-3.241958038415760E-004,-1.161191030405462E-003,-3.265498380642384E-004,
2.489000000000000E+009,-1.155462814494968E-003,-2.920589176937938E-004,-1.194861717522144E-003,-2.928601170424372E-004,
2.489033333333334E+009,-1.163681619800627E-003,-2.425842394586653E-004,-1.216550357639790E-003,-3.034398541785777E-004,
2.489066666666667E+009,-1.164749148301780E-003,-2.726854581851512E-004,-1.210775575600565E-003,-2.872706099878997E-004,
2.489100000000000E+009,-1.232263399288058E-003,-1.825389917939901E-004,-1.237601041793823E-003,-2.094206283800304E-004,
2.489133333333334E+009,-1.233768765814602E-003,-1.696502586128190E-004,-1.251559355296195E-003,-1.556328206788749E-004,
2.489166666666667E+009,-1.222619670443237E-003,-1.333492691628635E-004,-1.261434750631452E-003,-1.369209494441748E-004,
2.489200000000000E+009,-1.225507701747119E-003,-7.094801549101248E-005,-1.247562468051910E-003,-7.271279173437506E-005,
2.489233333333334E+009,-1.264441409148276E-003,-1.251695448445389E-005,-1.243408420123160E-003,-5.593200330622494E-005,
2.489266666666667E+009,-1.261503784917295E-003,-5.861236422788352E-005,-1.269672182388604E-003,-4.755534610012546E-005,
2.489300000000000E+009,-1.285534235648811E-003,-6.083374682930298E-005,-1.281893928535283E-003,-2.218277404608671E-005,
2.489333333333334E+009,-1.289092702791095E-003,1.178225556941470E-005,-1.258100033737719E-003,3.742509943549521E-005,
2.489366666666667E+009,-1.273616566322744E-003,8.001131936907768E-005,-1.284363912418485E-003,5.961920396657661E-005,
2.489400000000000E+009,-1.234310097061098E-003,1.015767265926115E-004,-1.233423477970064E-003,9.774113277671859E-005,
2.489433333333334E+009,-1.296190079301596E-003,1.594410714460537E-004,-1.232814509421587E-003,1.496187469456345E-004,
2.489466666666667E+009,-1.293463748879731E-003,2.250786055810750E-004,-1.282120356336236E-003,2.052843919955194E-004,
2.489500000000000E+009,-1.295946305617690E-003,2.883699489757419E-004,-1.271759159862995E-003,2.508703910280019E-004,
2.489533333333334E+009,-1.262413454242051E-003,2.684622304514051E-004,-1.274076639674604E-003,3.026260819751769E-004,
2.489566666666667E+009,-1.244407147169113E-003,3.001414879690856E-004,-1.175772980786860E-003,3.258525684941560E-004,
2.489600000000000E+009,-1.200099242851138E-003,3.953804553020746E-004,-1.253451220691204E-003,3.959350869990885E-004,
2.489633333333334E+009,-1.202019280754030E-003,3.450611548032612E-004,-1.275340444408357E-003,3.614134620875120E-004,
2.489666666666667E+009,-1.180010382086039E-003,4.032192518934608E-004,-1.257126219570637E-003,4.585900751408190E-004,
2.489700000000000E+009,-1.186948618851602E-003,4.859319888055325E-004,-1.213362906128168E-003,3.789718612097204E-004,
2.489733333333334E+009,-1.148092444054782E-003,5.035940557718277E-004,-1.221184618771076E-003,5.356218316592276E-004,
2.489766666666667E+009,-1.169864786788821E-003,5.163010791875422E-004,-1.145471702329814E-003,5.421177484095097E-004,
2.489800000000000E+009,-1.156287849880755E-003,5.857007927261293E-004,-1.147786737419665E-003,5.358051275834441E-004,
2.489833333333334E+009,-1.092854188755155E-003,5.981205613352358E-004,-1.104701892472804E-003,6.319144740700722E-004,
2.489866666666667E+009,-1.063460018485785E-003,5.959837581031025E-004,-1.189239206723869E-003,6.351890042424202E-004,
2.489900000000000E+009,-1.092428807169199E-003,7.086846744641662E-004,-1.101573347114027E-003,6.987561355344951E-004,
2.489933333333334E+009,-1.058440771885216E-003,7.464031223207712E-004,-1.092763268388808E-003,7.238570251502097E-004,
2.489966666666667E+009,-1.021989155560732E-003,7.600083481520414E-004,-1.082577044144273E-003,7.413745624944568E-004,
2.490000000000000E+009,-9.872221853584051E-004,7.855215808376670E-004,-1.047095865942538E-003,7.766846101731062E-004,
2.490033333333334E+009,-1.074563129805028E-003,7.810926763340831E-004,-1.029781415127218E-003,8.625485934317112E-004,
2.490066666666667E+009,-9.312069742009044E-004,7.624166901223362E-004,-1.002743490971625E-003,8.502503042109311E-004,
2.490100000000000E+009,-8.871231693774462E-004,8.841268718242645E-004,-9.357268572784960E-004,8.619258296675980E-004,
2.490133333333334E+009,-9.304862469434738E-004,8.873497718013823E-004,-9.714160696603358E-004,8.871737518347800E-004,
2.490166666666667E+009,-8.965599117800593E-004,9.040435543283820E-004,-8.690918912179768E-004,9.237446356564760E-004,
2.490200000000000E+009,-8.896656217984855E-004,1.026739599183202E-003,-9.089067461900413E-004,9.378995746374130E-004,
2.490233333333334E+009,-8.594118990004063E-004,1.074393163435161E-003,-8.456102223135531E-004,1.028807018883526E-003,
2.490266666666667E+009,-8.397040073759854E-004,9.870919166132808E-004,-8.262626943178475E-004,1.037652604281902E-003,
2.490300000000000E+009,-8.309361292049289E-004,1.021491363644600E-003,-8.384295506402850E-004,1.073563820682466E-003,
2.490333333333334E+009,-7.946940604597330E-004,1.047698780894280E-003,-7.694693049415946E-004,1.106789801269770E-003,
2.490366666666667E+009,-6.978143355809152E-004,1.077884109690785E-003,-6.967535009607673E-004,1.148886280134320E-003,
2.490400000000000E+009,-7.016147137619555E-004,1.122059766203165E-003,-6.590410484932363E-004,1.110842800699174E-003,
2.490433333333334E+009,-7.104024989530444E-004,1.077287131920457E-003,-6.645180401392281E-004,1.108316937461495E-003,
2.490466666666667E+009,-6.315036443993449E-004,1.111122197471559E-003,-6.221996736712754E-004,1.138553721830249E-003,
2.490500000000000E+009,-5.821518134325743E-004,1.200240920297802E-003,-5.314688314683735E-004,1.159323495812714E-003,
2.490533333333334E+009,-5.435022176243365E-004,1.242125872522593E-003,-6.114642601460218E-004,1.196573604829609E-003,
2.490566666666667E+009,-5.196311394684017E-004,1.230360823683441E-003,-4.853229038417339E-004,1.208825502544642E-003,
2.490600000000000E+009,-4.728346830233932E-004,1.231356174685061E-003,-5.111215868964791E-004,1.176192192360759E-003,
2.490633333333334E+009,-4.651108174584806E-004,1.219406141899526E-003,-3.971202531829476E-004,1.261631026864052E-003,
2.490666666666667E+009,-4.093405150342733E-004,1.329632010310888E-003,-4.277564294170588E-004,1.275716000236571E-003,
2.490700000000000E+009,-3.781338164117187E-004,1.212395960465074E-003,-4.270413774065673E-004,1.256794668734074E-003,
2.490733333333334E+009,-3.148197720292956E-004,1.265764120034874E-003,-3.692922764457762E-004,1.332164742052555E-003,
2.490766666666667E+009,-2.424497215542942E-004,1.302206772379577E-003,-3.188575792592019E-004,1.321703544817865E-003,
2.490800000000000E+009,-2.493552747182548E-004,1.315942266955972E-003,-2.268083771923557E-004,1.345937955193222E-003,
2.490833333333334E+009,-2.183679607696831E-004,1.292832195758820E-003,-2.676422009244561E-004,1.321939285844564E-003,
2.490866666666667E+009,-2.109333727275953E-004,1.369908335618675E-003,-1.295079273404554E-004,1.351370243355632E-003,
2.490900000000000E+009,-1.628579047974199E-004,1.373967039398849E-003,-1.372922415612266E-004,1.370709273032844E-003,
2.490933333333334E+009,-7.686523895245045E-005,1.352495863102377E-003,-4.505928882281296E-005,1.377012813463807E-003,
2.490966666666667E+009,-2.772101470327471E-005,1.346555305644870E-003,-6.152999389996694E-007,1.359062152914703E-003,
2.491000000000000E+009,-4.511602674028836E-005,1.375927357003093E-003,3.077217843383551E-005,1.392007223330438E-003,
2.491033333333334E+009,4.632787386071868E-005,1.371209975332022E-003,8.805625839158893E-005,1.414386439137161E-003,
2.491066666666667E+009,5.402357419370674E-005,1.356904394924641E-003,1.105680566979572E-004,1.356306951493025E-003,
2.491100000000000E+009,1.781412574928254E-004,1.338541391305625E-003,9.240069630322978E-005,1.369229285046458E-003,
2.491133333333334E+009,1.834399154176936E-004,1.419303240254521E-003,1.213790019392036E-004,1.396466512233019E-003,
2.491166666666667E+009,2.078517572954297E-004,1.358024310320616E-003,2.013022603932768E-004,1.343370415270329E-003,
2.491200000000000E+009,2.870587341021746E-004,1.312667271122336E-003,2.399358054390177E-004,1.364074298180640E-003,
2.491233333333334E+009,3.333729982841760E-004,1.412940677255392E-003,3.185617097187787E-004,1.297592767514288E-003,
2.491266666666667E+009,3.359998809173703E-004,1.275045564398170E-003,3.110742545686662E-004,1.396392588503659E-003,
2.491300000000000E+009,3.611278953030706E-004,1.309953513555229E-003,3.973578568547964E-004,1.352709135971963E-003,
2.491333333333334E+009,3.794689546339214E-004,1.256431336514652E-003,4.323585017118603E-004,1.297931419685483E-003,
2.491366666666667E+009,4.619593382813036E-004,1.301119686104357E-003,5.105818272568286E-004,1.272475346922875E-003,
2.491400000000000E+009,4.906455869786441E-004,1.267477520741522E-003,5.465542199090123E-004,1.293900306336582E-003,
2.491433333333334E+009,4.987026331946254E-004,1.229679444804788E-003,5.191348609514535E-004,1.288792933337390E-003,
2.491466666666667E+009,6.354128709062934E-004,1.250497065484524E-003,6.091861869208515E-004,1.221249462105334E-003,
2.491500000000000E+009,6.285379058681428E-004,1.199261518195272E-003,5.958131514489651E-004,1.277905888855457E-003,
2.491533333333334E+009,6.326809525489807E-004,1.171182608231902E-003,6.697406060993671E-004,1.218614401295781E-003,
2.491566666666667E+009,6.858602864667773E-004,1.168032758869231E-003,7.357602589763701E-004,1.194520969875157E-003,
2.491600000000000E+009,7.112059975042939E-004,1.153572695329785E-003,7.824106141924858E-004,1.177810016088188E-003,
2.491633333333334E+009,7.922993390820921E-004,1.167601207271218E-003,7.851641857996583E-004,1.126284128986299E-003,
2.491666666666667E+009,8.089192560873926E-004,1.068615936674178E-003,8.560906280763447E-004,1.146748894825578E-003,
2.491700000000000E+009,8.308407268486917E-004,1.092216582037509E-003,8.732961141504347E-004,1.020250725559890E-003,
2.491733333333334E+009,8.812971645966172E-004,1.062621013261378E-003,9.065938647836447E-004,1.024479046463966E-003,
2.491766666666667E+009,9.439309942536056E-004,1.056328648701310E-003,9.512786637060344E-004,1.035532215610147E-003,
2.491800000000000E+009,9.434505482204258E-004,9.774974314495921E-004,9.122780757024884E-004,9.697022615000606E-004,
2.491833333333334E+009,9.561984916217625E-004,9.379628463648260E-004,9.854520903900266E-004,9.543841006234288E-004,
2.491866666666667E+009,1.020642346702516E-003,9.761837427504361E-004,9.870661888271570E-004,9.426099713891745E-004,
2.491900000000000E+009,1.025567064061761E-003,8.799146744422615E-004,1.058267080225050E-003,9.200749918818474E-004,
2.491933333333334E+009,1.060879090800881E-003,8.441394311375916E-004,1.081593916751444E-003,8.737843018025160E-004,
2.491966666666667E+009,1.091204700060189E-003,8.407404529862106E-004,1.121131703257561E-003,8.449636516161263E-004,
2.492000000000000E+009,1.157007762230933E-003,7.967939018271864E-004,1.070919446647167E-003,8.006388088688254E-004,
2.492033333333334E+009,1.136322505772114E-003,7.167133153416216E-004,1.173045719042420E-003,7.680399576202035E-004,
2.492066666666667E+009,1.111401710659266E-003,6.921160966157913E-004,1.163344830274582E-003,7.305961917154491E-004,
2.492100000000000E+009,1.216933713294566E-003,6.987985107116401E-004,1.211871043778956E-003,6.770325708203018E-004,
2.492133333333334E+009,1.166112604551017E-003,6.503923214040697E-004,1.212443457916379E-003,6.437963456846774E-004,
2.492166666666667E+009,1.265347702428699E-003,6.669959402643144E-004,1.221830956637859E-003,6.311937468126416E-004,
2.492200000000000E+009,1.256982330232859E-003,5.623580073006451E-004,1.200335100293160E-003,5.418485961854458E-004,
2.492233333333334E+009,1.205168548040092E-003,5.040300311520696E-004,1.327419653534889E-003,5.081242416054010E-004,
2.492266666666667E+009,1.283905003219843E-003,5.092610954307020E-004,1.314642140641809E-003,4.995677154511213E-004,
2.492300000000000E+009,1.267699641175568E-003,4.479793715290725E-004,1.319482689723373E-003,4.696047399193049E-004,
2.492333333333334E+009,1.338336966000497E-003,4.158070078119636E-004,1.327777979895473E-003,4.074938187841326E-004,
2.492366666666667E+009,1.381356851197779E-003,3.520215977914631E-004,1.319691771641374E-003,3.834523959085345E-004,
2.492400000000000E+009,1.354158855974674E-003,3.376830427441746E-004,1.349325291812420E-003,3.267261199653149E-004,
2.492433333333334E+009,1.396682695485652E-003,2.775562752503902E-004,1.369842211715877E-003,2.484696451574564E-004,
2.492466666666667E+009,1.368352444842458E-003,2.517574757803232E-004,1.409567426890135E-003,2.867268340196461E-004,
2.492500000000000E+009,1.310055493377149E-003,1.700213906588033E-004,1.366857788525522E-003,2.093136281473562E-004,
2.492533333333334E+009,1.366977347061038E-003,1.243195438291878E-004,1.409970223903656E-003,2.532680518925190E-004,
2.492566666666667E+009,1.358450390398502E-003,1.412194687873125E-004,1.373405684717000E-003,1.175524012069218E-004,
2.492600000000000E+009,1.412016339600086E-003,9.829350165091455E-005,1.388183562085033E-003,4.800314127351157E-005,
2.492633333333334E+009,1.394687686115503E-003,5.517598401638679E-005,1.396292238496244E-003,-3.385086893104017E-005,
2.492666666666667E+009,1.393913757055998E-003,-3.278211079305038E-005,1.387072261422873E-003,-1.552805952087510E-005,
2.492700000000000E+009,1.361052505671978E-003,-7.234838994918391E-005,1.398548251017928E-003,-4.150486711296253E-005,
2.492733333333334E+009,1.395993633195758E-003,-8.385098772123456E-005,1.363672781735659E-003,-1.073112216545269E-004,
2.492766666666667E+009,1.341695664450526E-003,-1.468805567128584E-004,1.372578786686063E-003,-1.554272603243589E-004,
2.492800000000000E+009,1.407908042892814E-003,-1.825613726396114E-004,1.414441969245672E-003,-1.876053720479831E-004,
2.492833333333334E+009,1.349449856206775E-003,-2.616818819660693E-004,1.364934025332332E-003,-2.536441897973418E-004,
2.492866666666667E+009,1.336461980827153E-003,-2.639492740854621E-004,1.345130149275065E-003,-2.680456673260778E-004,
2.492900000000000E+009,1.341484137810767E-003,-3.370359772816300E-004,1.365617965348065E-003,-3.306433209218085E-004,
2.492933333333334E+009,1.296068192459643E-003,-3.823465376626700E-004,1.321677584201098E-003,-3.696532512549311E-004,
2.492966666666667E+009,1.373670645989478E-003,-3.869611828122288E-004,1.312026055529714E-003,-4.362338222563267E-004,
2.493000000000000E+009,1.337441033683717E-003,-4.441518685780466E-004,1.273160334676504E-003,-3.941019822377712E-004,
2.493033333333334E+009,1.270408509299159E-003,-4.295734397601336E-004,1.301215961575508E-003,-4.822871705982834E-004,
2.493066666666667E+009,1.249622204340994E-003,-5.128133343532682E-004,1.214721938595176E-003,-5.432267789728940E-004,
2.493100000000000E+009,1.241045421920717E-003,-5.948536563664675E-004,1.244651619344950E-003,-5.765973473899066E-004,
2.493133333333334E+009,1.275974675081670E-003,-5.912997876293957E-004,1.231876085512340E-003,-6.119781755842269E-004,
2.493166666666667E+009,1.161612803116441E-003,-6.269678706303239E-004,1.217125332914293E-003,-6.628924747928977E-004,
2.493200000000000E+009,1.145368325524032E-003,-6.769975298084319E-004,1.124001224525273E-003,-7.096070330590010E-004,
2.493233333333334E+009,1.138242660090327E-003,-6.719151861034334E-004,1.202534767799079E-003,-7.289557252079248E-004,
2.493266666666667E+009,1.128959585912526E-003,-6.975242285989225E-004,1.128775766119361E-003,-7.613841444253922E-004,
2.493300000000000E+009,1.131293247453868E-003,-7.546257111243904E-004,1.117267995141447E-003,-8.525282028131187E-004,
2.493333333333334E+009,1.070737605914474E-003,-8.052150951698422E-004,1.101420843042433E-003,-8.095829980447888E-004,
2.493366666666667E+009,1.036911737173796E-003,-8.169785724021494E-004,9.992638370022178E-004,-8.778133778832853E-004,
2.493400000000000E+009,1.013156026601791E-003,-8.745664963498712E-004,1.088940538465977E-003,-8.733142749406397E-004,
2.493433333333334E+009,9.639036725275219E-004,-8.608651114627719E-004,9.840120328590274E-004,-9.399825357832015E-004,
2.493466666666667E+009,9.435446700081229E-004,-9.223434608429670E-004,1.006517442874610E-003,-9.513057884760201E-004,
2.493500000000000E+009,9.522235486656427E-004,-9.745883289724588E-004,9.109905222430825E-004,-9.528541122563183E-004,
2.493533333333334E+009,9.332631598226726E-004,-1.006924198009074E-003,8.941293344832957E-004,-1.022414653562009E-003,
2.493566666666667E+009,7.691172068007290E-004,-1.025667879730463E-003,9.232354350388050E-004,-1.034103566780686E-003,
2.493600000000000E+009,8.661005413159728E-004,-1.084024086594582E-003,8.551536011509597E-004,-1.037708832882345E-003,
2.493633333333334E+009,8.586203912273049E-004,-1.085562980733812E-003,8.073181379586458E-004,-1.097516971640289E-003,
2.493666666666667E+009,7.617557421326637E-004,-1.025900011882186E-003,7.729080389253795E-004,-1.113275182433426E-003,
2.493700000000000E+009,6.992779672145844E-004,-1.053621643222868E-003,7.305396720767021E-004,-1.137606683187187E-003,
2.493733333333334E+009,6.884437752887607E-004,-1.125560607761145E-003,7.318315329030156E-004,-1.146010938100517E-003,
2.493766666666667E+009,6.529486854560673E-004,-1.174577279016376E-003,6.967286462895572E-004,-1.157975057139993E-003,
2.493800000000000E+009,6.376897217705846E-004,-1.154978876002133E-003,5.636245477944613E-004,-1.167522394098342E-003,
2.493833333333334E+009,6.038974388502538E-004,-1.215678756125271E-003,6.057750433683395E-004,-1.215709140524268E-003,
2.493866666666667E+009,5.602810415439308E-004,-1.201020553708077E-003,5.672559491358697E-004,-1.197350560687482E-003,
2.493900000000000E+009,5.332684377208352E-004,-1.191744813695550E-003,5.241618491709232E-004,-1.247875276021659E-003,
2.493933333333334E+009,4.440543416421861E-004,-1.223646104335785E-003,4.784515476785600E-004,-1.239939592778683E-003,
2.493966666666667E+009,4.441906639840454E-004,-1.245830208063126E-003,4.438312607817352E-004,-1.269433414563537E-003,
2.494000000000000E+009,4.076928016729653E-004,-1.244640909135342E-003,4.230635240674019E-004,-1.268637017346919E-003,
2.494033333333334E+009,4.215988446958363E-004,-1.256841351278126E-003,3.244055260438472E-004,-1.316424459218979E-003,
2.494066666666667E+009,3.413143276702613E-004,-1.277675619348884E-003,3.022908931598067E-004,-1.315154717303813E-003,
2.494100000000000E+009,2.747499383985996E-004,-1.282700919546187E-003,2.705860242713243E-004,-1.302812830545008E-003,
2.494133333333334E+009,2.909921749960631E-004,-1.300263800658286E-003,2.951274218503386E-004,-1.314427005127072E-003,
2.494166666666667E+009,2.092654758598656E-004,-1.320755342021585E-003,2.445552672725171E-004,-1.300020259805024E-003,
2.494200000000000E+009,2.286964008817449E-004,-1.326568191871047E-003,1.732493838062510E-004,-1.332770334556699E-003,
2.494233333333334E+009,1.308813079958782E-004,-1.338906935416162E-003,1.683346054051071E-004,-1.327073900029063E-003,
2.494266666666667E+009,9.280032099923119E-005,-1.350316568277776E-003,7.377757719950751E-005,-1.358770532533526E-003,
2.494300000000000E+009,8.373182208742946E-005,-1.339417765848339E-003,3.608028055168688E-005,-1.363069750368595E-003,
2.494333333333334E+009,9.031523222802207E-005,-1.271495129913092E-003,5.044691715738736E-005,-1.332522719167173E-003,
2.494366666666667E+009,4.316490230849013E-005,-1.338514033704996E-003,1.255049483006587E-005,-1.347661600448191E-003,
2.494400000000000E+009,-6.708076398354024E-005,-1.311267144046724E-003,-4.558172804536298E-005,-1.363274175673723E-003,
2.494433333333334E+009,-9.646629769122228E-005,-1.296175993047655E-003,-1.234174123965204E-004,-1.271775341592729E-003,
2.494466666666667E+009,-1.193475254694931E-004,-1.268302672542632E-003,-1.567543804412708E-004,-1.326377852819860E-003,
2.494500000000000E+009,-1.386692310916260E-004,-1.319424598477781E-003,-1.860747288446873E-004,-1.293307868763804E-003,
2.494533333333334E+009,-2.459422685205936E-004,-1.318088965490460E-003,-2.005834394367412E-004,-1.311071100644767E-003,
2.494566666666667E+009,-2.582191664259881E-004,-1.273646368645132E-003,-2.355207107029855E-004,-1.295535941608250E-003,
2.494600000000000E+009,-3.187289112247527E-004,-1.222713501192629E-003,-3.267183783464134E-004,-1.243936829268932E-003,
2.494633333333334E+009,-3.225549298804253E-004,-1.257463358342648E-003,-3.074028936680406E-004,-1.300164265558124E-003,
2.494666666666667E+009,-3.290705790277571E-004,-1.279897289350629E-003,-3.526263753883541E-004,-1.257296768017113E-003,
2.494700000000000E+009,-3.926671051885933E-004,-1.252957386896014E-003,-4.412393900565803E-004,-1.232138019986451E-003,
2.494733333333334E+009,-4.264395101927221E-004,-1.211244030855596E-003,-4.392742412164807E-004,-1.247589476406574E-003,
2.494766666666667E+009,-4.852818383369595E-004,-1.251534791663289E-003,-4.146352002862841E-004,-1.207221765071154E-003,
2.494800000000000E+009,-5.420867237262428E-004,-1.205072272568941E-003,-5.230126553215087E-004,-1.247489242814481E-003,
2.494833333333334E+009,-5.463173147290945E-004,-1.197801320813596E-003,-5.545942112803459E-004,-1.136341132223606E-003,
2.494866666666667E+009,-5.371844163164496E-004,-1.188270514830947E-003,-5.954650696367025E-004,-1.140167936682701E-003,
2.494900000000000E+009,-5.724529619328678E-004,-1.151212723925710E-003,-6.179412011988461E-004,-1.105891307815909E-003,
2.494933333333334E+009,-6.675701006315649E-004,-1.087894779630005E-003,-6.325152935460210E-004,-1.083851209841669E-003,
2.494966666666667E+009,-6.553758867084980E-004,-1.094502047635615E-003,-6.439748103730381E-004,-1.124844187870622E-003,
2.495000000000000E+009,-6.557108717970550E-004,-1.083830022253096E-003,-6.939798477105796E-004,-1.030421815812588E-003,
2.495033333333334E+009,-7.399253663606942E-004,-1.060975599102676E-003,-7.674962980672717E-004,-1.054289867170155E-003,
2.495066666666667E+009,-7.766084163449705E-004,-1.051271916367114E-003,-7.921013166196644E-004,-1.018321607261896E-003,
2.495100000000000E+009,-8.254021522589028E-004,-1.028264523483813E-003,-8.065278525464237E-004,-1.006069593131542E-003,
2.495133333333334E+009,-8.398138452321291E-004,-9.741306421346963E-004,-8.537878748029470E-004,-9.495223639532924E-004,
2.495166666666667E+009,-8.402427192777395E-004,-9.615333401598036E-004,-8.498833049088717E-004,-9.330554166808724E-004,
2.495200000000000E+009,-8.597118430770934E-004,-9.310984169133008E-004,-8.597644045948982E-004,-9.687634883448482E-004,
2.495233333333334E+009,-8.875682833604515E-004,-9.635926107876003E-004,-9.107742807827890E-004,-8.750852430239320E-004,
2.495266666666667E+009,-9.385569137521088E-004,-9.102204348891974E-004,-9.231051662936807E-004,-9.031531517393887E-004,
2.495300000000000E+009,-9.174039587378502E-004,-8.824350079521537E-004,-9.786649607121944E-004,-8.873784681782126E-004,
2.495333333333334E+009,-1.007338636554778E-003,-8.500778931193054E-004,-1.003282144665718E-003,-8.441767422482371E-004,
2.495366666666667E+009,-9.901998564600945E-004,-7.998980581760407E-004,-1.059778733178973E-003,-7.632049964740872E-004,
2.495400000000000E+009,-1.045219134539366E-003,-7.408740930259228E-004,-1.046994933858514E-003,-7.565647829324007E-004,
2.495433333333334E+009,-1.050969236530364E-003,-7.539408979937434E-004,-1.055119326338172E-003,-7.425641524605453E-004,
2.495466666666667E+009,-1.021815463900566E-003,-7.204178255051374E-004,-1.135357189923525E-003,-7.223170250654221E-004,
2.495500000000000E+009,-1.079715671949089E-003,-7.164551643654704E-004,-1.120189554058015E-003,-6.826040334999561E-004,
2.495533333333334E+009,-1.080659800209105E-003,-6.526213837787509E-004,-1.131281489506364E-003,-6.414599483832717E-004,
2.495566666666667E+009,-1.164912478998303E-003,-5.865616258233786E-004,-1.171991229057312E-003,-6.185322999954224E-004,
2.495600000000000E+009,-1.184166059829295E-003,-5.766355898231268E-004,-1.146696042269468E-003,-5.628718063235283E-004,
2.495633333333334E+009,-1.154129044152796E-003,-5.073692882433534E-004,-1.192186493426561E-003,-5.181704182177782E-004,
2.495666666666667E+009,-1.161139458417893E-003,-5.207782378420234E-004,-1.165675115771592E-003,-4.975397023372352E-004,
2.495700000000000E+009,-1.220078207552433E-003,-4.493986780289561E-004,-1.255464623682201E-003,-4.350950184743851E-004,
2.495733333333334E+009,-1.189074246212840E-003,-4.261576686985791E-004,-1.196459750644863E-003,-3.992930869571865E-004,
2.495766666666667E+009,-1.222160295583308E-003,-3.258412762079388E-004,-1.234222087077797E-003,-3.509855887386948E-004,
2.495800000000000E+009,-1.248118118382990E-003,-3.747800656128675E-004,-1.231223810464144E-003,-3.784007567446679E-004,
2.495833333333334E+009,-1.241762307472527E-003,-3.013015957549214E-004,-1.250906498171389E-003,-2.751465362962335E-004,
2.495866666666667E+009,-1.276441384106875E-003,-2.824042458087206E-004,-1.267902669496834E-003,-2.760601346381009E-004,
2.495900000000000E+009,-1.305675948970020E-003,-2.045332657871768E-004,-1.244404120370746E-003,-2.089978079311550E-004,
2.495933333333334E+009,-1.362097915261984E-003,-1.910313731059432E-004,-1.285048201680183E-003,-1.977988576982170E-004,
2.495966666666667E+009,-1.281026634387672E-003,-1.943340466823429E-004,-1.219345489516854E-003,-1.890219427878037E-004,
2.496000000000000E+009,-1.309331157244742E-003,-1.467565598431975E-004,-1.339776557870209E-003,-1.372565020574257E-004,
2.496033333333334E+009,-1.261636731214821E-003,-8.801297371974215E-005,-1.251847133971751E-003,-7.773073593853042E-005,
2.496066666666667E+009,-1.305240672081709E-003,-3.618029950303026E-005,-1.323158037848771E-003,-5.894460173294647E-006,
2.496100000000000E+009,-1.246105646714568E-003,2.972232687170617E-005,-1.281150849536061E-003,1.744216024235357E-005,
2.496133333333334E+009,-1.296209404245019E-003,1.390132274536882E-005,-1.271818997338414E-003,4.585777423926629E-005,
2.496166666666667E+009,-1.318759052082896E-003,5.990360659779981E-005,-1.330486731603742E-003,1.118169893743470E-005,
2.496200000000000E+009,-1.288983039557934E-003,9.676707850303501E-005,-1.279633026570082E-003,1.213694558828138E-004,
2.496233333333334E+009,-1.286023180000484E-003,2.045585279120132E-004,-1.328310579992831E-003,2.101159188896418E-004,
2.496266666666667E+009,-1.253357739187777E-003,2.181076852139086E-004,-1.274006674066186E-003,1.874762674560770E-004,
2.496300000000000E+009,-1.237091608345509E-003,1.938424393301830E-004,-1.209132256917656E-003,2.269637043355033E-004,
2.496333333333334E+009,-1.171315088868141E-003,2.228585799457505E-004,-1.320105628110468E-003,2.419986558379605E-004,
2.496366666666667E+009,-1.241062302142382E-003,3.070429957006127E-004,-1.250291825272143E-003,2.601048327051103E-004,
2.496400000000000E+009,-1.236779498867691E-003,3.162432694807649E-004,-1.234741648659110E-003,3.447562921792269E-004,
2.496433333333334E+009,-1.192489406093955E-003,3.354906220920384E-004,-1.232994836755097E-003,3.549144312273711E-004,
2.496466666666667E+009,-1.260045566596091E-003,4.083979001734406E-004,-1.238165306858718E-003,4.240535199642181E-004,
2.496500000000000E+009,-1.179344020783901E-003,4.196641384623945E-004,-1.200262340717018E-003,4.407005035318434E-004,
2.496533333333334E+009,-1.213964424096048E-003,4.600090614985675E-004,-1.191968563944101E-003,5.210977396927774E-004,
2.496566666666667E+009,-1.127457246184349E-003,5.263134953565896E-004,-1.201025093905628E-003,5.091957864351571E-004,
2.496600000000000E+009,-1.155390636995435E-003,6.015723920427263E-004,-1.178843900561333E-003,5.643483018502593E-004,
2.496633333333334E+009,-1.171049661934376E-003,5.717348540201783E-004,-1.137783285230398E-003,6.156950257718563E-004,
2.496666666666667E+009,-1.115859369747341E-003,5.666280048899353E-004,-1.115462393499911E-003,5.902406992390752E-004,
2.496700000000000E+009,-1.064973766915500E-003,6.844560266472399E-004,-1.094564911909401E-003,6.932167452760041E-004,
2.496733333333334E+009,-1.100504421629012E-003,6.765245925635099E-004,-1.118532032705843E-003,6.104916683398187E-004,
2.496766666666667E+009,-1.071013393811882E-003,7.078975904732943E-004,-1.085542025975883E-003,7.282151491381228E-004,
2.496800000000000E+009,-1.079695648513734E-003,7.488110568374395E-004,-1.035819528624415E-003,7.370475213974714E-004,
2.496833333333334E+009,-1.039409893564880E-003,8.186584454961121E-004,-1.049964688718319E-003,7.644471479579806E-004,
2.496866666666667E+009,-1.043614582158625E-003,7.930411375127733E-004,-1.018927549012005E-003,7.671843632124364E-004,
2.496900000000000E+009,-1.009620609693229E-003,8.822348318062723E-004,-1.013392000459135E-003,8.738228352740407E-004,
2.496933333333334E+009,-9.363178978674114E-004,8.472258341498673E-004,-9.174153674393892E-004,8.821928058750927E-004,
2.496966666666667E+009,-8.797858026809990E-004,9.137737215496600E-004,-8.911211625672877E-004,8.881874382495880E-004,
2.497000000000000E+009,-9.335283539257944E-004,9.092912659980357E-004,-8.770657004788518E-004,9.525631903670728E-004,
2.497033333333334E+009,-8.916415972635150E-004,9.560268954373896E-004,-8.054334903135896E-004,9.390528430230916E-004,
2.497066666666667E+009,-8.469447493553162E-004,1.012592925690115E-003,-8.539782138541341E-004,9.838264668360353E-004,
2.497100000000000E+009,-8.477816008962691E-004,1.005143160000444E-003,-8.608502685092390E-004,1.053944346494973E-003,
2.497133333333334E+009,-7.766807102598250E-004,1.036345493048430E-003,-7.915750611573458E-004,1.028786762617528E-003,
2.497166666666667E+009,-7.761414744891226E-004,1.099173561669886E-003,-7.569775334559381E-004,1.011717249639332E-003,
2.497200000000000E+009,-7.240177365019918E-004,1.070569269359112E-003,-7.270132773555815E-004,1.028616563417018E-003,
2.497233333333334E+009,-6.675227778032422E-004,1.144283218309283E-003,-7.138797082006931E-004,1.128431293182075E-003,
2.497266666666667E+009,-6.385211599990726E-004,1.131251687183976E-003,-6.746918079443276E-004,1.166250673122704E-003,
2.497300000000000E+009,-6.333389319479466E-004,1.121273729950190E-003,-5.968465120531619E-004,1.200824161060154E-003,
2.497333333333334E+009,-6.306644645519555E-004,1.094202743843198E-003,-5.909555475227535E-004,1.174298115074635E-003,
2.497366666666667E+009,-5.624889745377004E-004,1.194129115901887E-003,-5.226845387369394E-004,1.192212104797363E-003,
2.497400000000000E+009,-4.746071936096996E-004,1.208082307130098E-003,-5.165999755263329E-004,1.254435162991285E-003,
2.497433333333334E+009,-4.271193465683609E-004,1.230090274475515E-003,-4.851087287534028E-004,1.216803095303476E-003,
2.497466666666667E+009,-4.300477739889175E-004,1.227172208018601E-003,-4.352519754320383E-004,1.231868169270456E-003,
2.497500000000000E+009,-3.851887595374137E-004,1.217982731759548E-003,-3.734236524906009E-004,1.263509271666408E-003,
2.497533333333334E+009,-3.508019435685128E-004,1.241050311364234E-003,-3.568389220163226E-004,1.253511174581945E-003,
2.497566666666667E+009,-3.406064060982317E-004,1.221984392032027E-003,-3.618283662945032E-004,1.322055002674460E-003,
2.497600000000000E+009,-3.087140212301165E-004,1.293511013500392E-003,-2.711650449782610E-004,1.296429196372628E-003,
2.497633333333334E+009,-2.603972970973700E-004,1.332886284217238E-003,-2.818793873302639E-004,1.294380053877831E-003,
2.497666666666667E+009,-1.893872977234423E-004,1.321488758549094E-003,-2.049175527645275E-004,1.279793563298881E-003,
2.497700000000000E+009,-1.922477968037128E-004,1.307693310081959E-003,-1.777622965164483E-004,1.270639593712986E-003,
2.497733333333334E+009,-9.945525380317122E-005,1.283675199374557E-003,-1.594127388671041E-004,1.265891245566309E-003,
2.497766666666667E+009,-1.136304999818094E-004,1.292713335715234E-003,-7.979937072377652E-005,1.263294834643602E-003,
2.497800000000000E+009,-4.760087176691741E-005,1.275545451790094E-003,-8.142987644532695E-005,1.350413542240858E-003,
2.497833333333334E+009,-4.581301709549734E-006,1.268544234335423E-003,1.552411777083762E-005,1.334445318207145E-003,
2.497866666666667E+009,-1.100342979043489E-005,1.295719062909484E-003,3.407361145946197E-005,1.359934802167118E-003,
2.497900000000000E+009,4.201357660349459E-005,1.327623031102121E-003,6.282006506808102E-005,1.319934846833348E-003,
2.497933333333334E+009,1.385355135425925E-004,1.323281321674585E-003,1.268462074222043E-004,1.281485543586314E-003,
2.497966666666667E+009,1.289338688366115E-004,1.253139576874673E-003,1.105189585359767E-004,1.356148510240018E-003,
2.498000000000000E+009,1.389984681736678E-004,1.296748989261687E-003,1.665114832576364E-004,1.303332042880356E-003,
2.498033333333334E+009,2.020674437517300E-004,1.294250250793994E-003,2.208484074799344E-004,1.296013477258384E-003,
2.498066666666667E+009,2.900850086007267E-004,1.269015599973500E-003,2.704530779737979E-004,1.279666088521481E-003,
2.498100000000000E+009,3.205842222087085E-004,1.232591923326254E-003,3.074127598665655E-004,1.317830639891326E-003,
2.498133333333334E+009,3.584749938454479E-004,1.259820070117712E-003,3.352771454956383E-004,1.233821618370712E-003,
2.498166666666667E+009,3.508061345200986E-004,1.270664855837822E-003,3.568822867237032E-004,1.274820649996400E-003,
2.498200000000000E+009,4.137105715926737E-004,1.268842024728656E-003,4.049257549922913E-004,1.228833803907037E-003,
2.498233333333334E+009,4.386121872812510E-004,1.236902433447540E-003,4.465545935090631E-004,1.154424389824271E-003,
2.498266666666667E+009,5.680086323991418E-004,1.227526576258242E-003,5.045181023888290E-004,1.249204040504992E-003,
2.498300000000000E+009,5.198071594350040E-004,1.192298950627446E-003,5.593517562374473E-004,1.144107547588646E-003,
2.498333333333334E+009,6.338412058539689E-004,1.191690331324935E-003,5.858317599631846E-004,1.157250837422907E-003,
2.498366666666667E+009,5.782940424978733E-004,1.157492282800376E-003,6.528263911604881E-004,1.151854754425585E-003,
2.498400000000000E+009,6.642293301410973E-004,1.153738819994032E-003,6.760129472240806E-004,1.170575502328575E-003,
2.498433333333334E+009,7.457339670509100E-004,1.086757518351078E-003,6.815292872488499E-004,1.137379207648337E-003,
2.498466666666667E+009,7.174874190241098E-004,1.088167307898402E-003,6.907755159772933E-004,1.066142576746643E-003,
2.498500000000000E+009,7.125569391064346E-004,1.072803977876902E-003,7.247807225212455E-004,1.080268411897123E-003,
2.498533333333334E+009,8.644197368994355E-004,1.018422190099955E-003,7.514196331612766E-004,1.047627534717321E-003,
2.498566666666667E+009,8.312311256304383E-004,9.432727820239961E-004,8.049898897297680E-004,1.010998501442373E-003,
2.498600000000000E+009,8.351071737706661E-004,9.920101147145033E-004,8.693311247043312E-004,1.022589160129428E-003,
2.498633333333334E+009,8.851889288052917E-004,1.008028979413211E-003,9.280828526243568E-004,9.983632480725646E-004,
2.498666666666667E+009,9.619953343644738E-004,9.368390310555697E-004,9.385826415382326E-004,9.609092958271503E-004,
2.498700000000000E+009,9.254920878447592E-004,9.417478577233851E-004,9.825859451666474E-004,9.214932215400040E-004,
2.498733333333334E+009,9.736330830492079E-004,9.095482528209686E-004,9.824498556554318E-004,9.410303900949657E-004,
2.498766666666667E+009,1.014097593724728E-003,8.849840960465372E-004,9.819935075938702E-004,9.030562941916287E-004,
2.498800000000000E+009,9.986310033127666E-004,8.111270726658404E-004,1.031326595693827E-003,8.293111459352076E-004,
2.498833333333334E+009,1.060230890288949E-003,8.125553722493351E-004,1.049582613632083E-003,7.671574130654335E-004,
2.498866666666667E+009,1.097405678592622E-003,8.117400575429201E-004,1.098020118661225E-003,7.907463586889207E-004,
2.498900000000000E+009,1.121334149502218E-003,7.374727283604443E-004,1.122554531320930E-003,7.128478609956801E-004,
2.498933333333334E+009,1.098488457500935E-003,7.279195706360042E-004,1.109968638047576E-003,6.990536930970848E-004,
2.498966666666667E+009,1.148077426478267E-003,6.259334040805697E-004,1.125061186030507E-003,6.650227005593479E-004,
2.499000000000000E+009,1.118099666200578E-003,6.317159277386963E-004,1.213138108141720E-003,6.337118102237582E-004,
2.499033333333334E+009,1.196137396618724E-003,6.342621636576951E-004,1.223628874868155E-003,5.734628648497164E-004,
2.499066666666667E+009,1.174103235825896E-003,5.915659130550921E-004,1.191375777125359E-003,5.298960604704917E-004,
2.499100000000000E+009,1.185196917504072E-003,5.274406285025179E-004,1.237896503880620E-003,4.916994948871434E-004,
2.499133333333334E+009,1.213190844282508E-003,4.529885773081332E-004,1.263024285435677E-003,4.630841431207955E-004,
2.499166666666667E+009,1.226985012181103E-003,4.354022385086864E-004,1.293674577027559E-003,4.560782399494201E-004,
2.499200000000000E+009,1.270100125111640E-003,3.579154144972563E-004,1.247197040356696E-003,4.482726508285850E-004,
2.499233333333334E+009,1.243608305230737E-003,3.482317843008786E-004,1.262913108803332E-003,3.463247849140316E-004,
2.499266666666667E+009,1.274799578823149E-003,3.220984654035419E-004,1.245212391950190E-003,2.606255875434727E-004,
2.499300000000000E+009,1.319544739089906E-003,2.626409113872796E-004,1.272395020350814E-003,3.232499002479017E-004,
2.499333333333334E+009,1.252656220458448E-003,1.927849807543680E-004,1.317748334258795E-003,1.821392070269212E-004,
2.499366666666667E+009,1.347509794868529E-003,1.796904252842069E-004,1.307006226852536E-003,1.843393692979589E-004,
2.499400000000000E+009,1.318982569500804E-003,1.282353769056499E-004,1.335484441369772E-003,1.443958026356995E-004,
2.499433333333334E+009,1.389084151014686E-003,8.402740058954805E-005,1.307226484641433E-003,6.615150778088719E-005,
2.499466666666667E+009,1.318684197030962E-003,4.020435881102458E-005,1.361112575978041E-003,1.007517712423578E-004,
2.499500000000000E+009,1.289932522922754E-003,2.420740020170342E-005,1.298686955124140E-003,2.602245695015881E-005,
2.499533333333334E+009,1.300301402807236E-003,-1.619595968804788E-005,1.324624172411859E-003,4.281441215425730E-005,
2.499566666666667E+009,1.311884494498372E-003,-6.418467091862112E-005,1.328868907876313E-003,-6.411108188331127E-005,
2.499600000000000E+009,1.277921488508582E-003,-9.976781439036131E-005,1.263858401216567E-003,-1.071692167897709E-004,
2.499633333333334E+009,1.305979094468057E-003,-1.484485546825454E-004,1.289708889089525E-003,-8.303901267936453E-005,
2.499666666666667E+009,1.286074519157410E-003,-1.766724308254197E-004,1.265269122086465E-003,-1.109201184590347E-004,
2.499700000000000E+009,1.228707842528820E-003,-1.968299329746515E-004,1.286766841076314E-003,-2.320535277249292E-004,
2.499733333333334E+009,1.260726829059422E-003,-2.383750397711992E-004,1.264330698177218E-003,-2.434942434774712E-004,
2.499766666666667E+009,1.292579341679812E-003,-2.855313068721443E-004,1.230271649546921E-003,-2.700276090763509E-004,
2.499800000000000E+009,1.261797151528299E-003,-3.695348859764636E-004,1.207531546242535E-003,-3.770575858652592E-004,
2.499833333333334E+009,1.218047109432519E-003,-3.745156282093376E-004,1.215530675835908E-003,-3.497623838484287E-004,
2.499866666666667E+009,1.245014020241797E-003,-4.296373226679862E-004,1.285262056626380E-003,-4.033540608361363E-004,
2.499900000000000E+009,1.182217034511268E-003,-5.196995334699750E-004,1.210867310874164E-003,-4.688543267548084E-004,
2.499933333333334E+009,1.168797141872346E-003,-4.496831679716706E-004,1.229656161740422E-003,-5.021865945309401E-004,
2.499966666666667E+009,1.229213085025549E-003,-5.642907926812768E-004,1.202235231176019E-003,-5.610393127426505E-004,
2.500000000000000E+009,1.168521121144295E-003,-5.787326954305172E-004,1.205677865073085E-003,-5.440097884275019E-004,
