% Version 1.00
%
%freq[Hz];re:Trc1_S21;im:Trc1_S21;re:Trc2_S12;im:Trc2_S12;
2.480000000000000E+009,3.108284436166287E-004,-1.042654854245484E-003,2.925924782175571E-004,-1.083966926671565E-003,
2.480033333333334E+009,2.220705064246431E-004,-1.122865825891495E-003,2.390612644376233E-004,-1.104530878365040E-003,
2.480066666666667E+009,2.304585650563240E-004,-1.109364791773260E-003,1.935948384925723E-004,-1.110470271669328E-003,
2.480100000000000E+009,2.111449575750157E-004,-1.107920543290675E-003,2.434513153275475E-004,-1.121020759455860E-003,
2.480133333333334E+009,1.546500134281814E-004,-1.097610453143716E-003,1.292363886022940E-004,-1.127329654991627E-003,
2.480166666666667E+009,1.497852499596775E-004,-1.031831838190556E-003,1.125128037529066E-004,-1.133171492256224E-003,
2.480200000000000E+009,1.291293883696199E-004,-1.093461411073804E-003,1.360476890113205E-004,-1.082871109247208E-003,
2.480233333333334E+009,7.931426080176607E-005,-1.140926964581013E-003,5.325773599906825E-005,-1.171981100924313E-003,
2.480266666666667E+009,1.523849641671404E-005,-1.072402461431921E-003,4.557626380119473E-005,-1.147397910244763E-003,
2.480300000000000E+009,2.449631574563682E-005,-1.088712480850518E-003,4.645087392418645E-005,-1.095101935788989E-003,
2.480333333333334E+009,-2.407416832284071E-005,-1.094314502552152E-003,-8.452678230241872E-006,-1.150718191638589E-003,
2.480366666666667E+009,-3.871556327794679E-005,-1.085455412976444E-003,-1.136047067120671E-004,-1.122826593928039E-003,
2.480400000000000E+009,-1.318064460065216E-004,-1.105457544326782E-003,-6.117126031313092E-005,-1.124943024478853E-003,
2.480433333333334E+009,-7.800815365044400E-005,-1.099892659112811E-003,-9.430914360564202E-005,-1.098594977520406E-003,
2.480466666666667E+009,-1.664362353039905E-004,-1.078081550076604E-003,-1.632989005884156E-004,-1.090755104087293E-003,
2.480500000000000E+009,-2.117796830134466E-004,-1.100783585570753E-003,-1.304770557908341E-004,-1.159326173365116E-003,
2.480533333333334E+009,-2.525009331293404E-004,-1.080418005585671E-003,-1.861384662333876E-004,-1.076870015822351E-003,
2.480566666666667E+009,-2.865542774088681E-004,-1.036712084896863E-003,-2.526348980609328E-004,-1.080716261640191E-003,
2.480600000000000E+009,-2.880550455302000E-004,-1.056002452969551E-003,-3.071736136917025E-004,-1.052915235050023E-003,
2.480633333333334E+009,-2.835855993907899E-004,-1.036330824717879E-003,-3.289502928964794E-004,-1.087493263185024E-003,
2.480666666666667E+009,-3.644822572823614E-004,-1.059183618053794E-003,-3.563560312613845E-004,-1.019985415041447E-003,
2.480700000000000E+009,-4.130825109314174E-004,-1.077416003681719E-003,-4.002762143500149E-004,-9.932650718837977E-004,
2.480733333333334E+009,-4.166902799624950E-004,-9.528662776574493E-004,-4.351882671471685E-004,-9.906376944854856E-004,
2.480766666666667E+009,-3.695422201417387E-004,-1.005671336315572E-003,-4.543730756267905E-004,-9.820323903113604E-004,
2.480800000000000E+009,-4.578442894853652E-004,-9.690406732261181E-004,-4.351781099103391E-004,-9.806618327274919E-004,
2.480833333333334E+009,-5.091237253509462E-004,-9.593416471034288E-004,-5.439947708509862E-004,-9.811207419261336E-004,
2.480866666666667E+009,-5.114147788845003E-004,-9.738544467836618E-004,-5.816871998831630E-004,-9.719143854454160E-004,
2.480900000000000E+009,-5.776645266450942E-004,-9.360988042317331E-004,-5.829038564115763E-004,-9.537931182421744E-004,
2.480933333333334E+009,-6.019065040163696E-004,-9.149605757556856E-004,-6.150933913886547E-004,-9.584602084942162E-004,
2.480966666666667E+009,-5.868005100637674E-004,-8.719461038708687E-004,-5.842894315719605E-004,-8.712630369700491E-004,
2.481000000000000E+009,-6.082108011469245E-004,-8.696919539943337E-004,-6.175301969051361E-004,-9.014818933792412E-004,
2.481033333333334E+009,-6.691387970931828E-004,-9.212438017129898E-004,-6.992694106884301E-004,-8.700422476977110E-004,
2.481066666666667E+009,-6.394646479748189E-004,-8.532983483746648E-004,-7.097704219631851E-004,-8.194845868274570E-004,
2.481100000000000E+009,-7.001789053902030E-004,-8.149255299940705E-004,-6.912841927260160E-004,-7.728137425146997E-004,
2.481133333333334E+009,-6.911903037689626E-004,-8.114145020954311E-004,-7.594823255203664E-004,-8.121324935927987E-004,
2.481166666666667E+009,-7.915837340988219E-004,-7.721013971604407E-004,-7.580783567391336E-004,-7.626878214068711E-004,
2.481200000000000E+009,-7.860156474635005E-004,-7.836997974663973E-004,-8.283348288387060E-004,-7.369932718575001E-004,
2.481233333333334E+009,-7.589841843582690E-004,-6.990647525526583E-004,-8.279063040390611E-004,-7.344480254687369E-004,
2.481266666666667E+009,-8.368667913600802E-004,-7.132558966986835E-004,-7.955817272886634E-004,-7.083958480507135E-004,
2.481300000000000E+009,-8.442683028988540E-004,-7.061362266540527E-004,-7.925213431008160E-004,-6.541910697706044E-004,
2.481333333333334E+009,-8.676995639689267E-004,-6.644854438491166E-004,-8.717756136320531E-004,-6.320384563878179E-004,
2.481366666666667E+009,-8.350737625733018E-004,-6.101367180235684E-004,-8.702356717549264E-004,-5.906088044866920E-004,
2.481400000000000E+009,-9.314250783063471E-004,-5.968434270471335E-004,-8.974685915745795E-004,-6.656206678599119E-004,
2.481433333333334E+009,-8.624845067970455E-004,-6.261390517465770E-004,-8.615933475084603E-004,-5.857408978044987E-004,
2.481466666666667E+009,-9.468062198720872E-004,-5.369975697249174E-004,-9.120841859839857E-004,-5.695882719010115E-004,
2.481500000000000E+009,-9.281914099119604E-004,-5.222891340963543E-004,-9.468396310694516E-004,-5.559179699048400E-004,
2.481533333333334E+009,-9.397031972184777E-004,-5.074730142951012E-004,-9.694981854408979E-004,-4.662783758249134E-004,
2.481566666666667E+009,-9.769446915015578E-004,-5.095154047012329E-004,-8.945582085289061E-004,-5.177489947527647E-004,
2.481600000000000E+009,-9.837356628850102E-004,-4.601641558110714E-004,-9.581518825143576E-004,-4.707100160885602E-004,
2.481633333333334E+009,-1.026169746182859E-003,-4.127729916945100E-004,-9.916900889948010E-004,-4.115768824703991E-004,
2.481666666666667E+009,-9.639765485189855E-004,-3.963344206567854E-004,-9.966022334992886E-004,-4.289067001082003E-004,
2.481700000000000E+009,-1.004339428618550E-003,-3.514288691803813E-004,-1.024842611514032E-003,-3.974319843109697E-004,
2.481733333333334E+009,-9.763782145455480E-004,-3.781538689509034E-004,-1.009226776659489E-003,-3.768421011045575E-004,
2.481766666666667E+009,-1.045964076183736E-003,-3.369184560142458E-004,-1.028965110890567E-003,-3.380224225111306E-004,
2.481800000000000E+009,-1.057632733136416E-003,-3.052124811802059E-004,-1.028433791361749E-003,-2.700069744605571E-004,
2.481833333333334E+009,-1.039032940752804E-003,-2.468027814757079E-004,-1.088966382667422E-003,-2.764177334029228E-004,
2.481866666666667E+009,-1.033743494190276E-003,-2.814881445374340E-004,-1.083254348486662E-003,-2.912060299422592E-004,
2.481900000000000E+009,-1.065777731128037E-003,-2.402407990302891E-004,-1.034275279380381E-003,-1.692530931904912E-004,
2.481933333333334E+009,-1.030191662721336E-003,-1.957176282303408E-004,-1.094112754799426E-003,-1.483539963373914E-004,
2.481966666666667E+009,-1.068143174052239E-003,-1.852376444730908E-004,-1.060025184415281E-003,-1.728192146401852E-004,
2.482000000000000E+009,-1.024683471769095E-003,-1.565896382089704E-004,-1.028701895847917E-003,-9.190770651912317E-005,
2.482033333333334E+009,-1.062060357071459E-003,-1.236139651155099E-004,-1.079549780115485E-003,-7.611132605234161E-005,
2.482066666666667E+009,-1.070786151103675E-003,-1.004527439363301E-004,-1.073312829248607E-003,-5.013316695112735E-005,
2.482100000000000E+009,-1.045402954332531E-003,-1.165135017799912E-005,-1.083942013792694E-003,1.879534465842880E-005,
2.482133333333334E+009,-1.071065780706704E-003,2.741484058788046E-005,-1.082777045667172E-003,-1.483615687902784E-005,
2.482166666666667E+009,-1.044776057824493E-003,-1.919627902680077E-005,-1.067374716512859E-003,4.762929893331602E-005,
2.482200000000000E+009,-1.077732536941767E-003,8.550084021408111E-005,-1.098875771276653E-003,1.113616017391905E-004,
2.482233333333334E+009,-1.078897621482611E-003,6.168539403006434E-005,-1.068430021405220E-003,7.485785317840055E-005,
2.482266666666667E+009,-1.037246081978083E-003,1.054460299201310E-004,-1.115431543439627E-003,1.379565946990624E-004,
2.482300000000000E+009,-1.027263700962067E-003,1.431289565516636E-004,-1.080281333997846E-003,1.439657353330404E-004,
2.482333333333334E+009,-1.002135220915079E-003,1.832938723964617E-004,-1.064395299181342E-003,2.054713550023735E-004,
2.482366666666667E+009,-1.020616386085749E-003,1.830098044592887E-004,-1.036945497617126E-003,2.288800460519269E-004,
2.482400000000000E+009,-9.851034265011549E-004,2.581305743660778E-004,-1.068576588295400E-003,2.202621544711292E-004,
2.482433333333334E+009,-9.934726404026151E-004,2.937355311587453E-004,-1.087096170522273E-003,2.757576876319945E-004,
2.482466666666667E+009,-9.898124262690544E-004,3.165218222420663E-004,-1.049759914167225E-003,3.118252207059413E-004,
2.482500000000000E+009,-1.042972668074071E-003,3.334972425363958E-004,-9.932898683473468E-004,4.102205857634544E-004,
2.482533333333334E+009,-1.063306932337582E-003,3.326168516650796E-004,-9.881146252155304E-004,3.178276529069990E-004,
2.482566666666667E+009,-9.265509434044361E-004,3.909316437784582E-004,-9.649134008213878E-004,4.210221813991666E-004,
2.482600000000000E+009,-9.815848898142576E-004,4.044184752274305E-004,-1.030122395604849E-003,4.718674172181636E-004,
2.482633333333334E+009,-9.482119930908084E-004,3.646003606263548E-004,-9.937568102031946E-004,4.137454379815608E-004,
2.482666666666667E+009,-1.003554440103471E-003,5.037478404119611E-004,-9.661154472269118E-004,4.774136177729815E-004,
2.482700000000000E+009,-9.293959010392427E-004,4.652172501664609E-004,-9.552158298902214E-004,5.141492583788931E-004,
2.482733333333334E+009,-9.758619125932455E-004,5.006353021599352E-004,-9.568698587827385E-004,5.544932209886611E-004,
2.482766666666667E+009,-9.042869205586612E-004,5.647098296321929E-004,-9.168557007797062E-004,5.850501474924386E-004,
2.482800000000000E+009,-9.786509908735752E-004,6.115544820204377E-004,-8.497650269418955E-004,5.695256986655295E-004,
2.482833333333334E+009,-8.458902011625469E-004,5.992598598822951E-004,-8.688007364980876E-004,5.691413534805179E-004,
2.482866666666667E+009,-8.059858228079975E-004,6.568245589733124E-004,-8.580455905757844E-004,6.740239332430065E-004,
2.482900000000000E+009,-8.697391604073346E-004,6.415047682821751E-004,-8.567114127799869E-004,6.469694199040532E-004,
2.482933333333334E+009,-8.807386038824916E-004,7.617328083142638E-004,-8.529082988388836E-004,7.237984100356698E-004,
2.482966666666667E+009,-7.882584468461573E-004,6.652866140939295E-004,-8.028278243727982E-004,7.005324587225914E-004,
2.483000000000000E+009,-8.139036362990737E-004,7.869187975302339E-004,-8.295138832181692E-004,7.488030823878944E-004,
2.483033333333334E+009,-7.757192361168563E-004,7.358116563409567E-004,-7.763066096231341E-004,7.912771543487907E-004,
2.483066666666667E+009,-7.511200965382159E-004,7.626821170561016E-004,-7.510930881835520E-004,7.809721282683313E-004,
2.483100000000000E+009,-6.685795960947871E-004,7.702633156441152E-004,-7.512785959988833E-004,8.557307883165777E-004,
2.483133333333334E+009,-7.060932694002986E-004,8.568983757868409E-004,-6.509675877168775E-004,8.152489899657667E-004,
2.483166666666667E+009,-6.740795215591788E-004,8.627854404039681E-004,-6.733462214469910E-004,8.306094678118825E-004,
2.483200000000000E+009,-6.627313559874892E-004,8.628119248896837E-004,-6.511262035928667E-004,8.710126276127994E-004,
2.483233333333334E+009,-6.293872138485313E-004,8.484387653879821E-004,-6.641768850386143E-004,8.589765056967735E-004,
2.483266666666667E+009,-6.334832287393510E-004,8.759072516113520E-004,-6.019608117640019E-004,8.983073057606816E-004,
2.483300000000000E+009,-6.528850062750280E-004,9.087575017474592E-004,-6.334009813144803E-004,8.642062311992049E-004,
2.483333333333334E+009,-5.653758416883647E-004,9.594549774192274E-004,-5.599998403340578E-004,9.566094959154725E-004,
2.483366666666667E+009,-5.546545726247132E-004,9.539321181364358E-004,-5.566421314142644E-004,9.323089034296572E-004,
2.483400000000000E+009,-5.615123081952334E-004,9.810805786401033E-004,-5.064215511083603E-004,1.034388202242553E-003,
2.483433333333334E+009,-5.261728074401617E-004,9.775346843525767E-004,-4.666712193284184E-004,1.001280965283513E-003,
2.483466666666667E+009,-4.853839345742017E-004,1.017016475088894E-003,-4.622860287781805E-004,9.573059505783022E-004,
2.483500000000000E+009,-4.128486325498670E-004,1.006819657050073E-003,-4.604037676472217E-004,1.037854119203985E-003,
2.483533333333334E+009,-3.908232320100069E-004,1.025275210849941E-003,-3.879117139149457E-004,1.047684578225017E-003,
2.483566666666667E+009,-3.590467385947704E-004,1.040358678437769E-003,-3.680869704112411E-004,1.050974358804524E-003,
2.483600000000000E+009,-3.523242194205523E-004,1.029013423249126E-003,-3.220030921511352E-004,1.085062627680600E-003,
2.483633333333334E+009,-3.207812842447311E-004,1.086702803149819E-003,-2.731319691520184E-004,1.068822573870421E-003,
2.483666666666667E+009,-3.116907028015703E-004,1.071350066922605E-003,-2.606952039059252E-004,1.053658663295209E-003,
2.483700000000000E+009,-2.223677438450977E-004,1.079240581020713E-003,-2.132264635292813E-004,1.012851367704570E-003,
2.483733333333334E+009,-1.848781248554587E-004,1.055562403053045E-003,-1.757810969138518E-004,1.078381668776274E-003,
2.483766666666667E+009,-1.554391928948462E-004,1.095073996111751E-003,-1.205133812618442E-004,1.080988091416657E-003,
2.483800000000000E+009,-1.589048188179731E-004,1.085566589608789E-003,-1.854299771366641E-004,1.091754529625177E-003,
2.483833333333334E+009,-1.380532485200092E-004,1.072965329512954E-003,-1.160298415925354E-004,1.105354749597609E-003,
2.483866666666667E+009,-9.036122355610132E-005,1.049783430062234E-003,-1.115237100748345E-004,1.113306614570320E-003,
2.483900000000000E+009,-7.790977542754263E-005,1.097813714295626E-003,-4.257094042259269E-005,1.092058373615146E-003,
2.483933333333334E+009,-7.650540283066221E-006,1.145169488154352E-003,2.862886731236358E-006,1.126569928601384E-003,
2.483966666666667E+009,2.646239772730041E-005,1.091363723389804E-003,7.319374162761960E-006,1.096297753974795E-003,
2.484000000000000E+009,7.838359306333587E-005,1.133682671934366E-003,3.010468935826793E-005,1.137744053266943E-003,
2.484033333333334E+009,1.164757923106663E-004,1.130455639213324E-003,1.205606240546331E-004,1.071309321559966E-003,
2.484066666666667E+009,1.329640508629382E-004,1.096531515941024E-003,1.322912867181003E-004,1.092953141778708E-003,
2.484100000000000E+009,1.579711970407516E-004,1.075735082849860E-003,1.769117516232655E-004,1.098357606679201E-003,
2.484133333333334E+009,1.685890456428751E-004,1.069745747372508E-003,1.868628314696252E-004,1.091144047677517E-003,
2.484166666666667E+009,1.950133009813726E-004,1.097911735996604E-003,2.351073198951781E-004,1.064227311871946E-003,
2.484200000000000E+009,2.609155490063131E-004,1.108900993131101E-003,2.962343860417604E-004,1.070587197318673E-003,
2.484233333333334E+009,3.063861222472042E-004,1.059836358763278E-003,2.651846152730286E-004,1.099629676900804E-003,
2.484266666666667E+009,3.051481617148966E-004,1.093432190828025E-003,3.015953698195517E-004,1.079645706340671E-003,
2.484300000000000E+009,3.099936875514686E-004,1.080928486771882E-003,3.594791633076966E-004,1.051288913004100E-003,
2.484333333333334E+009,3.936833818443120E-004,9.907970670610666E-004,3.805806336458772E-004,1.046619727276266E-003,
2.484366666666667E+009,3.865930775646120E-004,1.028392580337822E-003,4.235905653331429E-004,1.038382877595723E-003,
2.484400000000000E+009,3.976468869950622E-004,1.062229159288108E-003,4.189214960206300E-004,1.030646031722426E-003,
2.484433333333334E+009,5.424319533631206E-004,1.032940926961601E-003,4.977487842552364E-004,9.590847184881568E-004,
2.484466666666667E+009,4.986673011444509E-004,1.007768791168928E-003,5.177197745069861E-004,1.001368626020849E-003,
2.484500000000000E+009,4.952700692228973E-004,9.587368695065379E-004,5.083826254121959E-004,9.249488939531148E-004,
2.484533333333334E+009,5.100860144011676E-004,9.438769193366170E-004,5.518103134818375E-004,9.305425919592381E-004,
2.484566666666667E+009,5.364941316656768E-004,9.931729873642325E-004,5.348776467144489E-004,9.725501877255738E-004,
2.484600000000000E+009,6.038272986188531E-004,9.231165167875588E-004,6.406811298802495E-004,9.418639237992466E-004,
2.484633333333334E+009,6.073855329304934E-004,9.302854887209833E-004,6.407841574400663E-004,8.917474187910557E-004,
2.484666666666667E+009,6.532820407301188E-004,9.389093029312789E-004,6.475868285633624E-004,8.905460708774626E-004,
2.484700000000000E+009,7.341251475736499E-004,9.163715294562280E-004,7.305757026188076E-004,8.593782549723983E-004,
2.484733333333334E+009,6.853093509562314E-004,8.768312400206924E-004,7.104691467247903E-004,8.778491173870862E-004,
2.484766666666667E+009,7.663756259717047E-004,8.723813807591796E-004,7.051357533782721E-004,7.887707324698567E-004,
2.484800000000000E+009,7.437994936481118E-004,8.843375835567713E-004,7.718528504483402E-004,8.334851590916514E-004,
2.484833333333334E+009,8.394705946557224E-004,7.946573896333575E-004,8.150449139066041E-004,8.613952668383718E-004,
2.484866666666667E+009,8.702555205672979E-004,7.594684720970690E-004,8.387499256059527E-004,7.999200024642050E-004,
2.484900000000000E+009,7.947495905682445E-004,7.701273425482214E-004,8.206918137148023E-004,8.140737190842629E-004,
2.484933333333334E+009,8.740922203287482E-004,7.160402019508183E-004,9.003708255477250E-004,7.169139571487904E-004,
2.484966666666667E+009,9.200035128742456E-004,7.605371065437794E-004,9.114146232604981E-004,7.092353771440685E-004,
2.485000000000000E+009,8.833531173877418E-004,6.853404338471592E-004,8.793386514298618E-004,6.949954549781978E-004,
2.485033333333334E+009,9.468279895372689E-004,6.086712819524109E-004,8.741267374716699E-004,6.228132988326252E-004,
2.485066666666667E+009,9.264321997761726E-004,6.487574428319931E-004,9.357215603813529E-004,6.060341838747263E-004,
2.485100000000000E+009,9.603853104636073E-004,5.991768557578325E-004,9.399142581969500E-004,5.955648375675082E-004,
2.485133333333334E+009,1.023563323542476E-003,5.543657462112606E-004,9.919052245095372E-004,5.701147601939738E-004,
2.485166666666667E+009,9.797650855034590E-004,5.402752431109548E-004,9.574679424986243E-004,5.725129158236086E-004,
2.485200000000000E+009,1.000803080387414E-003,5.286755040287972E-004,1.036281813867390E-003,4.780990129802376E-004,
2.485233333333334E+009,1.058659632690251E-003,5.260035977698863E-004,9.809783659875393E-004,4.942874074913561E-004,
2.485266666666667E+009,9.778733365237713E-004,4.898851038888097E-004,1.029564300552011E-003,4.839272587560117E-004,
2.485300000000000E+009,1.045484445057809E-003,3.985710791312158E-004,1.080327201634646E-003,3.177778271492571E-004,
2.485333333333334E+009,1.078757573850453E-003,3.882213786710054E-004,1.096026855520904E-003,3.615278692450374E-004,
2.485366666666667E+009,1.071329810656607E-003,3.893884131684899E-004,1.064940821379423E-003,3.496063582133502E-004,
2.485400000000000E+009,1.150648575276136E-003,2.900995896197856E-004,1.123499940149486E-003,3.222234081476927E-004,
2.485433333333334E+009,1.106876879930496E-003,2.790288999676704E-004,1.065833959728479E-003,2.625486813485622E-004,
2.485466666666667E+009,1.069639576599002E-003,2.382720122113824E-004,1.106176874600351E-003,2.724715450312942E-004,
2.485500000000000E+009,1.132191275246441E-003,2.114715898642317E-004,1.086091971956193E-003,2.401663077762350E-004,
2.485533333333334E+009,1.132858451455832E-003,1.550264569232240E-004,1.122992369346321E-003,1.402460038661957E-004,
2.485566666666667E+009,1.134463702328503E-003,1.391535624861717E-004,1.124956877902150E-003,1.487627596361563E-004,
2.485600000000000E+009,1.138973166234791E-003,1.366245414828882E-004,1.163496053777635E-003,1.492713636253029E-004,
2.485633333333334E+009,1.149912015534937E-003,5.339724157238379E-005,1.125210779719055E-003,1.158678496722132E-004,
2.485666666666667E+009,1.148000592365861E-003,3.948071025661193E-005,1.149429357610643E-003,-4.478016307984944E-006,
2.485700000000000E+009,1.137947081588209E-003,1.320773435509182E-006,1.131922705098987E-003,-3.506662324070931E-005,
2.485733333333334E+009,1.176350517198443E-003,1.413025165675208E-005,1.124544651247561E-003,2.554781895014457E-005,
2.485766666666667E+009,1.124793896451592E-003,-1.139960513683036E-004,1.149557181634009E-003,-1.034114684443921E-004,
2.485800000000000E+009,1.128796022385359E-003,-7.247819303302094E-005,1.156499260105193E-003,-1.365268544759601E-004,
2.485833333333334E+009,1.108550583012402E-003,-1.325401535723358E-004,1.072278013452888E-003,-1.299023570027202E-004,
2.485866666666667E+009,1.106777228415012E-003,-1.333789987256751E-004,1.123172929510474E-003,-1.701510773273185E-004,
2.485900000000000E+009,1.096998457796872E-003,-2.071278140647337E-004,1.120921806432307E-003,-1.717284176265821E-004,
2.485933333333334E+009,1.155239995568991E-003,-1.563434343552217E-004,1.115827471949160E-003,-2.272397250635549E-004,
2.485966666666667E+009,1.114894752390683E-003,-3.111906989943236E-004,1.094362698495388E-003,-2.636398712638766E-004,
2.486000000000000E+009,1.104751252569258E-003,-2.569090574979782E-004,1.071247621439397E-003,-2.656835131347179E-004,
2.486033333333334E+009,1.161228166893125E-003,-2.823754621203989E-004,1.071354141458869E-003,-3.239410871174187E-004,
2.486066666666667E+009,1.106353360228241E-003,-3.341178817208856E-004,1.069556339643896E-003,-3.482631582301110E-004,
2.486100000000000E+009,1.103437622077763E-003,-3.105853393208236E-004,1.093956292606890E-003,-4.115837218705565E-004,
2.486133333333334E+009,1.015771878883243E-003,-3.522040206007659E-004,1.096845720894635E-003,-4.144450358580798E-004,
2.486166666666667E+009,1.052129664458334E-003,-4.031781572848558E-004,1.073985244147480E-003,-4.328860377427191E-004,
2.486200000000000E+009,1.022812561132014E-003,-4.476230242289603E-004,1.011512009426951E-003,-4.340852610766888E-004,
2.486233333333334E+009,1.063458505086601E-003,-5.026556318625808E-004,1.000530319288373E-003,-5.315660382620990E-004,
2.486266666666667E+009,1.049036392942071E-003,-4.611687036231160E-004,9.745223214849830E-004,-5.227862275205553E-004,
2.486300000000000E+009,1.078648609109223E-003,-5.252045230008662E-004,1.016909256577492E-003,-5.062177078798413E-004,
2.486333333333334E+009,9.847898036241531E-004,-5.722430651076138E-004,9.149133111350238E-004,-5.577944684773684E-004,
2.486366666666667E+009,9.468249627389014E-004,-6.110051181167364E-004,9.781424887478352E-004,-6.298444932326675E-004,
2.486400000000000E+009,9.852673392742872E-004,-6.917234277352691E-004,9.591988055035472E-004,-6.715519702993333E-004,
2.486433333333334E+009,9.022656013257802E-004,-6.648729904554784E-004,9.456283296458423E-004,-6.804465665481985E-004,
2.486466666666667E+009,9.339659009128809E-004,-7.044888334348798E-004,9.181485511362553E-004,-6.779055111110210E-004,
2.486500000000000E+009,8.983585285022855E-004,-7.195200887508690E-004,9.013338712975383E-004,-7.240211125463247E-004,
2.486533333333334E+009,8.674505515955389E-004,-7.621194235980511E-004,8.573352824896574E-004,-6.725196726620197E-004,
2.486566666666667E+009,8.777203038334847E-004,-7.840716862119734E-004,8.914287900552154E-004,-7.606283761560917E-004,
2.486600000000000E+009,8.147144690155983E-004,-7.586940773762763E-004,8.744477527216077E-004,-8.016369538381696E-004,
2.486633333333334E+009,8.268819656223059E-004,-8.290446130558848E-004,8.639466250315309E-004,-8.362792432308197E-004,
2.486666666666667E+009,8.336096070706844E-004,-8.909867028705776E-004,8.163428283296526E-004,-8.636728744022548E-004,
2.486700000000000E+009,7.320160511881113E-004,-8.111697388812900E-004,7.773417164571583E-004,-8.214479312300682E-004,
2.486733333333334E+009,7.536582998000085E-004,-8.378533530049026E-004,7.225420558825135E-004,-8.717594319023192E-004,
2.486766666666667E+009,7.441519410349429E-004,-9.692586609162390E-004,7.449265103787184E-004,-8.997631375677884E-004,
2.486800000000000E+009,7.132234750315547E-004,-9.574884315952659E-004,6.412517395801842E-004,-9.836162207648158E-004,
2.486833333333334E+009,6.371431518346071E-004,-9.524592896923423E-004,6.927776848897338E-004,-9.347008890472353E-004,
2.486866666666667E+009,6.282155518420041E-004,-9.267992572858930E-004,6.024440517649055E-004,-9.729888988658786E-004,
2.486900000000000E+009,5.630172090604901E-004,-9.915801929309964E-004,5.543195293284953E-004,-9.948525112122297E-004,
2.486933333333334E+009,6.165022496134043E-004,-1.074102474376559E-003,5.542945582419634E-004,-9.979027090594173E-004,
2.486966666666667E+009,4.949951544404030E-004,-1.036867732182145E-003,5.514078657142818E-004,-1.032092841342092E-003,
2.487000000000000E+009,5.038287490606308E-004,-1.049808110110462E-003,5.332363652996719E-004,-1.037893001921475E-003,
2.487033333333334E+009,4.988509463146329E-004,-1.064860145561397E-003,4.483849334064871E-004,-1.075555221177638E-003,
2.487066666666667E+009,4.264821182005107E-004,-1.115323393605650E-003,4.344497865531594E-004,-1.062361639924347E-003,
2.487100000000000E+009,4.257883410900831E-004,-1.078044297173619E-003,3.934973210562021E-004,-1.038100570440292E-003,
2.487133333333334E+009,3.764865396078676E-004,-1.057105488143861E-003,3.801768179982901E-004,-1.105189672671258E-003,
2.487166666666667E+009,4.042953951284289E-004,-1.059453934431076E-003,2.888509188778698E-004,-1.130838529206812E-003,
2.487200000000000E+009,3.504479827824980E-004,-1.131661818362773E-003,3.071095561608672E-004,-1.106086536310613E-003,
2.487233333333334E+009,3.099344321526587E-004,-1.145113143138588E-003,2.461699477862567E-004,-1.117025502026081E-003,
2.487266666666667E+009,2.917849633377045E-004,-1.162472064606845E-003,2.549550263211131E-004,-1.113231526687741E-003,
2.487300000000000E+009,1.836562296375632E-004,-1.188550260849297E-003,1.800441968953237E-004,-1.124040456488729E-003,
2.487333333333334E+009,1.798186713131145E-004,-1.120686181820929E-003,1.498472120147198E-004,-1.173997181467712E-003,
2.487366666666667E+009,1.639495894778520E-004,-1.116110943257809E-003,1.157037404482253E-004,-1.101557863876224E-003,
2.487400000000000E+009,9.157105523627251E-005,-1.162586500868201E-003,1.028137121465989E-004,-1.106348121538758E-003,
2.487433333333334E+009,1.094132676371373E-004,-1.166784786619246E-003,7.753097452223301E-005,-1.162302913144231E-003,
2.487466666666667E+009,1.125706694438122E-005,-1.181022380478680E-003,4.256659667589702E-005,-1.146800699643791E-003,
2.487500000000000E+009,4.218112735543400E-005,-1.152067910879850E-003,-1.462607360736001E-005,-1.201891456730664E-003,
2.487533333333334E+009,-4.099256693734787E-005,-1.132065895944834E-003,6.095940989325754E-006,-1.196972210891545E-003,
2.487566666666667E+009,-8.312193676829338E-005,-1.185170374810696E-003,-6.166296225273982E-005,-1.202833373099566E-003,
2.487600000000000E+009,-1.067138146026991E-004,-1.146104186773300E-003,-9.347484592581168E-005,-1.173889031633735E-003,
2.487633333333334E+009,-1.265805476577953E-004,-1.159124542027712E-003,-1.527536223875359E-004,-1.116413390263915E-003,
2.487666666666667E+009,-1.818606542656198E-004,-1.165256719104946E-003,-1.317385031143203E-004,-1.160652609542012E-003,
2.487700000000000E+009,-2.323938533663750E-004,-1.177894300781190E-003,-1.837370509747416E-004,-1.141387037932873E-003,
2.487733333333334E+009,-2.629358205012977E-004,-1.145140849985182E-003,-2.015181089518592E-004,-1.171480864286423E-003,
2.487766666666667E+009,-2.447599836159498E-004,-1.129168551415205E-003,-2.584381145425141E-004,-1.135042984969914E-003,
2.487800000000000E+009,-3.004148311447352E-004,-1.127967610955238E-003,-2.947194443549961E-004,-1.131375320255756E-003,
2.487833333333334E+009,-3.583001962397248E-004,-1.178192324005067E-003,-3.343692806083709E-004,-1.134905847720802E-003,
2.487866666666667E+009,-3.442695888224989E-004,-1.144707202911377E-003,-3.686415147967637E-004,-1.213938114233315E-003,
2.487900000000000E+009,-3.685291449073702E-004,-1.136415638029575E-003,-3.883684985339642E-004,-1.093715778551996E-003,
2.487933333333334E+009,-4.654014483094215E-004,-1.134844031184912E-003,-4.586965369526297E-004,-1.136541832238436E-003,
2.487966666666667E+009,-4.308890493120998E-004,-1.091202953830361E-003,-5.163040477782488E-004,-1.130137126892805E-003,
2.488000000000000E+009,-4.717414267361164E-004,-1.092152204364538E-003,-5.304904771037400E-004,-1.067452947609127E-003,
2.488033333333334E+009,-4.939871723763645E-004,-1.075675594620407E-003,-5.041779950261116E-004,-1.092392252758145E-003,
2.488066666666667E+009,-5.526836612261832E-004,-1.090667094103992E-003,-5.433508777059615E-004,-1.004682970233262E-003,
2.488100000000000E+009,-6.138514145277441E-004,-1.075236243195832E-003,-5.889137974008918E-004,-1.073203980922699E-003,
2.488133333333334E+009,-6.420090212486684E-004,-1.047527999617159E-003,-6.395857781171799E-004,-1.029037404805422E-003,
2.488166666666667E+009,-6.235628970898688E-004,-1.019388902932406E-003,-6.615969468839467E-004,-1.041624112986028E-003,
2.488200000000000E+009,-7.396150613203645E-004,-1.024751574732363E-003,-6.745042046532035E-004,-9.865445317700505E-004,
2.488233333333334E+009,-6.827586912550032E-004,-9.739923407323659E-004,-7.199476240202785E-004,-9.629403357394040E-004,
2.488266666666667E+009,-8.090330520644784E-004,-9.434880921617150E-004,-7.428082753904164E-004,-9.486488415859640E-004,
2.488300000000000E+009,-7.376652793027461E-004,-9.232188458554447E-004,-7.849217508919537E-004,-9.171270648948848E-004,
2.488333333333334E+009,-7.823369815014303E-004,-8.956373785622418E-004,-7.983783143572509E-004,-8.901102119125426E-004,
2.488366666666667E+009,-8.820848888717592E-004,-8.990623755380511E-004,-8.362229564227164E-004,-9.072069660760462E-004,
2.488400000000000E+009,-8.274632273241878E-004,-7.924197125248611E-004,-8.725465158931911E-004,-8.238630252890289E-004,
2.488433333333334E+009,-8.759975316934288E-004,-8.482323610223830E-004,-8.856805507093668E-004,-8.230739622376859E-004,
2.488466666666667E+009,-8.996830438263714E-004,-8.808436105027795E-004,-9.122264455072582E-004,-8.304828661493957E-004,
2.488500000000000E+009,-8.894930942915380E-004,-7.380980532616377E-004,-9.314714698120952E-004,-8.014936465770006E-004,
2.488533333333334E+009,-1.009163912385702E-003,-7.709117489866912E-004,-8.832963649183512E-004,-7.511926232837141E-004,
2.488566666666667E+009,-9.304735576733947E-004,-7.294610259123147E-004,-9.965478675439954E-004,-7.380632450804114E-004,
2.488600000000000E+009,-9.810236515477300E-004,-7.370507810264826E-004,-9.600048651918769E-004,-7.405878277495503E-004,
2.488633333333334E+009,-9.644679375924170E-004,-6.796692614443600E-004,-9.990240214392543E-004,-6.644504028372467E-004,
2.488666666666667E+009,-1.019804971292615E-003,-6.091253017075360E-004,-1.014406327158213E-003,-6.110926624387503E-004,
2.488700000000000E+009,-1.105530187487602E-003,-6.141263875178993E-004,-1.041469164192677E-003,-5.865448038093746E-004,
2.488733333333334E+009,-1.128312549553812E-003,-5.145571194589138E-004,-1.090335194021463E-003,-5.308184772729874E-004,
2.488766666666667E+009,-1.052952604368329E-003,-5.087404279038310E-004,-1.056246459484100E-003,-5.587402847595513E-004,
2.488800000000000E+009,-1.078511471860111E-003,-4.760811279993504E-004,-1.064692623913288E-003,-5.808449932374060E-004,
2.488833333333334E+009,-1.121874200180173E-003,-4.973417380824685E-004,-1.111985417082906E-003,-4.901896463707089E-004,
2.488866666666667E+009,-1.113919308409095E-003,-4.192132910247892E-004,-1.147514209151268E-003,-4.220443370286375E-004,
2.488900000000000E+009,-1.106881652958691E-003,-3.942055918741971E-004,-1.142366090789437E-003,-4.544522380456328E-004,
2.488933333333334E+009,-1.147132599726319E-003,-4.091498849447817E-004,-1.132169854827225E-003,-4.005358205176890E-004,
2.488966666666667E+009,-1.165710389614105E-003,-3.302089462522417E-004,-1.238839584402740E-003,-3.632058505900204E-004,
2.489000000000000E+009,-1.164232497103512E-003,-3.177936596330255E-004,-1.260359887965024E-003,-3.562423516996205E-004,
2.489033333333334E+009,-1.215209369547665E-003,-2.331962023163214E-004,-1.182022970169783E-003,-2.774549939204007E-004,
2.489066666666667E+009,-1.237104297615588E-003,-2.618412254378200E-004,-1.202925923280418E-003,-2.747348917182535E-004,
2.489100000000000E+009,-1.207562047056854E-003,-1.923527743201703E-004,-1.231693662703037E-003,-2.475538931321353E-004,
2.489133333333334E+009,-1.208479632623494E-003,-1.394625141983852E-004,-1.206741551868618E-003,-1.549580629216507E-004,
2.489166666666667E+009,-1.257561612874270E-003,-1.080104266293347E-004,-1.238732598721981E-003,-1.784189662430435E-004,
2.489200000000000E+009,-1.208203495480120E-003,-1.175855431938544E-004,-1.247685868293047E-003,-8.082454587565735E-005,
2.489233333333334E+009,-1.202925341203809E-003,-4.804217314813286E-005,-1.215644297190011E-003,-3.013826790265739E-005,
2.489266666666667E+009,-1.208346337080002E-003,-2.082880200759973E-005,-1.276510418392718E-003,-2.944444349850528E-005,
2.489300000000000E+009,-1.244185958057642E-003,1.424241145286942E-005,-1.246471889317036E-003,4.585902206599712E-005,
2.489333333333334E+009,-1.302051590755582E-003,6.478658178821206E-005,-1.275218673981726E-003,4.926078690914437E-005,
2.489366666666667E+009,-1.187132671475411E-003,7.195759098976851E-005,-1.190807786770165E-003,5.081484050606377E-005,
2.489400000000000E+009,-1.238374854438007E-003,1.558070507599041E-004,-1.206580200232565E-003,1.339005539193749E-004,
2.489433333333334E+009,-1.214657328091562E-003,1.574455527588725E-004,-1.277902396395803E-003,1.773173426045105E-004,
2.489466666666667E+009,-1.221179962158203E-003,1.846568484324962E-004,-1.232568407431245E-003,2.314825396751985E-004,
2.489500000000000E+009,-1.209990237839520E-003,2.261162590002641E-004,-1.251236652024090E-003,2.383710379945114E-004,
2.489533333333334E+009,-1.251871231943369E-003,3.017462440766394E-004,-1.247441163286567E-003,2.203515323344618E-004,
2.489566666666667E+009,-1.224569510668516E-003,3.009955398738384E-004,-1.230229972861707E-003,2.589373616501689E-004,
2.489600000000000E+009,-1.246379804797471E-003,3.918671573046595E-004,-1.188743975944817E-003,3.267522552050650E-004,
2.489633333333334E+009,-1.197875943034887E-003,4.083278472535312E-004,-1.222142484039068E-003,3.607112157624215E-004,
2.489666666666667E+009,-1.232100185006857E-003,4.168238374404609E-004,-1.190749695524573E-003,4.018585023004562E-004,
2.489700000000000E+009,-1.186918583698571E-003,4.533575556706637E-004,-1.239196397364140E-003,4.418913740664721E-004,
2.489733333333334E+009,-1.199965947307646E-003,5.213010008446872E-004,-1.229180139489472E-003,5.209252703934908E-004,
2.489766666666667E+009,-1.177988713607192E-003,5.639789160341024E-004,-1.164635876193643E-003,5.374395404942334E-004,
2.489800000000000E+009,-1.156180747784674E-003,6.162297213450074E-004,-1.111257006414235E-003,5.585647886618972E-004,
2.489833333333334E+009,-1.221715938299894E-003,6.028143106959760E-004,-1.099076238460839E-003,5.920258699916303E-004,
2.489866666666667E+009,-1.138777937740088E-003,6.460808799602091E-004,-1.111090532504022E-003,6.873958045616746E-004,
2.489900000000000E+009,-1.101375790312886E-003,6.675760960206389E-004,-1.101027242839336E-003,7.159764063544571E-004,
2.489933333333334E+009,-1.053840969689190E-003,6.741601973772049E-004,-1.064008683897555E-003,6.780933472327888E-004,
2.489966666666667E+009,-1.076985965482891E-003,7.773499237373471E-004,-1.049202168360353E-003,7.548371213488281E-004,
2.490000000000000E+009,-1.052145962603390E-003,7.887315005064011E-004,-1.045017619617283E-003,7.647547172382474E-004,
2.490033333333334E+009,-9.807292371988297E-004,8.297675522044301E-004,-1.010498730465770E-003,8.310582488775253E-004,
2.490066666666667E+009,-1.034385175444186E-003,8.494086214341223E-004,-1.013918314129114E-003,8.088880567811430E-004,
2.490100000000000E+009,-9.859384736046195E-004,8.702044724486768E-004,-1.000049640424550E-003,8.638041326776147E-004,
2.490133333333334E+009,-9.820385603234172E-004,8.723709615878761E-004,-9.101686882786453E-004,9.334659553132951E-004,
2.490166666666667E+009,-9.290399029850960E-004,9.789350442588329E-004,-9.265484986826778E-004,9.708259603939951E-004,
2.490200000000000E+009,-8.998039411380887E-004,9.671160369180143E-004,-9.559359168633819E-004,9.487278875894845E-004,
2.490233333333334E+009,-9.012475493364036E-004,9.731881436891854E-004,-8.393952739425004E-004,9.447302436456084E-004,
2.490266666666667E+009,-8.595106774009764E-004,9.328401065431535E-004,-7.870464469306171E-004,1.028947765007615E-003,
2.490300000000000E+009,-7.365524652414024E-004,1.027715741656721E-003,-7.721213041804731E-004,1.056334469467402E-003,
2.490333333333334E+009,-7.884268998168409E-004,1.048857928253710E-003,-7.700470159761608E-004,1.047194935381413E-003,
2.490366666666667E+009,-6.982249906286597E-004,1.114362385123968E-003,-7.567035499960184E-004,1.110455137677491E-003,
2.490400000000000E+009,-7.302596350200474E-004,1.169715542346239E-003,-7.041938370093703E-004,1.132017816416919E-003,
2.490433333333334E+009,-6.107384106144309E-004,1.123204478062689E-003,-6.417839904315770E-004,1.130016637034714E-003,
2.490466666666667E+009,-6.088809459470213E-004,1.175222452729940E-003,-6.460766890086234E-004,1.128229429014027E-003,
2.490500000000000E+009,-5.574171082116664E-004,1.191937248222530E-003,-5.628976505249739E-004,1.210787799209356E-003,
2.490533333333334E+009,-5.552261136472225E-004,1.226476626470685E-003,-5.651343963108957E-004,1.180604798719287E-003,
2.490566666666667E+009,-5.362525116652250E-004,1.239116769284010E-003,-5.654957494698465E-004,1.227618427947164E-003,
2.490600000000000E+009,-4.471956926863641E-004,1.256324816495180E-003,-5.251412512734532E-004,1.292290282435715E-003,
2.490633333333334E+009,-4.477042821235955E-004,1.270829350687563E-003,-4.655615775845945E-004,1.234883675351739E-003,
2.490666666666667E+009,-4.373445699457079E-004,1.215441152453423E-003,-3.812348586507142E-004,1.287217019125819E-003,
2.490700000000000E+009,-3.690014418680221E-004,1.242550555616617E-003,-4.102866223547608E-004,1.294784597121179E-003,
2.490733333333334E+009,-3.409944474697113E-004,1.327186939306557E-003,-3.233935858588666E-004,1.288326573558152E-003,
2.490766666666667E+009,-3.253809991292656E-004,1.289741252548993E-003,-3.458869177848101E-004,1.309343613684177E-003,
2.490800000000000E+009,-3.251725283917040E-004,1.323637203313410E-003,-2.285560331074521E-004,1.360203488729894E-003,
2.490833333333334E+009,-2.250933757750318E-004,1.310879131779075E-003,-2.520703710615635E-004,1.325533958151937E-003,
2.490866666666667E+009,-2.086860622512177E-004,1.339035341516137E-003,-9.196589235216379E-005,1.389203476719558E-003,
2.490900000000000E+009,-1.208498651976697E-004,1.328850979916751E-003,-1.097573476727121E-004,1.318304333835840E-003,
2.490933333333334E+009,-4.991185778635554E-005,1.313656219281256E-003,-7.225784793263301E-005,1.361364847980440E-003,
2.490966666666667E+009,-3.155880767735653E-005,1.373535953462124E-003,-7.830026152078062E-005,1.310004503466189E-003,
2.491000000000000E+009,6.484545792773133E-006,1.340734888799489E-003,1.651254024181981E-005,1.378213637508452E-003,
2.491033333333334E+009,8.507032907800749E-005,1.345565891824663E-003,5.509953552973457E-005,1.386102871038020E-003,
2.491066666666667E+009,9.486242925049737E-005,1.319435075856745E-003,8.039264503167942E-005,1.320345094427466E-003,
2.491100000000000E+009,1.691051875241101E-004,1.313045620918274E-003,1.456923200748861E-004,1.362325623631477E-003,
2.491133333333334E+009,1.436024613212794E-004,1.351535436697304E-003,1.515775948064402E-004,1.327851437963545E-003,
2.491166666666667E+009,1.760392769938335E-004,1.332590240053833E-003,2.599562867544591E-004,1.351828221231699E-003,
2.491200000000000E+009,2.328191039850935E-004,1.405160757713020E-003,2.502873539924622E-004,1.339628244750202E-003,
2.491233333333334E+009,3.207366389688104E-004,1.352924155071378E-003,3.258676442783326E-004,1.362400711514056E-003,
2.491266666666667E+009,3.274664341006428E-004,1.282781013287604E-003,3.696295898407698E-004,1.359934918582439E-003,
2.491300000000000E+009,4.129964800085872E-004,1.366565469652414E-003,4.442599311005324E-004,1.324194599874318E-003,
2.491333333333334E+009,4.326670605223626E-004,1.293571083806455E-003,4.470976709853858E-004,1.316809793934226E-003,
2.491366666666667E+009,4.549142904579639E-004,1.256169751286507E-003,4.318522405810654E-004,1.279162243008614E-003,
2.491400000000000E+009,5.036848597228527E-004,1.287312712520361E-003,5.111655918881297E-004,1.255987794138491E-003,
2.491433333333334E+009,5.186072085052729E-004,1.249693450517952E-003,5.656444118358195E-004,1.262398436665535E-003,
2.491466666666667E+009,6.087234360165894E-004,1.185456640087068E-003,5.904568824917078E-004,1.249116146937013E-003,
2.491500000000000E+009,6.327842129394412E-004,1.220120699144900E-003,6.204229430295527E-004,1.168127171695232E-003,
2.491533333333334E+009,6.786432350054383E-004,1.224450883455575E-003,6.709595909342170E-004,1.233303453773260E-003,
2.491566666666667E+009,7.247144239954650E-004,1.182632404379547E-003,7.567966240458190E-004,1.190736191347241E-003,
2.491600000000000E+009,7.029566331766546E-004,1.137852668762207E-003,7.759291911497712E-004,1.195993856526911E-003,
2.491633333333334E+009,8.017036598175764E-004,1.136195263825357E-003,7.917257025837898E-004,1.139886560849845E-003,
2.491666666666667E+009,8.034722995944321E-004,1.087634358555079E-003,8.291511912830174E-004,1.106557203456760E-003,
2.491700000000000E+009,9.215635946020484E-004,1.032977714203298E-003,8.122491417452693E-004,1.109168631955981E-003,
2.491733333333334E+009,8.772241417318583E-004,1.098466804251075E-003,8.951399940997362E-004,1.136784092523158E-003,
2.491766666666667E+009,8.758531766943634E-004,1.074942760169506E-003,9.637110633775592E-004,1.012185122817755E-003,
2.491800000000000E+009,9.747648146003485E-004,1.033041160553694E-003,9.543611668050289E-004,1.028761849738658E-003,
2.491833333333334E+009,9.820131817832589E-004,1.040309434756637E-003,9.590680128894746E-004,1.016096794046462E-003,
2.491866666666667E+009,1.041076495312154E-003,9.531803661957383E-004,1.005822443403304E-003,9.064997429959476E-004,
2.491900000000000E+009,1.022091833874583E-003,9.153141872957349E-004,1.061172224581242E-003,9.151024278253317E-004,
2.491933333333334E+009,1.067091594450176E-003,9.035628172568977E-004,1.096615684218705E-003,8.443679544143379E-004,
2.491966666666667E+009,1.091982703655958E-003,8.638790459372103E-004,1.117455190978944E-003,8.482275297865272E-004,
2.492000000000000E+009,1.172169344499707E-003,8.551554637961090E-004,1.094163977541030E-003,8.001063251867890E-004,
2.492033333333334E+009,1.145758666098118E-003,8.212783723138273E-004,1.226029009558260E-003,7.891003042459488E-004,
2.492066666666667E+009,1.205892069265246E-003,6.963266059756279E-004,1.202228362672031E-003,7.355010602623224E-004,
2.492100000000000E+009,1.221785089001060E-003,7.228977628983557E-004,1.173584721982479E-003,6.822331342846155E-004,
2.492133333333334E+009,1.264350488781929E-003,6.178840412758291E-004,1.254675677046180E-003,6.242454983294010E-004,
2.492166666666667E+009,1.191125717014074E-003,6.455172551795840E-004,1.264863181859255E-003,6.203712546266615E-004,
2.492200000000000E+009,1.274855807423592E-003,6.429412169381976E-004,1.276812166906893E-003,5.345290410332382E-004,
2.492233333333334E+009,1.283010351471603E-003,5.674561834894121E-004,1.277943258173764E-003,5.620390875265002E-004,
2.492266666666667E+009,1.330448547378182E-003,4.493950982578099E-004,1.338146859779954E-003,4.589961026795209E-004,
2.492300000000000E+009,1.319299452006817E-003,4.449132247827947E-004,1.278377720154822E-003,4.771707754116505E-004,
2.492333333333334E+009,1.317071495577693E-003,4.514043685048819E-004,1.345460070297122E-003,4.358969454187900E-004,
2.492366666666667E+009,1.385090290568769E-003,3.688425058498979E-004,1.382414135150611E-003,3.522733168210834E-004,
2.492400000000000E+009,1.316094887442887E-003,3.460995503701270E-004,1.360729685984552E-003,2.624187618494034E-004,
2.492433333333334E+009,1.360689522698522E-003,3.388489712961018E-004,1.386113930493593E-003,2.589079667814076E-004,
2.492466666666667E+009,1.348828081972897E-003,2.320398198207840E-004,1.385202631354332E-003,2.126815816154704E-004,
2.492500000000000E+009,1.350421574898064E-003,1.636004599276930E-004,1.401627552695572E-003,1.856622111517936E-004,
2.492533333333334E+009,1.363859046250582E-003,1.342710165772587E-004,1.416964689269662E-003,1.216785822180100E-004,
2.492566666666667E+009,1.342703006230295E-003,1.405562070431188E-004,1.360520604066551E-003,1.184625507448800E-004,
2.492600000000000E+009,1.365184201858938E-003,4.131182868150063E-005,1.363697112537921E-003,8.041884575504810E-005,
2.492633333333334E+009,1.361641916446388E-003,4.376244032755494E-005,1.366194454021752E-003,5.891336331842467E-005,
2.492666666666667E+009,1.400076551362872E-003,-9.661193325882778E-005,1.395699800923467E-003,-1.149112904386129E-005,
2.492700000000000E+009,1.369285397231579E-003,-6.558919267263264E-005,1.376177184283733E-003,-1.308511400566204E-005,
2.492733333333334E+009,1.392459031194449E-003,-9.423469600733370E-005,1.384354429319501E-003,-1.080916481441818E-004,
2.492766666666667E+009,1.342805335298181E-003,-2.012093609664589E-004,1.350701670162380E-003,-1.819949829950929E-004,
2.492800000000000E+009,1.364306895993650E-003,-2.068492321996018E-004,1.396157895214856E-003,-2.271684061270207E-004,
2.492833333333334E+009,1.342222210951150E-003,-2.536617976147682E-004,1.337309251539409E-003,-1.884647499537095E-004,
2.492866666666667E+009,1.326298573985696E-003,-2.608772192616016E-004,1.362575916573405E-003,-2.916634548455477E-004,
2.492900000000000E+009,1.330393366515636E-003,-3.262875252403319E-004,1.356694498099387E-003,-3.339847608003765E-004,
2.492933333333334E+009,1.350809470750392E-003,-2.994775713887066E-004,1.293165143579245E-003,-3.623036609496921E-004,
2.492966666666667E+009,1.324212062172592E-003,-3.871375811286271E-004,1.305186888203025E-003,-3.720400563906878E-004,
2.493000000000000E+009,1.255937968380749E-003,-4.600136016961187E-004,1.284144702367485E-003,-4.072900628671050E-004,
2.493033333333334E+009,1.337298424914479E-003,-4.440542543306947E-004,1.251615700311959E-003,-4.655746161006391E-004,
2.493066666666667E+009,1.253857975825667E-003,-5.035193753428757E-004,1.276377006433904E-003,-4.844086943194270E-004,
2.493100000000000E+009,1.258930773474276E-003,-5.345993558876216E-004,1.200353377498686E-003,-5.920219118706882E-004,
2.493133333333334E+009,1.204245025292039E-003,-5.962815484963357E-004,1.180202700197697E-003,-6.097014411352575E-004,
2.493166666666667E+009,1.185997971333563E-003,-6.493591354228556E-004,1.239525503478944E-003,-6.324746063910425E-004,
2.493200000000000E+009,1.169440802186728E-003,-6.658558268100023E-004,1.129649928770959E-003,-6.713592447340488E-004,
2.493233333333334E+009,1.119729015044868E-003,-6.432942464016378E-004,1.173453638330102E-003,-7.094748434610665E-004,
2.493266666666667E+009,1.142352470196784E-003,-7.417611195705831E-004,1.123878173530102E-003,-7.540922961197794E-004,
2.493300000000000E+009,1.077626831829548E-003,-8.047773153521121E-004,1.027489663101733E-003,-7.952596060931683E-004,
2.493333333333334E+009,1.085249008610845E-003,-8.835796616040170E-004,1.067842007614672E-003,-8.689094102010131E-004,
2.493366666666667E+009,1.066447002813220E-003,-8.693107520230115E-004,1.083277515135706E-003,-8.392664603888989E-004,
2.493400000000000E+009,1.054914435371757E-003,-8.145931060425937E-004,1.055484986864030E-003,-8.361958316527307E-004,
2.493433333333334E+009,1.010182313621044E-003,-9.074877598322928E-004,1.010033185593784E-003,-9.366999729536474E-004,
2.493466666666667E+009,9.592329734005034E-004,-9.231072035618126E-004,9.293080656789243E-004,-9.522802429273725E-004,
2.493500000000000E+009,9.162453352473676E-004,-9.321425459347665E-004,9.267813875339925E-004,-9.751450270414352E-004,
2.493533333333334E+009,9.191164281219244E-004,-9.710988961160183E-004,9.627392864786089E-004,-1.009500469081104E-003,
2.493566666666667E+009,8.956766105256975E-004,-1.009898609481752E-003,8.610569057054818E-004,-1.038288348354399E-003,
2.493600000000000E+009,8.560279384255409E-004,-1.010839128866792E-003,8.870635647326708E-004,-1.044334028847516E-003,
2.493633333333334E+009,8.265353390015662E-004,-1.138984225690365E-003,8.225727942772210E-004,-1.084979972802103E-003,
2.493666666666667E+009,7.551778107881546E-004,-1.098023960366845E-003,7.218545069918037E-004,-1.084014656953514E-003,
2.493700000000000E+009,7.452543359249830E-004,-1.131364144384861E-003,7.847546366974711E-004,-1.113253529183567E-003,
2.493733333333334E+009,7.390399696305394E-004,-1.091373385861516E-003,7.085275719873607E-004,-1.133042504079640E-003,
2.493766666666667E+009,6.964699714444578E-004,-1.109116128645837E-003,6.952926050871611E-004,-1.134867081418634E-003,
2.493800000000000E+009,6.544002098962665E-004,-1.165351364761591E-003,6.062667816877365E-004,-1.132969162426889E-003,
2.493833333333334E+009,6.599514163099229E-004,-1.211001421324909E-003,5.806405097246170E-004,-1.187877729535103E-003,
2.493866666666667E+009,5.375928594730794E-004,-1.166489790193737E-003,5.793234449811280E-004,-1.206219196319580E-003,
2.493900000000000E+009,5.133549566380680E-004,-1.220734207890928E-003,5.272071575745940E-004,-1.193681149743497E-003,
2.493933333333334E+009,4.856357118114829E-004,-1.227523316629231E-003,4.376386059448123E-004,-1.242293277755380E-003,
2.493966666666667E+009,4.331077507231385E-004,-1.231481088325381E-003,4.570210003294051E-004,-1.247298554517329E-003,
2.494000000000000E+009,4.352202231530100E-004,-1.264766324311495E-003,4.159203672315925E-004,-1.257521100342274E-003,
2.494033333333334E+009,3.656623885035515E-004,-1.231134985573590E-003,3.852755762636662E-004,-1.335438224487007E-003,
2.494066666666667E+009,3.458781284280121E-004,-1.256948686204851E-003,3.241560480091721E-004,-1.329049584455788E-003,
2.494100000000000E+009,2.874015772249550E-004,-1.288226805627346E-003,2.683728816919029E-004,-1.356980297714472E-003,
2.494133333333334E+009,2.555479877628386E-004,-1.307313330471516E-003,2.129401254933327E-004,-1.294332090765238E-003,
2.494166666666667E+009,2.355731994612142E-004,-1.357322442345321E-003,2.205858327215537E-004,-1.334718195721507E-003,
2.494200000000000E+009,1.833385467762128E-004,-1.301224576309323E-003,2.077804529108107E-004,-1.336588640697300E-003,
2.494233333333334E+009,1.061277653207071E-004,-1.306955353356898E-003,1.620221300981939E-004,-1.260007265955210E-003,
2.494266666666667E+009,1.363895135000348E-004,-1.331797335296869E-003,9.692659659776837E-005,-1.373752718791366E-003,
2.494300000000000E+009,9.254488395527005E-005,-1.317728543654084E-003,1.234929950442165E-004,-1.298670656979084E-003,
2.494333333333334E+009,4.528506906353869E-005,-1.311476225964725E-003,3.644783282652497E-005,-1.357006840407848E-003,
2.494366666666667E+009,-3.559180549927987E-005,-1.318206428550184E-003,-4.525297481450252E-005,-1.320029725320637E-003,
2.494400000000000E+009,-9.972030966309831E-005,-1.360878697596490E-003,-3.539410954545019E-006,-1.365683157928288E-003,
2.494433333333334E+009,-9.445966134080663E-005,-1.340711954981089E-003,-1.095570623874664E-004,-1.289396779611707E-003,
2.494466666666667E+009,-1.240146666532382E-004,-1.340012298896909E-003,-8.332169090863317E-005,-1.339150010608137E-003,
2.494500000000000E+009,-1.240186975337565E-004,-1.293442910537124E-003,-1.771308743627742E-004,-1.323294243775308E-003,
2.494533333333334E+009,-2.240724425064400E-004,-1.318464754149318E-003,-1.916293695103377E-004,-1.288694678805769E-003,
2.494566666666667E+009,-2.689847024157643E-004,-1.268473337404430E-003,-2.062700805254281E-004,-1.311345724388957E-003,
2.494600000000000E+009,-3.118919266853482E-004,-1.235941890627146E-003,-3.365133889019489E-004,-1.252235146239400E-003,
2.494633333333334E+009,-3.794259973801673E-004,-1.289058476686478E-003,-3.291930479463190E-004,-1.332059036940336E-003,
2.494666666666667E+009,-3.496364515740424E-004,-1.273300498723984E-003,-3.417249536141753E-004,-1.259676297195256E-003,
2.494700000000000E+009,-3.565823717508465E-004,-1.213746028952301E-003,-3.895422851201147E-004,-1.199910067953169E-003,
2.494733333333334E+009,-4.412361013237387E-004,-1.201426261104643E-003,-3.736724902410060E-004,-1.204566680826247E-003,
2.494766666666667E+009,-4.706592008005828E-004,-1.214461284689605E-003,-4.441680212039501E-004,-1.221415936015546E-003,
2.494800000000000E+009,-5.446018185466528E-004,-1.210720511153340E-003,-5.488831666298211E-004,-1.168697490356863E-003,
2.494833333333334E+009,-5.175572005100548E-004,-1.197186764329672E-003,-5.071008345112205E-004,-1.184937544167042E-003,
2.494866666666667E+009,-5.467228475026786E-004,-1.197918667457998E-003,-5.365769029594958E-004,-1.122307265177369E-003,
2.494900000000000E+009,-5.664232885465026E-004,-1.097408588975668E-003,-5.941888084635139E-004,-1.131370197981596E-003,
2.494933333333334E+009,-6.793070351704955E-004,-1.091604935936630E-003,-6.250449805520475E-004,-1.130766118876636E-003,
2.494966666666667E+009,-6.461622542701662E-004,-1.091470941901207E-003,-7.066171965561807E-004,-1.101098489016295E-003,
2.495000000000000E+009,-6.866707117296755E-004,-1.060420298017561E-003,-7.224316359497607E-004,-1.125548267737031E-003,
2.495033333333334E+009,-7.210455369204283E-004,-1.058933674357832E-003,-7.399224559776485E-004,-1.104534836485982E-003,
2.495066666666667E+009,-8.204853511415422E-004,-1.083257724530995E-003,-7.831174298189580E-004,-1.051401952281594E-003,
2.495100000000000E+009,-7.995920022949576E-004,-9.638608898967505E-004,-7.894900045357645E-004,-1.041061710566282E-003,
2.495133333333334E+009,-8.232780382968485E-004,-9.757439838722348E-004,-8.312450954690576E-004,-1.058972207829356E-003,
2.495166666666667E+009,-8.590846555307508E-004,-9.927235078066587E-004,-8.807198028080165E-004,-9.799757972359657E-004,
2.495200000000000E+009,-8.979513077065349E-004,-1.044918899424374E-003,-8.477938827127218E-004,-9.020863217301667E-004,
2.495233333333334E+009,-8.921755943447352E-004,-8.919987012632191E-004,-9.401062852703035E-004,-9.304514969699085E-004,
2.495266666666667E+009,-9.718297515064478E-004,-9.168023825623095E-004,-9.315654751844704E-004,-8.912931662052870E-004,
2.495300000000000E+009,-9.391217608936131E-004,-8.161846199072897E-004,-9.876182302832604E-004,-8.257016888819635E-004,
2.495333333333334E+009,-1.017830683849752E-003,-8.189360378310084E-004,-1.023265416733921E-003,-7.328083156608045E-004,
2.495366666666667E+009,-9.924351470544934E-004,-7.568714208900929E-004,-1.034246524795890E-003,-8.035489008761942E-004,
2.495400000000000E+009,-1.034412649460137E-003,-7.529149297624826E-004,-1.102516078390181E-003,-6.842167349532247E-004,
2.495433333333334E+009,-1.018718001432717E-003,-7.264058222062886E-004,-1.113130245357752E-003,-7.200418622232974E-004,
2.495466666666667E+009,-1.061217742972076E-003,-6.946839857846499E-004,-1.092682126909494E-003,-6.707278080284596E-004,
2.495500000000000E+009,-1.106199692003429E-003,-6.648139678873122E-004,-1.119931694120169E-003,-6.476141861639917E-004,
2.495533333333334E+009,-1.106962095946074E-003,-6.554753636009991E-004,-1.123583526350558E-003,-5.539127159863710E-004,
2.495566666666667E+009,-1.122317975386977E-003,-6.495986017398536E-004,-1.138817518949509E-003,-6.502042524516583E-004,
2.495600000000000E+009,-1.129884272813797E-003,-5.486289737746120E-004,-1.159626175649464E-003,-5.158269195817411E-004,
2.495633333333334E+009,-1.188239664770663E-003,-5.037238588556647E-004,-1.223123632371426E-003,-5.291768466122448E-004,
2.495666666666667E+009,-1.191115239635110E-003,-5.042599514126778E-004,-1.161384861916304E-003,-4.677771939896047E-004,
2.495700000000000E+009,-1.186003093607724E-003,-4.690455680247396E-004,-1.149292802438140E-003,-4.441173805389553E-004,
2.495733333333334E+009,-1.157259452156723E-003,-4.312400706112385E-004,-1.201522652991116E-003,-4.424408543854952E-004,
2.495766666666667E+009,-1.201583887450397E-003,-3.725913993548602E-004,-1.247053034603596E-003,-3.934144333470613E-004,
2.495800000000000E+009,-1.279382733628154E-003,-3.755744255613536E-004,-1.237577758729458E-003,-3.477812279015780E-004,
2.495833333333334E+009,-1.263116602785885E-003,-3.450321964919567E-004,-1.219356548972428E-003,-2.948127221316099E-004,
2.495866666666667E+009,-1.224614679813385E-003,-2.679426397662610E-004,-1.243586651980877E-003,-2.780366921797395E-004,
2.495900000000000E+009,-1.266065519303083E-003,-2.077816607197747E-004,-1.312011037953198E-003,-2.318448096048087E-004,
2.495933333333334E+009,-1.268533989787102E-003,-2.329804119654000E-004,-1.239120028913021E-003,-1.725443871691823E-004,
2.495966666666667E+009,-1.268317690119147E-003,-1.467693946324289E-004,-1.296934206038714E-003,-1.672726357355714E-004,
2.496000000000000E+009,-1.254616538062692E-003,-2.098886179737747E-004,-1.284374506212771E-003,-1.131825702032074E-004,
2.496033333333334E+009,-1.319475355558097E-003,-1.141495231422596E-004,-1.301338314078748E-003,-5.793480522697792E-005,
2.496066666666667E+009,-1.279441290535033E-003,-7.289917994057760E-005,-1.358443289063871E-003,-2.081300408462994E-005,
2.496100000000000E+009,-1.306449179537594E-003,3.789310358115472E-005,-1.307028927840293E-003,3.081682370975614E-005,
2.496133333333334E+009,-1.242548227310181E-003,-1.265498030988965E-005,-1.285205595195293E-003,3.970406032749452E-005,
2.496166666666667E+009,-1.293101464398205E-003,6.484366167569533E-005,-1.284426776692271E-003,7.666955934837461E-005,
2.496200000000000E+009,-1.325665623880923E-003,8.587032061768696E-005,-1.323257572948933E-003,1.198720419779420E-004,
2.496233333333334E+009,-1.317035173997283E-003,1.178182501462288E-004,-1.326019177213311E-003,1.490986614953727E-004,
2.496266666666667E+009,-1.264405436813831E-003,1.370963145745918E-004,-1.265712315216661E-003,1.678239350439981E-004,
2.496300000000000E+009,-1.275770482607186E-003,1.856561721069738E-004,-1.259988988749683E-003,2.411790919722989E-004,
2.496333333333334E+009,-1.275418326258659E-003,2.845032431650907E-004,-1.306940335780382E-003,3.158687322866172E-004,
2.496366666666667E+009,-1.207365537993610E-003,2.991304208990187E-004,-1.228318666107953E-003,3.267711144872010E-004,
2.496400000000000E+009,-1.226346008479595E-003,3.367498284205794E-004,-1.193585572764278E-003,3.733003104571253E-004,
2.496433333333334E+009,-1.242043217644095E-003,3.591502609197050E-004,-1.222913851961494E-003,3.627277910709381E-004,
2.496466666666667E+009,-1.194064621813595E-003,3.905044286511838E-004,-1.233807532116771E-003,3.872749512083828E-004,
2.496500000000000E+009,-1.277569681406021E-003,4.345733032096177E-004,-1.163972890935838E-003,4.549599252641201E-004,
2.496533333333334E+009,-1.154804369434714E-003,4.253188380971551E-004,-1.201052917167544E-003,4.717976553365588E-004,
2.496566666666667E+009,-1.171758398413658E-003,4.988136352039874E-004,-1.135387457907200E-003,5.369420396164060E-004,
2.496600000000000E+009,-1.119120628573000E-003,5.939283873885870E-004,-1.144118956290186E-003,5.566143081523478E-004,
2.496633333333334E+009,-1.169362687505782E-003,5.871425382792950E-004,-1.162234577350318E-003,6.104013882577419E-004,
2.496666666666667E+009,-1.114359474740923E-003,5.578137352131307E-004,-1.098703243769705E-003,6.693293107673526E-004,
2.496700000000000E+009,-1.119455904699862E-003,6.493373075500131E-004,-1.134810969233513E-003,6.368221365846694E-004,
2.496733333333334E+009,-1.126009039580822E-003,6.928379880264401E-004,-1.094882143661380E-003,6.618560291826725E-004,
2.496766666666667E+009,-1.096726977266371E-003,6.706222193315625E-004,-1.115265185944736E-003,6.697422941215336E-004,
2.496800000000000E+009,-1.033219858072698E-003,7.536838529631496E-004,-1.034435001201928E-003,7.353617111220956E-004,
2.496833333333334E+009,-1.028030063025653E-003,7.349334773607552E-004,-9.891771478578448E-004,7.150392630137503E-004,
2.496866666666667E+009,-9.765701834112406E-004,7.750148652121425E-004,-9.748145821504295E-004,7.799507002346218E-004,
2.496900000000000E+009,-9.955666027963162E-004,8.235696586780250E-004,-9.532700059935451E-004,7.897433242760599E-004,
2.496933333333334E+009,-9.035939583554864E-004,8.779093623161316E-004,-9.298727381974459E-004,8.817337220534682E-004,
2.496966666666667E+009,-8.826798875816166E-004,8.756602765060961E-004,-9.083757759071887E-004,8.931934135034680E-004,
2.497000000000000E+009,-8.681984036229551E-004,8.708352688699961E-004,-9.156167507171631E-004,8.544824668206275E-004,
2.497033333333334E+009,-8.668227237649262E-004,9.898429270833731E-004,-8.288882672786713E-004,9.767737938091159E-004,
2.497066666666667E+009,-8.299186010845006E-004,9.405902237631381E-004,-8.356772596016526E-004,9.623534278944135E-004,
2.497100000000000E+009,-7.567255524918437E-004,1.012085820548236E-003,-8.034328348003328E-004,9.809576440602541E-004,
2.497133333333334E+009,-8.525924058631063E-004,9.899917058646679E-004,-7.978905923664570E-004,1.036377740092576E-003,
2.497166666666667E+009,-7.647827733308077E-004,1.017438247799873E-003,-7.314528920687735E-004,1.055939123034477E-003,
2.497200000000000E+009,-7.396297878585756E-004,1.021603238768876E-003,-7.566869026049972E-004,1.080294721759856E-003,
2.497233333333334E+009,-7.211822085082531E-004,1.099657616578043E-003,-6.989756366237998E-004,1.117000472731888E-003,
2.497266666666667E+009,-6.687904242426157E-004,1.105453469790518E-003,-6.383793661370874E-004,1.112215803004801E-003,
2.497300000000000E+009,-6.408836925402284E-004,1.105779549106956E-003,-5.715669831261039E-004,1.187002984806895E-003,
2.497333333333334E+009,-5.928124883212149E-004,1.197895384393632E-003,-5.798713536933065E-004,1.171914627775550E-003,
2.497366666666667E+009,-5.287122330628336E-004,1.164138200692833E-003,-5.908908788114786E-004,1.159506617113948E-003,
2.497400000000000E+009,-5.313290748745203E-004,1.215192489326000E-003,-5.030903266742826E-004,1.159867504611611E-003,
2.497433333333334E+009,-4.964442341588438E-004,1.180108636617661E-003,-4.962149541825056E-004,1.244861399754882E-003,
2.497466666666667E+009,-4.423930949997157E-004,1.179308746941388E-003,-4.179662209935486E-004,1.189856557175517E-003,
2.497500000000000E+009,-4.301907320041210E-004,1.210588845424354E-003,-4.317466518841684E-004,1.249246881343424E-003,
2.497533333333334E+009,-3.885077312588692E-004,1.217091339640319E-003,-3.560242766980082E-004,1.263100653886795E-003,
2.497566666666667E+009,-3.749404859263450E-004,1.232534414157271E-003,-3.294732014182955E-004,1.288959640078247E-003,
2.497600000000000E+009,-2.976726682391018E-004,1.291781663894653E-003,-2.712632413022220E-004,1.282336656004190E-003,
2.497633333333334E+009,-2.033474738709629E-004,1.322598662227392E-003,-2.343371161259711E-004,1.324185286648572E-003,
2.497666666666667E+009,-2.076776727335528E-004,1.299614785239101E-003,-1.972540194401518E-004,1.284841098822653E-003,
2.497700000000000E+009,-2.054960641544312E-004,1.302442979067564E-003,-1.880371564766392E-004,1.307933707721531E-003,
2.497733333333334E+009,-1.683793379925191E-004,1.319858129136264E-003,-1.326658239122480E-004,1.281376578845084E-003,
2.497766666666667E+009,-8.275355503428727E-005,1.311146421357989E-003,-1.126903152908199E-004,1.301748096011579E-003,
2.497800000000000E+009,6.794149953748274E-007,1.276628463529050E-003,-6.250906153582037E-005,1.335322158411145E-003,
2.497833333333334E+009,1.570206768519711E-005,1.319840434007347E-003,-6.212978769326583E-005,1.328060054220259E-003,
2.497866666666667E+009,4.617740614776267E-006,1.308461651206017E-003,3.926868885173462E-005,1.327779726125300E-003,
2.497900000000000E+009,4.531966260401532E-005,1.359951216727495E-003,7.356741843977943E-005,1.300723990425468E-003,
2.497933333333334E+009,8.730150875635445E-005,1.294677145779133E-003,1.456612080801278E-004,1.309333718381822E-003,
2.497966666666667E+009,1.568351581227034E-004,1.352493767626584E-003,1.318673748755828E-004,1.289986772462726E-003,
2.498000000000000E+009,2.027423179242760E-004,1.311686472035945E-003,2.267856762045994E-004,1.296593924053013E-003,
2.498033333333334E+009,2.299903135281056E-004,1.251368666999042E-003,1.634405925869942E-004,1.306558260694146E-003,
2.498066666666667E+009,3.217532939743251E-004,1.235428149811924E-003,2.634558477438986E-004,1.300667761825025E-003,
2.498100000000000E+009,3.443877503741533E-004,1.289796084165573E-003,3.142018977086991E-004,1.278183539398015E-003,
2.498133333333334E+009,3.177798353135586E-004,1.243787351995707E-003,3.450139192864299E-004,1.259153243154287E-003,
2.498166666666667E+009,3.219213394913822E-004,1.224498031660914E-003,3.920829039998353E-004,1.261237659491599E-003,
2.498200000000000E+009,4.378345329314470E-004,1.271641580387950E-003,4.120193771086633E-004,1.267223502509296E-003,
2.498233333333334E+009,4.295685212127864E-004,1.214915886521339E-003,5.076680681668222E-004,1.169483293779194E-003,
2.498266666666667E+009,4.602803674060851E-004,1.211035880260170E-003,5.073025822639465E-004,1.251383218914270E-003,
2.498300000000000E+009,5.433371406979859E-004,1.168309012427926E-003,5.656202556565404E-004,1.225413288921118E-003,
2.498333333333334E+009,5.226888461038470E-004,1.174181699752808E-003,5.772539880126715E-004,1.187792629934847E-003,
2.498366666666667E+009,5.679349415004253E-004,1.163065317086875E-003,5.840138765051961E-004,1.134775578975678E-003,
2.498400000000000E+009,6.867364281788468E-004,1.109095755964518E-003,6.432947702705860E-004,1.142289373092353E-003,
2.498433333333334E+009,6.432188674807549E-004,1.105022965930402E-003,6.973626441322267E-004,1.128063653595746E-003,
2.498466666666667E+009,7.697796099819243E-004,1.185714849270880E-003,7.395890424959362E-004,1.117062289267778E-003,
2.498500000000000E+009,7.360775489360094E-004,1.091324025765061E-003,7.524254615418613E-004,1.072666491381824E-003,
2.498533333333334E+009,7.698372355662286E-004,1.084351446479559E-003,8.002130780369043E-004,1.039706985466182E-003,
2.498566666666667E+009,8.327382965944707E-004,1.041968585923314E-003,8.037060615606606E-004,9.742565453052521E-004,
2.498600000000000E+009,8.545832242816687E-004,9.440300636924803E-004,8.936480153352022E-004,9.943563491106033E-004,
2.498633333333334E+009,8.922352571971715E-004,1.024968572892249E-003,8.905103313736618E-004,9.581220219843090E-004,
2.498666666666667E+009,8.918988169170916E-004,9.428416378796101E-004,8.983219158835709E-004,9.801888372749090E-004,
2.498700000000000E+009,9.228135459125042E-004,9.136315202340484E-004,9.203706867992878E-004,9.256211924366653E-004,
2.498733333333334E+009,9.773672791197896E-004,8.885830175131559E-004,9.678996866568923E-004,8.814589236862958E-004,
2.498766666666667E+009,9.999126195907593E-004,9.141886839643121E-004,1.017560367472470E-003,8.489593164995313E-004,
2.498800000000000E+009,1.043405150994659E-003,8.427267312072218E-004,1.043234369717538E-003,8.702413178980351E-004,
2.498833333333334E+009,1.017847331240773E-003,8.024371345527470E-004,1.056648674421012E-003,7.930538849905133E-004,
2.498866666666667E+009,1.077729277312756E-003,7.914416491985321E-004,1.065796241164208E-003,7.371836691163480E-004,
2.498900000000000E+009,1.057519693858922E-003,7.566277054138482E-004,1.141619402915239E-003,7.675699307583273E-004,
2.498933333333334E+009,1.156200305558741E-003,6.650075083598495E-004,1.147163566201925E-003,6.837167311459780E-004,
2.498966666666667E+009,1.131018274463713E-003,6.233279127627611E-004,1.132449368014932E-003,6.521473405882716E-004,
2.499000000000000E+009,1.207041437737644E-003,6.248573190532625E-004,1.114419312216342E-003,5.898481467738748E-004,
2.499033333333334E+009,1.167277339845896E-003,6.121490150690079E-004,1.183244399726391E-003,5.913748755119741E-004,
2.499066666666667E+009,1.158242695964873E-003,5.674925632774830E-004,1.165115390904248E-003,5.404213443398476E-004,
2.499100000000000E+009,1.267625018954277E-003,5.612681270577014E-004,1.198347075842321E-003,4.941432271152735E-004,
2.499133333333334E+009,1.264364924281836E-003,4.721759469248354E-004,1.227383851073682E-003,4.263410228304565E-004,
2.499166666666667E+009,1.238400232978165E-003,3.987095551565290E-004,1.261570258066058E-003,4.439959884621203E-004,
2.499200000000000E+009,1.264793216250837E-003,3.855962422676384E-004,1.295336405746639E-003,3.812650975305587E-004,
2.499233333333334E+009,1.318297465331852E-003,3.597514878492802E-004,1.299896859563887E-003,3.567698586266488E-004,
2.499266666666667E+009,1.294651534408331E-003,2.878580999094993E-004,1.328840851783752E-003,3.181202337145805E-004,
2.499300000000000E+009,1.254410133697093E-003,2.430440072203055E-004,1.226644380949438E-003,2.286069502588362E-004,
2.499333333333334E+009,1.329158665612340E-003,2.853367477655411E-004,1.333447638899088E-003,2.477030502632260E-004,
2.499366666666667E+009,1.325470861047506E-003,2.052942145382986E-004,1.318137627094984E-003,2.230369282187894E-004,
2.499400000000000E+009,1.314946217462421E-003,1.420453336322680E-004,1.277097966521978E-003,1.821286714402959E-004,
2.499433333333334E+009,1.303413067944348E-003,5.831195448990911E-005,1.291265478357673E-003,1.084642208297737E-004,
2.499466666666667E+009,1.279060961678624E-003,5.249058449408040E-005,1.277891802601516E-003,1.187742382171564E-004,
2.499500000000000E+009,1.314138411544263E-003,4.922560765407980E-005,1.308630686253309E-003,2.214447522419505E-005,
2.499533333333334E+009,1.285514794290066E-003,-1.054599397320999E-005,1.360264141112566E-003,1.341337156191003E-005,
2.499566666666667E+009,1.297188224270940E-003,-4.881285713054240E-005,1.329633407294750E-003,-6.741430843248963E-005,
2.499600000000000E+009,1.326979836449027E-003,-1.148404771811329E-004,1.329458551481366E-003,-1.957623753696680E-004,
2.499633333333334E+009,1.310777617618442E-003,-1.508035493316129E-004,1.297647831961513E-003,-1.705084432614967E-004,
2.499666666666667E+009,1.285767299123108E-003,-1.635560474824160E-004,1.293530571274459E-003,-2.168908686144278E-004,
2.499700000000000E+009,1.264977850951254E-003,-2.012462646234781E-004,1.275746733881533E-003,-1.884516532300040E-004,
2.499733333333334E+009,1.264813239686191E-003,-2.968821499962360E-004,1.224842271767557E-003,-2.509303740225732E-004,
2.499766666666667E+009,1.231958740390837E-003,-2.873727062251419E-004,1.236810931004584E-003,-2.860399836208671E-004,
2.499800000000000E+009,1.256813644431531E-003,-3.346010053064674E-004,1.200187834911048E-003,-3.490091767162085E-004,
2.499833333333334E+009,1.202927436679602E-003,-3.942284092772752E-004,1.255135051906109E-003,-3.684835974127054E-004,
2.499866666666667E+009,1.177833531983197E-003,-4.061467188876122E-004,1.236218726262450E-003,-4.653933865483850E-004,
2.499900000000000E+009,1.180399209260941E-003,-4.829531535506249E-004,1.226902357302606E-003,-4.403327184263617E-004,
2.499933333333334E+009,1.139625790528953E-003,-4.834174760617316E-004,1.251006149686873E-003,-4.783433978445828E-004,
2.499966666666667E+009,1.125691109336913E-003,-5.720502813346684E-004,1.137515995651484E-003,-5.432499456219375E-004,
2.500000000000000E+009,1.164074870757759E-003,-5.638743750751019E-004,1.140453969128430E-003,-5.523120053112507E-004,
