% Version 1.00
%
%freq[Hz];re:Trc1_S21;im:Trc1_S21;re:Trc2_S12;im:Trc2_S12;
2.480000000000000E+009,2.761616487987340E-004,-1.100629451684654E-003,2.769060665741563E-004,-1.058328547514975E-003,
2.480033333333334E+009,2.532542275730521E-004,-1.133339945226908E-003,3.106110962107778E-004,-1.055914559401572E-003,
2.480066666666667E+009,1.976490311790258E-004,-1.120612607337534E-003,1.904061646200717E-004,-1.132564037106931E-003,
2.480100000000000E+009,2.418418735032901E-004,-1.173163880594075E-003,1.906314282678068E-004,-1.096360385417938E-003,
2.480133333333334E+009,1.934794854605570E-004,-1.111945020966232E-003,1.273103553103283E-004,-1.143711851909757E-003,
2.480166666666667E+009,9.221609070664272E-005,-1.092722290195525E-003,1.400530891260132E-004,-1.109222648665309E-003,
2.480200000000000E+009,4.843794522457756E-005,-1.141246641054750E-003,8.566778706153855E-005,-1.114833401516080E-003,
2.480233333333334E+009,6.071081224945374E-005,-1.096855499781668E-003,7.550226291641593E-005,-1.103027141653001E-003,
2.480266666666667E+009,2.832417885656469E-005,-1.156505313701928E-003,3.674464460345917E-005,-1.101721427403390E-003,
2.480300000000000E+009,-5.788186172139831E-005,-1.091685378924012E-003,6.151165962364757E-006,-1.125266659073532E-003,
2.480333333333334E+009,-7.540624937973917E-005,-1.146224793046713E-003,-5.248116576694883E-005,-1.090609235689044E-003,
2.480366666666667E+009,-7.387625373667106E-005,-1.115334336645901E-003,-1.111236415454187E-004,-1.140104955993593E-003,
2.480400000000000E+009,-9.966246580006555E-005,-1.092980150133371E-003,-1.585591526236385E-004,-1.122399698942900E-003,
2.480433333333334E+009,-1.626758166821674E-004,-1.100797206163406E-003,-1.311106898356229E-004,-1.122163725085557E-003,
2.480466666666667E+009,-1.543619437143207E-004,-1.109601464122534E-003,-1.594519126228988E-004,-1.163025503046811E-003,
2.480500000000000E+009,-2.419513912172988E-004,-1.080042449757457E-003,-2.102360886055976E-004,-1.153766759671271E-003,
2.480533333333334E+009,-2.274340658914298E-004,-1.115272403694689E-003,-2.329110720893368E-004,-1.052271691150963E-003,
2.480566666666667E+009,-2.438510855427012E-004,-1.072865328751504E-003,-2.597325365059078E-004,-1.054267748259008E-003,
2.480600000000000E+009,-2.761283249128610E-004,-1.038226415403187E-003,-2.526989264879376E-004,-1.046129735186696E-003,
2.480633333333334E+009,-2.989210770465434E-004,-1.099034096114337E-003,-3.371180209796876E-004,-9.948674123734236E-004,
2.480666666666667E+009,-3.628422564361244E-004,-1.051311031915247E-003,-4.044681845698506E-004,-1.051604049280286E-003,
2.480700000000000E+009,-3.753550117835403E-004,-1.017483999021351E-003,-3.602737269829959E-004,-1.030485378578305E-003,
2.480733333333334E+009,-4.486443067435175E-004,-1.011675805784762E-003,-4.180704418104142E-004,-9.813884971663356E-004,
2.480766666666667E+009,-4.581201064866036E-004,-1.004517660476267E-003,-4.446417151484639E-004,-1.020099502056837E-003,
2.480800000000000E+009,-4.584412672556937E-004,-9.919834556058049E-004,-5.153308738954365E-004,-1.018770970404148E-003,
2.480833333333334E+009,-5.085280863568187E-004,-9.801795240491629E-004,-5.016357754357159E-004,-9.464398608542979E-004,
2.480866666666667E+009,-5.716732121072710E-004,-9.601846686564386E-004,-5.733183352276683E-004,-9.294195333495736E-004,
2.480900000000000E+009,-5.570903304032981E-004,-9.469526121392846E-004,-5.513246287591755E-004,-9.585566585883498E-004,
2.480933333333334E+009,-5.417768843472004E-004,-9.057919960469008E-004,-5.769773270003498E-004,-9.187870891764760E-004,
2.480966666666667E+009,-5.977691616863012E-004,-9.034841787070036E-004,-6.067790673114359E-004,-9.132438572123647E-004,
2.481000000000000E+009,-5.979733541607857E-004,-9.070994565263391E-004,-6.049789953976870E-004,-9.310957393608987E-004,
2.481033333333334E+009,-6.183443474583328E-004,-8.469612803310156E-004,-6.482501630671322E-004,-8.957750978879631E-004,
2.481066666666667E+009,-6.743854028172791E-004,-8.977848920039833E-004,-6.690041045658290E-004,-9.425891912542284E-004,
2.481100000000000E+009,-6.804052391089499E-004,-8.603652240708470E-004,-6.850496865808964E-004,-8.195615955628455E-004,
2.481133333333334E+009,-7.161629037000239E-004,-8.195710834115744E-004,-7.979747606441379E-004,-8.157777483575046E-004,
2.481166666666667E+009,-6.987319211475551E-004,-7.994704646989703E-004,-7.191541953943670E-004,-7.923777448013425E-004,
2.481200000000000E+009,-7.655005902051926E-004,-7.692474173381925E-004,-8.069793693721294E-004,-7.513555465266109E-004,
2.481233333333334E+009,-7.328840438276529E-004,-7.680531125515699E-004,-7.498483173549175E-004,-7.579683442600071E-004,
2.481266666666667E+009,-8.310695411637425E-004,-7.259030244313180E-004,-8.062609122134745E-004,-7.234294898808003E-004,
2.481300000000000E+009,-8.169445209205151E-004,-7.145118433982134E-004,-8.023053524084389E-004,-6.822127616032958E-004,
2.481333333333334E+009,-8.409680449403822E-004,-6.546691874973476E-004,-8.051857585087419E-004,-6.615854217670858E-004,
2.481366666666667E+009,-8.353124721907079E-004,-6.486104102805257E-004,-8.419557707384229E-004,-6.101470789872110E-004,
2.481400000000000E+009,-9.189488482661545E-004,-6.059416919015348E-004,-9.555516880936921E-004,-6.429310888051987E-004,
2.481433333333334E+009,-8.838120265863836E-004,-5.627476493827999E-004,-9.148874669335783E-004,-6.078178412280977E-004,
2.481466666666667E+009,-8.905801805667579E-004,-5.289421533234417E-004,-9.224234963767231E-004,-5.978902336210012E-004,
2.481500000000000E+009,-9.265804546885192E-004,-5.796768236905336E-004,-9.201549110002816E-004,-4.745649639517069E-004,
2.481533333333334E+009,-9.208899573422968E-004,-5.457922816276550E-004,-9.342301054857671E-004,-5.195240373723209E-004,
2.481566666666667E+009,-9.616288007237017E-004,-4.829464596696198E-004,-9.672361193224788E-004,-4.217221867293119E-004,
2.481600000000000E+009,-9.593012509867549E-004,-4.539422807283700E-004,-9.949877858161926E-004,-4.682354338001460E-004,
2.481633333333334E+009,-1.065249089151621E-003,-4.429732798598707E-004,-9.894181275740266E-004,-4.164549754932523E-004,
2.481666666666667E+009,-9.861948201432824E-004,-3.904378972947598E-004,-1.039322698488832E-003,-4.390158865135163E-004,
2.481700000000000E+009,-9.444123716093600E-004,-3.662215603981167E-004,-1.014411100186408E-003,-3.935044223908335E-004,
2.481733333333334E+009,-1.008813269436359E-003,-3.323858836665750E-004,-1.000397955067456E-003,-3.586669627111405E-004,
2.481766666666667E+009,-1.029166276566684E-003,-2.822239766828716E-004,-1.047789235599339E-003,-3.279793309047818E-004,
2.481800000000000E+009,-1.073685591109097E-003,-2.747812250163406E-004,-1.023484044708312E-003,-2.517757820896804E-004,
2.481833333333334E+009,-1.035297405906022E-003,-2.474042994435877E-004,-1.038563787005842E-003,-2.264269132865593E-004,
2.481866666666667E+009,-1.052826293744147E-003,-2.519229601603001E-004,-1.035468420013785E-003,-1.796301512513310E-004,
2.481900000000000E+009,-1.079099019989371E-003,-1.982856920221821E-004,-1.062022638507187E-003,-1.793128321878612E-004,
2.481933333333334E+009,-1.063530216924846E-003,-1.935359905473888E-004,-1.039253431372345E-003,-1.983703259611502E-004,
2.481966666666667E+009,-1.056680106557906E-003,-1.799473975552246E-004,-1.043619122356176E-003,-1.116782004828565E-004,
2.482000000000000E+009,-1.054203603416681E-003,-7.520848157582805E-005,-1.104153576306999E-003,-1.452839060220867E-004,
2.482033333333334E+009,-1.073671039193869E-003,-1.339604787062854E-004,-1.073427498340607E-003,-5.460008833324537E-005,
2.482066666666667E+009,-1.083803246729076E-003,-1.240460260305554E-004,-1.082355156540871E-003,3.734403071575798E-005,
2.482100000000000E+009,-1.131796161644161E-003,-2.222532384621445E-005,-1.036358997225761E-003,-3.552262933226302E-005,
2.482133333333334E+009,-1.012260559946299E-003,-1.341789720754605E-005,-1.064163865521550E-003,8.439164048468228E-006,
2.482166666666667E+009,-1.083153532817960E-003,8.289534162031487E-005,-1.102076261304319E-003,6.064078479539603E-005,
2.482200000000000E+009,-1.008389052003622E-003,9.033098467625678E-005,-1.042748917825520E-003,9.283646068070084E-005,
2.482233333333334E+009,-1.057104323990643E-003,1.539343647891656E-004,-1.081689144484699E-003,7.230268965940923E-005,
2.482266666666667E+009,-1.067765522748232E-003,1.379623427055776E-004,-1.073552062734962E-003,1.206564556923695E-004,
2.482300000000000E+009,-1.083313371054828E-003,1.322334574069828E-004,-1.052352250553668E-003,1.375369320157915E-004,
2.482333333333334E+009,-1.037611626088619E-003,1.560038654133678E-004,-1.055066939443350E-003,2.451075997669250E-004,
2.482366666666667E+009,-1.087581971660256E-003,2.090319321723655E-004,-1.041038194671273E-003,2.323136432096362E-004,
2.482400000000000E+009,-1.013815170153976E-003,2.352697338210419E-004,-1.047820551320911E-003,2.440290409140289E-004,
2.482433333333334E+009,-1.053093350492418E-003,2.645333879627287E-004,-1.048869220539928E-003,3.036650596186519E-004,
2.482466666666667E+009,-9.983227355405688E-004,2.384336839895695E-004,-1.006244332529604E-003,3.602291399147362E-004,
2.482500000000000E+009,-9.813738288357854E-004,3.106723015662283E-004,-9.919930016621947E-004,2.759847557172179E-004,
2.482533333333334E+009,-1.000663265585899E-003,3.244281979277730E-004,-1.030020415782929E-003,3.683830145746470E-004,
2.482566666666667E+009,-9.766233852133155E-004,3.947454097215086E-004,-9.969533421099186E-004,3.687377902679145E-004,
2.482600000000000E+009,-9.901943849399686E-004,4.093778261449188E-004,-9.379892726428807E-004,4.269389319233596E-004,
2.482633333333334E+009,-9.490483207628131E-004,4.430655972100794E-004,-9.862039005383849E-004,4.498949565459043E-004,
2.482666666666667E+009,-1.010680687613785E-003,4.846413503400981E-004,-1.023564720526338E-003,4.703557642642409E-004,
2.482700000000000E+009,-9.584372164681554E-004,4.650056362152100E-004,-9.973455453291535E-004,5.165532929822803E-004,
2.482733333333334E+009,-9.709682781249285E-004,5.186415510252118E-004,-9.956102585420013E-004,5.057253874838352E-004,
2.482766666666667E+009,-9.987083030864596E-004,5.608566571027041E-004,-9.440828580409288E-004,5.049437750130892E-004,
2.482800000000000E+009,-9.660825598984957E-004,6.110171088948846E-004,-9.266148554161191E-004,5.874158814549446E-004,
2.482833333333334E+009,-8.930898620747030E-004,5.931524792686105E-004,-8.846616838127375E-004,6.921981112100184E-004,
2.482866666666667E+009,-8.627956849522889E-004,5.849581211805344E-004,-8.590218494646251E-004,6.058862200006843E-004,
2.482900000000000E+009,-8.370939758606255E-004,6.455473485402763E-004,-8.172394009307027E-004,6.739729433320463E-004,
2.482933333333334E+009,-8.245334611274302E-004,6.819656700827181E-004,-7.978184148669243E-004,7.312902016565204E-004,
2.482966666666667E+009,-8.801128133200109E-004,6.881023873575032E-004,-8.123112493194640E-004,7.030204869806767E-004,
2.483000000000000E+009,-7.900261553004384E-004,7.400693721137941E-004,-7.805450004525483E-004,7.307881023734808E-004,
2.483033333333334E+009,-7.400266476906836E-004,7.592295878566802E-004,-7.240762934088707E-004,7.788873044773936E-004,
2.483066666666667E+009,-7.886198582127690E-004,7.921264623291791E-004,-7.212402415461838E-004,8.070521289482713E-004,
2.483100000000000E+009,-7.259615231305361E-004,7.966494304127991E-004,-7.058666669763625E-004,7.544510299339891E-004,
2.483133333333334E+009,-6.866804324090481E-004,8.349431445822120E-004,-7.301592850126326E-004,8.145963656716049E-004,
2.483166666666667E+009,-6.230051512829959E-004,8.391274022869766E-004,-6.992246489971876E-004,8.676348370499909E-004,
2.483200000000000E+009,-6.241145310923457E-004,8.072629570960999E-004,-6.820815615355969E-004,8.687324589118362E-004,
2.483233333333334E+009,-6.371177732944489E-004,9.228694834746420E-004,-6.769112660549581E-004,8.610382792539895E-004,
2.483266666666667E+009,-5.683841882273555E-004,8.779158815741539E-004,-6.353753269650042E-004,9.256572229787707E-004,
2.483300000000000E+009,-5.759612540714443E-004,9.234162280336022E-004,-5.567607004195452E-004,9.418491390533745E-004,
2.483333333333334E+009,-5.877490038983524E-004,9.320479002781212E-004,-5.481971893459559E-004,9.436904219910502E-004,
2.483366666666667E+009,-5.476907244883478E-004,9.329809690825641E-004,-5.153618985787034E-004,9.878148557618260E-004,
2.483400000000000E+009,-5.055444198660553E-004,9.885013569146395E-004,-5.436897627077997E-004,9.856036631390452E-004,
2.483433333333334E+009,-5.127520998939872E-004,1.010589068755508E-003,-4.787630750797689E-004,1.031712628901005E-003,
2.483466666666667E+009,-4.522903182078153E-004,9.773788042366505E-004,-4.309163778088987E-004,9.855444077402353E-004,
2.483500000000000E+009,-3.805166925303638E-004,1.081172958947718E-003,-3.703931288328022E-004,1.034482032991946E-003,
2.483533333333334E+009,-2.977367548737675E-004,1.050814287737012E-003,-3.799987316597253E-004,1.045938348397613E-003,
2.483566666666667E+009,-3.028391220141202E-004,1.031797844916582E-003,-3.446354239713401E-004,1.022919430397451E-003,
2.483600000000000E+009,-3.053972613997757E-004,1.072927727364004E-003,-2.865390561055392E-004,1.048508216626942E-003,
2.483633333333334E+009,-2.577979757916182E-004,1.041340758092701E-003,-2.482003474142402E-004,1.051684841513634E-003,
2.483666666666667E+009,-2.516149252187461E-004,1.054631662555039E-003,-3.068961959797889E-004,1.046448713168502E-003,
2.483700000000000E+009,-1.835350412875414E-004,1.009474624879658E-003,-2.349567075725645E-004,1.115557388402522E-003,
2.483733333333334E+009,-2.115042007062584E-004,1.033561071380973E-003,-1.882937795016915E-004,1.085270894691348E-003,
2.483766666666667E+009,-1.584532001288608E-004,1.054633874446154E-003,-1.173384662251920E-004,1.088993973098695E-003,
2.483800000000000E+009,-1.179605096695013E-004,1.065485179424286E-003,-1.582110999152064E-004,1.098862034268677E-003,
2.483833333333334E+009,-9.368736209580675E-005,1.106993877328932E-003,-1.044457967509516E-004,1.078219851478934E-003,
2.483866666666667E+009,-7.435036968672648E-005,1.068659476004541E-003,-1.114093684009276E-004,1.150917378254235E-003,
2.483900000000000E+009,-6.961995677556843E-005,1.121482113376260E-003,-3.626806574175134E-005,1.086940406821668E-003,
2.483933333333334E+009,-5.140156645211391E-005,1.115367165766656E-003,-6.653049240412656E-006,1.090751960873604E-003,
2.483966666666667E+009,2.802728522510734E-005,1.082820584997535E-003,6.122053036961006E-006,1.145448302850127E-003,
2.484000000000000E+009,3.505970016703941E-005,1.112008700147271E-003,2.600540938146878E-005,1.097956905141473E-003,
2.484033333333334E+009,1.192139534396119E-004,1.115181483328342E-003,1.038307455019094E-004,1.112004159949720E-003,
2.484066666666667E+009,9.019050776259974E-005,1.186140696518123E-003,1.198019162984565E-004,1.085525378584862E-003,
2.484100000000000E+009,5.685662108589895E-005,1.135897240601480E-003,1.338464935543016E-004,1.135347294621170E-003,
2.484133333333334E+009,1.490719587309286E-004,1.096938387490809E-003,1.366952055832371E-004,1.130987307988107E-003,
2.484166666666667E+009,1.536039490019903E-004,1.107843592762947E-003,2.065669832518324E-004,1.117252861149609E-003,
2.484200000000000E+009,2.257258165627718E-004,1.119264983572066E-003,2.649824018590152E-004,1.091921003535390E-003,
2.484233333333334E+009,2.932076458819211E-004,1.082734321244061E-003,2.602652530185878E-004,1.084834337234497E-003,
2.484266666666667E+009,2.657709992490709E-004,1.050368067808449E-003,2.819789806380868E-004,1.056907465681434E-003,
2.484300000000000E+009,3.425430040806532E-004,1.065596123225987E-003,3.488149377517402E-004,1.072003971785307E-003,
2.484333333333334E+009,3.688740835059434E-004,1.087518874555826E-003,3.460497537162155E-004,1.081752590835095E-003,
2.484366666666667E+009,3.638565249275416E-004,1.083491835743189E-003,4.241155111230910E-004,1.056473585776985E-003,
2.484400000000000E+009,3.934768901672214E-004,1.038227113895118E-003,4.099336510989815E-004,1.051850616931915E-003,
2.484433333333334E+009,4.298416024539620E-004,1.044207485392690E-003,4.768587823491544E-004,1.102535286918283E-003,
2.484466666666667E+009,4.434360307641327E-004,1.028520520776510E-003,5.477449740283191E-004,1.037384150549769E-003,
2.484500000000000E+009,5.261946353130043E-004,1.050587743520737E-003,5.313029396347702E-004,9.424070594832301E-004,
2.484533333333334E+009,5.299983895383775E-004,9.524304186925292E-004,5.489627947099507E-004,9.659634670242667E-004,
2.484566666666667E+009,5.277679883874953E-004,9.169672266580164E-004,5.487722810357809E-004,9.833637159317732E-004,
2.484600000000000E+009,5.990965873934329E-004,9.786494774743915E-004,6.630110437981784E-004,8.747734827920795E-004,
2.484633333333334E+009,6.516909925267100E-004,9.670752333477140E-004,6.108075031079352E-004,9.072194225154817E-004,
2.484666666666667E+009,6.551669212058187E-004,9.197127074003220E-004,6.689699948765338E-004,9.241697844117880E-004,
2.484700000000000E+009,7.047358085401356E-004,8.336727041751146E-004,7.223842549137771E-004,8.351069991476834E-004,
2.484733333333334E+009,6.924053886905313E-004,8.663265616632998E-004,7.612883928231895E-004,8.372194133698940E-004,
2.484766666666667E+009,7.451835554093123E-004,8.476176299154759E-004,7.433501887135208E-004,8.509895997121930E-004,
2.484800000000000E+009,8.270486141555011E-004,8.207063074223697E-004,7.781474268995225E-004,7.959619397297502E-004,
2.484833333333334E+009,7.788884686306119E-004,8.272734121419489E-004,7.684745360165834E-004,7.568642031401396E-004,
2.484866666666667E+009,8.017123909667134E-004,8.177411509677768E-004,8.145722676999867E-004,7.861146586947143E-004,
2.484900000000000E+009,8.145011379383504E-004,7.208422757685185E-004,7.914516027085483E-004,7.029075641185045E-004,
2.484933333333334E+009,8.366010733880103E-004,7.213849457912147E-004,8.672086405567825E-004,7.307663327082992E-004,
2.484966666666667E+009,8.768190746195614E-004,6.934730918146670E-004,8.435333729721606E-004,6.813349900767207E-004,
2.485000000000000E+009,8.709489484317601E-004,6.486294441856444E-004,8.840135997161269E-004,6.726005813106895E-004,
2.485033333333334E+009,9.142891503870487E-004,6.447930354624987E-004,9.536943398416042E-004,6.378031102940440E-004,
2.485066666666667E+009,9.277629433199763E-004,6.026440532878041E-004,9.316562791354954E-004,6.021079607307911E-004,
2.485100000000000E+009,9.459641878493130E-004,6.097190780565143E-004,9.732701000757515E-004,5.421648966148496E-004,
2.485133333333334E+009,1.016232534311712E-003,5.656188004650176E-004,1.014934852719307E-003,4.787209036294371E-004,
2.485166666666667E+009,1.001373631879687E-003,4.281842848286033E-004,1.009670784696937E-003,5.433841724880040E-004,
2.485200000000000E+009,1.013025641441345E-003,5.001096869818866E-004,1.015995861962438E-003,5.024436977691948E-004,
2.485233333333334E+009,1.002869219519198E-003,4.189091851003468E-004,1.011297805234790E-003,4.585220594890416E-004,
2.485266666666667E+009,1.078850007615984E-003,4.336506826803088E-004,1.084633753634989E-003,4.257092077750713E-004,
2.485300000000000E+009,9.991909610107541E-004,3.998972533736378E-004,1.046654186211526E-003,3.993532445747405E-004,
2.485333333333334E+009,9.969199309125543E-004,3.678323409985751E-004,1.050382037647069E-003,3.373190993443131E-004,
2.485366666666667E+009,1.063724397681654E-003,3.603003278840333E-004,1.061760005541146E-003,2.892913762480021E-004,
2.485400000000000E+009,1.156914862804115E-003,3.007862542290241E-004,1.036489265970886E-003,2.734589797910303E-004,
2.485433333333334E+009,1.140890875831246E-003,2.756081230472773E-004,1.101317349821329E-003,2.772434381768107E-004,
2.485466666666667E+009,1.064023817889392E-003,2.341382205486298E-004,1.083153532817960E-003,2.089812041958794E-004,
2.485500000000000E+009,1.154445693828166E-003,2.252937556477264E-004,1.147348433732987E-003,1.414794824086130E-004,
2.485533333333334E+009,1.099863671697676E-003,1.600123941898346E-004,1.074718195013702E-003,2.230683166999370E-004,
2.485566666666667E+009,1.104372553527355E-003,1.332778338110074E-004,1.091291895136237E-003,1.228694600285962E-004,
2.485600000000000E+009,1.143021974712610E-003,9.292458707932383E-005,1.123959897086024E-003,1.123666734201834E-004,
2.485633333333334E+009,1.175987883470953E-003,1.052757288562134E-004,1.152321696281433E-003,6.638824561377987E-005,
2.485666666666667E+009,1.179050654172897E-003,3.731420656549744E-005,1.112500438466668E-003,7.023496436886489E-005,
2.485700000000000E+009,1.108890050090849E-003,8.178331336239353E-005,1.146881026215851E-003,4.316068952903152E-005,
2.485733333333334E+009,1.118591055274010E-003,1.136571790993912E-005,1.191942952573299E-003,-1.618086344024050E-006,
2.485766666666667E+009,1.092416467145085E-003,-3.507921064738184E-005,1.202584244310856E-003,-3.696916564877029E-006,
2.485800000000000E+009,1.172106014564633E-003,-3.078274676227011E-005,1.180607825517654E-003,-7.574182382086292E-005,
2.485833333333334E+009,1.175797660835087E-003,-1.729497744236141E-004,1.150851370766759E-003,-7.699893467361108E-005,
2.485866666666667E+009,1.166175003163517E-003,-1.050728606060147E-004,1.197006669826806E-003,-9.127080556936562E-005,
2.485900000000000E+009,1.152516924776137E-003,-1.829882967285812E-004,1.157227903604507E-003,-2.053318021353334E-004,
2.485933333333334E+009,1.143118366599083E-003,-1.814285787986592E-004,1.134416437707841E-003,-1.926964905578643E-004,
2.485966666666667E+009,1.046049757860601E-003,-2.330733259441331E-004,1.137161860242486E-003,-2.207026700489223E-004,
2.486000000000000E+009,1.100984285585582E-003,-2.654858399182558E-004,1.125528477132320E-003,-2.737605827860534E-004,
2.486033333333334E+009,1.113195787183940E-003,-3.185359528288245E-004,1.099355402402580E-003,-2.935613447334617E-004,
2.486066666666667E+009,1.064571784809232E-003,-2.836481726262718E-004,1.099628861993551E-003,-3.395355306565762E-004,
2.486100000000000E+009,1.122815418057144E-003,-3.277032519690692E-004,1.121639157645404E-003,-3.252508176956326E-004,
2.486133333333334E+009,1.094133127480745E-003,-4.185149155091494E-004,1.075700740329921E-003,-4.003276990260929E-004,
2.486166666666667E+009,1.116050640121102E-003,-4.008171963505447E-004,1.025406527332962E-003,-4.002020577900112E-004,
2.486200000000000E+009,1.044271048158407E-003,-4.632176132872701E-004,1.064711250364780E-003,-4.584734269883484E-004,
2.486233333333334E+009,1.053806277923286E-003,-4.985950072295964E-004,1.002926612272859E-003,-4.903811495751143E-004,
2.486266666666667E+009,1.031500636599958E-003,-5.150727811269462E-004,1.030028448440135E-003,-5.379747017286718E-004,
2.486300000000000E+009,1.023831544443965E-003,-5.219749873504043E-004,9.923797333613038E-004,-5.279100150801241E-004,
2.486333333333334E+009,9.356665541417897E-004,-5.653127445839346E-004,9.582428028807044E-004,-5.792975425720215E-004,
2.486366666666667E+009,9.725005947984755E-004,-6.161664496175945E-004,9.467713534832001E-004,-5.899823736399412E-004,
2.486400000000000E+009,9.378113318234682E-004,-6.299539818428457E-004,9.165727533400059E-004,-6.402182043530047E-004,
2.486433333333334E+009,9.913446847349405E-004,-6.468109786510468E-004,9.241478401236236E-004,-6.635097670368850E-004,
2.486466666666667E+009,8.976072422228754E-004,-7.242765859700739E-004,8.778826449997723E-004,-7.232613279484212E-004,
2.486500000000000E+009,8.207110804505646E-004,-7.800386520102620E-004,8.847759454511106E-004,-7.604742422699928E-004,
2.486533333333334E+009,8.590196375735104E-004,-7.676164386793971E-004,8.363711531274021E-004,-7.534932810813189E-004,
2.486566666666667E+009,8.793037850409746E-004,-7.849909015931189E-004,8.316956227645278E-004,-7.656565867364407E-004,
2.486600000000000E+009,7.884678198024631E-004,-7.617038208991289E-004,8.060047985054553E-004,-7.960867369547486E-004,
2.486633333333334E+009,7.336257258430123E-004,-8.047457085922360E-004,7.543161045759916E-004,-8.440922247245908E-004,
2.486666666666667E+009,7.620270480401814E-004,-8.772437577135861E-004,7.936881738714874E-004,-8.454783819615841E-004,
2.486700000000000E+009,7.808561786077917E-004,-9.103033225983381E-004,7.306243642233312E-004,-8.343276567757130E-004,
2.486733333333334E+009,6.873933598399162E-004,-8.132949587889016E-004,7.025193772278726E-004,-9.205376263707876E-004,
2.486766666666667E+009,6.579010514542460E-004,-9.367734892293811E-004,6.715224590152502E-004,-9.151340927928686E-004,
2.486800000000000E+009,6.418725242838264E-004,-8.961734711192548E-004,6.711031892336905E-004,-9.467612835578620E-004,
2.486833333333334E+009,6.528852391056716E-004,-9.130119578912854E-004,6.185250822454691E-004,-9.589848341420293E-004,
2.486866666666667E+009,5.761431530117989E-004,-9.980498580262065E-004,6.239469512365758E-004,-9.680984076112509E-004,
2.486900000000000E+009,6.483616307377815E-004,-9.655950707383454E-004,5.954610533080995E-004,-9.860773570835590E-004,
2.486933333333334E+009,5.235138814896345E-004,-9.953236440196633E-004,5.530506605282426E-004,-1.010080915875733E-003,
2.486966666666667E+009,5.174359539523721E-004,-9.916819399222732E-004,5.603298777714372E-004,-1.005898346193135E-003,
2.487000000000000E+009,4.763492615893483E-004,-1.005116151645780E-003,4.965635016560555E-004,-1.056579640135169E-003,
2.487033333333334E+009,4.862291098106653E-004,-1.053983811289072E-003,4.642083949875087E-004,-1.094779232516885E-003,
2.487066666666667E+009,4.440709308255464E-004,-1.063170260749757E-003,4.213803913444281E-004,-1.063108327798545E-003,
2.487100000000000E+009,4.380860482342541E-004,-1.094391336664558E-003,3.851158835459501E-004,-1.037233043462038E-003,
2.487133333333334E+009,3.776960365939885E-004,-1.131280092522502E-003,3.872591187246144E-004,-1.100714434869587E-003,
2.487166666666667E+009,3.268728323746473E-004,-1.101737492717803E-003,3.466269990894944E-004,-1.111253513954580E-003,
2.487200000000000E+009,3.278103831689805E-004,-1.126221730373800E-003,2.882818225771189E-004,-1.120747067034245E-003,
2.487233333333334E+009,3.526590880937874E-004,-1.171878306195140E-003,2.859958331100643E-004,-1.133727841079235E-003,
2.487266666666667E+009,2.749415580183268E-004,-1.217773766256869E-003,2.493320207577199E-004,-1.135162543505430E-003,
2.487300000000000E+009,2.319288760190830E-004,-1.173549913801253E-003,2.254408318549395E-004,-1.140663167461753E-003,
2.487333333333334E+009,1.972155587282032E-004,-1.137129729613662E-003,1.869082771008834E-004,-1.165761146694422E-003,
2.487366666666667E+009,1.601769617991522E-004,-1.181698055006564E-003,1.357387372991070E-004,-1.183415413834155E-003,
2.487400000000000E+009,1.388453820254654E-004,-1.237469958141446E-003,1.411378179909661E-004,-1.170486910268664E-003,
2.487433333333334E+009,1.240290002897382E-004,-1.156747806817293E-003,1.351903920294717E-004,-1.157096237875521E-003,
2.487466666666667E+009,7.614969945279881E-005,-1.163119217380881E-003,3.523956183926202E-005,-1.208111876621842E-003,
2.487500000000000E+009,5.188521754462272E-005,-1.170369097962976E-003,-2.474532811902463E-005,-1.141907996498048E-003,
2.487533333333334E+009,3.431687218835577E-006,-1.178704551421106E-003,-1.790787223399093E-006,-1.146430382505059E-003,
2.487566666666667E+009,-1.749947659845930E-005,-1.201414270326495E-003,-3.087539153057151E-005,-1.192772528156638E-003,
2.487600000000000E+009,-3.470999581622891E-005,-1.182035543024540E-003,-9.344898717245087E-005,-1.202976331114769E-003,
2.487633333333334E+009,-1.632815838092938E-004,-1.212592353112996E-003,-1.090012156055309E-004,-1.161612570285797E-003,
2.487666666666667E+009,-1.621366973267868E-004,-1.159034203737974E-003,-1.698513369774446E-004,-1.213136594742537E-003,
2.487700000000000E+009,-2.054188516922295E-004,-1.165774534456432E-003,-1.835787552408874E-004,-1.121475361287594E-003,
2.487733333333334E+009,-1.888969563879073E-004,-1.125635229982436E-003,-1.614237553440034E-004,-1.146561349742115E-003,
2.487766666666667E+009,-1.757955615175888E-004,-1.152147538959980E-003,-2.492348139639944E-004,-1.147095346823335E-003,
2.487800000000000E+009,-2.701613702811301E-004,-1.176458667032421E-003,-2.582995512057096E-004,-1.138328341767192E-003,
2.487833333333334E+009,-3.486766654532403E-004,-1.128594041801989E-003,-2.694826980587095E-004,-1.126265036873519E-003,
2.487866666666667E+009,-3.075879940297455E-004,-1.119896420277655E-003,-3.704312257468700E-004,-1.158113591372967E-003,
2.487900000000000E+009,-3.815270902123302E-004,-1.129805459640920E-003,-4.200125404167920E-004,-1.123226713389158E-003,
2.487933333333334E+009,-4.433706053532660E-004,-1.130889635533094E-003,-4.227698955219239E-004,-1.076988293789327E-003,
2.487966666666667E+009,-4.567202122416347E-004,-1.073700957931578E-003,-4.240797134116292E-004,-1.070812460966408E-003,
2.488000000000000E+009,-4.792227991856635E-004,-1.067801495082676E-003,-4.532932071015239E-004,-1.020125811919570E-003,
2.488033333333334E+009,-4.981737583875656E-004,-1.028989907354116E-003,-4.737269191537052E-004,-1.042878138832748E-003,
2.488066666666667E+009,-5.506909801624715E-004,-1.038676127791405E-003,-5.842818645760417E-004,-1.045059179887176E-003,
2.488100000000000E+009,-6.263729301281273E-004,-9.987357771024108E-004,-5.905056023038924E-004,-1.037735957652330E-003,
2.488133333333334E+009,-6.196112954057753E-004,-1.006322563625872E-003,-6.256280466914177E-004,-1.045049517415464E-003,
2.488166666666667E+009,-6.647951086051762E-004,-9.548272355459631E-004,-6.424020975828171E-004,-9.546058136038482E-004,
2.488200000000000E+009,-7.011949201114476E-004,-9.947989601641893E-004,-6.601204513572156E-004,-9.968794183805585E-004,
2.488233333333334E+009,-7.274931995198131E-004,-9.353805799037218E-004,-6.880880100652576E-004,-9.828979382291436E-004,
2.488266666666667E+009,-7.158829248510301E-004,-9.525584755465388E-004,-7.640259573236108E-004,-9.064633050002158E-004,
2.488300000000000E+009,-7.388483500108123E-004,-9.222315275110304E-004,-7.369038648903370E-004,-8.545727469027042E-004,
2.488333333333334E+009,-7.394602871499956E-004,-9.113894193433225E-004,-8.264163043349981E-004,-8.858107612468302E-004,
2.488366666666667E+009,-8.046737057156861E-004,-8.902619592845440E-004,-8.124242303892970E-004,-8.534332737326622E-004,
2.488400000000000E+009,-8.483682177029550E-004,-8.805886609479785E-004,-8.575998945161700E-004,-8.072968339547515E-004,
2.488433333333334E+009,-8.555468521080911E-004,-7.964104879647493E-004,-8.671755203977227E-004,-8.335643215104938E-004,
2.488466666666667E+009,-9.114844724535942E-004,-8.083980064839125E-004,-8.857641369104385E-004,-8.036650833673775E-004,
2.488500000000000E+009,-8.379048667848110E-004,-7.604336133226752E-004,-9.015573305077851E-004,-7.706593023613095E-004,
2.488533333333334E+009,-9.383779834024608E-004,-7.589459419250488E-004,-9.483580943197012E-004,-7.297095144167543E-004,
2.488566666666667E+009,-1.021471573039889E-003,-7.124922121874988E-004,-9.857543045654893E-004,-7.478797924704850E-004,
2.488600000000000E+009,-9.674080065451562E-004,-6.314574857242405E-004,-9.786215377971530E-004,-7.221822743304074E-004,
2.488633333333334E+009,-9.954794077202678E-004,-7.552514434792101E-004,-1.007318613119423E-003,-7.015341543592513E-004,
2.488666666666667E+009,-1.020361552946270E-003,-6.490207742899656E-004,-1.061755116097629E-003,-6.829685298725963E-004,
2.488700000000000E+009,-9.991055121645331E-004,-6.160245975479484E-004,-1.003126148134470E-003,-6.241989322006702E-004,
2.488733333333334E+009,-1.052650390192866E-003,-5.346937105059624E-004,-1.057427492924035E-003,-6.095653516240418E-004,
2.488766666666667E+009,-1.082015689462423E-003,-5.956463282927871E-004,-1.067372155375779E-003,-5.568708875216544E-004,
2.488800000000000E+009,-1.133682206273079E-003,-5.608777864836156E-004,-1.042087213136256E-003,-5.321298376657069E-004,
2.488833333333334E+009,-1.167163718491793E-003,-4.732206289190799E-004,-1.123061287216842E-003,-4.437071911524981E-004,
2.488866666666667E+009,-1.126758870668709E-003,-4.608230083249509E-004,-1.132426550611854E-003,-4.769820370711386E-004,
2.488900000000000E+009,-1.181498402729631E-003,-4.392367554828525E-004,-1.203137100674212E-003,-4.541447560768575E-004,
2.488933333333334E+009,-1.182378735393286E-003,-3.507741785142571E-004,-1.156365266069770E-003,-3.779296821448952E-004,
2.488966666666667E+009,-1.172295305877924E-003,-3.332480846438557E-004,-1.235626987181604E-003,-3.629187413025647E-004,
2.489000000000000E+009,-1.193015254102647E-003,-3.411224170122296E-004,-1.215658383443952E-003,-3.637124609667808E-004,
2.489033333333334E+009,-1.256046816706657E-003,-2.773317100945860E-004,-1.303484430536628E-003,-3.100512840319425E-004,
2.489066666666667E+009,-1.224410021677613E-003,-2.709151594899595E-004,-1.202524756081402E-003,-2.388446009717882E-004,
2.489100000000000E+009,-1.216414151713252E-003,-2.057681704172865E-004,-1.218169229105115E-003,-1.669491612119600E-004,
2.489133333333334E+009,-1.257950789295137E-003,-1.743665197864175E-004,-1.317020505666733E-003,-1.910233841044828E-004,
2.489166666666667E+009,-1.274066744372249E-003,-2.161726006306708E-004,-1.237468561157584E-003,-1.247986656380817E-004,
2.489200000000000E+009,-1.207832247018814E-003,-1.078940404113382E-004,-1.207229564897716E-003,-7.740642467979342E-005,
2.489233333333334E+009,-1.210115500725806E-003,-1.318414870183915E-004,-1.237309537827969E-003,-5.925875666434877E-005,
2.489266666666667E+009,-1.235924777574837E-003,4.081485258211615E-006,-1.281392876990140E-003,-7.728344644419849E-005,
2.489300000000000E+009,-1.244484912604094E-003,3.088580706389621E-005,-1.223450293764472E-003,-1.689418968453538E-005,
2.489333333333334E+009,-1.248745713382959E-003,5.547841283259913E-005,-1.280567259527743E-003,4.690294008469209E-005,
2.489366666666667E+009,-1.164734829217196E-003,8.300135232275352E-005,-1.220564357936382E-003,7.286512118298560E-005,
2.489400000000000E+009,-1.281430246308446E-003,1.191140036098659E-004,-1.219620462507010E-003,7.519896462326869E-005,
2.489433333333334E+009,-1.291047432459891E-003,1.817877782741562E-004,-1.260702265426517E-003,1.553331094328314E-004,
2.489466666666667E+009,-1.235796604305506E-003,1.944405375979841E-004,-1.234805444255471E-003,1.887853723019362E-004,
2.489500000000000E+009,-1.228672568686307E-003,1.576222275616601E-004,-1.272559049539268E-003,1.982558023883030E-004,
2.489533333333334E+009,-1.258444273844361E-003,3.036080452147871E-004,-1.260157325305045E-003,2.717154566198587E-004,
2.489566666666667E+009,-1.238342840224505E-003,3.434664104133844E-004,-1.234732335433364E-003,2.825671399477869E-004,
2.489600000000000E+009,-1.235266914591193E-003,3.079701855313033E-004,-1.170501345768571E-003,3.128343087155372E-004,
2.489633333333334E+009,-1.200020778924227E-003,4.426624800544232E-004,-1.233101822435856E-003,4.163894918747246E-004,
2.489666666666667E+009,-1.150130410678685E-003,4.149228625465185E-004,-1.187706948257983E-003,4.327330680098385E-004,
2.489700000000000E+009,-1.111079473048449E-003,4.449748375918716E-004,-1.167307607829571E-003,4.656858800444752E-004,
2.489733333333334E+009,-1.159794628620148E-003,4.280922294128686E-004,-1.170737785287201E-003,5.046136211603880E-004,
2.489766666666667E+009,-1.120743341743946E-003,5.054498906247318E-004,-1.174431876279414E-003,5.215907003730536E-004,
2.489800000000000E+009,-1.153083401732147E-003,6.075523560866714E-004,-1.154292258433998E-003,5.259472527541220E-004,
2.489833333333334E+009,-1.108161406591535E-003,5.880107055418193E-004,-1.153119606897235E-003,6.077428115531802E-004,
2.489866666666667E+009,-1.103693037293851E-003,6.274131010286510E-004,-1.070573576726019E-003,6.175555172376335E-004,
2.489900000000000E+009,-1.110281329602003E-003,6.797797395847738E-004,-1.009958330541849E-003,6.281094974838197E-004,
2.489933333333334E+009,-1.051698345690966E-003,7.045620004646480E-004,-1.042195945046842E-003,7.242008578032255E-004,
2.489966666666667E+009,-9.964196942746639E-004,7.493876619264484E-004,-1.006298465654254E-003,7.050556596368551E-004,
2.490000000000000E+009,-1.017412054352462E-003,7.582938997074962E-004,-1.038888469338417E-003,7.886369130574167E-004,
2.490033333333334E+009,-9.780253749340773E-004,7.702906150370836E-004,-1.040090690366924E-003,8.413344621658325E-004,
2.490066666666667E+009,-9.893374517560005E-004,8.529941551387310E-004,-9.483958128839731E-004,8.424983243457973E-004,
2.490100000000000E+009,-9.391505736857653E-004,8.648218354210258E-004,-9.507477516308427E-004,8.503497228957713E-004,
2.490133333333334E+009,-9.601739002391696E-004,8.682628395035863E-004,-9.781108237802982E-004,9.303442784585059E-004,
2.490166666666667E+009,-8.858793298713863E-004,9.622889920137823E-004,-9.263085084967315E-004,9.234448079951108E-004,
2.490200000000000E+009,-8.576168911531568E-004,9.268211433663964E-004,-9.170019766315818E-004,9.782431880012155E-004,
2.490233333333334E+009,-8.897605002857745E-004,9.461117442697287E-004,-8.746908279135823E-004,1.002137083560228E-003,
2.490266666666667E+009,-8.411651942878962E-004,9.971762774512172E-004,-8.056215592660010E-004,1.004957244731486E-003,
2.490300000000000E+009,-7.433275459334254E-004,1.053015585057437E-003,-7.701123249717057E-004,1.072962768375874E-003,
2.490333333333334E+009,-7.999069057404995E-004,1.076874439604580E-003,-7.766135968267918E-004,1.026559039019048E-003,
2.490366666666667E+009,-7.789121009409428E-004,1.120367436669767E-003,-7.507883710786700E-004,1.090611331164837E-003,
2.490400000000000E+009,-6.845044554211199E-004,1.099199173040688E-003,-6.696225609630346E-004,1.112152123823762E-003,
2.490433333333334E+009,-6.898014107719064E-004,1.122307498008013E-003,-6.784521974623203E-004,1.126775285229087E-003,
2.490466666666667E+009,-6.361930281855166E-004,1.182670705020428E-003,-6.619662744924426E-004,1.146834227256477E-003,
2.490500000000000E+009,-5.879233940504491E-004,1.173533964902163E-003,-6.090627284720540E-004,1.199535792693496E-003,
2.490533333333334E+009,-5.073057254776359E-004,1.234264462254942E-003,-6.159545737318695E-004,1.206246204674244E-003,
2.490566666666667E+009,-5.101825227029622E-004,1.230830443091691E-003,-4.859919426962733E-004,1.218991237692535E-003,
2.490600000000000E+009,-5.004690610803664E-004,1.256927847862244E-003,-4.621259577106684E-004,1.268636900931597E-003,
2.490633333333334E+009,-4.702967707999051E-004,1.273343339562416E-003,-4.679366829805076E-004,1.237536896951497E-003,
2.490666666666667E+009,-4.096937482245266E-004,1.251877169124782E-003,-3.808914043474942E-004,1.294237445108593E-003,
2.490700000000000E+009,-3.357917885296047E-004,1.290845335461199E-003,-4.035109595861286E-004,1.294570160098374E-003,
2.490733333333334E+009,-3.266863641329110E-004,1.286467420868576E-003,-3.721621760632843E-004,1.351836603134871E-003,
2.490766666666667E+009,-2.836559142451733E-004,1.326744328252971E-003,-2.676672593224794E-004,1.296992995776236E-003,
2.490800000000000E+009,-3.330796025693417E-004,1.359062851406634E-003,-2.066286106128246E-004,1.338403904810548E-003,
2.490833333333334E+009,-2.382628736086190E-004,1.366950222291052E-003,-2.477007219567895E-004,1.322216470725834E-003,
2.490866666666667E+009,-1.805493520805612E-004,1.361496630124748E-003,-1.759773003868759E-004,1.323219272308052E-003,
2.490900000000000E+009,-1.119928201660514E-004,1.357363071292639E-003,-1.399954780936241E-004,1.391641679219902E-003,
2.490933333333334E+009,-9.688649879535660E-005,1.302144955843687E-003,-5.582201993092895E-005,1.391091034747660E-003,
2.490966666666667E+009,-6.002093141432852E-005,1.369405887089670E-003,-2.053760545095429E-005,1.287452876567841E-003,
2.491000000000000E+009,2.875319296435919E-005,1.325373770669103E-003,-2.911186311393976E-005,1.356575288809836E-003,
2.491033333333334E+009,7.286798063432798E-005,1.342546427622438E-003,2.271008452225942E-005,1.363380230031908E-003,
2.491066666666667E+009,9.209605923388153E-005,1.399454427883029E-003,6.516082066809759E-005,1.411497709341347E-003,
2.491100000000000E+009,1.440013584215194E-004,1.429254771210253E-003,1.681107678450644E-004,1.366350217722356E-003,
2.491133333333334E+009,1.898113550851122E-004,1.332628540694714E-003,1.878960902104154E-004,1.395061146467924E-003,
2.491166666666667E+009,2.320615167263895E-004,1.316474983468652E-003,2.354634198127314E-004,1.293772016651928E-003,
2.491200000000000E+009,3.096395812463015E-004,1.325030345469713E-003,2.906226145569235E-004,1.382128102704883E-003,
2.491233333333334E+009,2.939357946161181E-004,1.367560704238713E-003,3.291708708275110E-004,1.341718132607639E-003,
2.491266666666667E+009,2.867639705073088E-004,1.277664327062666E-003,3.405806783121079E-004,1.325390883721411E-003,
2.491300000000000E+009,3.889484505634755E-004,1.297588576562703E-003,4.071628209203482E-004,1.361779868602753E-003,
2.491333333333334E+009,3.814954834524542E-004,1.337686786428094E-003,4.229955375194550E-004,1.304664998315275E-003,
2.491366666666667E+009,4.751136002596468E-004,1.321710064075887E-003,4.864352813456208E-004,1.327573554590344E-003,
2.491400000000000E+009,4.869045224040747E-004,1.236750162206590E-003,4.974397015757859E-004,1.251203590072691E-003,
2.491433333333334E+009,5.343092489056289E-004,1.236638869158924E-003,5.552276270464063E-004,1.272431225515902E-003,
2.491466666666667E+009,5.218677688390017E-004,1.197603880427778E-003,6.525285425595939E-004,1.245789462700486E-003,
2.491500000000000E+009,6.274025072343648E-004,1.215694239363074E-003,6.376052624545991E-004,1.217700890265405E-003,
2.491533333333334E+009,6.733239861205220E-004,1.176923396997154E-003,6.671634619124234E-004,1.210224814713001E-003,
2.491566666666667E+009,7.026976090855897E-004,1.182035426609218E-003,6.778761744499207E-004,1.231522532179952E-003,
2.491600000000000E+009,8.032247424125671E-004,1.178669161163271E-003,7.037359755486250E-004,1.151966163888574E-003,
2.491633333333334E+009,7.518061902374029E-004,1.163542736321688E-003,7.990119047462940E-004,1.157328370027244E-003,
2.491666666666667E+009,8.285430376417935E-004,1.126731862314045E-003,8.138430421240628E-004,1.087822951376438E-003,
2.491700000000000E+009,7.833433919586241E-004,1.065899850800633E-003,8.510204497724772E-004,1.068276003934443E-003,
2.491733333333334E+009,8.734156726859510E-004,1.056717941537499E-003,9.160629124380648E-004,1.068261335603893E-003,
2.491766666666667E+009,9.007510961964726E-004,1.064242445863783E-003,9.469420183449984E-004,1.044648466631770E-003,
2.491800000000000E+009,1.006079022772610E-003,9.877632837742567E-004,9.541918407194316E-004,1.003072247840464E-003,
2.491833333333334E+009,9.496120619587600E-004,9.742022375576198E-004,1.008258550427854E-003,9.825136512517929E-004,
2.491866666666667E+009,1.051433850079775E-003,9.556408622302115E-004,9.971531108021736E-004,9.656968177296221E-004,
2.491900000000000E+009,1.045107026584446E-003,8.773246663622558E-004,1.037882291711867E-003,9.086506906896830E-004,
2.491933333333334E+009,1.059063943102956E-003,9.070534724742174E-004,1.089152880012989E-003,9.403636213392019E-004,
2.491966666666667E+009,1.095653977245092E-003,8.661101455800235E-004,1.136646838858724E-003,8.625886985100806E-004,
2.492000000000000E+009,1.129656564444304E-003,8.036378421820700E-004,1.096963998861611E-003,8.144502644427121E-004,
2.492033333333334E+009,1.182908657938242E-003,8.041873225010932E-004,1.200158847495914E-003,7.636438822373748E-004,
2.492066666666667E+009,1.212091883644462E-003,7.624652353115380E-004,1.198851619847119E-003,7.094431784935296E-004,
2.492100000000000E+009,1.235912088304758E-003,6.731734029017389E-004,1.231368398293853E-003,7.168565061874688E-004,
2.492133333333334E+009,1.256485818885267E-003,6.292742909863591E-004,1.227169297635555E-003,6.834922824054956E-004,
2.492166666666667E+009,1.214955351315439E-003,6.015361286699772E-004,1.265454338863492E-003,6.375713273882866E-004,
2.492200000000000E+009,1.198467914946377E-003,5.419501685537398E-004,1.324824523180723E-003,6.163367652334273E-004,
2.492233333333334E+009,1.284279976971448E-003,5.403388058766723E-004,1.327166683040559E-003,5.551174399442971E-004,
2.492266666666667E+009,1.279074349440634E-003,5.323390359990299E-004,1.311438623815775E-003,4.827706434298307E-004,
2.492300000000000E+009,1.315829227678478E-003,4.472456639632583E-004,1.326194382272661E-003,4.097460478078574E-004,
2.492333333333334E+009,1.272981986403465E-003,3.729847376234829E-004,1.309585059061647E-003,3.995090955868363E-004,
2.492366666666667E+009,1.382060465402901E-003,3.540798788890243E-004,1.378421904519200E-003,3.761415719054639E-004,
2.492400000000000E+009,1.315882313065231E-003,2.930761547759175E-004,1.368281664326787E-003,3.228843852411956E-004,
2.492433333333334E+009,1.353772473521531E-003,2.740775234997273E-004,1.369646866805852E-003,2.782961237244308E-004,
2.492466666666667E+009,1.351658487692475E-003,2.574199170339853E-004,1.366146723739803E-003,3.001088043674827E-004,
2.492500000000000E+009,1.330050057731569E-003,2.335547469556332E-004,1.386533607728779E-003,1.840767217800021E-004,
2.492533333333334E+009,1.354912761598826E-003,1.910879218485206E-004,1.347768120467663E-003,1.380721514578909E-004,
2.492566666666667E+009,1.347910729236901E-003,1.056587279890664E-004,1.431725104339421E-003,1.019005430862308E-004,
2.492600000000000E+009,1.359957503154874E-003,1.389940734952688E-005,1.400806475430727E-003,4.112773240194656E-005,
2.492633333333334E+009,1.398775610141456E-003,7.708024349994957E-005,1.358157256618142E-003,4.174527930445038E-005,
2.492666666666667E+009,1.308994833379984E-003,-5.021754986955784E-005,1.389867044053972E-003,-5.848554064868949E-005,
2.492700000000000E+009,1.322350697591901E-003,-5.833523391629569E-005,1.374053535982966E-003,-9.177309402730316E-005,
2.492733333333334E+009,1.379371969960630E-003,-1.375469437334687E-004,1.413427060469985E-003,-1.039117487380281E-004,
2.492766666666667E+009,1.355369575321674E-003,-1.488959678681567E-004,1.378438901156187E-003,-1.073595994967036E-004,
2.492800000000000E+009,1.282236538827419E-003,-2.137150004273281E-004,1.345534925349057E-003,-2.085763990180567E-004,
2.492833333333334E+009,1.345292315818369E-003,-2.555534010753036E-004,1.374734914861620E-003,-2.416985807940364E-004,
2.492866666666667E+009,1.341219875030220E-003,-2.513687068130821E-004,1.339826150797308E-003,-3.135711012873799E-004,
2.492900000000000E+009,1.310039893724024E-003,-3.038938739337027E-004,1.316506299190223E-003,-3.278236254118383E-004,
2.492933333333334E+009,1.379620051011443E-003,-3.564832150004804E-004,1.328250276856124E-003,-3.608423285186291E-004,
2.492966666666667E+009,1.251211157068610E-003,-4.135984927415848E-004,1.310421735979617E-003,-4.044089873787016E-004,
2.493000000000000E+009,1.334600732661784E-003,-4.554789338726550E-004,1.295780297368765E-003,-3.908421786036342E-004,
2.493033333333334E+009,1.262018922716379E-003,-4.720183787867427E-004,1.301031210459769E-003,-5.106786848045886E-004,
2.493066666666667E+009,1.163920387625694E-003,-5.609289510175586E-004,1.275789574719966E-003,-5.389731959439814E-004,
2.493100000000000E+009,1.193794538266957E-003,-5.251195980235934E-004,1.206530258059502E-003,-5.455567734315991E-004,
2.493133333333334E+009,1.210534479469061E-003,-5.976376123726368E-004,1.184394117444754E-003,-6.029274663887918E-004,
2.493166666666667E+009,1.219015917740762E-003,-5.891548353247345E-004,1.212702365592122E-003,-6.769467145204544E-004,
2.493200000000000E+009,1.183671178296208E-003,-6.706892163492739E-004,1.225012238137424E-003,-7.034711306914687E-004,
2.493233333333334E+009,1.169439405202866E-003,-7.084032986313105E-004,1.149892690591514E-003,-7.488799747079611E-004,
2.493266666666667E+009,1.131364260800183E-003,-7.040852215141058E-004,1.113432925194502E-003,-7.740067667327821E-004,
2.493300000000000E+009,1.118365093134344E-003,-7.380578899756074E-004,1.094091567210853E-003,-8.244909113273025E-004,
2.493333333333334E+009,1.094615552574396E-003,-8.221928728744388E-004,1.147827133536339E-003,-8.024591952562332E-004,
2.493366666666667E+009,1.087838201783598E-003,-8.171189110726118E-004,1.034638495184481E-003,-8.224278572015464E-004,
2.493400000000000E+009,9.887954220175743E-004,-7.848052191548049E-004,1.068361103534699E-003,-9.070623782463372E-004,
2.493433333333334E+009,1.039170660078526E-003,-8.778137271292508E-004,9.407500037923455E-004,-8.978128898888826E-004,
2.493466666666667E+009,9.804160799831152E-004,-9.242570959031582E-004,9.606038220226765E-004,-9.715527412481606E-004,
2.493500000000000E+009,9.743105620145798E-004,-9.453056845813990E-004,9.282795945182443E-004,-9.314360213465989E-004,
2.493533333333334E+009,8.883803384378552E-004,-9.666580590419471E-004,9.181171772070229E-004,-1.004299614578486E-003,
2.493566666666667E+009,9.269828442484140E-004,-1.001674216240645E-003,8.605710463598371E-004,-9.601743076927960E-004,
2.493600000000000E+009,8.385693072341383E-004,-1.003447687253356E-003,9.081455646082759E-004,-1.068325014784932E-003,
2.493633333333334E+009,8.388455025851727E-004,-1.064161537215114E-003,8.575515821576119E-004,-1.100341440178454E-003,
2.493666666666667E+009,8.155711693689227E-004,-1.107501215301454E-003,7.654518703930080E-004,-1.108045573346317E-003,
2.493700000000000E+009,7.736471598036587E-004,-1.148627488873899E-003,7.750136428512633E-004,-1.069604302756488E-003,
2.493733333333334E+009,7.895574672147632E-004,-1.089981058612466E-003,7.043971563689411E-004,-1.103480928577483E-003,
2.493766666666667E+009,6.773143541067839E-004,-1.169747440144420E-003,7.160727400332689E-004,-1.227269531227648E-003,
2.493800000000000E+009,6.196111207827926E-004,-1.135418075136840E-003,5.863594706170261E-004,-1.116570085287094E-003,
2.493833333333334E+009,6.109938840381801E-004,-1.174706849269569E-003,6.019268766976893E-004,-1.154021476395428E-003,
2.493866666666667E+009,5.780780338682234E-004,-1.217657001689076E-003,5.704351933673024E-004,-1.190540031529963E-003,
2.493900000000000E+009,5.667431978508830E-004,-1.211876282468438E-003,5.436243372969329E-004,-1.248058280907571E-003,
2.493933333333334E+009,4.363281768746674E-004,-1.237547374330461E-003,4.780363815370947E-004,-1.261188532225788E-003,
2.493966666666667E+009,4.177492228336632E-004,-1.228298875503242E-003,4.530182050075382E-004,-1.306449412368238E-003,
2.494000000000000E+009,4.280853318050504E-004,-1.323483185842633E-003,4.367880464997143E-004,-1.251437934115529E-003,
2.494033333333334E+009,4.451879067346454E-004,-1.301652053371072E-003,3.339187242090702E-004,-1.237726886756718E-003,
2.494066666666667E+009,3.439221472945064E-004,-1.272437628358603E-003,3.713511978276074E-004,-1.314933877438307E-003,
2.494100000000000E+009,2.820457739289850E-004,-1.289801439270377E-003,2.642504696268588E-004,-1.315662404522300E-003,
2.494133333333334E+009,2.666819491423667E-004,-1.299489871598780E-003,3.049923398066312E-004,-1.273980597034097E-003,
2.494166666666667E+009,1.914013701025397E-004,-1.305850804783404E-003,2.571976801846176E-004,-1.293321838602424E-003,
2.494200000000000E+009,1.680034620221704E-004,-1.274334965273738E-003,1.349080557702109E-004,-1.305136363953352E-003,
2.494233333333334E+009,1.673536025919020E-004,-1.287819002754986E-003,1.419902255292982E-004,-1.295768190175295E-003,
2.494266666666667E+009,1.103767644963227E-004,-1.330056227743626E-003,8.357928891200572E-005,-1.336022745817900E-003,
2.494300000000000E+009,9.278920333599672E-005,-1.349070342257619E-003,8.316645835293457E-005,-1.271749613806605E-003,
2.494333333333334E+009,4.202859781798907E-005,-1.321756280958653E-003,5.005655111745000E-005,-1.286890939809382E-003,
2.494366666666667E+009,4.814890417037532E-005,-1.299630152061582E-003,-4.619343599188142E-005,-1.325640245340765E-003,
2.494400000000000E+009,-3.644157186499797E-005,-1.357623259536922E-003,-8.262612391263247E-005,-1.337874797172844E-003,
2.494433333333334E+009,-1.415850420016795E-004,-1.318106777034700E-003,-8.125505701173097E-005,-1.283464836888015E-003,
2.494466666666667E+009,-1.705682952888310E-004,-1.298595336265862E-003,-1.172609190689400E-004,-1.277297036722302E-003,
2.494500000000000E+009,-1.556724600959569E-004,-1.326724886894226E-003,-2.010025928029791E-004,-1.271745190024376E-003,
2.494533333333334E+009,-1.708174822852016E-004,-1.250200439244509E-003,-2.003049448831007E-004,-1.333661261014640E-003,
2.494566666666667E+009,-2.397549396846443E-004,-1.244461396709085E-003,-2.562329464126378E-004,-1.263221842236817E-003,
2.494600000000000E+009,-3.035545523744077E-004,-1.219283672980964E-003,-2.570079814177007E-004,-1.265603001229465E-003,
2.494633333333334E+009,-3.165290399920195E-004,-1.262200996279717E-003,-3.264188126195222E-004,-1.244685379788280E-003,
2.494666666666667E+009,-3.781825071200728E-004,-1.261640223674476E-003,-3.528134257066995E-004,-1.218551886267960E-003,
2.494700000000000E+009,-4.017561441287398E-004,-1.258535776287317E-003,-3.576083399821073E-004,-1.223677536472678E-003,
2.494733333333334E+009,-4.183062119409442E-004,-1.260210294276476E-003,-4.432766290847212E-004,-1.232026843354106E-003,
2.494766666666667E+009,-4.809945821762085E-004,-1.221021404489875E-003,-4.513262538239360E-004,-1.191450632177293E-003,
2.494800000000000E+009,-4.979618242941797E-004,-1.170194125734270E-003,-5.304226069711149E-004,-1.189332921057940E-003,
2.494833333333334E+009,-5.448925658129156E-004,-1.188640599139035E-003,-5.772549775429070E-004,-1.203766791149974E-003,
2.494866666666667E+009,-5.446678260341287E-004,-1.187655609101057E-003,-5.888217710889876E-004,-1.160535262897611E-003,
2.494900000000000E+009,-6.106561631895602E-004,-1.139757921919227E-003,-6.432215450331569E-004,-1.126349088735879E-003,
2.494933333333334E+009,-6.412176298908889E-004,-1.144546316936612E-003,-6.549984682351351E-004,-1.129967393353581E-003,
2.494966666666667E+009,-6.078417645767331E-004,-1.102035399526358E-003,-6.421736907213926E-004,-1.136303879320622E-003,
2.495000000000000E+009,-6.540088797919452E-004,-1.098714536055923E-003,-7.088932907208800E-004,-1.045217039063573E-003,
2.495033333333334E+009,-6.897625862620771E-004,-1.044663949869573E-003,-7.540347287431359E-004,-1.089737750589848E-003,
2.495066666666667E+009,-7.310966029763222E-004,-1.044415985234082E-003,-7.596777868457139E-004,-9.926187340170145E-004,
2.495100000000000E+009,-7.769273943267763E-004,-1.111862016841769E-003,-8.219062583521009E-004,-9.716658969409764E-004,
2.495133333333334E+009,-9.035423863679171E-004,-9.678790229372680E-004,-7.905471720732749E-004,-9.877094998955727E-004,
2.495166666666667E+009,-8.664743509143591E-004,-9.649541461840272E-004,-8.490270120091736E-004,-9.334720671176910E-004,
2.495200000000000E+009,-9.024408645927906E-004,-9.769506286829710E-004,-9.258047793991864E-004,-9.417676483280957E-004,
2.495233333333334E+009,-8.870516321621835E-004,-9.652226581238210E-004,-9.161375346593559E-004,-8.794151945039630E-004,
2.495266666666667E+009,-9.630665881559253E-004,-9.193220175802708E-004,-9.687428246252239E-004,-9.065574267879129E-004,
2.495300000000000E+009,-9.265912231057882E-004,-8.334965095855296E-004,-1.010585110634565E-003,-8.667185320518911E-004,
2.495333333333334E+009,-9.873993694782257E-004,-8.978929254226387E-004,-9.752783807925880E-004,-8.415959309786558E-004,
2.495366666666667E+009,-1.046123914420605E-003,-8.091230411082506E-004,-1.022652606479824E-003,-7.888890104368329E-004,
2.495400000000000E+009,-1.073673251084983E-003,-7.649665931239724E-004,-1.066707889549434E-003,-7.295004907064140E-004,
2.495433333333334E+009,-1.083770417608321E-003,-7.295877439901233E-004,-1.057987567037344E-003,-6.891899975016713E-004,
2.495466666666667E+009,-1.095717889256775E-003,-6.735185161232948E-004,-1.054367050528526E-003,-7.335655973292887E-004,
2.495500000000000E+009,-1.144484500400722E-003,-6.572406273335218E-004,-1.120476284995675E-003,-6.710035959258676E-004,
2.495533333333334E+009,-1.112669124267995E-003,-5.772227887064219E-004,-1.113758189603686E-003,-6.773201166652143E-004,
2.495566666666667E+009,-1.158959232270718E-003,-6.213462911546230E-004,-1.128214527852833E-003,-6.165921804495156E-004,
2.495600000000000E+009,-1.125229056924582E-003,-5.496760713867843E-004,-1.107028685510159E-003,-5.458323284983635E-004,
2.495633333333334E+009,-1.143497764132917E-003,-5.562222795560956E-004,-1.220826758071780E-003,-5.534655065275729E-004,
2.495666666666667E+009,-1.198882237076759E-003,-4.752096429001540E-004,-1.166373025625944E-003,-5.042548291385174E-004,
2.495700000000000E+009,-1.134597579948604E-003,-4.674131341744214E-004,-1.198251382447779E-003,-4.269154742360115E-004,
2.495733333333334E+009,-1.175008364953101E-003,-4.368243680801243E-004,-1.248022657819092E-003,-4.303135792724788E-004,
2.495766666666667E+009,-1.247293665073812E-003,-4.294452955946326E-004,-1.210557413287461E-003,-4.173078632447869E-004,
2.495800000000000E+009,-1.261519151739776E-003,-3.572921850718558E-004,-1.250946777872741E-003,-3.721416287589818E-004,
2.495833333333334E+009,-1.221218844875693E-003,-3.284875419922173E-004,-1.244625775143504E-003,-3.258802171330899E-004,
2.495866666666667E+009,-1.261004828847945E-003,-3.005144244525582E-004,-1.274324720725417E-003,-2.865831193048507E-004,
2.495900000000000E+009,-1.273970701731741E-003,-2.937426324933767E-004,-1.262034522369504E-003,-2.616637793835253E-004,
2.495933333333334E+009,-1.270591630600393E-003,-2.036584774032235E-004,-1.274581183679402E-003,-2.229114470537752E-004,
2.495966666666667E+009,-1.260712393559516E-003,-1.620244001969695E-004,-1.232712296769023E-003,-1.938953937496990E-004,
2.496000000000000E+009,-1.369696925394237E-003,-1.316746638622135E-004,-1.286131679080427E-003,-1.096045962185599E-004,
2.496033333333334E+009,-1.313852379098535E-003,-9.024822793435305E-005,-1.265036175027490E-003,-8.933852950576693E-005,
2.496066666666667E+009,-1.259430195204914E-003,3.700959041452734E-006,-1.291016582399607E-003,-4.267154508852400E-005,
2.496100000000000E+009,-1.243370119482279E-003,6.556401217494567E-007,-1.270398497581482E-003,-4.424216604093090E-005,
2.496133333333334E+009,-1.286140293814242E-003,3.573873618734069E-005,-1.286087324842811E-003,1.324368713540025E-005,
2.496166666666667E+009,-1.295669702813029E-003,7.040167110972107E-005,-1.290675718337297E-003,9.191921708406881E-005,
2.496200000000000E+009,-1.284042489714921E-003,1.162717162515037E-004,-1.297373790293932E-003,5.964177398709580E-005,
2.496233333333334E+009,-1.274059992283583E-003,1.774908741936088E-004,-1.265130471438170E-003,1.817265583667904E-004,
2.496266666666667E+009,-1.288487925194204E-003,1.834399008657783E-004,-1.248641056008637E-003,1.636877568671480E-004,
2.496300000000000E+009,-1.258651725947857E-003,2.497614186722785E-004,-1.222236896865070E-003,2.041028928942978E-004,
2.496333333333334E+009,-1.263251877389848E-003,2.313372533535585E-004,-1.282008946873248E-003,2.916659286711365E-004,
2.496366666666667E+009,-1.309366081841290E-003,2.049558825092390E-004,-1.301459968090057E-003,2.738863695412874E-004,
2.496400000000000E+009,-1.198215060867369E-003,3.393201332073659E-004,-1.254559960216284E-003,3.448490169830620E-004,
2.496433333333334E+009,-1.242615515366197E-003,3.654193424154073E-004,-1.251982524991036E-003,3.525599313434213E-004,
2.496466666666667E+009,-1.190634095109999E-003,3.755304787773639E-004,-1.248118351213634E-003,3.930891398340464E-004,
2.496500000000000E+009,-1.207701046951115E-003,4.288765776436776E-004,-1.250302884727716E-003,4.165190330240876E-004,
2.496533333333334E+009,-1.218690886162221E-003,4.409744578879327E-004,-1.197197707369924E-003,4.949435824528337E-004,
2.496566666666667E+009,-1.225339947268367E-003,5.365033866837621E-004,-1.157319173216820E-003,5.638076108880341E-004,
2.496600000000000E+009,-1.161510241217911E-003,5.179161089472473E-004,-1.205244450829923E-003,5.379001959227026E-004,
2.496633333333334E+009,-1.133938552811742E-003,5.844297120347619E-004,-1.159175764769316E-003,5.506785819306970E-004,
2.496666666666667E+009,-1.135291298851371E-003,5.986255127936602E-004,-1.178718521259725E-003,5.887537263333798E-004,
2.496700000000000E+009,-1.171450596302748E-003,6.224168464541435E-004,-1.134206890128553E-003,6.749906460754573E-004,
2.496733333333334E+009,-1.111940480768681E-003,6.775857182219625E-004,-1.136757899075747E-003,6.395408418029547E-004,
2.496766666666667E+009,-1.023268327116966E-003,7.266344618983567E-004,-1.105073839426041E-003,7.483126246370375E-004,
2.496800000000000E+009,-1.042866846546531E-003,7.790665258653462E-004,-1.056997803971171E-003,7.462425855919719E-004,
2.496833333333334E+009,-1.061169197782874E-003,7.566571584902704E-004,-1.029298990033567E-003,8.090230403468013E-004,
2.496866666666667E+009,-1.049744430929422E-003,7.915553287602961E-004,-9.725392446853221E-004,8.178493590094149E-004,
2.496900000000000E+009,-9.831854840740562E-004,8.017804939299822E-004,-9.718124056234956E-004,8.908464806154370E-004,
2.496933333333334E+009,-1.000241725705564E-003,8.380537037737668E-004,-9.700369555503130E-004,8.577282424084842E-004,
2.496966666666667E+009,-8.985470631159842E-004,8.937251986935735E-004,-1.008099410682917E-003,9.473555255681276E-004,
2.497000000000000E+009,-9.018131531774998E-004,9.587193490006030E-004,-9.192657307721674E-004,9.610442211851478E-004,
2.497033333333334E+009,-8.572362130507827E-004,9.905541082844138E-004,-9.038873249664903E-004,9.824620792642236E-004,
2.497066666666667E+009,-8.443846600130200E-004,1.003758981823921E-003,-8.634105324745178E-004,1.002372126094997E-003,
2.497100000000000E+009,-8.195678819902241E-004,9.534797864034772E-004,-7.996687199920416E-004,1.010991632938385E-003,
2.497133333333334E+009,-8.474476053379476E-004,1.048408099450171E-003,-7.281505386345089E-004,1.038897898979485E-003,
2.497166666666667E+009,-7.351919775828719E-004,1.084489864297211E-003,-7.680489798076451E-004,1.045188284479082E-003,
2.497200000000000E+009,-6.728169391863048E-004,1.099627930670977E-003,-6.970493122935295E-004,1.108582015149295E-003,
2.497233333333334E+009,-6.788411410525441E-004,1.108192373067141E-003,-6.972452974878252E-004,1.073731924407184E-003,
2.497266666666667E+009,-6.807349273003638E-004,1.109537901356816E-003,-6.578741595149040E-004,1.130966702476144E-003,
2.497300000000000E+009,-5.917423404753208E-004,1.153408433310688E-003,-6.519253947772086E-004,1.148842391557992E-003,
2.497333333333334E+009,-5.741960485465825E-004,1.232460723258555E-003,-5.702369380742312E-004,1.192720490507782E-003,
2.497366666666667E+009,-5.437500076368451E-004,1.200875965878367E-003,-5.136822001077235E-004,1.209677080623806E-003,
2.497400000000000E+009,-5.972642684355378E-004,1.198759186081588E-003,-5.674972780980170E-004,1.205996610224247E-003,
2.497433333333334E+009,-5.094856605865061E-004,1.184161868877709E-003,-4.466838145162910E-004,1.170642091892660E-003,
2.497466666666667E+009,-4.228014440741390E-004,1.233719056472182E-003,-4.381417820695788E-004,1.219179597683251E-003,
2.497500000000000E+009,-4.172771295998246E-004,1.147826900705695E-003,-3.860747092403472E-004,1.242869067937136E-003,
2.497533333333334E+009,-3.556622250471264E-004,1.209714915603399E-003,-3.906591446138918E-004,1.177083468064666E-003,
2.497566666666667E+009,-3.270793240517378E-004,1.286803162656725E-003,-2.812987659126520E-004,1.269022468477488E-003,
2.497600000000000E+009,-2.980813733302057E-004,1.299793715588749E-003,-2.915014920290560E-004,1.281472388654947E-003,
2.497633333333334E+009,-2.421914541628212E-004,1.285040518268943E-003,-2.596281119622290E-004,1.252436311915517E-003,
2.497666666666667E+009,-2.760700881481171E-004,1.329387421719730E-003,-1.725479960441589E-004,1.273883273825049E-003,
2.497700000000000E+009,-2.132191002601758E-004,1.277568866498768E-003,-1.767339417710900E-004,1.287909341044724E-003,
2.497733333333334E+009,-1.811800029827282E-004,1.323349424637854E-003,-1.299658470088616E-004,1.325308927334845E-003,
2.497766666666667E+009,-1.408792595611885E-004,1.344409887678921E-003,-7.267046748893336E-005,1.306203426793218E-003,
2.497800000000000E+009,-3.575376467779279E-005,1.332938787527382E-003,-3.034085239050910E-005,1.279466669075191E-003,
2.497833333333334E+009,-4.606074799085036E-005,1.303974422626197E-003,2.183702417823952E-005,1.294801593758166E-003,
2.497866666666667E+009,-2.595408295746893E-005,1.260621822439134E-003,5.912514097872190E-005,1.253657625056803E-003,
2.497900000000000E+009,3.886421109200455E-005,1.355525222606957E-003,2.890987889259122E-005,1.274753944016993E-003,
2.497933333333334E+009,8.562039874959737E-005,1.280243042856455E-003,1.383249764330685E-004,1.342128845863044E-003,
2.497966666666667E+009,1.039352646330372E-004,1.304336707107723E-003,1.594958011992276E-004,1.336226705461741E-003,
2.498000000000000E+009,1.977176143554971E-004,1.243911217898130E-003,1.934452884597704E-004,1.323187141679227E-003,
2.498033333333334E+009,2.342683874303475E-004,1.341562019661069E-003,1.937433989951387E-004,1.328696263954043E-003,
2.498066666666667E+009,2.476271474733949E-004,1.320815412327647E-003,2.885060675907880E-004,1.273780479095876E-003,
2.498100000000000E+009,2.801740192808211E-004,1.295632682740688E-003,3.135202859994024E-004,1.255820272490382E-003,
2.498133333333334E+009,3.561494231689721E-004,1.271135173738003E-003,3.859039861708880E-004,1.232925336807966E-003,
2.498166666666667E+009,4.493509768508375E-004,1.243891543708742E-003,4.098115605302155E-004,1.242458936758339E-003,
2.498200000000000E+009,3.938218869734556E-004,1.301744603551924E-003,3.962596820201725E-004,1.210829243063927E-003,
2.498233333333334E+009,4.638612444978207E-004,1.235340954735875E-003,4.338755970820785E-004,1.238488010130823E-003,
2.498266666666667E+009,4.775821871589869E-004,1.167133799754083E-003,5.111553473398089E-004,1.199053949676454E-003,
2.498300000000000E+009,5.114629166200757E-004,1.194285112433136E-003,5.395293701440096E-004,1.234668539837003E-003,
2.498333333333334E+009,5.814732285216451E-004,1.200518454425037E-003,5.917462403886020E-004,1.228423207066953E-003,
2.498366666666667E+009,5.944351432844997E-004,1.183425541967154E-003,6.000890280120075E-004,1.133091398514807E-003,
2.498400000000000E+009,6.674909964203835E-004,1.162142842076719E-003,6.689947913400829E-004,1.142454217188060E-003,
2.498433333333334E+009,6.895356927998364E-004,1.134684775024653E-003,7.061635842546821E-004,1.182878157123923E-003,
2.498466666666667E+009,7.405111100524664E-004,1.092816819436848E-003,7.034388836473227E-004,1.135006081312895E-003,
2.498500000000000E+009,7.209217292256653E-004,1.114098820835352E-003,7.748301723040640E-004,1.056494191288948E-003,
2.498533333333334E+009,7.763429894112051E-004,1.068994053639472E-003,7.818271988071501E-004,1.096594147384167E-003,
2.498566666666667E+009,8.170844521373510E-004,1.018698792904615E-003,8.573947125114501E-004,1.069239689968526E-003,
2.498600000000000E+009,8.401815430261195E-004,9.878777200356126E-004,8.147048065438867E-004,1.041447278112173E-003,
2.498633333333334E+009,9.452648228034377E-004,9.957733564078808E-004,8.814997854642570E-004,9.740927489474416E-004,
2.498666666666667E+009,9.258008794859052E-004,9.502115426585078E-004,9.619533666409552E-004,9.742032270878553E-004,
2.498700000000000E+009,9.581340709701181E-004,9.464942850172520E-004,9.689546423032880E-004,8.991032955236733E-004,
2.498733333333334E+009,9.840315906330943E-004,9.160869522020221E-004,1.037125708535314E-003,8.632774115540087E-004,
2.498766666666667E+009,9.893757523968816E-004,9.031652589328587E-004,1.008267514407635E-003,8.482217090204358E-004,
2.498800000000000E+009,1.070084865204990E-003,8.615658152848482E-004,1.000764197669923E-003,8.013315382413566E-004,
2.498833333333334E+009,1.007511280477047E-003,7.854177965782583E-004,1.087532727979124E-003,7.999114459380508E-004,
2.498866666666667E+009,1.067020697519183E-003,7.511693984270096E-004,1.085869735106826E-003,7.940246723592281E-004,
2.498900000000000E+009,1.088446704670787E-003,7.387834484688938E-004,1.091189798898995E-003,7.368028163909912E-004,
2.498933333333334E+009,1.083578681573272E-003,6.689740112051368E-004,1.117311534471810E-003,7.231047493405640E-004,
2.498966666666667E+009,1.133936457335949E-003,6.822471623308957E-004,1.139847794547677E-003,6.461701123043895E-004,
2.499000000000000E+009,1.188642461784184E-003,5.946471937932074E-004,1.134069170802832E-003,5.925446748733521E-004,
2.499033333333334E+009,1.193865668028593E-003,5.758064799010754E-004,1.141907996498048E-003,5.801883526146412E-004,
2.499066666666667E+009,1.156371319666505E-003,4.753086250275374E-004,1.209782087244093E-003,5.600254517048597E-004,
2.499100000000000E+009,1.261676196008921E-003,4.915530444122851E-004,1.253172289580107E-003,5.320792552083731E-004,
2.499133333333334E+009,1.230620546266437E-003,4.440269258338958E-004,1.278232433833182E-003,4.984555416740477E-004,
2.499166666666667E+009,1.249266555532813E-003,3.921727766282857E-004,1.220411155372858E-003,4.154824709985405E-004,
2.499200000000000E+009,1.249047927558422E-003,3.710135060828179E-004,1.251690089702606E-003,4.433360591065139E-004,
2.499233333333334E+009,1.270344946533442E-003,3.309257444925606E-004,1.268500811420381E-003,3.677164204418659E-004,
2.499266666666667E+009,1.253938418813050E-003,2.932299394160509E-004,1.279740594327450E-003,3.107186057604849E-004,
2.499300000000000E+009,1.294410671107471E-003,2.573937526904047E-004,1.229923451319337E-003,3.153578436467797E-004,
2.499333333333334E+009,1.301898970268667E-003,2.432997571304441E-004,1.273303991183639E-003,2.279790060129017E-004,
2.499366666666667E+009,1.300091738812625E-003,1.806252112146467E-004,1.325700664892793E-003,1.970662415260449E-004,
2.499400000000000E+009,1.316677778959274E-003,1.454490120522678E-004,1.290732994675636E-003,1.510249712737277E-004,
2.499433333333334E+009,1.314096385613084E-003,1.107584903365932E-004,1.307085738517344E-003,9.162104834103957E-005,
2.499466666666667E+009,1.288124825805426E-003,4.634179640561342E-005,1.299498486332595E-003,6.779147952329367E-005,
2.499500000000000E+009,1.313503365963697E-003,3.747230039152782E-006,1.310363295488060E-003,4.204966171528213E-005,
2.499533333333334E+009,1.239441568031907E-003,-4.276022445992567E-005,1.331019215285778E-003,-3.265964915044606E-005,
2.499566666666667E+009,1.325859106145799E-003,-1.533512840978801E-005,1.296867267228663E-003,-6.851705984445289E-005,
2.499600000000000E+009,1.299661933444440E-003,-7.803871267242357E-005,1.315889181569219E-003,-8.278970926767215E-005,
2.499633333333334E+009,1.283018034882844E-003,-1.800784957595170E-004,1.265694154426456E-003,-1.499616337241605E-004,
2.499666666666667E+009,1.264688442461193E-003,-1.917109912028536E-004,1.255238428711891E-003,-1.716306578600779E-004,
2.499700000000000E+009,1.232088659889996E-003,-2.559077111072838E-004,1.290529849939048E-003,-2.345471730222926E-004,
2.499733333333334E+009,1.332382438704372E-003,-3.099298046436161E-004,1.265905681066215E-003,-2.203457261202857E-004,
2.499766666666667E+009,1.263611251488328E-003,-2.816657361108810E-004,1.255066948942840E-003,-3.052537504117936E-004,
2.499800000000000E+009,1.232290174812079E-003,-3.690641606226564E-004,1.202001934871078E-003,-4.029992851428688E-004,
2.499833333333334E+009,1.247670501470566E-003,-3.664146061055362E-004,1.232940587215126E-003,-3.653044404927641E-004,
2.499866666666667E+009,1.226255088113248E-003,-4.209603357594460E-004,1.218207064084709E-003,-4.173976776655763E-004,
2.499900000000000E+009,1.213066047057509E-003,-4.693854716606438E-004,1.290605519898236E-003,-4.045699897687882E-004,
2.499933333333334E+009,1.221115933731198E-003,-4.926527035422623E-004,1.178823178634048E-003,-4.796394205186516E-004,
2.499966666666667E+009,1.206949236802757E-003,-5.440535605885088E-004,1.150241820141673E-003,-6.047440110705793E-004,
2.500000000000000E+009,1.161730149760842E-003,-5.441984394565225E-004,1.227037864737213E-003,-5.836216732859612E-004,
