% Version 1.00
%
%freq[Hz];re:Trc1_S21;im:Trc1_S21;re:Trc2_S12;im:Trc2_S12;
2.480000000000000E+009,2.443619305267930E-004,-1.093164435587823E-003,2.883542620111257E-004,-1.117445412091911E-003,
2.480033333333334E+009,1.985495182452723E-004,-1.130186486989260E-003,2.598915016278625E-004,-1.107621239498258E-003,
2.480066666666667E+009,2.190962550230324E-004,-1.121531822718680E-003,2.394532348262146E-004,-1.116413157433271E-003,
2.480100000000000E+009,1.554828631924465E-004,-1.107661402784288E-003,1.368523371638730E-004,-1.129500451497734E-003,
2.480133333333334E+009,1.809407112887129E-004,-1.174894161522389E-003,1.524929830338806E-004,-1.106031821109355E-003,
2.480166666666667E+009,8.785495447227731E-005,-1.086150296032429E-003,9.148962999461219E-005,-1.136814476922154E-003,
2.480200000000000E+009,2.766861325653736E-005,-1.208301866427064E-003,3.004890095326118E-005,-1.126216840930283E-003,
2.480233333333334E+009,5.121211506775580E-005,-1.093077240511775E-003,1.114184924517758E-004,-1.162963104434311E-003,
2.480266666666667E+009,2.120710632880218E-005,-1.128900563344359E-003,1.519888701295713E-005,-1.156154670752585E-003,
2.480300000000000E+009,-2.883912020479329E-005,-1.105928793549538E-003,1.274837541132001E-005,-1.121003413572907E-003,
2.480333333333334E+009,-3.301684409962036E-005,-1.124473055824637E-003,-5.879023592569865E-005,-1.165572088211775E-003,
2.480366666666667E+009,-7.508165435865521E-005,-1.135748927481473E-003,-8.365497342310846E-005,-1.113217324018478E-003,
2.480400000000000E+009,-1.207343957503326E-004,-1.127798459492624E-003,-1.742206950439140E-004,-1.090285717509687E-003,
2.480433333333334E+009,-1.090802397811785E-004,-1.124694594182074E-003,-1.617241214262322E-004,-1.113917212933302E-003,
2.480466666666667E+009,-1.144131674664095E-004,-1.076749758794904E-003,-1.734616380417720E-004,-1.043663942255080E-003,
2.480500000000000E+009,-2.208011137554422E-004,-1.057551824487746E-003,-1.781923056114465E-004,-1.086084288544953E-003,
2.480533333333334E+009,-2.227781951660290E-004,-1.151530537754297E-003,-2.279080072185025E-004,-1.049405080266297E-003,
2.480566666666667E+009,-2.945568121504039E-004,-1.078956061974168E-003,-2.864330890588462E-004,-1.046731602400541E-003,
2.480600000000000E+009,-2.935552038252354E-004,-1.077184686437249E-003,-2.534266677685082E-004,-1.053471234627068E-003,
2.480633333333334E+009,-3.308878804091364E-004,-1.062614377588034E-003,-2.631858806125820E-004,-1.052925828844309E-003,
2.480666666666667E+009,-3.155617159791291E-004,-1.012330409139395E-003,-3.933357365895063E-004,-1.056066830642521E-003,
2.480700000000000E+009,-3.511146060191095E-004,-1.029058010317385E-003,-3.750545729417354E-004,-1.069487654604018E-003,
2.480733333333334E+009,-4.065202083438635E-004,-1.018085633404553E-003,-4.237920802552253E-004,-1.019195071421564E-003,
2.480766666666667E+009,-4.464974626898766E-004,-9.850312490016222E-004,-4.671239294111729E-004,-1.046362332999706E-003,
2.480800000000000E+009,-5.097567336633802E-004,-1.001401222310960E-003,-4.423878563102335E-004,-1.028635771945119E-003,
2.480833333333334E+009,-4.514273023232818E-004,-9.707071585580707E-004,-4.598115629050881E-004,-9.995024884119630E-004,
2.480866666666667E+009,-5.316172610037029E-004,-9.581493213772774E-004,-5.083224386908114E-004,-9.940736927092075E-004,
2.480900000000000E+009,-4.749191866721958E-004,-9.219989879056811E-004,-5.545608000829816E-004,-9.685563854873180E-004,
2.480933333333334E+009,-5.970521597191691E-004,-9.316958021372557E-004,-4.894360899925232E-004,-9.128442034125328E-004,
2.480966666666667E+009,-5.662164767272770E-004,-9.165090159513056E-004,-6.694454932585359E-004,-9.745262796059251E-004,
2.481000000000000E+009,-5.380733637139201E-004,-8.892994374036789E-004,-5.848394939675927E-004,-8.897901279851794E-004,
2.481033333333334E+009,-6.665508262813091E-004,-8.879593224264681E-004,-6.544862408190966E-004,-8.616796112619340E-004,
2.481066666666667E+009,-6.572509882971644E-004,-8.362682419829071E-004,-6.664524553343654E-004,-8.651287062093616E-004,
2.481100000000000E+009,-6.233438616618514E-004,-8.196723647415638E-004,-7.122720126062632E-004,-8.206677739508450E-004,
2.481133333333334E+009,-6.674585165455937E-004,-8.076876983977854E-004,-7.365413475781679E-004,-8.129332563839853E-004,
2.481166666666667E+009,-7.054604939185083E-004,-8.029166492633522E-004,-7.353238761425018E-004,-7.961037917993963E-004,
2.481200000000000E+009,-7.615665672346950E-004,-7.543507381342351E-004,-8.009492303244770E-004,-8.047492592595518E-004,
2.481233333333334E+009,-8.022677502594888E-004,-7.326281629502773E-004,-7.761503220535815E-004,-7.214677752926946E-004,
2.481266666666667E+009,-8.202962344512343E-004,-7.292152149602771E-004,-7.878499454818666E-004,-7.017992320470512E-004,
2.481300000000000E+009,-7.639981340616942E-004,-7.426768424920738E-004,-8.488814928568900E-004,-6.660902872681618E-004,
2.481333333333334E+009,-8.998897974379361E-004,-6.841591093689203E-004,-8.163137244991958E-004,-6.816863897256553E-004,
2.481366666666667E+009,-8.349999552592635E-004,-6.587941898033023E-004,-9.032008820213378E-004,-6.358371465466917E-004,
2.481400000000000E+009,-8.560679270885885E-004,-6.248356075957418E-004,-9.226543479599059E-004,-5.807609995827079E-004,
2.481433333333334E+009,-8.754011359997094E-004,-6.268865545280278E-004,-9.588246466591954E-004,-6.214185268618166E-004,
2.481466666666667E+009,-9.555957512930036E-004,-5.221626488491893E-004,-9.290408343076706E-004,-5.550447967834771E-004,
2.481500000000000E+009,-9.238717611879110E-004,-5.214944249019027E-004,-8.788810810074210E-004,-5.776397883892059E-004,
2.481533333333334E+009,-9.748282609507442E-004,-4.646090383175761E-004,-9.929818334057927E-004,-4.853933351114392E-004,
2.481566666666667E+009,-9.602435748092830E-004,-4.650989139918238E-004,-9.733748738653958E-004,-5.024601123295724E-004,
2.481600000000000E+009,-9.522641776129603E-004,-4.546671698335558E-004,-9.805451845750213E-004,-4.671096103265882E-004,
2.481633333333334E+009,-9.837331017479301E-004,-4.345358465798199E-004,-9.421680006198585E-004,-4.105843254365027E-004,
2.481666666666667E+009,-9.965609060600400E-004,-4.038178012706339E-004,-9.977306472137570E-004,-3.677533532027155E-004,
2.481700000000000E+009,-1.037958892993629E-003,-3.174200537614524E-004,-1.063560717739165E-003,-3.683081013150513E-004,
2.481733333333334E+009,-1.047898200340569E-003,-3.011912631336600E-004,-1.067358418367803E-003,-3.643426462076604E-004,
2.481766666666667E+009,-1.030967920087278E-003,-3.277563664596528E-004,-1.036530476994813E-003,-2.780735667329282E-004,
2.481800000000000E+009,-1.014331122860313E-003,-2.956831594929099E-004,-1.066041295416653E-003,-3.030053921975195E-004,
2.481833333333334E+009,-9.761372348293662E-004,-2.008968731388450E-004,-1.019951538182795E-003,-2.304548252141103E-004,
2.481866666666667E+009,-1.036693109199405E-003,-1.699697313597426E-004,-1.066186814568937E-003,-2.724342921283096E-004,
2.481900000000000E+009,-9.985186625272036E-004,-1.967204734683037E-004,-1.033670501783490E-003,-1.536077470518649E-004,
2.481933333333334E+009,-1.080607762560248E-003,-1.727318303892389E-004,-1.058076624758542E-003,-1.410177501384169E-004,
2.481966666666667E+009,-1.057864050380886E-003,-1.284639729419723E-004,-1.025396864861250E-003,-1.172912961919792E-004,
2.482000000000000E+009,-1.115094288252294E-003,-1.003197467071004E-004,-1.055770902894437E-003,-6.951661634957418E-005,
2.482033333333334E+009,-1.059974078088999E-003,-2.528181903471705E-005,-1.083391369320452E-003,-9.408063488081098E-005,
2.482066666666667E+009,-1.051729079335928E-003,-1.620080001885071E-005,-1.110511599108577E-003,-5.399292422225699E-005,
2.482100000000000E+009,-1.013145549222827E-003,-6.455861148424447E-005,-1.043712371028960E-003,-1.573446024849545E-005,
2.482133333333334E+009,-1.053332001902163E-003,-1.362707916996442E-005,-1.040062750689685E-003,-6.460951408371329E-005,
2.482166666666667E+009,-1.104986062273383E-003,7.275983080035076E-005,-1.043188036419451E-003,3.224240936106071E-005,
2.482200000000000E+009,-1.020251540467143E-003,1.840795812313445E-005,-1.083406619727612E-003,5.088308898848482E-005,
2.482233333333334E+009,-1.096448628231883E-003,1.285717153223231E-004,-1.030250568874180E-003,7.136843487387523E-005,
2.482266666666667E+009,-1.083267154172063E-003,8.764760423218831E-005,-1.078104833140969E-003,1.206183369504288E-004,
2.482300000000000E+009,-1.037638168781996E-003,1.406549272360280E-004,-1.104324357584119E-003,1.135407510446385E-004,
2.482333333333334E+009,-1.069651800207794E-003,1.467120164306834E-004,-1.051710569299758E-003,1.549869193695486E-004,
2.482366666666667E+009,-1.117304782383144E-003,1.534564362373203E-004,-1.098330365493894E-003,2.099407720379531E-004,
2.482400000000000E+009,-1.056129112839699E-003,2.481229894328862E-004,-1.023728633299470E-003,2.429610758554190E-004,
2.482433333333334E+009,-1.007361570373178E-003,2.628825604915619E-004,-1.058151945471764E-003,3.076747816521674E-004,
2.482466666666667E+009,-1.068261335603893E-003,2.744894009083509E-004,-1.024760771542788E-003,3.067333309445530E-004,
2.482500000000000E+009,-1.026736688800156E-003,3.289775049779564E-004,-1.030344283208251E-003,3.058333822991699E-004,
2.482533333333334E+009,-1.022261218167841E-003,3.459108411334455E-004,-1.075887703336775E-003,3.366602759342641E-004,
2.482566666666667E+009,-9.600823977962136E-004,3.414158127270639E-004,-1.025052042677999E-003,4.196717636659741E-004,
2.482600000000000E+009,-1.040147617459297E-003,3.970365214627236E-004,-9.976126020774245E-004,4.114324983675033E-004,
2.482633333333334E+009,-9.778348030522466E-004,4.569769953377545E-004,-9.954385459423065E-004,4.064052773173899E-004,
2.482666666666667E+009,-9.282839018851519E-004,4.623479908332229E-004,-9.803398279473186E-004,4.675945092458278E-004,
2.482700000000000E+009,-9.089891682378948E-004,4.907057154923677E-004,-9.464346803724766E-004,5.251999245956540E-004,
2.482733333333334E+009,-9.814843069761992E-004,5.373013555072248E-004,-8.958834223449230E-004,5.592345260083675E-004,
2.482766666666667E+009,-9.616974857635796E-004,5.245531210675836E-004,-9.157942258752883E-004,5.909189931116998E-004,
2.482800000000000E+009,-9.284847183153033E-004,5.758705665357411E-004,-8.850570884533227E-004,5.663005867972970E-004,
2.482833333333334E+009,-9.387340396642685E-004,6.137856398709118E-004,-8.684850763529539E-004,6.319554522633553E-004,
2.482866666666667E+009,-9.044182952493429E-004,6.053787074051797E-004,-8.764700614847243E-004,6.340131512843072E-004,
2.482900000000000E+009,-8.645727066323161E-004,6.136112497188151E-004,-8.929464966058731E-004,6.081567844375968E-004,
2.482933333333334E+009,-8.829259313642979E-004,7.152053294703364E-004,-8.126337197609246E-004,7.018896867521107E-004,
2.482966666666667E+009,-7.664963486604393E-004,6.557792657986283E-004,-7.938253693282604E-004,7.042739889584482E-004,
2.483000000000000E+009,-7.764238398522139E-004,7.590166060253978E-004,-7.445152732543647E-004,7.240499835461378E-004,
2.483033333333334E+009,-7.560189114883542E-004,8.029995369724929E-004,-7.731509394943714E-004,7.762370514683425E-004,
2.483066666666667E+009,-7.544903201051056E-004,7.612341432832182E-004,-7.098390487954021E-004,7.474461453966796E-004,
2.483100000000000E+009,-7.770911324769259E-004,7.988483412191272E-004,-7.758332649245858E-004,8.222173200920224E-004,
2.483133333333334E+009,-6.657764315605164E-004,7.733900565654039E-004,-6.928553921170533E-004,8.548897458240390E-004,
2.483166666666667E+009,-6.106005166657269E-004,8.171981316991150E-004,-7.083023083396256E-004,8.597153937444091E-004,
2.483200000000000E+009,-6.504358607344329E-004,8.568256162106991E-004,-6.543647614307702E-004,8.519881521351636E-004,
2.483233333333334E+009,-5.853543407283723E-004,9.137612651102245E-004,-6.506569334305823E-004,8.638155413791537E-004,
2.483266666666667E+009,-5.979051929898560E-004,8.691478287801147E-004,-6.125859799794853E-004,9.146446827799082E-004,
2.483300000000000E+009,-5.443443660624325E-004,9.060532902367413E-004,-6.396656972356141E-004,8.793305605649948E-004,
2.483333333333334E+009,-5.188343930058181E-004,9.220315259881318E-004,-5.533280200324953E-004,9.317270014435053E-004,
2.483366666666667E+009,-5.920795956626535E-004,9.323825361207128E-004,-5.251129041425884E-004,9.518429869785905E-004,
2.483400000000000E+009,-4.481012583710253E-004,9.814697550609708E-004,-5.404051626101136E-004,9.544870117679238E-004,
2.483433333333334E+009,-4.268389020580798E-004,1.042433781549335E-003,-4.717591800726950E-004,9.813118958845735E-004,
2.483466666666667E+009,-4.512305895332247E-004,1.042169285938144E-003,-3.909565857611597E-004,1.031905529089272E-003,
2.483500000000000E+009,-3.681897360365838E-004,9.591383277438581E-004,-3.918480069842190E-004,1.080897403880954E-003,
2.483533333333334E+009,-3.325254365336150E-004,1.036331523209810E-003,-3.779530525207520E-004,1.019184361211956E-003,
2.483566666666667E+009,-3.512412076815963E-004,1.020899973809719E-003,-3.722922992892563E-004,1.060213777236641E-003,
2.483600000000000E+009,-3.268995496910065E-004,1.031931024044752E-003,-3.453257668297738E-004,1.091052312403917E-003,
2.483633333333334E+009,-2.740255149547011E-004,1.048614969477058E-003,-2.667957160156220E-004,1.117669162340462E-003,
2.483666666666667E+009,-2.338758495170623E-004,1.028356375172734E-003,-2.893914934247732E-004,1.112225814722478E-003,
2.483700000000000E+009,-2.831969177350402E-004,1.061829621903598E-003,-2.659110468812287E-004,1.053664367645979E-003,
2.483733333333334E+009,-2.235389110865071E-004,1.049646176397800E-003,-2.124819875461981E-004,1.082866103388369E-003,
2.483766666666667E+009,-2.203512995038182E-004,1.032903906889260E-003,-1.131664030253887E-004,1.075873966328800E-003,
2.483800000000000E+009,-1.430332631571218E-004,1.098573091439903E-003,-1.942216185852885E-004,1.091651152819395E-003,
2.483833333333334E+009,-1.876359310699627E-004,1.034748856909573E-003,-1.034403685480356E-004,1.110816723667085E-003,
2.483866666666667E+009,-1.081384398275986E-004,1.152916462160647E-003,-8.373769378522411E-005,1.130595221184194E-003,
2.483900000000000E+009,-6.483383185695857E-005,1.129926298744977E-003,-4.462401557248086E-005,1.104722963646054E-003,
2.483933333333334E+009,-6.939705053810030E-005,1.154634985141456E-003,1.027628172778350E-006,1.121602836064994E-003,
2.483966666666667E+009,-1.599406823515892E-005,1.121340435929596E-003,1.722043634799775E-005,1.102696056477726E-003,
2.484000000000000E+009,1.900732422654983E-005,1.169501221738756E-003,-1.878900206975231E-006,1.149809104390442E-003,
2.484033333333334E+009,8.959307160694152E-005,1.150008407421410E-003,9.049599611898884E-005,1.095941290259361E-003,
2.484066666666667E+009,1.412614365108311E-004,1.094187609851360E-003,7.031087443465367E-005,1.134181278757751E-003,
2.484100000000000E+009,8.252928819274530E-005,1.093099825084209E-003,1.575858914293349E-004,1.078913221135736E-003,
2.484133333333334E+009,1.638926041778177E-004,1.087703625671566E-003,1.791678078006953E-004,1.128016156144440E-003,
2.484166666666667E+009,1.707675110083073E-004,1.054772175848484E-003,1.707157935015857E-004,1.051851082593203E-003,
2.484200000000000E+009,2.498164831195027E-004,1.107996911741793E-003,2.737811591941863E-004,1.067474135197699E-003,
2.484233333333334E+009,2.293232973897830E-004,1.044670352712274E-003,3.019845171365887E-004,1.084084273315966E-003,
2.484266666666667E+009,3.205814864486456E-004,1.017979346215725E-003,3.051811654586345E-004,1.074582338333130E-003,
2.484300000000000E+009,3.445823967922479E-004,1.072368700988591E-003,3.611305146478117E-004,1.075537060387433E-003,
2.484333333333334E+009,3.564861835911870E-004,1.082006259821355E-003,3.787410678341985E-004,1.083740964531899E-003,
2.484366666666667E+009,4.421458870638162E-004,1.049935584887862E-003,4.121307574678212E-004,1.102113397791982E-003,
2.484400000000000E+009,4.412544367369264E-004,1.027475227601826E-003,4.643481224775314E-004,1.080784131772816E-003,
2.484433333333334E+009,3.883726603817195E-004,1.038789632730186E-003,4.578646621666849E-004,1.053954125382006E-003,
2.484466666666667E+009,4.842721682507545E-004,9.965329663828015E-004,4.957802011631429E-004,1.004511606879532E-003,
2.484500000000000E+009,5.444266716949642E-004,9.522417094558477E-004,5.933197680860758E-004,1.009018975310028E-003,
2.484533333333334E+009,5.076254601590335E-004,9.885049657896161E-004,5.737220053561032E-004,9.749974124133587E-004,
2.484566666666667E+009,6.066958885639906E-004,9.117178851738572E-004,5.938804242759943E-004,9.361966513097286E-004,
2.484600000000000E+009,5.885834689252079E-004,9.694499312900007E-004,5.896892398595810E-004,9.388165781274438E-004,
2.484633333333334E+009,6.446577608585358E-004,9.320494718849659E-004,6.628503324463964E-004,8.984483429230750E-004,
2.484666666666667E+009,6.654180469922721E-004,8.621267043054104E-004,6.446858169510961E-004,8.593890233896673E-004,
2.484700000000000E+009,6.438120617531240E-004,8.603683090768755E-004,7.010343833826482E-004,8.287142845802009E-004,
2.484733333333334E+009,7.505352841690183E-004,8.617090061306953E-004,7.183076813817024E-004,8.166534826159477E-004,
2.484766666666667E+009,8.195772534236312E-004,8.471553446725011E-004,7.434088620357215E-004,8.446550345979631E-004,
2.484800000000000E+009,7.519006030634046E-004,8.395117474719882E-004,7.758816936984658E-004,7.701842696405947E-004,
2.484833333333334E+009,7.894797017797828E-004,7.729380740784109E-004,8.085739100351930E-004,7.784782210364938E-004,
2.484866666666667E+009,8.166549378074706E-004,8.014554041437805E-004,8.172076195478439E-004,7.801701431162655E-004,
2.484900000000000E+009,8.507366292178631E-004,7.551856688223779E-004,8.321208297275007E-004,7.526078843511641E-004,
2.484933333333334E+009,8.179751457646489E-004,7.662200951017439E-004,8.723438950255513E-004,7.151131867431104E-004,
2.484966666666667E+009,8.850401500239968E-004,7.536674384027720E-004,8.390907896682620E-004,7.179142558015883E-004,
2.485000000000000E+009,9.258073405362666E-004,6.883759633637965E-004,8.901495020836592E-004,6.336260703392327E-004,
2.485033333333334E+009,8.943921420723200E-004,6.338172242976725E-004,9.221705258823931E-004,6.625214591622353E-004,
2.485066666666667E+009,9.667561971582472E-004,5.927270976826549E-004,9.012964437715709E-004,5.998532869853079E-004,
2.485100000000000E+009,9.648401173762977E-004,5.422953399829567E-004,9.857878321781755E-004,5.821095546707511E-004,
2.485133333333334E+009,9.984865318983793E-004,5.851212772540748E-004,9.234579047188163E-004,5.402250098995864E-004,
2.485166666666667E+009,1.024512574076653E-003,5.532588693313301E-004,1.007102779112756E-003,5.137430853210390E-004,
2.485200000000000E+009,9.913652902469039E-004,5.299190524965525E-004,1.013328204862773E-003,4.761074087582529E-004,
2.485233333333334E+009,1.010060543194413E-003,4.436362942215055E-004,1.031067920848727E-003,5.146406474523246E-004,
2.485266666666667E+009,1.011657295748591E-003,4.272986552678049E-004,1.041676849126816E-003,4.562686954159290E-004,
2.485300000000000E+009,1.046066405251622E-003,3.969932731706649E-004,1.078629051335156E-003,4.041857318952680E-004,
2.485333333333334E+009,1.030107843689621E-003,3.963104391004890E-004,1.072869170457125E-003,3.888128849212080E-004,
2.485366666666667E+009,1.065470045432448E-003,3.815189120359719E-004,1.038030837662518E-003,3.833251830656081E-004,
2.485400000000000E+009,1.126787276007235E-003,3.660497313831002E-004,1.119779073633254E-003,3.168947296217084E-004,
2.485433333333334E+009,1.087233773432672E-003,3.550874534994364E-004,1.080856309272349E-003,3.206684486940503E-004,
2.485466666666667E+009,1.056278822943568E-003,2.823544782586396E-004,1.079246518202126E-003,2.834832994267345E-004,
2.485500000000000E+009,1.145166228525341E-003,2.181875461246818E-004,1.085389172658324E-003,2.741554344538599E-004,
2.485533333333334E+009,1.156930346041918E-003,2.226193610113114E-004,1.136248582042754E-003,1.666527969064191E-004,
2.485566666666667E+009,1.089412486180663E-003,2.446217113174498E-004,1.101138419471681E-003,1.269539498025551E-004,
2.485600000000000E+009,1.128975418396294E-003,1.167206210084260E-004,1.140293548814952E-003,1.229781482834369E-004,
2.485633333333334E+009,1.138037652708590E-003,1.117108768085018E-004,1.135543221607804E-003,1.058613488567062E-004,
2.485666666666667E+009,1.153360470198095E-003,5.394132313085720E-005,1.152221229858697E-003,9.865624451776967E-005,
2.485700000000000E+009,1.128845382481813E-003,4.770216492033796E-006,1.136538689024746E-003,4.009102485724725E-005,
2.485733333333334E+009,1.149744493886828E-003,1.097541735362029E-005,1.152612501755357E-003,1.309293293161318E-005,
2.485766666666667E+009,1.135441008955240E-003,-5.668440644512884E-005,1.127399504184723E-003,-3.595505404518917E-006,
2.485800000000000E+009,1.167375594377518E-003,-9.257463534595445E-005,1.125971437431872E-003,-5.428105578175746E-005,
2.485833333333334E+009,1.149990130215883E-003,-1.600470422999933E-004,1.096349908038974E-003,-1.584973506396636E-004,
2.485866666666667E+009,1.121027627959848E-003,-1.484636450186372E-004,1.102399080991745E-003,-1.717964332783595E-004,
2.485900000000000E+009,1.150059630163014E-003,-2.064095751848072E-004,1.123057445511222E-003,-1.923333620652556E-004,
2.485933333333334E+009,1.120992703363299E-003,-2.132920781150460E-004,1.132058911025524E-003,-2.535568200983107E-004,
2.485966666666667E+009,1.132578821852803E-003,-2.664924541022629E-004,1.135910046286881E-003,-1.949229190358892E-004,
2.486000000000000E+009,1.084875781089068E-003,-2.754489833023399E-004,1.110949553549290E-003,-2.368269924772903E-004,
2.486033333333334E+009,1.104565686546266E-003,-3.647953271865845E-004,1.130563090555370E-003,-2.898260427173227E-004,
2.486066666666667E+009,1.104208175092936E-003,-3.353997308295220E-004,1.042941585183144E-003,-3.589693224057555E-004,
2.486100000000000E+009,1.059517613612115E-003,-3.910031809937209E-004,1.039971830323339E-003,-3.612330765463412E-004,
2.486133333333334E+009,1.072771614417434E-003,-4.273755184840411E-004,1.102090929634869E-003,-4.223157302476466E-004,
2.486166666666667E+009,1.007401850074530E-003,-4.250021884217858E-004,1.021866919472814E-003,-4.130501474719495E-004,
2.486200000000000E+009,1.064327661879361E-003,-4.597178776748478E-004,1.053286716341972E-003,-5.128202610649169E-004,
2.486233333333334E+009,9.789793984964490E-004,-4.034008888993412E-004,9.485601331107318E-004,-4.936698824167252E-004,
2.486266666666667E+009,9.821424027904868E-004,-5.265883519314230E-004,1.022716751322150E-003,-4.963180981576443E-004,
2.486300000000000E+009,1.012512715533376E-003,-5.928097525611520E-004,9.797251550480723E-004,-6.041695014573634E-004,
2.486333333333334E+009,9.805076988413930E-004,-6.002933951094747E-004,9.455234394408763E-004,-6.062304018996656E-004,
2.486366666666667E+009,9.198923944495618E-004,-6.134092691354454E-004,9.215400787070394E-004,-6.253750761970878E-004,
2.486400000000000E+009,8.656806894578040E-004,-6.579655455425382E-004,9.736898355185986E-004,-6.985738873481751E-004,
2.486433333333334E+009,9.282344835810363E-004,-7.059301133267582E-004,9.429047931917012E-004,-6.407602340914309E-004,
2.486466666666667E+009,9.228666312992573E-004,-7.008576649241149E-004,8.869805606082082E-004,-7.056968752294779E-004,
2.486500000000000E+009,9.119887254200876E-004,-7.265958702191711E-004,8.858878863975406E-004,-7.346927304752171E-004,
2.486533333333334E+009,8.657735306769610E-004,-7.446872186847031E-004,8.495122310705483E-004,-7.638693787157536E-004,
2.486566666666667E+009,8.243848569691181E-004,-7.613171474076808E-004,7.941289222799242E-004,-8.377609774470329E-004,
2.486600000000000E+009,8.074982324615121E-004,-8.042957633733749E-004,8.125544991344214E-004,-8.243756601586938E-004,
2.486633333333334E+009,7.853039423935115E-004,-8.347351686097682E-004,7.776193669997156E-004,-8.517574751749635E-004,
2.486666666666667E+009,8.104660082608461E-004,-8.376825717277825E-004,8.091451600193977E-004,-8.425898849964142E-004,
2.486700000000000E+009,7.399536552838981E-004,-8.642146131023765E-004,7.417775341309607E-004,-8.541602292098105E-004,
2.486733333333334E+009,7.244638400152326E-004,-8.539578411728144E-004,7.614859496243298E-004,-9.619201300665736E-004,
2.486766666666667E+009,7.091088918969035E-004,-8.867983706295490E-004,7.328299689106643E-004,-9.219552739523351E-004,
2.486800000000000E+009,6.283107213675976E-004,-9.306880529038608E-004,6.864941678941250E-004,-9.135460713878274E-004,
2.486833333333334E+009,6.130835972726345E-004,-9.418668923899531E-004,6.095895660109818E-004,-9.253177559003234E-004,
2.486866666666667E+009,6.540262838825584E-004,-1.005932921543717E-003,6.331399781629443E-004,-1.002484816126525E-003,
2.486900000000000E+009,5.987065378576517E-004,-9.824665030464530E-004,6.205167155712843E-004,-1.006676000542939E-003,
2.486933333333334E+009,5.442157853394747E-004,-9.992030682042241E-004,5.406736163422465E-004,-9.959073504433036E-004,
2.486966666666667E+009,5.188389332033694E-004,-1.027867081575096E-003,5.648767109960318E-004,-1.074270694516599E-003,
2.487000000000000E+009,5.159807042218745E-004,-1.046370831318200E-003,5.256491713225842E-004,-1.037770882248879E-003,
2.487033333333334E+009,4.170299507677555E-004,-1.031770720146596E-003,4.755703848786652E-004,-1.113840262405574E-003,
2.487066666666667E+009,4.696097748819739E-004,-1.088969293050468E-003,4.148179723415524E-004,-1.071066362783313E-003,
2.487100000000000E+009,4.695178358815610E-004,-1.116535859182477E-003,4.296337720006704E-004,-1.127305557020009E-003,
2.487133333333334E+009,4.228070320095867E-004,-1.170609379187226E-003,3.674609470181167E-004,-1.079998211935163E-003,
2.487166666666667E+009,3.621146315708756E-004,-1.197097008116543E-003,3.377058019395918E-004,-1.156296581029892E-003,
2.487200000000000E+009,3.111480327788740E-004,-1.126128016039729E-003,3.237033088225871E-004,-1.144728972576559E-003,
2.487233333333334E+009,3.411959332879633E-004,-1.062856172211468E-003,2.618762955535203E-004,-1.093848957680166E-003,
2.487266666666667E+009,3.155072918161750E-004,-1.099384040571749E-003,3.059933078475297E-004,-1.103204791434109E-003,
2.487300000000000E+009,2.064795407932252E-004,-1.174507895484567E-003,2.472678897902370E-004,-1.182461972348392E-003,
2.487333333333334E+009,1.784367777872831E-004,-1.218640711158514E-003,1.679806591710076E-004,-1.130987191572785E-003,
2.487366666666667E+009,1.537268253741786E-004,-1.170023460872471E-003,1.285632752114907E-004,-1.179815968498588E-003,
2.487400000000000E+009,1.592018088558689E-004,-1.189313945360482E-003,1.395101135130972E-004,-1.175863435491920E-003,
2.487433333333334E+009,1.448205439373851E-004,-1.159238163381815E-003,7.177993393270299E-005,-1.129143522121012E-003,
2.487466666666667E+009,4.544576950138435E-005,-1.223885104991496E-003,5.802439045510255E-005,-1.175155281089246E-003,
2.487500000000000E+009,-1.514922041678801E-005,-1.117742620408535E-003,2.694677095860243E-005,-1.143715460784733E-003,
2.487533333333334E+009,2.329247081434005E-006,-1.206108019687235E-003,-7.525076944148168E-005,-1.168424612842500E-003,
2.487566666666667E+009,-4.694335439126007E-005,-1.180998166091740E-003,-5.922249692957848E-005,-1.152753829956055E-003,
2.487600000000000E+009,-1.049281854648143E-004,-1.137231825850904E-003,-6.987470987951383E-005,-1.150674303062260E-003,
2.487633333333334E+009,-1.486536057200283E-004,-1.143500208854675E-003,-9.943432087311521E-005,-1.144911395385861E-003,
2.487666666666667E+009,-1.761978492140770E-004,-1.140137668699026E-003,-1.080588262993842E-004,-1.133046927861869E-003,
2.487700000000000E+009,-1.571188477100804E-004,-1.136058126576245E-003,-2.014741621678695E-004,-1.188312890008092E-003,
2.487733333333334E+009,-2.561086439527571E-004,-1.111988443881273E-003,-2.076530363410711E-004,-1.127044553868473E-003,
2.487766666666667E+009,-2.798422065097839E-004,-1.132350182160735E-003,-2.687856613192707E-004,-1.103708753362298E-003,
2.487800000000000E+009,-2.692661946639419E-004,-1.093110186047852E-003,-2.898707462009043E-004,-1.145513146184385E-003,
2.487833333333334E+009,-3.519420861266553E-004,-1.095949439331889E-003,-3.590614651329815E-004,-1.135383732616901E-003,
2.487866666666667E+009,-3.908073122147471E-004,-1.161517458967865E-003,-3.582840145099908E-004,-1.154244760982692E-003,
2.487900000000000E+009,-3.912108659278601E-004,-1.099341548979282E-003,-3.082913754042238E-004,-1.086087315343320E-003,
2.487933333333334E+009,-4.193916975054890E-004,-1.054903492331505E-003,-4.443421203177422E-004,-1.100894878618419E-003,
2.487966666666667E+009,-4.968212451785803E-004,-1.039294758811593E-003,-4.685827298089862E-004,-1.050683786161244E-003,
2.488000000000000E+009,-4.669994232244790E-004,-1.083459937945008E-003,-4.493215237744153E-004,-1.049679238349199E-003,
2.488033333333334E+009,-5.129074561409652E-004,-1.092974795028567E-003,-5.194403347559273E-004,-1.110112876631320E-003,
2.488066666666667E+009,-5.715293227694929E-004,-1.027212827466428E-003,-5.731080891564488E-004,-1.058278372511268E-003,
2.488100000000000E+009,-5.823358078487217E-004,-1.055855071172118E-003,-5.620190058834851E-004,-1.015920308418572E-003,
2.488133333333334E+009,-5.985540919937193E-004,-1.053292886354029E-003,-6.073276745155454E-004,-1.025143312290311E-003,
2.488166666666667E+009,-6.513602565973997E-004,-9.834149386733770E-004,-6.709319422952831E-004,-9.699010988697410E-004,
2.488200000000000E+009,-6.362241110764444E-004,-9.906364139169455E-004,-6.421557627618313E-004,-9.461477166041732E-004,
2.488233333333334E+009,-6.085387431085110E-004,-9.512497927062213E-004,-6.659735809080303E-004,-9.947088547050953E-004,
2.488266666666667E+009,-7.463911897502840E-004,-9.097449365071952E-004,-7.618017843924463E-004,-9.007108164951205E-004,
2.488300000000000E+009,-7.299965363927186E-004,-9.139393805526197E-004,-7.839763420633972E-004,-9.255755576305091E-004,
2.488333333333334E+009,-7.697487017139792E-004,-8.991893264465034E-004,-7.950159488245845E-004,-8.486228762194514E-004,
2.488366666666667E+009,-8.325414964929223E-004,-8.615811821073294E-004,-8.188748033717275E-004,-8.817837806418538E-004,
2.488400000000000E+009,-8.634730475023389E-004,-7.860957994125783E-004,-8.873311453498900E-004,-9.020267170853913E-004,
2.488433333333334E+009,-8.559479610994458E-004,-8.220624295063317E-004,-8.197465213015676E-004,-8.444579434581101E-004,
2.488466666666667E+009,-8.742547943256795E-004,-7.847125525586307E-004,-9.420902933925390E-004,-8.162967278622091E-004,
2.488500000000000E+009,-8.921774569898844E-004,-7.886780076660216E-004,-9.657999034970999E-004,-7.993412436917424E-004,
2.488533333333334E+009,-9.812869830057025E-004,-7.425960502587259E-004,-1.009026425890625E-003,-7.714530802331865E-004,
2.488566666666667E+009,-9.760240209288895E-004,-7.657260284759104E-004,-9.187903488054872E-004,-7.580366800539196E-004,
2.488600000000000E+009,-9.776587830856443E-004,-7.434639264829457E-004,-9.744893177412450E-004,-7.038301555439830E-004,
2.488633333333334E+009,-9.832237847149372E-004,-6.530966493301094E-004,-1.019446761347354E-003,-7.183974958024919E-004,
2.488666666666667E+009,-1.014420529827476E-003,-5.941052222624421E-004,-9.955875575542450E-004,-6.642931257374585E-004,
2.488700000000000E+009,-1.058652764186263E-003,-6.587463431060314E-004,-1.039057853631675E-003,-6.190787535160780E-004,
2.488733333333334E+009,-1.130594406276941E-003,-5.494279321283102E-004,-1.107265241444111E-003,-5.948898615315557E-004,
2.488766666666667E+009,-1.075187465175986E-003,-4.959639627486467E-004,-1.095441868528724E-003,-5.506200250238180E-004,
2.488800000000000E+009,-1.114766113460064E-003,-5.224623600952327E-004,-1.113803242333233E-003,-5.805074470117688E-004,
2.488833333333334E+009,-1.160023850388825E-003,-4.601257969625294E-004,-1.129633630625904E-003,-4.835550498683006E-004,
2.488866666666667E+009,-1.122802379541099E-003,-4.593957855831832E-004,-1.162314903922379E-003,-5.041121039539576E-004,
2.488900000000000E+009,-1.130961463786662E-003,-4.163853591307998E-004,-1.163114095106721E-003,-4.100724763702601E-004,
2.488933333333334E+009,-1.170811126939952E-003,-3.455900005064905E-004,-1.130555407144129E-003,-3.961126785725355E-004,
2.488966666666667E+009,-1.179001410491765E-003,-3.926845092792064E-004,-1.214883406646550E-003,-3.315519425086677E-004,
2.489000000000000E+009,-1.187042915262282E-003,-3.164313384331763E-004,-1.196419005282223E-003,-3.560901968739927E-004,
2.489033333333334E+009,-1.261364435777068E-003,-3.116203879471868E-004,-1.187311019748449E-003,-2.794031170196831E-004,
2.489066666666667E+009,-1.231460948474705E-003,-2.328361006220803E-004,-1.221063546836376E-003,-2.875243662856519E-004,
2.489100000000000E+009,-1.205949811264873E-003,-2.029850147664547E-004,-1.224957755766809E-003,-2.028473827522248E-004,
2.489133333333334E+009,-1.257952302694321E-003,-2.208130608778447E-004,-1.259570010006428E-003,-1.354531850665808E-004,
2.489166666666667E+009,-1.275159302167594E-003,-1.528865250293165E-004,-1.255018054507673E-003,-1.382807968184352E-004,
2.489200000000000E+009,-1.228323206305504E-003,-1.550050510559231E-004,-1.240997924469411E-003,-1.328741782344878E-004,
2.489233333333334E+009,-1.282065757550299E-003,-5.868358493898995E-005,-1.263860845938325E-003,-1.096680352929980E-004,
2.489266666666667E+009,-1.267433166503906E-003,-3.689336153911427E-005,-1.251239678822458E-003,-6.507260695798323E-005,
2.489300000000000E+009,-1.221915474161506E-003,-3.425751856411807E-006,-1.241219229996204E-003,3.609682971728034E-005,
2.489333333333334E+009,-1.261985511519015E-003,5.227910151006654E-006,-1.235778210684657E-003,3.310008105472662E-005,
2.489366666666667E+009,-1.238040276803076E-003,1.252768415724859E-004,-1.226335181854665E-003,8.375964534934610E-005,
2.489400000000000E+009,-1.254808623343706E-003,1.040353381540626E-004,-1.231907517649233E-003,7.227324385894463E-005,
2.489433333333334E+009,-1.174350734800100E-003,1.592811604496092E-004,-1.269649947062135E-003,2.063737483695149E-004,
2.489466666666667E+009,-1.216631731949747E-003,1.944219402503222E-004,-1.217482844367623E-003,1.936069311341271E-004,
2.489500000000000E+009,-1.216284697875381E-003,2.803939569275826E-004,-1.196086639538407E-003,2.733230066951364E-004,
2.489533333333334E+009,-1.225992455147207E-003,2.558338164817542E-004,-1.214858377352357E-003,2.651496324688196E-004,
2.489566666666667E+009,-1.210489077493548E-003,2.995147078763694E-004,-1.288842060603201E-003,2.911399933509529E-004,
2.489600000000000E+009,-1.209688256494701E-003,3.812968207057566E-004,-1.216377131640911E-003,3.305000427644700E-004,
2.489633333333334E+009,-1.149564632214606E-003,3.730949247255921E-004,-1.187706133350730E-003,3.463096218183637E-004,
2.489666666666667E+009,-1.199926249682903E-003,4.605215508490801E-004,-1.195366960018873E-003,4.542847163975239E-004,
2.489700000000000E+009,-1.153764431364834E-003,4.614891076926142E-004,-1.124754897318780E-003,4.874755104538053E-004,
2.489733333333334E+009,-1.145414076745510E-003,5.359448841772974E-004,-1.180330291390419E-003,5.308780237101018E-004,
2.489766666666667E+009,-1.100870780646801E-003,5.902841803617775E-004,-1.116313040256500E-003,4.921996151097119E-004,
2.489800000000000E+009,-1.150023192167282E-003,5.174897378310561E-004,-1.173484371975064E-003,5.550987552851439E-004,
2.489833333333334E+009,-1.125347567722201E-003,5.928898463025689E-004,-1.094038598239422E-003,5.971779464744031E-004,
2.489866666666667E+009,-1.104354276321828E-003,6.390982307493687E-004,-1.141625922173262E-003,6.826178869232535E-004,
2.489900000000000E+009,-1.079222536645830E-003,6.481238524429500E-004,-1.104898750782013E-003,6.762459524907172E-004,
2.489933333333334E+009,-1.086340751498938E-003,7.320902077481151E-004,-1.077200518921018E-003,6.899661966599524E-004,
2.489966666666667E+009,-1.072368351742625E-003,7.380305905826390E-004,-1.088683842681348E-003,7.442205678671598E-004,
2.490000000000000E+009,-1.100496971048415E-003,7.452871650457382E-004,-1.014739158563316E-003,7.676329114474356E-004,
2.490033333333334E+009,-1.067711855284870E-003,8.148479391820729E-004,-1.020174822770059E-003,8.065521833486855E-004,
2.490066666666667E+009,-1.002933131530881E-003,8.393013267777860E-004,-9.893528185784817E-004,8.657613652758300E-004,
2.490100000000000E+009,-9.792828932404518E-004,8.663459448143840E-004,-9.936325950548053E-004,8.636819547973573E-004,
2.490133333333334E+009,-9.955181740224361E-004,9.016291005536914E-004,-9.387710597366095E-004,9.091087267734110E-004,
2.490166666666667E+009,-9.300892124883831E-004,9.417958208359778E-004,-9.582089260220528E-004,9.568750392645598E-004,
2.490200000000000E+009,-8.650341187603772E-004,9.586399537511170E-004,-9.355283691547811E-004,9.667347767390311E-004,
2.490233333333334E+009,-8.652113028801978E-004,1.033819513395429E-003,-9.310524910688400E-004,1.038538641296327E-003,
2.490266666666667E+009,-8.694972493685782E-004,1.019528368487954E-003,-8.454019553028047E-004,1.006161794066429E-003,
2.490300000000000E+009,-7.859384641051292E-004,1.079769455827773E-003,-8.462648256681860E-004,1.092062331736088E-003,
2.490333333333334E+009,-7.712036604061723E-004,1.105248462408781E-003,-7.601529359817505E-004,1.082124304957688E-003,
2.490366666666667E+009,-7.765349000692368E-004,1.102905021980405E-003,-7.231934578157961E-004,1.100955298170447E-003,
2.490400000000000E+009,-6.848112680017948E-004,1.114058191888034E-003,-6.455067195929587E-004,1.136140897870064E-003,
2.490433333333334E+009,-6.598152103833854E-004,1.148992567323148E-003,-6.306670256890357E-004,1.138901337981224E-003,
2.490466666666667E+009,-6.551778060384095E-004,1.173468772321940E-003,-6.090921233408153E-004,1.175721059553325E-003,
2.490500000000000E+009,-6.025942275300622E-004,1.172912423498929E-003,-5.801164079457521E-004,1.245052670128644E-003,
2.490533333333334E+009,-5.670663085766137E-004,1.208598143421114E-003,-6.045766058377922E-004,1.211709459312260E-003,
2.490566666666667E+009,-5.320965428836644E-004,1.228097709827125E-003,-5.137812695465982E-004,1.231962465681136E-003,
2.490600000000000E+009,-5.281856865622103E-004,1.217764103785157E-003,-5.058568203821778E-004,1.204448402859271E-003,
2.490633333333334E+009,-4.433969443198293E-004,1.264134305529296E-003,-4.370566166471690E-004,1.292002038098872E-003,
2.490666666666667E+009,-3.974587307311595E-004,1.242450671270490E-003,-4.576251376420260E-004,1.247596344910562E-003,
2.490700000000000E+009,-3.595184825826436E-004,1.329655176959932E-003,-3.641843795776367E-004,1.293374341912568E-003,
2.490733333333334E+009,-3.381140413694084E-004,1.289221574552357E-003,-3.233189927414060E-004,1.303591183386743E-003,
2.490766666666667E+009,-3.381427086424083E-004,1.303807948715985E-003,-2.979124255944043E-004,1.320026582106948E-003,
2.490800000000000E+009,-2.370647562202066E-004,1.346952863968909E-003,-2.412491885479540E-004,1.370646292343736E-003,
2.490833333333334E+009,-2.274441649205983E-004,1.310035469941795E-003,-1.969011937035248E-004,1.319863367825747E-003,
2.490866666666667E+009,-1.487732224632055E-004,1.332617481239140E-003,-1.535995543235913E-004,1.357192057184875E-003,
2.490900000000000E+009,-1.779814629117027E-004,1.394020393490791E-003,-7.382966578006744E-005,1.349499332718551E-003,
2.490933333333334E+009,-4.600654574460350E-005,1.353930332697928E-003,-8.826472185319290E-005,1.314148772507906E-003,
2.490966666666667E+009,-3.388336335774511E-005,1.328134909272194E-003,-2.369370668020565E-005,1.346302451565862E-003,
2.491000000000000E+009,4.525314579950646E-005,1.289685256779194E-003,-5.491678894031793E-005,1.344969263300300E-003,
2.491033333333334E+009,4.010480188298971E-005,1.284530619159341E-003,6.583658978343010E-005,1.337476540356875E-003,
2.491066666666667E+009,9.622590732760727E-005,1.363285700790584E-003,1.193812422570773E-004,1.332669635303319E-003,
2.491100000000000E+009,2.099154517054558E-004,1.341473311185837E-003,1.566679420648143E-004,1.360617927275598E-003,
2.491133333333334E+009,1.630613551242277E-004,1.343655749224126E-003,1.418723550159484E-004,1.315357396379113E-003,
2.491166666666667E+009,1.778842415660620E-004,1.367772580124438E-003,2.281630877405405E-004,1.330792438238859E-003,
2.491200000000000E+009,2.188500948250294E-004,1.366855925880373E-003,2.746327663771808E-004,1.350672682747245E-003,
2.491233333333334E+009,3.284036647528410E-004,1.294869231060147E-003,2.789308491628617E-004,1.298961462453008E-003,
2.491266666666667E+009,3.862357989419252E-004,1.379451830871403E-003,3.376014647074044E-004,1.307592494413257E-003,
2.491300000000000E+009,3.926268254872412E-004,1.264022546820343E-003,3.622770309448242E-004,1.285615027882159E-003,
2.491333333333334E+009,4.686647735070437E-004,1.294605433940888E-003,4.693332011811435E-004,1.278028008528054E-003,
2.491366666666667E+009,4.854607686866075E-004,1.280581462197006E-003,4.676705866586417E-004,1.269020605832338E-003,
2.491400000000000E+009,4.793099942617118E-004,1.263247337192297E-003,5.295769078657031E-004,1.272337627597153E-003,
2.491433333333334E+009,4.931248840875924E-004,1.301181386224926E-003,5.482752458192408E-004,1.307397149503231E-003,
2.491466666666667E+009,5.965616437606514E-004,1.228640903718770E-003,6.031045923009515E-004,1.203784369863570E-003,
2.491500000000000E+009,6.106129731051624E-004,1.184714958071709E-003,7.043370278552175E-004,1.216467586345971E-003,
2.491533333333334E+009,6.357822567224503E-004,1.215872354805470E-003,6.789219332858920E-004,1.225026673637331E-003,
2.491566666666667E+009,6.599731859751046E-004,1.131316414102912E-003,7.096315966919065E-004,1.192557625472546E-003,
2.491600000000000E+009,7.095053442753851E-004,1.176155521534383E-003,7.829153910279274E-004,1.153820776380599E-003,
2.491633333333334E+009,7.170648314058781E-004,1.121485955081880E-003,7.735518156550825E-004,1.170752220787108E-003,
2.491666666666667E+009,8.246544748544693E-004,1.097098342142999E-003,8.467891602776945E-004,1.115832244977355E-003,
2.491700000000000E+009,8.261228213086724E-004,1.096251886337996E-003,8.749848348088563E-004,1.114099170081317E-003,
2.491733333333334E+009,8.840993396006525E-004,1.101303030736744E-003,8.872344624251127E-004,1.044566626660526E-003,
2.491766666666667E+009,9.320780518464744E-004,1.019576564431191E-003,9.345786529593170E-004,9.928460931405425E-004,
2.491800000000000E+009,9.689374710433185E-004,9.968833765015006E-004,9.678818169049919E-004,1.003989367745817E-003,
2.491833333333334E+009,9.877332486212254E-004,9.593004360795021E-004,1.013367203995585E-003,1.008435734547675E-003,
2.491866666666667E+009,1.020447001792491E-003,1.018720329739153E-003,1.003924291580916E-003,9.774278150871396E-004,
2.491900000000000E+009,1.032200059853494E-003,9.574743453413248E-004,1.084667746908963E-003,9.152060956694186E-004,
2.491933333333334E+009,1.093455357477069E-003,9.000595891848207E-004,1.061381888575852E-003,8.786163525655866E-004,
2.491966666666667E+009,1.103063113987446E-003,8.035076898522675E-004,1.069823745638132E-003,8.613526006229222E-004,
2.492000000000000E+009,1.097921282052994E-003,8.392460294999182E-004,1.135518657974899E-003,8.284820942208171E-004,
2.492033333333334E+009,1.154140452854335E-003,8.059391984716058E-004,1.186382258310914E-003,8.132224320434034E-004,
2.492066666666667E+009,1.178904320113361E-003,7.883221260271967E-004,1.161510474048555E-003,7.794197299517691E-004,
2.492100000000000E+009,1.234209048561752E-003,7.210858748294413E-004,1.204363885335624E-003,6.991226691752672E-004,
2.492133333333334E+009,1.192187308333814E-003,7.086740806698799E-004,1.176666701212525E-003,6.120027392171323E-004,
2.492166666666667E+009,1.240175683051348E-003,5.937748355790973E-004,1.282622106373310E-003,6.187603576108813E-004,
2.492200000000000E+009,1.286685583181679E-003,5.667210789397359E-004,1.278585870750248E-003,6.361523410305381E-004,
2.492233333333334E+009,1.255581504665315E-003,5.205598426982760E-004,1.294884248636663E-003,5.205229972489178E-004,
2.492266666666667E+009,1.283177756704390E-003,5.065267323516309E-004,1.306979567743838E-003,4.330585652496666E-004,
2.492300000000000E+009,1.299505704082549E-003,4.454754525795579E-004,1.319109462201595E-003,4.220304836053401E-004,
2.492333333333334E+009,1.353804487735033E-003,4.348457732703537E-004,1.317288028076291E-003,3.824480809271336E-004,
2.492366666666667E+009,1.291686668992043E-003,3.804368898272514E-004,1.341571914963424E-003,3.684428811538965E-004,
2.492400000000000E+009,1.364679541438818E-003,3.139603068120778E-004,1.336612389422953E-003,3.317659138701856E-004,
2.492433333333334E+009,1.345687429420650E-003,2.488726458977908E-004,1.351202721707523E-003,2.822795649990439E-004,
2.492466666666667E+009,1.314824330620468E-003,2.886564761865884E-004,1.386135700158775E-003,2.406063722446561E-004,
2.492500000000000E+009,1.355004031211138E-003,1.641236594878137E-004,1.322359894402325E-003,1.999620435526595E-004,
2.492533333333334E+009,1.357121509499848E-003,1.713282108539715E-004,1.373656676150858E-003,1.304766774410382E-004,
2.492566666666667E+009,1.366300974041224E-003,1.029715422191657E-004,1.417533378116787E-003,4.896953760180622E-005,
2.492600000000000E+009,1.393102109432221E-003,6.326094444375485E-005,1.316547393798828E-003,3.394788291188888E-005,
2.492633333333334E+009,1.341044087894261E-003,2.224894160463009E-005,1.400100649334490E-003,3.991433914052323E-006,
2.492666666666667E+009,1.388268428854644E-003,-6.361961277434602E-005,1.307779224589467E-003,-3.434442260186188E-005,
2.492700000000000E+009,1.333608990535140E-003,-3.381371789146215E-005,1.371208345517516E-003,-6.439232674892992E-005,
2.492733333333334E+009,1.379922963678837E-003,-1.221121347043663E-004,1.366201555356383E-003,-1.023649092530832E-004,
2.492766666666667E+009,1.382022397592664E-003,-1.340202143182978E-004,1.415780163370073E-003,-1.212517890962772E-004,
2.492800000000000E+009,1.311028026975691E-003,-2.199460141127929E-004,1.368487952277064E-003,-2.334047312615439E-004,
2.492833333333334E+009,1.297372742556036E-003,-2.217803703388199E-004,1.319586299359798E-003,-1.880347408587113E-004,
2.492866666666667E+009,1.299196737818420E-003,-2.935997326858342E-004,1.329135033302009E-003,-3.326603909954429E-004,
2.492900000000000E+009,1.300079515203834E-003,-3.327755839563906E-004,1.296244678087533E-003,-2.792480518110097E-004,
2.492933333333334E+009,1.383258961141110E-003,-3.251088783144951E-004,1.301680924370885E-003,-3.760084218811244E-004,
2.492966666666667E+009,1.274427864700556E-003,-3.816858225036413E-004,1.335666864179075E-003,-3.753075143322349E-004,
2.493000000000000E+009,1.259282580576837E-003,-3.682335955090821E-004,1.323262229561806E-003,-4.726591578219086E-004,
2.493033333333334E+009,1.289354288019240E-003,-4.672786453738809E-004,1.275971415452659E-003,-5.125790485180914E-004,
2.493066666666667E+009,1.208293135277927E-003,-4.909345298074186E-004,1.241620397195220E-003,-5.122311995364726E-004,
2.493100000000000E+009,1.203390536829829E-003,-6.080557359382510E-004,1.234045252203941E-003,-5.367278936319053E-004,
2.493133333333334E+009,1.228158711455762E-003,-5.847647553309798E-004,1.199327292852104E-003,-6.120575126260519E-004,
2.493166666666667E+009,1.259524375200272E-003,-6.671673036180437E-004,1.198542537167668E-003,-6.159761105664074E-004,
2.493200000000000E+009,1.188772963359952E-003,-6.269129808060825E-004,1.216030679643154E-003,-6.830886704847217E-004,
2.493233333333334E+009,1.205439795739949E-003,-6.969976820982993E-004,1.142174121923745E-003,-7.115533226169646E-004,
2.493266666666667E+009,1.077368622645736E-003,-6.680755177512765E-004,1.101564150303602E-003,-7.250276394188404E-004,
2.493300000000000E+009,1.098475186154246E-003,-7.553825271315873E-004,1.124380039982498E-003,-8.306992822326720E-004,
2.493333333333334E+009,1.095187384635210E-003,-7.781449239701033E-004,1.058116089552641E-003,-8.495326619595289E-004,
2.493366666666667E+009,1.076973741874099E-003,-8.421610691584647E-004,1.077288179658353E-003,-8.851134916767478E-004,
2.493400000000000E+009,1.075749285519123E-003,-8.757899631746113E-004,9.925647173076868E-004,-8.898306987248361E-004,
2.493433333333334E+009,1.003919052891433E-003,-8.708182140253484E-004,1.033919863402844E-003,-8.801020449027419E-004,
2.493466666666667E+009,9.518903098069131E-004,-9.265597327612341E-004,1.015066751278937E-003,-9.579461766406894E-004,
2.493500000000000E+009,9.508233051747084E-004,-9.651791770011187E-004,9.553279378451407E-004,-9.770474862307310E-004,
2.493533333333334E+009,9.254394099116325E-004,-1.017165137454867E-003,9.420564747415483E-004,-9.789587929844856E-004,
2.493566666666667E+009,9.495262638665736E-004,-9.935346897691488E-004,8.874322520568967E-004,-1.066774246282876E-003,
2.493600000000000E+009,8.502586279064417E-004,-1.051540602929890E-003,8.410136797465384E-004,-1.032233936712146E-003,
2.493633333333334E+009,8.736888412386179E-004,-1.045436132699251E-003,7.962616509757936E-004,-1.048370148055255E-003,
2.493666666666667E+009,8.001823443919420E-004,-1.091104932129383E-003,7.944793323986232E-004,-1.089156372472644E-003,
2.493700000000000E+009,7.713841623626649E-004,-1.101598725654185E-003,8.086173329502344E-004,-1.118211657740176E-003,
2.493733333333334E+009,7.119863294064999E-004,-1.091552549041808E-003,7.118984358385205E-004,-1.119901193305850E-003,
2.493766666666667E+009,7.498540799133480E-004,-1.178517355583608E-003,6.640934734605253E-004,-1.085368101485074E-003,
2.493800000000000E+009,7.087798439897597E-004,-1.136909937486053E-003,5.984582821838558E-004,-1.116930972784758E-003,
2.493833333333334E+009,6.215773755684495E-004,-1.213679206557572E-003,6.310932221822441E-004,-1.235080766491592E-003,
2.493866666666667E+009,5.477298400364816E-004,-1.199690042994916E-003,5.499298567883670E-004,-1.226761029101908E-003,
2.493900000000000E+009,5.380303482525051E-004,-1.230380847118795E-003,5.500197876244783E-004,-1.197137986309826E-003,
2.493933333333334E+009,4.570086603052914E-004,-1.229874789714813E-003,4.518385976552963E-004,-1.200163038447499E-003,
2.493966666666667E+009,4.944738466292620E-004,-1.270577427931130E-003,4.708815540652722E-004,-1.208667410537601E-003,
2.494000000000000E+009,4.417592135723680E-004,-1.284114434383810E-003,4.042501386720687E-004,-1.262225559912622E-003,
2.494033333333334E+009,3.858890850096941E-004,-1.249565975740552E-003,3.545783110894263E-004,-1.262368867173791E-003,
2.494066666666667E+009,3.006582264788449E-004,-1.272108405828476E-003,3.291441244073212E-004,-1.246396102942526E-003,
2.494100000000000E+009,2.790406288113445E-004,-1.255340874195099E-003,2.630229573696852E-004,-1.258059288375080E-003,
2.494133333333334E+009,2.688705571927130E-004,-1.304617151618004E-003,2.764195378404111E-004,-1.263204263523221E-003,
2.494166666666667E+009,2.195057604694739E-004,-1.285077072679997E-003,2.231091493740678E-004,-1.318563125096262E-003,
2.494200000000000E+009,2.143340389011428E-004,-1.282116980291903E-003,1.541195670142770E-004,-1.264208811335266E-003,
2.494233333333334E+009,2.046911104116589E-004,-1.308231963776052E-003,1.399619504809380E-004,-1.308996928855777E-003,
2.494266666666667E+009,1.068970304913819E-004,-1.299867173656821E-003,6.795084482291713E-005,-1.291643129661679E-003,
2.494300000000000E+009,8.732764399610460E-005,-1.272029592655599E-003,3.986552837886848E-005,-1.295194611884654E-003,
2.494333333333334E+009,9.074462468561251E-006,-1.268221065402031E-003,-5.931955001869937E-006,-1.302005955949426E-003,
2.494366666666667E+009,9.462375601287931E-006,-1.309349900111556E-003,-3.742360058822669E-005,-1.303818542510271E-003,
2.494400000000000E+009,2.053672432111853E-007,-1.324310665950179E-003,-2.992632289533503E-005,-1.363436807878315E-003,
2.494433333333334E+009,-1.159278617706150E-004,-1.332677318714559E-003,-1.096265259548090E-004,-1.293708453886211E-003,
2.494466666666667E+009,-1.374042476527393E-004,-1.254024566151202E-003,-1.357861619908363E-004,-1.287215040065348E-003,
2.494500000000000E+009,-1.346565695712343E-004,-1.288180006667972E-003,-2.351441798964515E-004,-1.260241959244013E-003,
2.494533333333334E+009,-2.272422279929742E-004,-1.299641095101833E-003,-2.266649244120345E-004,-1.325552468188107E-003,
2.494566666666667E+009,-1.914955209940672E-004,-1.293922774493694E-003,-1.790151000022888E-004,-1.274358131922782E-003,
2.494600000000000E+009,-2.586016489658505E-004,-1.298727467656136E-003,-3.119880857411772E-004,-1.263895421288908E-003,
2.494633333333334E+009,-3.058974689338356E-004,-1.253936323337257E-003,-2.884098503272981E-004,-1.279434072785080E-003,
2.494666666666667E+009,-4.155808710493147E-004,-1.231460249982774E-003,-3.336484078317881E-004,-1.281011500395834E-003,
2.494700000000000E+009,-3.953122068196535E-004,-1.238833647221327E-003,-4.035351739730686E-004,-1.242133672349155E-003,
2.494733333333334E+009,-4.426301165949553E-004,-1.290139160118997E-003,-4.230501945130527E-004,-1.221323036588728E-003,
2.494766666666667E+009,-4.831400874536485E-004,-1.206723274663091E-003,-4.986344138160348E-004,-1.236557262018323E-003,
2.494800000000000E+009,-5.430278251878917E-004,-1.161263207904995E-003,-4.860536719206721E-004,-1.207202672958374E-003,
2.494833333333334E+009,-5.216779536567628E-004,-1.173713360913098E-003,-5.653252592310309E-004,-1.220965175889432E-003,
2.494866666666667E+009,-5.590991349890828E-004,-1.163315260782838E-003,-6.275271880440414E-004,-1.162053784355521E-003,
2.494900000000000E+009,-5.938479444012046E-004,-1.168558257631958E-003,-5.748173571191728E-004,-1.121250446885824E-003,
2.494933333333334E+009,-6.516017019748688E-004,-1.185596804134548E-003,-6.259944639168680E-004,-1.153456745669246E-003,
2.494966666666667E+009,-6.231581792235375E-004,-1.123909140005708E-003,-6.922126049175859E-004,-1.096705673262477E-003,
2.495000000000000E+009,-6.836086977273226E-004,-1.109852106310427E-003,-7.075891480781138E-004,-1.110955490730703E-003,
2.495033333333334E+009,-7.382851326838136E-004,-1.109398668631911E-003,-7.681899005547166E-004,-1.047972124069929E-003,
2.495066666666667E+009,-8.470350294373930E-004,-1.046576653607190E-003,-7.716889376752079E-004,-1.056836917996407E-003,
2.495100000000000E+009,-8.029210148379207E-004,-1.042822143062949E-003,-7.978724897839129E-004,-1.041977433487773E-003,
2.495133333333334E+009,-7.916461909189820E-004,-1.017773291096091E-003,-8.509241743013263E-004,-9.991941042244434E-004,
2.495166666666667E+009,-8.384469547308981E-004,-1.008316292427480E-003,-8.560762507840991E-004,-1.046001329086721E-003,
2.495200000000000E+009,-8.514010114595294E-004,-9.484574547968805E-004,-8.758467738516629E-004,-9.775633225217462E-004,
2.495233333333334E+009,-9.126042714342475E-004,-9.302542894147337E-004,-9.154789149761200E-004,-8.963721920736134E-004,
2.495266666666667E+009,-9.634142625145614E-004,-8.624991751275957E-004,-1.001294469460845E-003,-8.763401419855654E-004,
2.495300000000000E+009,-9.134666179306805E-004,-8.968867477960885E-004,-9.801846463233233E-004,-8.828547433950007E-004,
2.495333333333334E+009,-1.000793999992311E-003,-8.575230021961033E-004,-9.740505483932793E-004,-7.937420741654933E-004,
2.495366666666667E+009,-1.049703801982105E-003,-8.288914104923606E-004,-9.945324854925275E-004,-8.267309167422354E-004,
2.495400000000000E+009,-1.041514915414155E-003,-7.490150746889412E-004,-1.030025654472411E-003,-7.954250322654843E-004,
2.495433333333334E+009,-1.042228541336954E-003,-7.064092787913978E-004,-1.047964091412723E-003,-7.266767206601799E-004,
2.495466666666667E+009,-1.086707459762693E-003,-6.876051775179803E-004,-1.101336092688143E-003,-6.237237830646336E-004,
2.495500000000000E+009,-1.140313572250307E-003,-6.473731482401490E-004,-1.118692453019321E-003,-6.620875210501254E-004,
2.495533333333334E+009,-1.106385258026421E-003,-6.836897227913141E-004,-1.125935232266784E-003,-5.960277048870921E-004,
2.495566666666667E+009,-1.152824494056404E-003,-6.620589992962778E-004,-1.136310165748000E-003,-5.639295559376478E-004,
2.495600000000000E+009,-1.132815959863365E-003,-5.595205002464354E-004,-1.172911259345710E-003,-5.174491088837385E-004,
2.495633333333334E+009,-1.175065641291440E-003,-5.740599590353668E-004,-1.149126561358571E-003,-5.242205224931240E-004,
2.495666666666667E+009,-1.180280349217355E-003,-4.878620384261012E-004,-1.201840816065669E-003,-5.069224862381816E-004,
2.495700000000000E+009,-1.171743962913752E-003,-4.488721606321633E-004,-1.206260640174151E-003,-4.405883664730936E-004,
2.495733333333334E+009,-1.178143429569900E-003,-4.015565209556371E-004,-1.185668632388115E-003,-4.422137863002718E-004,
2.495766666666667E+009,-1.197980600409210E-003,-4.312805540394038E-004,-1.201914623379707E-003,-3.333183994982392E-004,
2.495800000000000E+009,-1.207445515319705E-003,-3.217302146367729E-004,-1.178539474494755E-003,-3.309849707875401E-004,
2.495833333333334E+009,-1.224363455548883E-003,-2.664145140442997E-004,-1.217737910337746E-003,-3.343994903843850E-004,
2.495866666666667E+009,-1.241740304976702E-003,-3.021619922947139E-004,-1.254292088560760E-003,-2.674399293027818E-004,
2.495900000000000E+009,-1.219447352923453E-003,-2.190225059166551E-004,-1.229635672643781E-003,-2.481194678694010E-004,
2.495933333333334E+009,-1.341768889687955E-003,-2.522788709029555E-004,-1.268744701519609E-003,-1.610379404155538E-004,
2.495966666666667E+009,-1.225491985678673E-003,-1.934712345246226E-004,-1.261673285625875E-003,-1.736387785058469E-004,
2.496000000000000E+009,-1.282038050703704E-003,-1.488418347435072E-004,-1.271798508241773E-003,-1.273550442419946E-004,
2.496033333333334E+009,-1.226655091159046E-003,-9.602872887626290E-005,-1.326370402239263E-003,-3.829836350632832E-005,
2.496066666666667E+009,-1.272053574211896E-003,-6.426138861570507E-005,-1.321578980423510E-003,-4.443597936187871E-005,
2.496100000000000E+009,-1.324098790064454E-003,-3.068869409617037E-005,-1.274800975807011E-003,-1.587896622368135E-005,
2.496133333333334E+009,-1.293965149670839E-003,8.441847967333160E-006,-1.260962570086122E-003,2.090029374812730E-005,
2.496166666666667E+009,-1.271551009267569E-003,6.041679444024339E-005,-1.279931282624602E-003,4.982625614502467E-005,
2.496200000000000E+009,-1.258289907127619E-003,1.260376157006249E-004,-1.332271029241383E-003,7.258909317897633E-005,
2.496233333333334E+009,-1.260824617929757E-003,1.558655931148678E-004,-1.277545816265047E-003,1.555949565954506E-004,
2.496266666666667E+009,-1.313210115768015E-003,1.629697944736108E-004,-1.240839599631727E-003,1.611430925549939E-004,
2.496300000000000E+009,-1.282380311749876E-003,2.128424966940656E-004,-1.258146716281772E-003,1.846420345827937E-004,
2.496333333333334E+009,-1.275759539566934E-003,2.724190417211503E-004,-1.285209786146879E-003,2.603648754302412E-004,
2.496366666666667E+009,-1.238783122971654E-003,3.537962329573929E-004,-1.200605649501085E-003,2.708832907956094E-004,
2.496400000000000E+009,-1.237109769135714E-003,3.237406490370631E-004,-1.237086602486670E-003,3.623623051680625E-004,
2.496433333333334E+009,-1.217842334881425E-003,3.613704757299274E-004,-1.293293666094542E-003,3.539164608810097E-004,
2.496466666666667E+009,-1.304413075558841E-003,4.010777629446238E-004,-1.200639992021024E-003,4.627727903425694E-004,
2.496500000000000E+009,-1.213911687955260E-003,4.449567641131580E-004,-1.203274587169290E-003,4.585596907418221E-004,
2.496533333333334E+009,-1.227276516146958E-003,4.972643801011145E-004,-1.172748976387084E-003,4.798482113983482E-004,
2.496566666666667E+009,-1.198607846163213E-003,5.634492845274508E-004,-1.205565989948809E-003,5.534149822779000E-004,
2.496600000000000E+009,-1.160086249001324E-003,5.496594822034240E-004,-1.189192873425782E-003,6.059951265342534E-004,
2.496633333333334E+009,-1.151090022176504E-003,5.904769641347230E-004,-1.123399706557393E-003,5.740105989389122E-004,
2.496666666666667E+009,-1.103069749660790E-003,6.618504994548857E-004,-1.175998360849917E-003,6.691585876978934E-004,
2.496700000000000E+009,-1.126945950090885E-003,6.452683010138571E-004,-1.147078117355704E-003,6.864125025458634E-004,
2.496733333333334E+009,-1.113704056479037E-003,6.609103293158114E-004,-1.149519695900381E-003,7.205730653367937E-004,
2.496766666666667E+009,-1.081389142200351E-003,7.146534626372159E-004,-1.065344316884875E-003,7.636133232153952E-004,
2.496800000000000E+009,-1.046776305884123E-003,7.889884291216731E-004,-1.068086363375187E-003,7.231385679915547E-004,
2.496833333333334E+009,-1.026996411383152E-003,7.634821813553572E-004,-1.024116645567119E-003,7.775512640364468E-004,
2.496866666666667E+009,-9.706409764476121E-004,7.766293128952384E-004,-1.015000627376139E-003,8.378969505429268E-004,
2.496900000000000E+009,-9.724076371639967E-004,8.047054870985448E-004,-1.019588205963373E-003,8.731312118470669E-004,
2.496933333333334E+009,-1.022632466629148E-003,8.996234973892570E-004,-9.662095690146089E-004,8.861919632181525E-004,
2.496966666666667E+009,-8.950054761953652E-004,9.001788566820324E-004,-9.091713000088930E-004,9.431910584680736E-004,
2.497000000000000E+009,-9.106178767979145E-004,9.101934265345335E-004,-8.559075067751110E-004,9.749520104378462E-004,
2.497033333333334E+009,-8.607227355241776E-004,9.621535427868366E-004,-8.598244749009609E-004,1.002382719889283E-003,
2.497066666666667E+009,-8.929261821322143E-004,9.751539910212159E-004,-8.665761561132968E-004,9.860561694949865E-004,
2.497100000000000E+009,-8.034483762457967E-004,1.001729047857225E-003,-7.913950830698013E-004,1.003194949589670E-003,
2.497133333333334E+009,-7.754389662295580E-004,1.022565877065063E-003,-7.749985088594258E-004,1.066958182491362E-003,
2.497166666666667E+009,-7.424648501910269E-004,1.054260181263089E-003,-7.308472995646298E-004,1.070068799890578E-003,
2.497200000000000E+009,-6.783631397411227E-004,1.092029036954045E-003,-7.850834517739713E-004,1.107008778490126E-003,
2.497233333333334E+009,-7.678956608287990E-004,1.152899232693017E-003,-7.088764104992151E-004,1.090203761123121E-003,
2.497266666666667E+009,-6.445253966376185E-004,1.091214362531900E-003,-6.404925370588899E-004,1.109559671021998E-003,
2.497300000000000E+009,-6.800732226110995E-004,1.150505733676255E-003,-6.026220507919788E-004,1.095703803002834E-003,
2.497333333333334E+009,-5.791703588329256E-004,1.131913741119206E-003,-5.419136723503470E-004,1.121831708587706E-003,
2.497366666666667E+009,-5.734894657507539E-004,1.183502841740847E-003,-5.505930166691542E-004,1.164528424851596E-003,
2.497400000000000E+009,-5.481258267536759E-004,1.185669098049402E-003,-5.376980407163501E-004,1.238000346347690E-003,
2.497433333333334E+009,-4.625883302651346E-004,1.221398590132594E-003,-4.311738011892885E-004,1.216525095514953E-003,
2.497466666666667E+009,-4.848966782446951E-004,1.158004975877702E-003,-4.550362355075777E-004,1.242479193024337E-003,
2.497500000000000E+009,-4.002353816758841E-004,1.241291291080415E-003,-3.819233097601682E-004,1.252818270586431E-003,
2.497533333333334E+009,-3.656221961136907E-004,1.275260234251618E-003,-3.578404430299997E-004,1.245587714947760E-003,
2.497566666666667E+009,-3.196913748979569E-004,1.231533125974238E-003,-3.402755537535995E-004,1.308787846937776E-003,
2.497600000000000E+009,-2.819524961523712E-004,1.255886047147214E-003,-3.130009572487325E-004,1.240164390765131E-003,
2.497633333333334E+009,-2.904546563513577E-004,1.280573778785765E-003,-2.184008917538449E-004,1.263774931430817E-003,
2.497666666666667E+009,-2.035376382991672E-004,1.262816949747503E-003,-2.239625318907201E-004,1.347837387584150E-003,
2.497700000000000E+009,-1.709283242234960E-004,1.281858189031482E-003,-1.601920084794983E-004,1.333960564807057E-003,
2.497733333333334E+009,-1.388913951814175E-004,1.269333064556122E-003,-1.636693777982146E-004,1.293347682803869E-003,
2.497766666666667E+009,-6.245722761377692E-005,1.261918107047677E-003,-1.215188531205058E-004,1.304159872233868E-003,
2.497800000000000E+009,-4.510303187998943E-005,1.344675431028009E-003,-4.432530477060936E-005,1.388503122143447E-003,
2.497833333333334E+009,2.074546864605509E-005,1.326235709711909E-003,1.017911654344061E-005,1.319709816016257E-003,
2.497866666666667E+009,3.937817382393405E-006,1.291711931116879E-003,1.332005467702402E-005,1.328052836470306E-003,
2.497900000000000E+009,7.122679380699992E-005,1.362867420539260E-003,5.062737545813434E-005,1.275072805583477E-003,
2.497933333333334E+009,9.798509563552216E-005,1.306690042838454E-003,1.375793071929365E-004,1.347902929410338E-003,
2.497966666666667E+009,1.157492588390596E-004,1.315837958827615E-003,2.020707761403173E-004,1.328613259829581E-003,
2.498000000000000E+009,2.022658445639536E-004,1.312943641096354E-003,2.657154691405594E-004,1.319175120443106E-003,
2.498033333333334E+009,2.354017196921632E-004,1.273042638786137E-003,2.522553550079465E-004,1.302915858104825E-003,
2.498066666666667E+009,2.955636300612241E-004,1.268690451979637E-003,2.831258170772344E-004,1.303093158639967E-003,
2.498100000000000E+009,2.838408108800650E-004,1.320568379014731E-003,2.546177711337805E-004,1.317236572504044E-003,
2.498133333333334E+009,3.915850829798728E-004,1.363925053738058E-003,3.545843937899917E-004,1.271161017939448E-003,
2.498166666666667E+009,4.269914352335036E-004,1.249835477210581E-003,3.915869165211916E-004,1.243127393536270E-003,
2.498200000000000E+009,4.402366466820240E-004,1.274597481824458E-003,4.525535914581269E-004,1.243423554114997E-003,
2.498233333333334E+009,4.834118008147925E-004,1.231754082255065E-003,4.770777304656804E-004,1.232854905538261E-003,
2.498266666666667E+009,4.799047310370952E-004,1.157860388047993E-003,4.794221895281225E-004,1.242233673110604E-003,
2.498300000000000E+009,5.587347550317645E-004,1.173448283225298E-003,5.735518061555922E-004,1.192505005747080E-003,
2.498333333333334E+009,5.823165993206203E-004,1.176010235212743E-003,6.257609929889441E-004,1.154824392870069E-003,
2.498366666666667E+009,6.339500541798770E-004,1.182294683530927E-003,6.444781902246177E-004,1.159812207333744E-003,
2.498400000000000E+009,6.497153663076460E-004,1.105955569073558E-003,6.439475691877306E-004,1.205337466672063E-003,
2.498433333333334E+009,6.968965753912926E-004,1.131008146330714E-003,7.062903023324907E-004,1.092266989871860E-003,
2.498466666666667E+009,7.475308375433087E-004,1.038374844938517E-003,7.174717611633241E-004,1.137905637733638E-003,
2.498500000000000E+009,7.968712598085403E-004,1.053634914569557E-003,8.086152374744415E-004,1.069663790985942E-003,
2.498533333333334E+009,8.185658953152597E-004,1.090294914320111E-003,7.750234799459577E-004,1.094702747650445E-003,
2.498566666666667E+009,8.211552631109953E-004,1.060214708559215E-003,8.228114456869662E-004,1.081197056919336E-003,
2.498600000000000E+009,8.314950973726809E-004,1.026907935738564E-003,8.170878281816840E-004,9.763542329892516E-004,
2.498633333333334E+009,8.800588548183441E-004,9.845743188634515E-004,8.951260242611170E-004,9.738281951285899E-004,
2.498666666666667E+009,8.772814180701971E-004,8.925850270316005E-004,9.073730325326324E-004,9.407559409737587E-004,
2.498700000000000E+009,8.610732038505375E-004,9.208954288624227E-004,9.116934961639345E-004,9.538401500321925E-004,
2.498733333333334E+009,9.391618659719825E-004,9.149868856184185E-004,1.006638281978667E-003,8.636299753561616E-004,
2.498766666666667E+009,9.948288789018989E-004,8.588407072238624E-004,9.683154639787972E-004,8.040662505663931E-004,
2.498800000000000E+009,1.005061902105808E-003,8.059770916588605E-004,1.042284304276109E-003,8.445324492640793E-004,
2.498833333333334E+009,1.037377864122391E-003,7.711204816587269E-004,1.077493303455412E-003,7.599476375617087E-004,
2.498866666666667E+009,1.076247310265899E-003,7.743581081740558E-004,1.094237668439746E-003,7.880943594500423E-004,
2.498900000000000E+009,1.114629092626274E-003,7.168313604779542E-004,1.151854754425585E-003,6.974137504585087E-004,
2.498933333333334E+009,1.155717996880412E-003,6.943182088434696E-004,1.134327729232609E-003,6.743281846866012E-004,
2.498966666666667E+009,1.072405138984323E-003,6.608390249311924E-004,1.051807310432196E-003,6.494790432043374E-004,
2.499000000000000E+009,1.176098012365401E-003,5.773073062300682E-004,1.142212888225913E-003,6.412987713702023E-004,
2.499033333333334E+009,1.172666903585196E-003,6.306704599410296E-004,1.201904495246708E-003,5.966938915662468E-004,
2.499066666666667E+009,1.227388973347843E-003,5.524523439817131E-004,1.168937073089182E-003,5.419548251666129E-004,
2.499100000000000E+009,1.196101657114923E-003,5.133162485435605E-004,1.225458690896630E-003,5.256122676655650E-004,
2.499133333333334E+009,1.242694794200361E-003,4.257232067175210E-004,1.209875917993486E-003,4.888041876256466E-004,
2.499166666666667E+009,1.271560555323958E-003,4.034939338453114E-004,1.269661355763674E-003,4.148205916862935E-004,
2.499200000000000E+009,1.255423529073596E-003,4.116438794881105E-004,1.261978060938418E-003,4.439863550942391E-004,
2.499233333333334E+009,1.270817941986024E-003,3.091352991759777E-004,1.259134151041508E-003,3.279052034486085E-004,
2.499266666666667E+009,1.309788320213556E-003,2.579028077889234E-004,1.249854802154005E-003,2.965760650113225E-004,
2.499300000000000E+009,1.327043282799423E-003,3.257859498262405E-004,1.263494486920536E-003,2.338008780498058E-004,
2.499333333333334E+009,1.300660311244428E-003,1.836189621826634E-004,1.342000905424357E-003,2.220475289504975E-004,
2.499366666666667E+009,1.339054666459560E-003,1.980389206437394E-004,1.306345569901168E-003,2.025414432864636E-004,
2.499400000000000E+009,1.314739580266178E-003,1.564021513331682E-004,1.350238453596830E-003,1.429469557479024E-004,
2.499433333333334E+009,1.288653002120554E-003,1.030577041092329E-004,1.329950406216085E-003,1.131798635469750E-004,
2.499466666666667E+009,1.270107342861593E-003,1.016724709188566E-004,1.316027366556227E-003,6.053784454707056E-005,
2.499500000000000E+009,1.297663664445281E-003,1.278114450542489E-005,1.278408803045750E-003,3.812826616922393E-005,
2.499533333333334E+009,1.338197966106236E-003,2.604630390123930E-005,1.265111495740712E-003,-1.743010034260806E-005,
2.499566666666667E+009,1.304216100834310E-003,-6.945282802917063E-005,1.336758490651846E-003,-3.798304169322364E-005,
2.499600000000000E+009,1.286228303797543E-003,-5.516990495380014E-005,1.323924050666392E-003,-2.059221733361483E-004,
2.499633333333334E+009,1.319698756560683E-003,-1.357328001176938E-004,1.261498196981847E-003,-1.064064126694575E-004,
2.499666666666667E+009,1.290310523472726E-003,-1.972077152458951E-004,1.239742035977542E-003,-1.907234109239653E-004,
2.499700000000000E+009,1.324380165897310E-003,-2.197070571128279E-004,1.301300479099155E-003,-2.592098899185658E-004,
2.499733333333334E+009,1.240685465745628E-003,-2.999664575327188E-004,1.272152294404805E-003,-2.324281231267378E-004,
2.499766666666667E+009,1.298314309678972E-003,-3.066133067477495E-004,1.303350320085883E-003,-3.140068729408085E-004,
2.499800000000000E+009,1.312600099481642E-003,-3.608181723393500E-004,1.250525121577084E-003,-3.736323851626366E-004,
2.499833333333334E+009,1.247448846697807E-003,-3.683918330352753E-004,1.266983104869723E-003,-4.115191695746034E-004,
2.499866666666667E+009,1.238516299054027E-003,-4.563678521662951E-004,1.197360688820481E-003,-4.147301951888949E-004,
2.499900000000000E+009,1.201407751068473E-003,-4.648157919291407E-004,1.205265987664461E-003,-4.902588552795351E-004,
2.499933333333334E+009,1.170264091342688E-003,-5.300568300299346E-004,1.158628147095442E-003,-4.732738307211548E-004,
2.499966666666667E+009,1.153815537691116E-003,-5.238156300038099E-004,1.156958169303834E-003,-5.079346010461450E-004,
2.500000000000000E+009,1.190815004520118E-003,-5.829948931932449E-004,1.160350046120584E-003,-6.152805290184915E-004,
