% Version 1.00
%
%freq[Hz];re:Trc1_S21;im:Trc1_S21;re:Trc2_S12;im:Trc2_S12;
2.480000000000000E+009,-2.251760161016136E-004,-7.392818806692958E-004,-6.979348836466670E-005,-6.582924979738891E-004,
2.480033333333334E+009,-2.909548638854176E-004,-5.627225036732853E-004,-1.721242588246241E-004,-5.945998709648848E-004,
2.480066666666667E+009,-1.596435176907107E-004,-4.318415303714573E-004,-1.545137347420678E-004,-4.600070824380964E-004,
2.480100000000000E+009,-2.057712990790606E-004,-5.488697788678110E-004,-1.409128453815356E-004,-4.744119651149958E-004,
2.480133333333334E+009,-1.456110621802509E-004,-5.311864078976214E-004,-2.813063620124012E-004,-5.194278201088309E-004,
2.480166666666667E+009,-2.623986511025578E-004,-6.247428827919066E-004,-2.906860026996583E-004,-4.118737415410578E-004,
2.480200000000000E+009,-2.046712470473722E-004,-5.608213832601905E-004,-2.517121320124716E-004,-5.741610657423735E-004,
2.480233333333334E+009,-1.525783882243559E-004,-6.032653036527336E-004,-2.330476563656703E-004,-4.315093101467937E-004,
2.480266666666667E+009,-3.141571360174567E-004,-5.324856610968709E-004,-2.545474562793970E-004,-6.150130066089332E-004,
2.480300000000000E+009,-2.008596202358604E-004,-5.789884598925710E-004,-3.279115189798176E-004,-6.324009154923260E-004,
2.480333333333334E+009,-2.458102244418114E-004,-4.640193365048617E-004,-2.703699865378439E-004,-5.366323166526854E-004,
2.480366666666667E+009,-2.462100528646261E-004,-5.629512015730143E-004,-2.209031663369387E-004,-6.384453154169023E-004,
2.480400000000000E+009,-2.767884288914502E-004,-5.480457330122590E-004,-2.036413352470845E-004,-5.857829237356782E-004,
2.480433333333334E+009,-2.501812705304474E-004,-5.187826463952661E-004,-3.289625456091017E-004,-4.838263266719878E-004,
2.480466666666667E+009,-1.552055036881939E-004,-5.531753995455802E-004,-2.783162344712764E-004,-5.167336203157902E-004,
2.480500000000000E+009,-3.209151327610016E-004,-5.804020911455154E-004,-3.944987547583878E-004,-6.756796501576901E-004,
2.480533333333334E+009,-1.522940583527088E-004,-6.596389575861394E-004,-2.203250769525766E-004,-5.051453481428325E-004,
2.480566666666667E+009,-2.633413532748818E-004,-6.980480975471437E-004,-2.997629344463348E-004,-6.241742521524429E-004,
2.480600000000000E+009,-1.696606777841225E-004,-5.709583638235927E-004,-1.679328706813976E-004,-6.489571533165872E-004,
2.480633333333334E+009,-2.597556740511209E-004,-6.262866663746536E-004,-3.097995941061527E-004,-6.553689017891884E-004,
2.480666666666667E+009,-2.008082956308499E-004,-6.587402895092964E-004,-3.393969673197717E-004,-6.439218414016068E-004,
2.480700000000000E+009,-2.905123110394925E-004,-6.051904638297856E-004,-2.179863367928192E-004,-7.201517000794411E-004,
2.480733333333334E+009,-4.280343418940902E-004,-7.729217759333551E-004,-2.452499757055193E-004,-7.099981303326786E-004,
2.480766666666667E+009,-2.159335417672992E-004,-7.077861228026450E-004,-2.289959811605513E-004,-5.664763739332557E-004,
2.480800000000000E+009,-3.068094083573669E-004,-5.584339960478246E-004,-3.066851350013167E-004,-8.150582434609532E-004,
2.480833333333334E+009,-1.880135387182236E-004,-8.473363122902811E-004,-2.185926277888939E-004,-9.102735784836114E-004,
2.480866666666667E+009,-3.716881619766355E-004,-6.997793680056930E-004,-2.605037880130112E-004,-7.680645212531090E-004,
2.480900000000000E+009,-2.048000897048041E-004,-9.374106884934008E-004,-3.267833089921624E-004,-8.726557716727257E-004,
2.480933333333334E+009,-2.593560493551195E-004,-1.065731164999306E-003,-3.114510327577591E-004,-9.407258476130664E-004,
2.480966666666667E+009,-1.991776662180200E-004,-9.775656508281827E-004,-2.877356018871069E-004,-9.826879249885678E-004,
2.481000000000000E+009,-3.452788805589080E-004,-1.064159558154643E-003,-2.212311374023557E-004,-1.162929227575660E-003,
2.481033333333334E+009,-2.685140061657876E-004,-1.208345871418715E-003,-3.982575435657054E-004,-1.152153010480106E-003,
2.481066666666667E+009,-5.165140028111637E-004,-1.088708988390863E-003,-4.246160387992859E-004,-1.107548130676150E-003,
2.481100000000000E+009,-4.608830204233527E-004,-1.059828908182681E-003,-3.925363998860121E-004,-1.255702110938728E-003,
2.481133333333334E+009,-4.560741363093257E-004,-1.178067876026034E-003,-3.025374026037753E-004,-1.072688843123615E-003,
2.481166666666667E+009,-2.851550234481692E-004,-9.344022837467492E-004,-4.531185841187835E-004,-1.029930775985122E-003,
2.481200000000000E+009,-3.796237288042903E-004,-8.915481157600880E-004,-3.156953025609255E-004,-1.041204901412129E-003,
2.481233333333334E+009,-4.184809513390064E-004,-9.782649576663971E-004,-3.224936663173139E-004,-9.960549650713801E-004,
2.481266666666667E+009,-4.414580180309713E-004,-8.298662723973393E-004,-3.677306522149593E-004,-8.146571344695985E-004,
2.481300000000000E+009,-3.926267672795802E-004,-9.380526025779545E-004,-4.316124541219324E-004,-9.911831002682447E-004,
2.481333333333334E+009,-4.503269738052040E-004,-9.102098993025720E-004,-4.129512526560575E-004,-8.584663155488670E-004,
2.481366666666667E+009,-4.349800001364201E-004,-7.745621842332184E-004,-4.007821553386748E-004,-7.930920692160726E-004,
2.481400000000000E+009,-4.978358629159629E-004,-1.008337596431375E-003,-3.978965105488896E-004,-9.063129546120763E-004,
2.481433333333334E+009,-4.114461771678180E-004,-8.382599917240441E-004,-4.143570258747786E-004,-8.685872307978571E-004,
2.481466666666667E+009,-3.929198428522795E-004,-8.302781498059630E-004,-3.807298780884594E-004,-8.627985953353345E-004,
2.481500000000000E+009,-5.457375082187355E-004,-8.134950185194612E-004,-4.163676640018821E-004,-7.742667803540826E-004,
2.481533333333334E+009,-4.104110412299633E-004,-7.797821890562773E-004,-4.415056027937681E-004,-9.171884739771485E-004,
2.481566666666667E+009,-3.752883931156248E-004,-8.359818020835519E-004,-5.150354118086398E-004,-8.793231681920588E-004,
2.481600000000000E+009,-5.354374879971147E-004,-8.036050712689757E-004,-5.431149620562792E-004,-8.057979284785688E-004,
2.481633333333334E+009,-4.234664083924145E-004,-8.167834603227675E-004,-4.743923782370985E-004,-7.813812117092311E-004,
2.481666666666667E+009,-5.919000250287354E-004,-8.481296827085316E-004,-5.559141864068806E-004,-6.597819738090038E-004,
2.481700000000000E+009,-4.738965071737766E-004,-9.053622488863766E-004,-4.584252601489425E-004,-6.772131891921163E-004,
2.481733333333334E+009,-4.378452431410551E-004,-7.903011864982545E-004,-3.643644740805030E-004,-6.684025283902884E-004,
2.481766666666667E+009,-5.999683635309339E-004,-7.615825161337853E-004,-4.208376631140709E-004,-9.429639903828502E-004,
2.481800000000000E+009,-5.604984471574426E-004,-6.547153461724520E-004,-5.245263455435634E-004,-7.214892539195716E-004,
2.481833333333334E+009,-5.856915377080441E-004,-8.419097284786403E-004,-5.916136433370411E-004,-8.169488864950836E-004,
2.481866666666667E+009,-6.474382244050503E-004,-7.920861244201660E-004,-5.506806774064899E-004,-8.347597904503346E-004,
2.481900000000000E+009,-5.783430533483625E-004,-7.414505234919488E-004,-5.350087885744870E-004,-7.583190454170108E-004,
2.481933333333334E+009,-5.652499967254698E-004,-7.800785242579877E-004,-6.796573870815337E-004,-7.434668368659914E-004,
2.481966666666667E+009,-6.934715202078223E-004,-6.137770251370966E-004,-5.198547733016312E-004,-7.468497497029603E-004,
2.482000000000000E+009,-6.872396916151047E-004,-7.282223668880761E-004,-6.458629504777491E-004,-7.832021219655871E-004,
2.482033333333334E+009,-5.744080990552902E-004,-7.122371462173760E-004,-5.434565246105194E-004,-7.775907870382071E-004,
2.482066666666667E+009,-6.482133758254349E-004,-6.900898879393935E-004,-6.423377199098468E-004,-8.935850346460939E-004,
2.482100000000000E+009,-6.212321459315717E-004,-7.682676659896970E-004,-6.617764011025429E-004,-9.267554269172251E-004,
2.482133333333334E+009,-6.080336752347648E-004,-7.895881426520646E-004,-6.237458437681198E-004,-8.648343500681222E-004,
2.482166666666667E+009,-7.127770222723484E-004,-8.149593486450613E-004,-7.512204465456307E-004,-8.926960290409625E-004,
2.482200000000000E+009,-5.701085901819170E-004,-9.638773626647890E-004,-6.476822309195995E-004,-7.616467773914337E-004,
2.482233333333334E+009,-6.545112119056284E-004,-8.466248982585967E-004,-7.416323060169816E-004,-7.756866980344057E-004,
2.482266666666667E+009,-6.017666310071945E-004,-6.705953855998814E-004,-6.130985566414893E-004,-8.506745216436684E-004,
2.482300000000000E+009,-6.225771503522992E-004,-8.814739994704723E-004,-8.103366708382964E-004,-9.147709934040904E-004,
2.482333333333334E+009,-7.879433105699718E-004,-7.952456362545490E-004,-7.921395008452237E-004,-8.964379667304456E-004,
2.482366666666667E+009,-7.095268229022622E-004,-7.841324550099671E-004,-6.703184335492551E-004,-9.808386676013470E-004,
2.482400000000000E+009,-6.093896226957440E-004,-9.568383684381843E-004,-6.610868731513619E-004,-9.726864518597722E-004,
2.482433333333334E+009,-6.463174941018224E-004,-9.546887013129890E-004,-7.571519818156958E-004,-1.081035472452641E-003,
2.482466666666667E+009,-6.998666212894023E-004,-9.400030248798430E-004,-7.730903453193605E-004,-1.000606804154813E-003,
2.482500000000000E+009,-6.717641372233629E-004,-1.066422089934349E-003,-7.301858859136701E-004,-1.116350758820772E-003,
2.482533333333334E+009,-8.041365072131157E-004,-1.092773512937129E-003,-8.423627004958689E-004,-1.109112054109573E-003,
2.482566666666667E+009,-9.589267428964376E-004,-1.059942296706140E-003,-8.267646189779043E-004,-1.107935677282512E-003,
2.482600000000000E+009,-9.780552936717868E-004,-1.130030374042690E-003,-9.437606204301119E-004,-1.129054115153849E-003,
2.482633333333334E+009,-9.503522305749357E-004,-1.011422718875110E-003,-1.046583289280534E-003,-1.045232405886054E-003,
2.482666666666667E+009,-9.315824718214572E-004,-1.028136000968516E-003,-1.001855824142695E-003,-1.067449687980115E-003,
2.482700000000000E+009,-9.719641529954970E-004,-1.167730661109090E-003,-8.682318730279803E-004,-1.119645312428474E-003,
2.482733333333334E+009,-9.778838139027357E-004,-1.073171268217266E-003,-7.874448201619089E-004,-1.099970540963113E-003,
2.482766666666667E+009,-8.858611108735204E-004,-1.055594533681870E-003,-1.002436270937324E-003,-1.049477024935186E-003,
2.482800000000000E+009,-8.605425246059895E-004,-9.911744855344296E-004,-9.272763272747397E-004,-1.033073291182518E-003,
2.482833333333334E+009,-8.287031669169664E-004,-1.166135538369417E-003,-8.388586575165391E-004,-1.050574122928083E-003,
2.482866666666667E+009,-8.061709813773632E-004,-1.083260169252753E-003,-7.290070643648505E-004,-9.272427414543927E-004,
2.482900000000000E+009,-9.277492063120008E-004,-9.479498257860541E-004,-9.411469218321145E-004,-1.105713192373514E-003,
2.482933333333334E+009,-7.532687741331756E-004,-1.047681318596005E-003,-8.178215939551592E-004,-1.023474032990634E-003,
2.482966666666667E+009,-9.218115010298789E-004,-9.248935966752470E-004,-7.508940761908889E-004,-8.005588315427303E-004,
2.483000000000000E+009,-7.548033026978374E-004,-8.702253107912839E-004,-7.444830844178796E-004,-9.627137333154678E-004,
2.483033333333334E+009,-8.749385015107691E-004,-9.443815215490758E-004,-7.813074043951929E-004,-9.475917322561145E-004,
2.483066666666667E+009,-7.594163180328906E-004,-9.240843937732279E-004,-8.444695267826319E-004,-7.916935719549656E-004,
2.483100000000000E+009,-6.701025995425880E-004,-7.971605518832803E-004,-7.485220558010042E-004,-8.396163466386497E-004,
2.483133333333334E+009,-9.443473536521196E-004,-9.098664158955216E-004,-7.573781767860055E-004,-7.784101180732250E-004,
2.483166666666667E+009,-8.655435522086918E-004,-8.527253521606326E-004,-8.857616339810193E-004,-8.387981797568500E-004,
2.483200000000000E+009,-8.443060796707869E-004,-7.820684695616365E-004,-8.650281233713031E-004,-7.381272152997553E-004,
2.483233333333334E+009,-9.421746945008636E-004,-7.285474566742778E-004,-9.638714254833758E-004,-8.114775991998613E-004,
2.483266666666667E+009,-8.351404685527086E-004,-7.492259028367698E-004,-7.056854083202779E-004,-7.657370297238231E-004,
2.483300000000000E+009,-8.223565528169274E-004,-8.348512346856296E-004,-9.222730295732617E-004,-7.019839249551296E-004,
2.483333333333334E+009,-8.569869678467512E-004,-7.493130397051573E-004,-8.958545513451099E-004,-7.556364871561527E-004,
2.483366666666667E+009,-8.157417178153992E-004,-7.598572410643101E-004,-8.965394808910787E-004,-8.593853563070297E-004,
2.483400000000000E+009,-7.619890384376049E-004,-6.848594057373703E-004,-9.246192639693618E-004,-7.732745143584907E-004,
2.483433333333334E+009,-9.723600232973695E-004,-5.956746172159910E-004,-7.662799907848239E-004,-7.627697777934372E-004,
2.483466666666667E+009,-9.671150473877788E-004,-7.932870066724718E-004,-8.059586980380118E-004,-6.259640795178711E-004,
2.483500000000000E+009,-9.863263694569469E-004,-6.270711310207844E-004,-8.030724711716175E-004,-7.386448560282588E-004,
2.483533333333334E+009,-8.630682132206857E-004,-6.743822013959289E-004,-8.913076017051935E-004,-8.134211529977620E-004,
2.483566666666667E+009,-9.373002685606480E-004,-7.453972939401865E-004,-8.616790873929858E-004,-6.571706617251039E-004,
2.483600000000000E+009,-9.474586113356054E-004,-5.840997910127044E-004,-8.626301423646510E-004,-6.778261158615351E-004,
2.483633333333334E+009,-9.264352265745401E-004,-6.988131790421903E-004,-9.631726425141096E-004,-6.386415334418416E-004,
2.483666666666667E+009,-7.377807050943375E-004,-6.360668339766562E-004,-9.104094933718443E-004,-7.475264137610793E-004,
2.483700000000000E+009,-9.183263173326850E-004,-5.960064008831978E-004,-8.869697921909392E-004,-7.158506195992231E-004,
2.483733333333334E+009,-8.949912153184414E-004,-7.464269292540848E-004,-9.770860197022557E-004,-8.250821847468615E-004,
2.483766666666667E+009,-9.550827671773732E-004,-6.575571605935693E-004,-8.829783182591200E-004,-7.027023239061236E-004,
2.483800000000000E+009,-9.093102999031544E-004,-6.771639455109835E-004,-9.773314232006669E-004,-6.299659144133329E-004,
2.483833333333334E+009,-9.901054436340928E-004,-7.266295142471790E-004,-9.105558274313808E-004,-6.291707977652550E-004,
2.483866666666667E+009,-1.079128240235150E-003,-6.954529089853168E-004,-8.889726595953107E-004,-6.884257309138775E-004,
2.483900000000000E+009,-9.633026202209294E-004,-6.240137736313045E-004,-8.449848974123597E-004,-8.443724364042282E-004,
2.483933333333334E+009,-1.098189037293196E-003,-7.378437439911068E-004,-9.294548653997481E-004,-8.587806951254606E-004,
2.483966666666667E+009,-8.790277643129230E-004,-8.166001061908901E-004,-9.558678721077740E-004,-8.592552621848881E-004,
2.484000000000000E+009,-1.004301011562347E-003,-7.635821239091456E-004,-9.765842696651816E-004,-8.623336325399578E-004,
2.484033333333334E+009,-1.043740310706198E-003,-8.318758918903768E-004,-1.020448748022318E-003,-8.572023361921310E-004,
2.484066666666667E+009,-1.048215199261904E-003,-7.534888572990894E-004,-1.168376533314586E-003,-9.520183084532619E-004,
2.484100000000000E+009,-1.136929728090763E-003,-9.673238382674754E-004,-1.147337141446769E-003,-9.030666551552713E-004,
2.484133333333334E+009,-1.128080184571445E-003,-6.849112687632442E-004,-1.232345355674624E-003,-7.851025438867509E-004,
2.484166666666667E+009,-1.330835162661970E-003,-8.491429034620524E-004,-1.400205190293491E-003,-7.818600279279053E-004,
2.484200000000000E+009,-1.512509072199464E-003,-8.974354714155197E-004,-1.457958831451833E-003,-8.973290096037090E-004,
2.484233333333334E+009,-1.401968533173204E-003,-8.656399440951645E-004,-1.412239042110741E-003,-8.828570717014372E-004,
2.484266666666667E+009,-1.332717132754624E-003,-7.866589585319161E-004,-1.358170062303543E-003,-8.882930269464850E-004,
2.484300000000000E+009,-1.345687662251294E-003,-8.960490231402218E-004,-1.159932231530547E-003,-7.438361644744873E-004,
2.484333333333334E+009,-1.294941641390324E-003,-8.734228904359043E-004,-1.196072436869144E-003,-7.652929634787142E-004,
2.484366666666667E+009,-1.156272017396987E-003,-8.713924326002598E-004,-1.239011646248400E-003,-7.681513670831919E-004,
2.484400000000000E+009,-1.149261137470603E-003,-7.873896975070238E-004,-1.234474126249552E-003,-7.699143025092781E-004,
2.484433333333334E+009,-1.190153881907463E-003,-6.862949230708182E-004,-1.147852512076497E-003,-7.184828282333911E-004,
2.484466666666667E+009,-1.105140778236091E-003,-6.070450763218105E-004,-1.240408164449036E-003,-7.785657071508467E-004,
2.484500000000000E+009,-1.068310579285026E-003,-6.637644255533814E-004,-1.159424544312060E-003,-6.075265700928867E-004,
2.484533333333334E+009,-1.015781075693667E-003,-7.374054985120893E-004,-1.084752031601965E-003,-7.637967937625945E-004,
2.484566666666667E+009,-1.141820102930069E-003,-7.351454114541411E-004,-1.101379748433828E-003,-7.380379247479141E-004,
2.484600000000000E+009,-1.087693381123245E-003,-7.595214410685003E-004,-1.070920145139098E-003,-7.287290063686669E-004,
2.484633333333334E+009,-1.045645214617252E-003,-5.928532336838543E-004,-1.128371688537300E-003,-7.043826626613736E-004,
2.484666666666667E+009,-9.471350349485874E-004,-6.863744929432869E-004,-1.133920857682824E-003,-6.787408492527902E-004,
2.484700000000000E+009,-1.043060678057373E-003,-6.099636084400117E-004,-1.143902773037553E-003,-7.185817230492830E-004,
2.484733333333334E+009,-1.027035177685320E-003,-5.575512768700719E-004,-1.009467057883740E-003,-7.468723342753947E-004,
2.484766666666667E+009,-1.059360336512327E-003,-7.050557178445160E-004,-1.129020820371807E-003,-7.444244693033397E-004,
2.484800000000000E+009,-1.034226850606501E-003,-7.529025315307081E-004,-1.089918659999967E-003,-7.156474748626351E-004,
2.484833333333334E+009,-9.420176502317190E-004,-7.219958934001625E-004,-1.022167271003127E-003,-6.088425288908184E-004,
2.484866666666667E+009,-1.137221232056618E-003,-6.344219436869025E-004,-1.124456874094904E-003,-6.825093296356499E-004,
2.484900000000000E+009,-9.678198839537799E-004,-6.297185900621116E-004,-9.989866521209478E-004,-6.662536761723459E-004,
2.484933333333334E+009,-9.999735048040748E-004,-5.914240609854460E-004,-1.087299548089504E-003,-6.145139341242611E-004,
2.484966666666667E+009,-9.345870348624885E-004,-6.454346003010869E-004,-1.006822800263763E-003,-5.988859920762479E-004,
2.485000000000000E+009,-1.051304861903191E-003,-5.023074336349964E-004,-1.084729447029531E-003,-6.236486369743943E-004,
2.485033333333334E+009,-1.103076967410743E-003,-6.752553745172918E-004,-1.059279544278979E-003,-6.815188098698854E-004,
2.485066666666667E+009,-1.029923092573881E-003,-5.653098342008889E-004,-1.100856694392860E-003,-5.765331443399191E-004,
2.485100000000000E+009,-1.017829636111856E-003,-6.084695924073458E-004,-9.444180759601295E-004,-5.960784037597477E-004,
2.485133333333334E+009,-1.142931054346263E-003,-6.076658028177917E-004,-9.854633826762438E-004,-6.855698302388191E-004,
2.485166666666667E+009,-1.131470547989011E-003,-6.464212201535702E-004,-9.017728152684867E-004,-6.101459148339927E-004,
2.485200000000000E+009,-1.207444583997130E-003,-5.614957772195339E-004,-1.110286917537451E-003,-6.271869642660022E-004,
2.485233333333334E+009,-1.069916528649628E-003,-6.632806034758687E-004,-1.093132887035608E-003,-6.111917318776250E-004,
2.485266666666667E+009,-1.137546612881124E-003,-5.761676584370434E-004,-1.175855053588748E-003,-5.001210374757648E-004,
2.485300000000000E+009,-1.160496613010764E-003,-7.448355900123715E-004,-1.112968078814447E-003,-6.399839185178280E-004,
2.485333333333334E+009,-1.128526637330651E-003,-7.901834324002266E-004,-1.092760940082371E-003,-7.041786448098719E-004,
2.485366666666667E+009,-1.046532765030861E-003,-6.371508934535086E-004,-1.014944864436984E-003,-7.235216908156872E-004,
2.485400000000000E+009,-1.283178455196321E-003,-6.127724773250520E-004,-1.058088731952012E-003,-5.370674771256745E-004,
2.485433333333334E+009,-1.088454271666706E-003,-6.933560944162309E-004,-1.206516521051526E-003,-6.668658461421728E-004,
2.485466666666667E+009,-1.295614172704518E-003,-6.932212272658944E-004,-1.111291581764817E-003,-5.373939056880772E-004,
2.485500000000000E+009,-1.210570335388184E-003,-5.933035863563418E-004,-1.285149483010173E-003,-8.120080456137657E-004,
2.485533333333334E+009,-1.120666391216219E-003,-6.417387048713863E-004,-1.223234226927161E-003,-6.445869803428650E-004,
2.485566666666667E+009,-1.257224357686937E-003,-7.193437195383012E-004,-1.138855936005712E-003,-6.022509187459946E-004,
2.485600000000000E+009,-1.335227862000465E-003,-8.658089209347963E-004,-1.367702847346664E-003,-8.147259941324592E-004,
2.485633333333334E+009,-1.260187942534685E-003,-6.150451372377574E-004,-1.399131142534316E-003,-6.786950398236513E-004,
2.485666666666667E+009,-1.422689529135823E-003,-6.721388199366629E-004,-1.457543694414198E-003,-8.165641338564456E-004,
2.485700000000000E+009,-1.394287217408419E-003,-6.629900308325887E-004,-1.531372778117657E-003,-6.029367214068770E-004,
2.485733333333334E+009,-1.530573237687349E-003,-6.119694444350898E-004,-1.598966540768743E-003,-7.166629075072706E-004,
2.485766666666667E+009,-1.644935691729188E-003,-7.174298516474664E-004,-1.591927022673190E-003,-6.789800827391446E-004,
2.485800000000000E+009,-1.736662117764354E-003,-6.030424265190959E-004,-1.553325913846493E-003,-6.276132189668715E-004,
2.485833333333334E+009,-1.498400582931936E-003,-7.659424445591867E-004,-1.635667518712580E-003,-6.917605060152710E-004,
2.485866666666667E+009,-1.545084407553077E-003,-5.301873898133636E-004,-1.515035051852465E-003,-6.907814531587064E-004,
2.485900000000000E+009,-1.422070199623704E-003,-6.329691968858242E-004,-1.473082811571658E-003,-7.754590478725731E-004,
2.485933333333334E+009,-1.462038955651224E-003,-6.613580626435578E-004,-1.404020236805081E-003,-6.203251541592181E-004,
2.485966666666667E+009,-1.493070158176124E-003,-7.548782159574330E-004,-1.408049720339477E-003,-6.423692102544010E-004,
2.486000000000000E+009,-1.309876213781536E-003,-6.962144980207086E-004,-1.509155496023595E-003,-6.153103895485401E-004,
2.486033333333334E+009,-1.469059498049319E-003,-7.247439352795482E-004,-1.274591893889010E-003,-8.025575662031770E-004,
2.486066666666667E+009,-1.501813647337258E-003,-7.192344637587667E-004,-1.282722805626690E-003,-8.684670901857317E-004,
2.486100000000000E+009,-1.371880527585745E-003,-7.434558938257396E-004,-1.438807114027441E-003,-7.037317263893783E-004,
2.486133333333334E+009,-1.309185754507780E-003,-6.892424426041544E-004,-1.478024176321924E-003,-7.672951323911548E-004,
2.486166666666667E+009,-1.447725691832602E-003,-7.412107661366463E-004,-1.458177575841546E-003,-8.022283436730504E-004,
2.486200000000000E+009,-1.382156624458730E-003,-7.236369419842959E-004,-1.279284944757819E-003,-7.270648493431509E-004,
2.486233333333334E+009,-1.383417868055403E-003,-6.761856493540108E-004,-1.286360435187817E-003,-8.087379974313080E-004,
2.486266666666667E+009,-1.410184428095818E-003,-6.564924260601401E-004,-1.225750660523772E-003,-6.479193689301610E-004,
2.486300000000000E+009,-1.368271652609110E-003,-6.792968488298357E-004,-1.346332370303571E-003,-6.447078194469214E-004,
2.486333333333334E+009,-1.353745232336223E-003,-5.840316880494356E-004,-1.328613026998937E-003,-7.086168043315411E-004,
2.486366666666667E+009,-1.406172639690340E-003,-7.332690292969346E-004,-1.294641173444688E-003,-6.612262804992497E-004,
2.486400000000000E+009,-1.199899357743561E-003,-6.118834135122597E-004,-1.253388938494027E-003,-6.957862642593682E-004,
2.486433333333334E+009,-1.426202245056629E-003,-6.654334138147533E-004,-1.351266168057919E-003,-6.259053479880095E-004,
2.486466666666667E+009,-1.320932991802692E-003,-7.048751576803625E-004,-1.378879649564624E-003,-5.721718189306557E-004,
2.486500000000000E+009,-1.358763547614217E-003,-4.795762069988996E-004,-1.248822314664722E-003,-7.164517301134765E-004,
2.486533333333334E+009,-1.295196823775768E-003,-6.564944051206112E-004,-1.195404096506536E-003,-6.107268272899091E-004,
2.486566666666667E+009,-1.428586198017001E-003,-7.219982799142599E-004,-1.387274824082851E-003,-7.266756729222834E-004,
2.486600000000000E+009,-1.200313447043300E-003,-7.894280133768916E-004,-1.312827691435814E-003,-5.340891075320542E-004,
2.486633333333334E+009,-1.264013932086527E-003,-6.101272883825004E-004,-1.440998516045511E-003,-6.307734292931855E-004,
2.486666666666667E+009,-1.362223410978913E-003,-6.625810638070107E-004,-1.256771851330996E-003,-6.841479334980249E-004,
2.486700000000000E+009,-1.372431521303952E-003,-5.863131373189390E-004,-1.512522343546152E-003,-6.995374569669366E-004,
2.486733333333334E+009,-1.235186471603811E-003,-4.079664649907500E-004,-1.426575123332441E-003,-7.702850271016359E-004,
2.486766666666667E+009,-1.507928012870252E-003,-6.668948917649686E-004,-1.385399024002254E-003,-5.107427714392543E-004,
2.486800000000000E+009,-1.323897973634303E-003,-6.744337733834982E-004,-1.443604705855250E-003,-5.845789564773440E-004,
2.486833333333334E+009,-1.384813454933465E-003,-5.608796491287649E-004,-1.399563741870225E-003,-6.336180376820266E-004,
2.486866666666667E+009,-1.458186190575361E-003,-5.934500368312001E-004,-1.462994376197457E-003,-5.954478401690722E-004,
2.486900000000000E+009,-1.423687557689846E-003,-6.789229228161275E-004,-1.247120439074934E-003,-6.749557214789093E-004,
2.486933333333334E+009,-1.432675984688103E-003,-5.199551233090460E-004,-1.522484468296170E-003,-6.682030507363379E-004,
2.486966666666667E+009,-1.451079500839114E-003,-4.811042745131999E-004,-1.590801985003054E-003,-7.195103680714965E-004,
2.487000000000000E+009,-1.449725939892232E-003,-7.243330474011600E-004,-1.592714223079383E-003,-6.191181601025164E-004,
2.487033333333334E+009,-1.509147929027677E-003,-6.293937331065536E-004,-1.589430496096611E-003,-6.388594047166407E-004,
2.487066666666667E+009,-1.540329772979021E-003,-6.113399867899716E-004,-1.623272313736379E-003,-6.199326599016786E-004,
2.487100000000000E+009,-1.600232906639576E-003,-5.710152327083051E-004,-1.661630580201745E-003,-5.482359556481242E-004,
2.487133333333334E+009,-1.494131516665220E-003,-5.177854327484965E-004,-1.730826683342457E-003,-6.553904968313873E-004,
2.487166666666667E+009,-1.655267318710685E-003,-6.681812810711563E-004,-1.674797968007624E-003,-6.244087708182633E-004,
2.487200000000000E+009,-1.748855458572507E-003,-6.461496232077479E-004,-1.668756827712059E-003,-7.369371596723795E-004,
2.487233333333334E+009,-1.802345504984260E-003,-5.819140351377428E-004,-1.788013847544789E-003,-5.485524889081717E-004,
2.487266666666667E+009,-1.877991249784827E-003,-4.916634643450379E-004,-1.838958007283509E-003,-4.699273558799177E-004,
2.487300000000000E+009,-1.886310288682580E-003,-5.137612461112440E-004,-1.937201013788581E-003,-4.380316822789609E-004,
2.487333333333334E+009,-1.854994683526456E-003,-4.224691656418145E-004,-1.877767965197563E-003,-3.636697656475008E-004,
2.487366666666667E+009,-1.880578696727753E-003,-1.482993102399632E-004,-1.791492803022265E-003,-2.853592450264841E-004,
2.487400000000000E+009,-1.986159710213542E-003,-4.271853249520063E-004,-1.959966262802482E-003,-3.838973934762180E-004,
2.487433333333334E+009,-1.959904562681913E-003,-3.010579675901681E-004,-1.865869387984276E-003,-5.239281454123557E-004,
2.487466666666667E+009,-1.945853000506759E-003,-4.363624611869454E-004,-1.922070281580091E-003,-5.096286768093705E-004,
2.487500000000000E+009,-1.981484470888972E-003,-5.349533748812974E-004,-1.825047773309052E-003,-5.137086845934391E-004,
2.487533333333334E+009,-1.898403279483318E-003,-3.599910705816001E-004,-1.869053463451564E-003,-4.325354821048677E-004,
2.487566666666667E+009,-2.037118189036846E-003,-4.770988598465920E-004,-1.943026785738766E-003,-4.906262620352209E-004,
2.487600000000000E+009,-1.976698171347380E-003,-4.004860238637775E-004,-1.743495697155595E-003,-5.066150333732367E-004,
2.487633333333334E+009,-1.852139597758651E-003,-4.159862583037466E-004,-1.881864853203297E-003,-5.950381164439023E-004,
2.487666666666667E+009,-1.801367267034948E-003,-4.549187142401934E-004,-1.859620679169893E-003,-4.591629549395293E-004,
2.487700000000000E+009,-1.691392157226801E-003,-6.062507163733244E-004,-1.900507137179375E-003,-4.557658103294671E-004,
2.487733333333334E+009,-1.710482407361269E-003,-6.245806580409408E-004,-1.804829575121403E-003,-4.253399965818971E-004,
2.487766666666667E+009,-1.662330585531890E-003,-3.969255194533616E-004,-1.761752297170460E-003,-3.927795041818172E-004,
2.487800000000000E+009,-1.852109213359654E-003,-3.316644870210439E-004,-1.800339203327894E-003,-4.123247927054763E-004,
2.487833333333334E+009,-1.789427944459021E-003,-4.110331356059760E-004,-1.905703451484442E-003,-4.757206479553133E-004,
2.487866666666667E+009,-1.730866148136556E-003,-4.588322190102190E-004,-1.673911581747234E-003,-4.712439258582890E-004,
2.487900000000000E+009,-1.829928136430681E-003,-4.670305061154068E-004,-1.753829186782241E-003,-2.210172679042444E-004,
2.487933333333334E+009,-1.693166675977409E-003,-3.857398987747729E-004,-1.847397419624031E-003,-4.737136769108474E-004,
2.487966666666667E+009,-1.687109936028719E-003,-2.649226225912571E-004,-1.748948008753359E-003,-3.877645649481565E-004,
2.488000000000000E+009,-1.682238071225584E-003,-4.141597310081124E-004,-1.813216833397746E-003,-4.434876027517021E-004,
2.488033333333334E+009,-1.812233706004918E-003,-3.926158242393285E-004,-1.669479883275926E-003,-3.525516949594021E-004,
2.488066666666667E+009,-1.850948436185718E-003,-3.740111424122006E-004,-1.876261201687157E-003,-3.834548115264624E-004,
2.488100000000000E+009,-1.843438250944018E-003,-2.770810096990317E-004,-1.819874858483672E-003,-4.021521599497646E-004,
2.488133333333334E+009,-1.798282610252500E-003,-5.284952349029481E-004,-1.872394466772676E-003,-3.390728379599750E-004,
2.488166666666667E+009,-1.934459898620844E-003,-3.144705551676452E-004,-1.831506146118045E-003,-3.177034959662706E-004,
2.488200000000000E+009,-1.805805950425565E-003,-2.582325541879982E-004,-1.723914872854948E-003,-3.073840634897351E-004,
2.488233333333334E+009,-1.756214536726475E-003,-3.748851886484772E-004,-1.882061595097184E-003,-2.624307817313820E-004,
2.488266666666667E+009,-1.795868040062487E-003,-3.096625150647014E-004,-1.776688150130212E-003,-2.491811465006322E-004,
2.488300000000000E+009,-1.906387042254210E-003,-3.814927767962217E-004,-1.935247099027038E-003,-2.723567304201424E-004,
2.488333333333334E+009,-1.944192685186863E-003,-2.074047806672752E-004,-1.945624593645334E-003,-4.050461866427213E-004,
2.488366666666667E+009,-1.791433081962168E-003,-3.637662739492953E-004,-1.884259865619242E-003,-2.783893432933837E-004,
2.488400000000000E+009,-1.861765049397945E-003,-3.591837594285607E-004,-1.790878945030272E-003,-3.574286238290370E-004,
2.488433333333334E+009,-1.948152785189450E-003,-3.068727673962712E-004,-1.982108457013965E-003,-3.672952880151570E-004,
2.488466666666667E+009,-1.956950174644589E-003,-3.020725562237203E-004,-1.889781211502850E-003,-2.887197188101709E-004,
2.488500000000000E+009,-1.852722954936326E-003,-3.077461442444474E-004,-1.941404305398464E-003,-9.202734509017319E-005,
2.488533333333334E+009,-1.812433823943138E-003,-2.535597013775259E-004,-1.938420115038753E-003,-1.979869557544589E-004,
2.488566666666667E+009,-1.945438445545733E-003,-2.784735406748951E-004,-1.912933425046504E-003,-1.565495331306011E-004,
2.488600000000000E+009,-2.016207901760936E-003,-6.013384700054303E-005,-1.930099795572460E-003,-2.574582176748663E-004,
2.488633333333334E+009,-1.848950167186558E-003,-2.219175512436777E-004,-2.057913690805435E-003,-1.962876413017511E-004,
2.488666666666667E+009,-1.997248735278845E-003,-1.716648257570341E-004,-1.998964929953218E-003,-1.984105620067567E-004,
2.488700000000000E+009,-2.039226703345776E-003,-2.226634242106229E-004,-2.065034816041589E-003,-2.180026494897902E-004,
2.488733333333334E+009,-1.912428415380418E-003,-8.399991929763928E-005,-2.108436077833176E-003,-1.646142336539924E-004,
2.488766666666667E+009,-2.077109180390835E-003,-1.099017827073112E-004,-2.194313099607825E-003,-1.869115949375555E-004,
2.488800000000000E+009,-2.304434077814221E-003,-1.679329870967194E-004,-2.209246391430497E-003,-9.861242870101705E-005,
2.488833333333334E+009,-2.303024288266897E-003,-9.099070439333445E-007,-2.287848619744182E-003,-3.496943827485666E-005,
2.488866666666667E+009,-2.120538847520948E-003,1.093299069907516E-004,-2.260616980493069E-003,1.382250338792801E-004,
2.488900000000000E+009,-2.327463123947382E-003,5.105197851662524E-005,-2.313926350325346E-003,1.303131866734475E-004,
2.488933333333334E+009,-2.233322942629457E-003,1.224568695761263E-004,-2.241631504148245E-003,2.217372093582526E-004,
2.488966666666667E+009,-2.282310742884874E-003,5.006856008549221E-005,-2.247465308755636E-003,1.982654357561842E-004,
2.489000000000000E+009,-2.188223646953702E-003,1.285150792682543E-004,-2.304075751453638E-003,8.336170139955357E-005,
2.489033333333334E+009,-2.061893697828054E-003,8.292245183838531E-005,-2.233945997431874E-003,1.506117696408182E-004,
2.489066666666667E+009,-2.275536069646478E-003,4.651349445339292E-005,-2.315725898370147E-003,1.264102611457929E-004,
2.489100000000000E+009,-2.406882122159004E-003,3.029364597750828E-005,-2.330020302906632E-003,1.345440250588581E-004,
2.489133333333334E+009,-2.171693602576852E-003,2.179933362640441E-004,-2.346368273720145E-003,1.311611267738044E-004,
2.489166666666667E+009,-2.262317808344960E-003,1.393251732224599E-004,-2.324637258425355E-003,7.912307046353817E-005,
2.489200000000000E+009,-2.213189145550132E-003,1.010005362331867E-004,-2.195025561377406E-003,5.109936682856642E-005,
2.489233333333334E+009,-2.298861043527722E-003,5.307562969392166E-005,-2.176925074309111E-003,-4.279310451238416E-005,
2.489266666666667E+009,-2.210502047091723E-003,-2.482309901097324E-005,-2.295434242114425E-003,-4.997168434783816E-005,
2.489300000000000E+009,-2.206029370427132E-003,1.360835631203372E-005,-2.269930904731154E-003,3.626511170295999E-005,
2.489333333333334E+009,-2.196648856624961E-003,1.327661157120019E-004,-2.220832975581288E-003,5.096067252452485E-005,
2.489366666666667E+009,-2.107746666297317E-003,5.836467244080268E-005,-2.246155170723796E-003,1.694554957794026E-004,
2.489400000000000E+009,-2.214518375694752E-003,-1.048889657795371E-006,-2.209234982728958E-003,3.517916047712788E-005,
2.489433333333334E+009,-2.272151643410325E-003,-2.141119512089063E-005,-2.223115647211671E-003,1.587402657605708E-004,
2.489466666666667E+009,-2.160193165764213E-003,7.610007014591247E-005,-2.155236667022109E-003,1.140326639870182E-005,
2.489500000000000E+009,-2.176119713112712E-003,8.359759522136301E-005,-2.227863995358348E-003,-3.878791540046223E-005,
2.489533333333334E+009,-2.207344630733132E-003,1.247956824954599E-004,-2.152223372831941E-003,2.622440842969809E-005,
2.489566666666667E+009,-2.178046619519591E-003,1.110888479161076E-004,-2.238668967038393E-003,1.083215756807476E-004,
2.489600000000000E+009,-2.203939715400338E-003,9.280750236939639E-005,-2.223971299827099E-003,-2.373845381953288E-005,
2.489633333333334E+009,-2.082901541143656E-003,1.571391912875697E-004,-2.210319275036454E-003,1.156136277131736E-004,
2.489666666666667E+009,-2.099725417792797E-003,1.670009223744273E-004,-2.224763855338097E-003,1.740983279887587E-004,
2.489700000000000E+009,-2.163106808438897E-003,7.586789433844388E-005,-2.131325658410788E-003,5.400625377660617E-005,
2.489733333333334E+009,-2.174720866605640E-003,1.427884562872350E-004,-2.200842136517167E-003,1.334726985078305E-004,
2.489766666666667E+009,-2.371235517784953E-003,1.054690437740646E-004,-2.190794562920928E-003,1.549821172375232E-004,
2.489800000000000E+009,-2.220048103481531E-003,2.302002976648510E-004,-2.142501296475530E-003,2.297949686180800E-004,
2.489833333333334E+009,-2.232209313660860E-003,3.580924822017551E-004,-2.196735003963113E-003,1.818602322600782E-004,
2.489866666666667E+009,-2.251579659059644E-003,2.830011071637273E-004,-2.282958710566163E-003,1.946155389305204E-004,
2.489900000000000E+009,-2.206242876127362E-003,8.420366066275165E-005,-2.255207626149058E-003,3.094876592513174E-004,
2.489933333333334E+009,-2.216106746345758E-003,2.365683467360213E-004,-2.181834075599909E-003,2.389799483353272E-004,
2.489966666666667E+009,-2.141772303730249E-003,2.812485327012837E-004,-2.315936377272010E-003,3.741558175534010E-004,
2.490000000000000E+009,-2.275582868605852E-003,3.291763423476368E-004,-2.274478785693646E-003,2.482434792909771E-004,
2.490033333333334E+009,-2.165702404454351E-003,2.088047913275659E-004,-2.339202212169766E-003,2.851383760571480E-004,
2.490066666666667E+009,-2.302121603861451E-003,3.365711600054056E-004,-2.222434151917696E-003,3.388294426258653E-004,
2.490100000000000E+009,-2.327064517885447E-003,3.313341003376991E-004,-2.275784499943256E-003,4.582527326419950E-004,
2.490133333333334E+009,-2.227627206593752E-003,3.800373233389109E-004,-2.332337899133563E-003,3.139037580695003E-004,
2.490166666666667E+009,-2.233657287433744E-003,4.005744121968746E-004,-2.247421070933342E-003,4.436122253537178E-004,
2.490200000000000E+009,-2.410817425698042E-003,4.566054849419743E-004,-2.324808854609728E-003,3.497797879390419E-004,
2.490233333333334E+009,-2.293418860062957E-003,4.967169952578843E-004,-2.229834673926234E-003,4.272278747521341E-004,
2.490266666666667E+009,-2.391627291217446E-003,5.783264641650021E-004,-2.381875412538648E-003,4.437894094735384E-004,
2.490300000000000E+009,-2.325212582945824E-003,5.980362184345722E-004,-2.277209889143705E-003,5.210143281146884E-004,
2.490333333333334E+009,-2.385243307799101E-003,5.990523495711386E-004,-2.315273741260171E-003,5.410347948782146E-004,
2.490366666666667E+009,-2.341938670724630E-003,5.948106409050524E-004,-2.426518127322197E-003,7.767841452732682E-004,
2.490400000000000E+009,-2.455883193761110E-003,6.766665610484779E-004,-2.378752455115318E-003,6.829655612818897E-004,
2.490433333333334E+009,-2.331200754269958E-003,6.976899458095431E-004,-2.337310928851366E-003,7.914145244285464E-004,
2.490466666666667E+009,-2.275773556903005E-003,8.621625020168722E-004,-2.439826261252165E-003,9.230101131834090E-004,
2.490500000000000E+009,-2.275468781590462E-003,1.070692087523639E-003,-2.225469099357724E-003,8.463219855912030E-004,
2.490533333333334E+009,-2.255901461467147E-003,8.744804654270411E-004,-2.342173829674721E-003,9.093256667256355E-004,
2.490566666666667E+009,-2.373264171183109E-003,9.116621804423630E-004,-2.279462292790413E-003,9.404305601492524E-004,
2.490600000000000E+009,-2.311203861609101E-003,9.832065552473068E-004,-2.432303735986352E-003,8.635597769171000E-004,
2.490633333333334E+009,-2.386697102338076E-003,9.218949126079679E-004,-2.397111384198070E-003,9.038199787028134E-004,
2.490666666666667E+009,-2.272659447044134E-003,8.957911049947143E-004,-2.310936339199543E-003,9.289963054470718E-004,
2.490700000000000E+009,-2.354892436414957E-003,8.847025455906987E-004,-2.342547290027142E-003,7.366465288214386E-004,
2.490733333333334E+009,-2.270694822072983E-003,7.924121455289424E-004,-2.386191627010703E-003,7.958813803270459E-004,
2.490766666666667E+009,-2.463252516463399E-003,6.779553950764239E-004,-2.251835074275732E-003,7.218395476229489E-004,
2.490800000000000E+009,-2.284537535160780E-003,8.577351109124720E-004,-2.397593809291720E-003,8.466806029900909E-004,
2.490833333333334E+009,-2.342405030503869E-003,7.409138488583267E-004,-2.168577164411545E-003,7.946402765810490E-004,
2.490866666666667E+009,-2.315547084435821E-003,8.636679267510772E-004,-2.431932603940368E-003,9.066130151040852E-004,
2.490900000000000E+009,-2.267397008836269E-003,9.041721350513399E-004,-2.225095871835947E-003,8.059554966166616E-004,
2.490933333333334E+009,-2.390357898548245E-003,7.705509196966887E-004,-2.362163271754980E-003,8.364316308870912E-004,
2.490966666666667E+009,-2.221945673227310E-003,7.922958466224372E-004,-2.217649016529322E-003,8.959746919572353E-004,
2.491000000000000E+009,-2.405828330665827E-003,9.664553217589855E-004,-2.373902359977365E-003,8.807741687633097E-004,
2.491033333333334E+009,-2.146974671632052E-003,9.156428277492523E-004,-2.250372432172298E-003,7.682144059799612E-004,
2.491066666666667E+009,-2.311363117769361E-003,8.387856069020927E-004,-2.429832005873323E-003,8.627116912975907E-004,
2.491100000000000E+009,-2.310643205419183E-003,8.212404209189117E-004,-2.081547863781452E-003,9.736347710713744E-004,
2.491133333333334E+009,-2.162432763725519E-003,9.103207266889513E-004,-2.295313170179725E-003,8.979515987448394E-004,
2.491166666666667E+009,-2.191787818446755E-003,9.464338072575629E-004,-2.350064460188150E-003,8.834963082335889E-004,
2.491200000000000E+009,-2.097267890349031E-003,9.654624154791236E-004,-2.318833721801639E-003,8.601537556387484E-004,
2.491233333333334E+009,-2.241511596366763E-003,9.373141801916063E-004,-2.296892693266273E-003,9.746259893290699E-004,
2.491266666666667E+009,-2.249640179798007E-003,1.138521474786103E-003,-2.153658540919423E-003,9.092559921555221E-004,
2.491300000000000E+009,-2.303925575688481E-003,9.095817222259939E-004,-2.445823978632689E-003,1.006341655738652E-003,
2.491333333333334E+009,-2.045731525868177E-003,9.612850844860077E-004,-2.176908077672124E-003,9.823794243857265E-004,
2.491366666666667E+009,-2.194473287090659E-003,9.358997922390699E-004,-2.358861034736037E-003,9.166552918031812E-004,
2.491400000000000E+009,-2.216018736362457E-003,9.937577415257692E-004,-2.232131548225880E-003,9.936492424458265E-004,
2.491433333333334E+009,-2.369480673223734E-003,1.097564119845629E-003,-2.228502882644534E-003,1.103411312215030E-003,
2.491466666666667E+009,-2.219663001596928E-003,9.913173271343112E-004,-2.167575992643833E-003,1.033618696965277E-003,
2.491500000000000E+009,-2.127339364960790E-003,1.100217225030065E-003,-2.342770807445049E-003,9.911081288009882E-004,
2.491533333333334E+009,-2.109993482008576E-003,1.105494098737836E-003,-2.221098169684410E-003,1.077749766409397E-003,
2.491566666666667E+009,-2.135117771103978E-003,1.208445988595486E-003,-2.262127352878451E-003,1.084601157344878E-003,
2.491600000000000E+009,-2.042639302089810E-003,1.233121496625245E-003,-2.149048959836364E-003,1.031630206853151E-003,
2.491633333333334E+009,-2.202920150011778E-003,1.235681935213506E-003,-2.332825912162662E-003,1.198243931867182E-003,
2.491666666666667E+009,-2.135166199877858E-003,1.181575818918645E-003,-2.260057022795081E-003,1.107384217903018E-003,
2.491700000000000E+009,-2.237428911030293E-003,1.264195889234543E-003,-2.297657076269388E-003,1.191641902551055E-003,
2.491733333333334E+009,-2.276840619742870E-003,1.244389452040196E-003,-2.362312516197562E-003,1.270516193471849E-003,
2.491766666666667E+009,-2.305363072082400E-003,1.239331671968103E-003,-2.251219702884555E-003,1.366538694128394E-003,
2.491800000000000E+009,-2.013627905398607E-003,1.316917128860951E-003,-2.178343711420894E-003,1.259921584278345E-003,
2.491833333333334E+009,-2.259630011394620E-003,1.205962849780917E-003,-2.216051099821925E-003,1.437447965145111E-003,
2.491866666666667E+009,-2.217203611508012E-003,1.372007769532502E-003,-2.158042509108782E-003,1.521551632322371E-003,
2.491900000000000E+009,-2.146298997104168E-003,1.351734856143594E-003,-2.131968736648560E-003,1.385271083563566E-003,
2.491933333333334E+009,-2.185031538829207E-003,1.452222815714777E-003,-2.206833101809025E-003,1.527562038972974E-003,
2.491966666666667E+009,-2.174020279198885E-003,1.619968330487609E-003,-2.069626934826374E-003,1.713429344817996E-003,
2.492000000000000E+009,-2.061481354758143E-003,1.602473901584745E-003,-2.095280913636088E-003,1.570373657159507E-003,
2.492033333333334E+009,-2.082987455651164E-003,1.628974685445428E-003,-2.049642382189632E-003,1.837265095673502E-003,
2.492066666666667E+009,-2.102694474160671E-003,1.650843070819974E-003,-2.009727526456118E-003,1.655876869335771E-003,
2.492100000000000E+009,-2.010802505537868E-003,1.630555372685194E-003,-2.054087119176984E-003,1.781318103894591E-003,
2.492133333333334E+009,-2.105091931298375E-003,1.607714337296784E-003,-2.131895627826452E-003,1.672127516940236E-003,
2.492166666666667E+009,-1.973933540284634E-003,1.636689528822899E-003,-2.028376329690218E-003,1.763714011758566E-003,
2.492200000000000E+009,-2.087195869535208E-003,1.744367647916079E-003,-2.139855641871691E-003,1.684206654317677E-003,
2.492233333333334E+009,-2.144550904631615E-003,1.633440610021353E-003,-2.110917354002595E-003,1.643911004066467E-003,
2.492266666666667E+009,-1.986087765544653E-003,1.785984379239380E-003,-2.052642172202468E-003,1.782139646820724E-003,
2.492300000000000E+009,-2.097181510180235E-003,1.582036493346095E-003,-2.120574237778783E-003,1.764295855537057E-003,
2.492333333333334E+009,-1.974001992493868E-003,1.514306757599115E-003,-2.033209893852472E-003,1.608928781934083E-003,
2.492366666666667E+009,-2.089946763589978E-003,1.747590140439570E-003,-2.096315147355199E-003,1.608077553100884E-003,
2.492400000000000E+009,-2.155714901164174E-003,1.714216428808868E-003,-2.094050403684378E-003,1.619438757188618E-003,
2.492433333333334E+009,-2.111725974828005E-003,1.578479539602995E-003,-2.036023419350386E-003,1.681370544247329E-003,
2.492466666666667E+009,-2.087244996801019E-003,1.735128695145249E-003,-1.974639017134905E-003,1.694978564046323E-003,
2.492500000000000E+009,-2.148095052689314E-003,1.660772133618593E-003,-1.977829262614250E-003,1.623357995413244E-003,
2.492533333333334E+009,-1.953386003151536E-003,1.679110922850668E-003,-2.056943718343973E-003,1.647930708713830E-003,
2.492566666666667E+009,-2.107778331264854E-003,1.632556901313365E-003,-2.044840715825558E-003,1.667689066380262E-003,
2.492600000000000E+009,-1.921243267133832E-003,1.553547452203929E-003,-2.072439761832357E-003,1.669473014771938E-003,
2.492633333333334E+009,-1.967513468116522E-003,1.659695990383625E-003,-2.036177786067128E-003,1.770429662428796E-003,
2.492666666666667E+009,-2.022117376327515E-003,1.630845014005899E-003,-1.957404892891645E-003,1.824079779908061E-003,
2.492700000000000E+009,-2.069836715236306E-003,1.623068470507860E-003,-1.969314413145185E-003,1.706711482256651E-003,
2.492733333333334E+009,-1.845642458647490E-003,1.743616070598364E-003,-1.920480397529900E-003,1.702410285361111E-003,
2.492766666666667E+009,-1.974446000531316E-003,1.716266036964953E-003,-1.933078281581402E-003,1.614038832485676E-003,
2.492800000000000E+009,-2.103070029988885E-003,1.601264462806284E-003,-2.109682420268655E-003,1.768861548043788E-003,
2.492833333333334E+009,-1.966068986803293E-003,1.746309804730117E-003,-2.003581030294299E-003,1.742856111377478E-003,
2.492866666666667E+009,-1.901618554256856E-003,1.800714060664177E-003,-1.944035640917718E-003,1.653229119256139E-003,
2.492900000000000E+009,-2.012458397075534E-003,1.724398811347783E-003,-1.924944808706641E-003,1.611997722648084E-003,
2.492933333333334E+009,-1.943760551512241E-003,1.728909555822611E-003,-1.965473871678114E-003,1.863752957433462E-003,
2.492966666666667E+009,-1.954833511263132E-003,1.834283350035548E-003,-1.767713110893965E-003,1.725170295685530E-003,
2.493000000000000E+009,-1.841374440118671E-003,1.738948165439069E-003,-1.725461450405419E-003,1.741892541758716E-003,
2.493033333333334E+009,-1.916809473186731E-003,1.739473431371152E-003,-1.747516682371497E-003,1.854453585110605E-003,
2.493066666666667E+009,-1.693278318271041E-003,1.785509171895683E-003,-1.907903817482293E-003,1.766843255609274E-003,
2.493100000000000E+009,-1.895249704830349E-003,1.746293855831027E-003,-1.862923265434802E-003,1.948072109371424E-003,
2.493133333333334E+009,-1.871730550192297E-003,1.876836409792304E-003,-1.821522018872201E-003,1.912639825604856E-003,
2.493166666666667E+009,-1.887469901703298E-003,1.856028335168958E-003,-1.817722106352449E-003,1.757599529810250E-003,
2.493200000000000E+009,-1.882807351648808E-003,1.838503871113062E-003,-1.915546832606196E-003,1.938068191520870E-003,
2.493233333333334E+009,-1.706327660940588E-003,1.945410273037851E-003,-1.765933819115162E-003,1.905089127831161E-003,
2.493266666666667E+009,-1.750512514263392E-003,1.906166085973382E-003,-1.787086715921760E-003,1.850432949140668E-003,
2.493300000000000E+009,-1.911427709273994E-003,2.028688322752714E-003,-1.714838319458067E-003,1.996037550270557E-003,
2.493333333333334E+009,-1.793083851225674E-003,1.955469371750951E-003,-1.732632052153349E-003,1.882569747976959E-003,
2.493366666666667E+009,-1.767691224813461E-003,2.006542636081576E-003,-1.816017786040902E-003,2.010876080021262E-003,
2.493400000000000E+009,-1.770577044226229E-003,1.994095742702484E-003,-1.763303065672517E-003,2.095111412927508E-003,
2.493433333333334E+009,-1.706866081804037E-003,2.064215019345284E-003,-1.772550866007805E-003,2.063021995127201E-003,
2.493466666666667E+009,-1.634455053135753E-003,2.148366067558527E-003,-1.646233838982880E-003,2.173390705138445E-003,
2.493500000000000E+009,-1.682096859440208E-003,2.204901305958629E-003,-1.593876047991216E-003,2.164505654945970E-003,
2.493533333333334E+009,-1.743424567393959E-003,2.191371982917190E-003,-1.609654747880995E-003,2.054164186120033E-003,
2.493566666666667E+009,-1.687363139353693E-003,2.230869838967919E-003,-1.539762830361724E-003,2.248449018225074E-003,
2.493600000000000E+009,-1.656136591918767E-003,2.280187793076038E-003,-1.581522286869586E-003,2.276968210935593E-003,
2.493633333333334E+009,-1.401567715220153E-003,2.192172687500715E-003,-1.382441609166563E-003,2.228684956207871E-003,
2.493666666666667E+009,-1.374855171889067E-003,2.253738930448890E-003,-1.333373715169728E-003,2.131035318598151E-003,
2.493700000000000E+009,-1.328889280557632E-003,2.302228938788176E-003,-1.291615306399763E-003,2.216965192928910E-003,
2.493733333333334E+009,-1.349797006696463E-003,2.348552923649550E-003,-1.409503282047808E-003,2.404406201094389E-003,
2.493766666666667E+009,-1.551720895804465E-003,2.274644793942571E-003,-1.442566630430520E-003,2.238898305222392E-003,
2.493800000000000E+009,-1.429958618246019E-003,2.214340958744288E-003,-1.473880838602781E-003,2.299553947523236E-003,
2.493833333333334E+009,-1.364830066449940E-003,2.300421474501491E-003,-1.458874903619289E-003,2.216695575043559E-003,
2.493866666666667E+009,-1.486310036852956E-003,2.106882166117430E-003,-1.458830665796995E-003,2.236519008874893E-003,
2.493900000000000E+009,-1.495441654697061E-003,2.309992210939527E-003,-1.464527449570596E-003,2.281938213855028E-003,
2.493933333333334E+009,-1.318767433986068E-003,2.214533276855946E-003,-1.516231568530202E-003,2.272888552397490E-003,
2.493966666666667E+009,-1.507322187535465E-003,2.224031835794449E-003,-1.348433084785938E-003,2.245876006782055E-003,
2.494000000000000E+009,-1.351133920252323E-003,2.260852605104446E-003,-1.466420479118824E-003,2.273382153362036E-003,
2.494033333333334E+009,-1.334690721705556E-003,2.357622375711799E-003,-1.331996172666550E-003,2.203136915341020E-003,
2.494066666666667E+009,-1.489260932430625E-003,2.214567270129919E-003,-1.409153919667006E-003,2.270573750138283E-003,
2.494100000000000E+009,-1.416162936948240E-003,2.256025560200214E-003,-1.398029620759189E-003,2.299959538504481E-003,
2.494133333333334E+009,-1.487805740907788E-003,2.212181221693754E-003,-1.481821062043309E-003,2.275762381032109E-003,
2.494166666666667E+009,-1.441753818653524E-003,2.112600021064282E-003,-1.365238334983587E-003,2.196636982262135E-003,
2.494200000000000E+009,-1.407675677910447E-003,2.107985783368349E-003,-1.409827615134418E-003,2.260376932099462E-003,
2.494233333333334E+009,-1.291295629926026E-003,2.182517899200320E-003,-1.399921951815486E-003,2.244132570922375E-003,
2.494266666666667E+009,-1.246183179318905E-003,2.236278960481286E-003,-1.341491239145398E-003,2.252833684906364E-003,
2.494300000000000E+009,-1.430255826562643E-003,2.236612141132355E-003,-1.269460306502879E-003,2.254243940114975E-003,
2.494333333333334E+009,-1.380324480123818E-003,2.321418840438128E-003,-1.290180371142924E-003,2.216754946857691E-003,
2.494366666666667E+009,-1.195634948089719E-003,2.222430659458041E-003,-1.123283407650888E-003,2.300123218446970E-003,
2.494400000000000E+009,-1.186190638691187E-003,2.361729508265853E-003,-1.210133777931333E-003,2.298391889780760E-003,
2.494433333333334E+009,-1.200001803226769E-003,2.270063618198037E-003,-1.194162410683930E-003,2.224029740318656E-003,
2.494466666666667E+009,-1.233024406246841E-003,2.191657666116953E-003,-1.244308194145560E-003,2.226500306278467E-003,
2.494500000000000E+009,-1.191832707263529E-003,2.240808447822928E-003,-1.216847216710448E-003,2.252279315143824E-003,
2.494533333333334E+009,-1.249631517566741E-003,2.311995020136237E-003,-1.261957804672420E-003,2.233328297734261E-003,
2.494566666666667E+009,-1.157659920863807E-003,2.243448281660676E-003,-1.312163192778826E-003,2.196936402469873E-003,
2.494600000000000E+009,-1.237529795616865E-003,2.438200637698174E-003,-1.247400767169893E-003,2.274506026878953E-003,
2.494633333333334E+009,-1.151057193055749E-003,2.367850160226226E-003,-1.125923125073314E-003,2.276642713695765E-003,
2.494666666666667E+009,-9.760388638824225E-004,2.368082990869880E-003,-1.114723738282919E-003,2.402855083346367E-003,
2.494700000000000E+009,-1.166979782283306E-003,2.322096377611160E-003,-1.102430629543960E-003,2.287590643391013E-003,
2.494733333333334E+009,-1.166183035820723E-003,2.238682936877012E-003,-1.107031479477882E-003,2.211901592090726E-003,
2.494766666666667E+009,-9.764205897226930E-004,2.260307781398296E-003,-1.134263351559639E-003,2.374703530222178E-003,
2.494800000000000E+009,-9.873437229543924E-004,2.343700500205159E-003,-1.165160909295082E-003,2.325448906049132E-003,
2.494833333333334E+009,-9.964804630726576E-004,2.283034846186638E-003,-1.091244164854288E-003,2.473683329299092E-003,
2.494866666666667E+009,-9.127159719355404E-004,2.302138600498438E-003,-1.131886965595186E-003,2.448602113872767E-003,
2.494900000000000E+009,-1.065338728949428E-003,2.359342994168401E-003,-1.018594135530293E-003,2.371645299717784E-003,
2.494933333333334E+009,-1.099896267987788E-003,2.340862294659019E-003,-9.806659072637558E-004,2.410798100754619E-003,
2.494966666666667E+009,-9.155247826129198E-004,2.322860062122345E-003,-1.092095975764096E-003,2.410559449344873E-003,
2.495000000000000E+009,-8.154220413416624E-004,2.393284812569618E-003,-9.834449738264084E-004,2.533428370952606E-003,
2.495033333333334E+009,-8.599866996519268E-004,2.365116029977799E-003,-9.425971657037735E-004,2.335846889764071E-003,
2.495066666666667E+009,-7.812954136170447E-004,2.414195798337460E-003,-8.681472972966731E-004,2.489154925569892E-003,
2.495100000000000E+009,-9.167086682282388E-004,2.412560861557722E-003,-8.750276174396277E-004,2.429811982437968E-003,
2.495133333333334E+009,-7.980624795891345E-004,2.412103349342942E-003,-5.754052544943988E-004,2.472905674949288E-003,
2.495166666666667E+009,-6.132455891929567E-004,2.611289964988828E-003,-7.656803354620934E-004,2.574733225628734E-003,
2.495200000000000E+009,-6.386789027601481E-004,2.593997865915299E-003,-6.146724917925894E-004,2.414286369457841E-003,
2.495233333333334E+009,-6.379245314747095E-004,2.426305087283254E-003,-6.394715746864677E-004,2.386332722380757E-003,
2.495266666666667E+009,-4.966289852745831E-004,2.588061382994056E-003,-5.550715140998364E-004,2.623734297230840E-003,
2.495300000000000E+009,-4.914698074571788E-004,2.546571427956224E-003,-5.781883955933154E-004,2.537036547437310E-003,
2.495333333333334E+009,-7.474602316506207E-004,2.573372563347220E-003,-4.766123020090163E-004,2.660460770130158E-003,
2.495366666666667E+009,-5.768361152149737E-004,2.360651735216379E-003,-6.322510307654738E-004,2.583649707958102E-003,
2.495400000000000E+009,-6.464171456173062E-004,2.409117296338081E-003,-6.509189843200147E-004,2.485439646989107E-003,
2.495433333333334E+009,-6.712721660733223E-004,2.502071671187878E-003,-6.938528385944665E-004,2.624357817694545E-003,
2.495466666666667E+009,-6.097059231251478E-004,2.665354637429118E-003,-6.012681405991316E-004,2.470789011567831E-003,
2.495500000000000E+009,-5.263661150820553E-004,2.464484190568328E-003,-6.676677148789167E-004,2.504234900698066E-003,
2.495533333333334E+009,-8.318041218444705E-004,2.468623220920563E-003,-6.561310729011893E-004,2.500051865354180E-003,
2.495566666666667E+009,-7.930170395411551E-004,2.511535538360477E-003,-6.844455492682755E-004,2.436676528304815E-003,
2.495600000000000E+009,-7.301444420590997E-004,2.328899223357439E-003,-6.652746815234423E-004,2.540655201300979E-003,
2.495633333333334E+009,-7.274919189512730E-004,2.399203833192587E-003,-8.215430425480008E-004,2.461616182699800E-003,
2.495666666666667E+009,-6.376898381859064E-004,2.489955862984061E-003,-6.602401845157147E-004,2.570295706391335E-003,
2.495700000000000E+009,-7.625467260368168E-004,2.468930557370186E-003,-6.571601261384785E-004,2.539203735068440E-003,
2.495733333333334E+009,-7.814101409167051E-004,2.535094972699881E-003,-7.320601725950837E-004,2.438209252431989E-003,
2.495766666666667E+009,-7.762045133858919E-004,2.458589151501656E-003,-6.199809140525758E-004,2.421433571726084E-003,
2.495800000000000E+009,-6.406974862329662E-004,2.521696500480175E-003,-6.162517238408327E-004,2.391644520685077E-003,
2.495833333333334E+009,-6.498083239421248E-004,2.479522721841931E-003,-5.487200105562806E-004,2.504133852198720E-003,
2.495866666666667E+009,-8.749428088776767E-004,2.353996271267533E-003,-5.335780442692339E-004,2.570047043263912E-003,
2.495900000000000E+009,-4.824406350962818E-004,2.481295028701425E-003,-6.319032399915159E-004,2.354955067858100E-003,
2.495933333333334E+009,-4.702605074271560E-004,2.556927502155304E-003,-5.746651440858841E-004,2.488641999661923E-003,
2.495966666666667E+009,-5.806045373901725E-004,2.321744104847312E-003,-6.574332364834845E-004,2.423900878056884E-003,
2.496000000000000E+009,-5.039039533585310E-004,2.386374631896615E-003,-5.578369600698352E-004,2.450339263305068E-003,
2.496033333333334E+009,-6.455311086028814E-004,2.366819418966770E-003,-4.908980336040258E-004,2.425699494779110E-003,
2.496066666666667E+009,-3.583542129490525E-004,2.376237418502569E-003,-6.107807857915759E-004,2.425793325528503E-003,
2.496100000000000E+009,-5.038618110120297E-004,2.427503233775497E-003,-5.548178451135755E-004,2.426770515739918E-003,
2.496133333333334E+009,-4.652703355532140E-004,2.498461632058024E-003,-5.536220851354301E-004,2.488784259185195E-003,
2.496166666666667E+009,-4.755980626214296E-004,2.480662660673261E-003,-4.005094815511257E-004,2.487911609932780E-003,
2.496200000000000E+009,-3.993352875113487E-004,2.333389362320304E-003,-4.967638524249196E-004,2.455372596159577E-003,
2.496233333333334E+009,-6.088018417358398E-004,2.452421234920621E-003,-5.807884735986590E-004,2.471068641170859E-003,
2.496266666666667E+009,-4.672932263929397E-004,2.498825779184699E-003,-5.831728922203183E-004,2.469895407557488E-003,
2.496300000000000E+009,-3.111699479632080E-004,2.370111644268036E-003,-4.184988792985678E-004,2.513180021196604E-003,
2.496333333333334E+009,-5.028271116316319E-004,2.569417236372829E-003,-4.775521811097860E-004,2.528553828597069E-003,
2.496366666666667E+009,-4.122800019104034E-004,2.334899036213756E-003,-3.988383105024695E-004,2.321502193808556E-003,
2.496400000000000E+009,-2.400227385805920E-004,2.526980591937900E-003,-3.892480744980276E-004,2.436792245134711E-003,
2.496433333333334E+009,-4.796008870471269E-004,2.438889816403389E-003,-4.736723494715989E-004,2.490323036909103E-003,
2.496466666666667E+009,-3.743171691894531E-004,2.458089729771018E-003,-4.415027797222138E-004,2.476921537891030E-003,
2.496500000000000E+009,-3.618134942371398E-004,2.459724200889468E-003,-4.123396938666701E-004,2.506013261154294E-003,
2.496533333333334E+009,-3.511970571707934E-004,2.502199728041887E-003,-4.122567770536989E-004,2.524621551856399E-003,
2.496566666666667E+009,-3.716835344675928E-004,2.390282927080989E-003,-3.380964044481516E-004,2.517157932743430E-003,
2.496600000000000E+009,-2.783989766612649E-004,2.560584340244532E-003,-2.396726486040279E-004,2.511327154934406E-003,
2.496633333333334E+009,-2.054948854492977E-004,2.435023197904229E-003,-1.861996424850076E-004,2.528838347643614E-003,
2.496666666666667E+009,-1.978529326152057E-004,2.507644938305020E-003,-4.554407132673077E-005,2.529854187741876E-003,
2.496700000000000E+009,8.519797120243311E-005,2.470654901117086E-003,-9.588283865014091E-005,2.536762505769730E-003,
2.496733333333334E+009,-8.067776798270643E-005,2.523914212360978E-003,-8.799512579571456E-005,2.446730388328433E-003,
2.496766666666667E+009,5.345395766198635E-005,2.415114780887961E-003,4.908423761662561E-006,2.418183954432607E-003,
2.496800000000000E+009,-6.210696938069305E-006,2.505554817616940E-003,1.296075497521088E-004,2.379506127908826E-003,
2.496833333333334E+009,1.042389430949697E-005,2.267922740429640E-003,-9.474466787651181E-005,2.505768788978458E-003,
2.496866666666667E+009,-6.113141353125684E-006,2.299017272889614E-003,1.287159539060667E-004,2.169408136978746E-003,
2.496900000000000E+009,-4.850492041441612E-005,2.497014356777072E-003,5.171961311134510E-005,2.555396175011993E-003,
2.496933333333334E+009,-2.385021070949733E-005,2.340927254408598E-003,5.978898479952477E-005,2.469636499881744E-003,
2.496966666666667E+009,-2.015716563619208E-005,2.498781541362405E-003,1.160262172561488E-006,2.589107956737280E-003,
2.497000000000000E+009,-8.387504203710705E-005,2.411075634881854E-003,-6.196093454491347E-005,2.564749447628856E-003,
2.497033333333334E+009,2.748704901023302E-005,2.385741099715233E-003,4.440287739271298E-005,2.488833619281650E-003,
2.497066666666667E+009,1.889391205622815E-005,2.464198507368565E-003,-6.245601980481297E-005,2.355701755732298E-003,
2.497100000000000E+009,-9.619949196348898E-006,2.429737942293286E-003,-1.130767268477939E-004,2.453170483931899E-003,
2.497133333333334E+009,5.364532989915460E-005,2.445868449285626E-003,-8.983880252344534E-005,2.551168901845813E-003,
2.497166666666667E+009,2.380333899054676E-005,2.424546517431736E-003,-1.250664790859446E-004,2.534155733883381E-003,
2.497200000000000E+009,-1.286870392505080E-004,2.454829867929220E-003,7.904648555268068E-006,2.593620913103223E-003,
2.497233333333334E+009,-3.795745578827336E-005,2.471301006153226E-003,-2.712398782023229E-005,2.524765208363533E-003,
2.497266666666667E+009,-7.845549407647923E-005,2.479529706761241E-003,2.736058740993030E-005,2.488502068445087E-003,
2.497300000000000E+009,-1.135230490945105E-006,2.367937238886952E-003,-8.464915481454227E-006,2.558337757363915E-003,
2.497333333333334E+009,-4.591156994138146E-006,2.410845598205924E-003,-5.073975626146421E-005,2.567555289715529E-003,
2.497366666666667E+009,-1.922707815538161E-005,2.393936971202493E-003,8.540886483388022E-005,2.477608853951097E-003,
2.497400000000000E+009,-1.614014036022127E-005,2.486437559127808E-003,6.854274397483096E-005,2.376286545768380E-003,
2.497433333333334E+009,6.775569636374712E-005,2.369680907577276E-003,4.215100125293247E-005,2.530430909246206E-003,
2.497466666666667E+009,-7.469200500054285E-005,2.465895609930158E-003,6.236949411686510E-005,2.434495138004422E-003,
2.497500000000000E+009,-6.285823474172503E-005,2.356998855248094E-003,-3.008527892234270E-005,2.331640804186463E-003,
2.497533333333334E+009,9.745197166921571E-005,2.448198851197958E-003,-3.322235716041178E-005,2.465732395648956E-003,
2.497566666666667E+009,7.914056914160028E-005,2.381434431299567E-003,1.836252631619573E-004,2.656000200659037E-003,
2.497600000000000E+009,2.794668944261503E-005,2.549265976995230E-003,-2.731660424615257E-005,2.548174699768424E-003,
2.497633333333334E+009,1.776151766534895E-004,2.468892838805914E-003,1.286040496779606E-004,2.480433322489262E-003,
2.497666666666667E+009,-9.472303645452485E-006,2.430852968245745E-003,6.276002386584878E-005,2.463564975187182E-003,
2.497700000000000E+009,5.577761839958839E-005,2.497910754755139E-003,1.169320512417471E-005,2.497734501957893E-003,
2.497733333333334E+009,1.475646604376379E-005,2.397964708507061E-003,6.857706466689706E-005,2.492266707122326E-003,
2.497766666666667E+009,1.190509865409695E-004,2.577649662271142E-003,1.870355627033860E-004,2.437953604385257E-003,
2.497800000000000E+009,1.969449076568708E-004,2.456291113048792E-003,1.409527321811765E-004,2.405563602223992E-003,
2.497833333333334E+009,2.709064283408225E-004,2.340638311579824E-003,2.775185566861183E-004,2.291529905050993E-003,
2.497866666666667E+009,2.356488221266773E-005,2.554592210799456E-003,1.658300316194072E-004,2.382453763857484E-003,
2.497900000000000E+009,3.014789544977248E-004,2.354037947952747E-003,6.046505950507708E-005,2.449664287269115E-003,
2.497933333333334E+009,3.145299560856074E-004,2.562737325206399E-003,1.528385182609782E-004,2.453929744660854E-003,
2.497966666666667E+009,2.703365753404796E-004,2.372624119743705E-003,2.359219361096621E-004,2.550662262365222E-003,
2.498000000000000E+009,1.924118259921670E-004,2.397861564531922E-003,2.889434399548918E-004,2.502123126760125E-003,
2.498033333333334E+009,1.818997843656689E-004,2.509060315787792E-003,2.662920742295682E-004,2.419647993519902E-003,
2.498066666666667E+009,3.704803821165115E-004,2.420381875708699E-003,2.195993438363075E-004,2.470043022185564E-003,
2.498100000000000E+009,3.345645091030747E-004,2.444355282932520E-003,2.107328473357484E-004,2.481227740645409E-003,
2.498133333333334E+009,3.818492405116558E-004,2.488994505256414E-003,4.434216825757176E-004,2.409147797152400E-003,
2.498166666666667E+009,4.464831727091223E-004,2.515450818464160E-003,4.028117400594056E-004,2.404560567811132E-003,
2.498200000000000E+009,4.602877306751907E-004,2.421943470835686E-003,4.782672913279384E-004,2.484120428562164E-003,
2.498233333333334E+009,5.373061867430806E-004,2.458324190229178E-003,5.236388533376157E-004,2.512730425223708E-003,
2.498266666666667E+009,4.892091383226216E-004,2.515290630981326E-003,4.594952333718538E-004,2.318647224456072E-003,
2.498300000000000E+009,5.823571118526161E-004,2.300803316757083E-003,5.533738294616342E-004,2.416441682726145E-003,
2.498333333333334E+009,5.541166174225509E-004,2.260604873299599E-003,5.503655411303043E-004,2.346333349123597E-003,
2.498366666666667E+009,6.371610215865076E-004,2.475836547091603E-003,6.104908534325659E-004,2.400440163910389E-003,
2.498400000000000E+009,5.859067896381021E-004,2.245342358946800E-003,6.247839191928506E-004,2.355641918256879E-003,
2.498433333333334E+009,5.515224183909595E-004,2.221812028437853E-003,5.157746491022408E-004,2.381760859861970E-003,
2.498466666666667E+009,4.585711867548525E-004,2.374898409470916E-003,5.668830126523972E-004,2.334533724933863E-003,
2.498500000000000E+009,6.934962002560496E-004,2.273460151627660E-003,4.860316985286772E-004,2.456266898661852E-003,
2.498533333333334E+009,7.226838497444987E-004,2.385487779974937E-003,6.266371347010136E-004,2.406017156317830E-003,
2.498566666666667E+009,5.691211554221809E-004,2.414244692772627E-003,7.030980777926743E-004,2.448254963383079E-003,
2.498600000000000E+009,6.347227026708424E-004,2.425930695608258E-003,6.412857328541577E-004,2.454161411151290E-003,
2.498633333333334E+009,5.556620308198035E-004,2.422516699880362E-003,5.993761587888002E-004,2.522537717595696E-003,
2.498666666666667E+009,5.921110860072076E-004,2.411152468994260E-003,6.283408147282898E-004,2.543429145589471E-003,
2.498700000000000E+009,5.981505964882672E-004,2.442751778289676E-003,6.494522094726563E-004,2.592173404991627E-003,
2.498733333333334E+009,6.348995375446975E-004,2.383650979027152E-003,5.240000318735838E-004,2.465975470840931E-003,
2.498766666666667E+009,6.060568848624826E-004,2.379296347498894E-003,7.175722857937217E-004,2.457690890878439E-003,
2.498800000000000E+009,7.366496138274670E-004,2.582276472821832E-003,6.690868176519871E-004,2.545672468841076E-003,
2.498833333333334E+009,6.119846948422492E-004,2.543605631217361E-003,6.818411638960242E-004,2.416883595287800E-003,
2.498866666666667E+009,6.232837913557887E-004,2.376532182097435E-003,6.968285306356847E-004,2.460899064317346E-003,
2.498900000000000E+009,7.781993481330574E-004,2.392471767961979E-003,8.237455040216446E-004,2.497107489034534E-003,
2.498933333333334E+009,7.022038334980607E-004,2.503224881365895E-003,7.072234293445945E-004,2.421441255137324E-003,
2.498966666666667E+009,7.483213557861745E-004,2.365301596000791E-003,6.755763315595686E-004,2.433686051517725E-003,
2.499000000000000E+009,8.018972002901137E-004,2.490565180778503E-003,7.990585872903466E-004,2.508904552087188E-003,
2.499033333333334E+009,7.515461184084415E-004,2.582821762189269E-003,8.076698868535459E-004,2.508932724595070E-003,
2.499066666666667E+009,7.657126407139003E-004,2.432456705719233E-003,7.891018758527935E-004,2.571531338617206E-003,
2.499100000000000E+009,8.372893789783120E-004,2.313166158273816E-003,9.105040226131678E-004,2.431331900879741E-003,
2.499133333333334E+009,8.550473139621317E-004,2.388378139585257E-003,6.632007425650954E-004,2.438692143186927E-003,
2.499166666666667E+009,8.055660291574895E-004,2.475258428603411E-003,7.854704163037241E-004,2.410017652437091E-003,
2.499200000000000E+009,9.218770428560674E-004,2.323110587894917E-003,8.219260489568114E-004,2.442440483719111E-003,
2.499233333333334E+009,8.065967122092843E-004,2.377063035964966E-003,8.990318165160716E-004,2.426065504550934E-003,
2.499266666666667E+009,9.277990902774036E-004,2.469845814630389E-003,7.872721180319786E-004,2.432676963508129E-003,
2.499300000000000E+009,9.141067275777459E-004,2.344171516597271E-003,8.391605224460363E-004,2.430398249998689E-003,
2.499333333333334E+009,7.786537753418088E-004,2.324570668861270E-003,1.029106904752553E-003,2.351911505684257E-003,
2.499366666666667E+009,8.733989088796079E-004,2.347467001527548E-003,8.640267187729478E-004,2.409036504104734E-003,
2.499400000000000E+009,9.239465580321848E-004,2.308632712811232E-003,9.145934018306434E-004,2.263545291498303E-003,
2.499433333333334E+009,9.083415498025715E-004,2.324538538232446E-003,9.819889673963189E-004,2.536803949624300E-003,
2.499466666666667E+009,8.103288128040731E-004,2.453126013278961E-003,9.932202519848943E-004,2.271676203235984E-003,
2.499500000000000E+009,1.127894152887166E-003,2.341312123462558E-003,9.461655863560736E-004,2.314287237823010E-003,
2.499533333333334E+009,1.089753000997007E-003,2.326397225260735E-003,9.895227849483490E-004,2.498654881492257E-003,
2.499566666666667E+009,1.006389269605279E-003,2.240902977064252E-003,1.050236984156072E-003,2.400398021563888E-003,
2.499600000000000E+009,9.637452312745154E-004,2.315093064680696E-003,9.994040010496974E-004,2.353422809392214E-003,
2.499633333333334E+009,1.028035185299814E-003,2.312113763764501E-003,1.161141321063042E-003,2.248973585665226E-003,
2.499666666666667E+009,1.096269697882235E-003,2.332485280930996E-003,1.176866353489459E-003,2.271976321935654E-003,
2.499700000000000E+009,9.647636325098574E-004,2.239505061879754E-003,1.223925384692848E-003,2.269688295200467E-003,
2.499733333333334E+009,1.208357512950897E-003,2.337482292205095E-003,1.122900517657399E-003,2.316380850970745E-003,
2.499766666666667E+009,1.280998345464468E-003,2.161879790946841E-003,1.151145901530981E-003,2.336684381589294E-003,
2.499800000000000E+009,1.308858161792159E-003,2.262597903609276E-003,1.254584174603224E-003,2.202646806836128E-003,
2.499833333333334E+009,1.319014816544950E-003,2.233518054708839E-003,1.239057630300522E-003,2.152255969122052E-003,
2.499866666666667E+009,1.116619212552905E-003,2.054355107247829E-003,1.292522531002760E-003,2.204807242378593E-003,
2.499900000000000E+009,1.275776186957955E-003,2.082308521494269E-003,1.362652517855167E-003,2.020474988967180E-003,
2.499933333333334E+009,1.292240573093295E-003,1.939922804012895E-003,1.272848690859973E-003,1.993448706343770E-003,
2.499966666666667E+009,1.195194665342569E-003,2.022626111283898E-003,1.296841888688505E-003,2.002164721488953E-003,
2.500000000000000E+009,1.265733037143946E-003,1.991215860471129E-003,1.303649041801691E-003,2.084150677546859E-003,
