% Version 1.00
%
%freq[Hz];re:Trc1_S21;im:Trc1_S21;re:Trc2_S12;im:Trc2_S12;
2.480000000000000E+009,1.998684369027615E-003,-1.912989304400981E-003,1.956975087523460E-003,-1.940039917826653E-003,
2.480033333333334E+009,1.898858696222305E-003,-2.026204485446215E-003,1.902484684251249E-003,-1.958289416506887E-003,
2.480066666666667E+009,1.894986256957054E-003,-1.982827903702855E-003,1.847668318077922E-003,-1.986236544325948E-003,
2.480100000000000E+009,1.773558906279504E-003,-2.033939817920327E-003,1.759376493282616E-003,-2.071741269901395E-003,
2.480133333333334E+009,1.722734887152910E-003,-2.050811890512705E-003,1.757885445840657E-003,-2.086287830024958E-003,
2.480166666666667E+009,1.608161954209209E-003,-2.177846385166049E-003,1.655501429922879E-003,-2.098196884617209E-003,
2.480200000000000E+009,1.647182158194482E-003,-2.202371368184686E-003,1.569869345985353E-003,-2.162339165806770E-003,
2.480233333333334E+009,1.555326743982732E-003,-2.183741191402078E-003,1.627097022719681E-003,-2.220092806965113E-003,
2.480266666666667E+009,1.529316417872906E-003,-2.243787283077836E-003,1.513062743470073E-003,-2.266237279400230E-003,
2.480300000000000E+009,1.407250412739813E-003,-2.276166575029492E-003,1.464419648982585E-003,-2.256854437291622E-003,
2.480333333333334E+009,1.361221657134593E-003,-2.206878038123250E-003,1.358592882752419E-003,-2.273007296025753E-003,
2.480366666666667E+009,1.312202191911638E-003,-2.255258383229375E-003,1.321327290497720E-003,-2.291233511641622E-003,
2.480400000000000E+009,1.243608072400093E-003,-2.349343150854111E-003,1.320092007517815E-003,-2.320049330592156E-003,
2.480433333333334E+009,1.237381133250892E-003,-2.365503925830126E-003,1.266189618036151E-003,-2.380963414907455E-003,
2.480466666666667E+009,1.184021588414908E-003,-2.338316524401307E-003,1.200579805299640E-003,-2.326130634173751E-003,
2.480500000000000E+009,1.114313839934766E-003,-2.401800826191902E-003,1.132058328948915E-003,-2.437901217490435E-003,
2.480533333333334E+009,1.135004102252424E-003,-2.424726029857993E-003,1.114809187129140E-003,-2.486196579411626E-003,
2.480566666666667E+009,1.065710093826056E-003,-2.493864390999079E-003,1.019276445731521E-003,-2.495969645678997E-003,
2.480600000000000E+009,1.001287484541535E-003,-2.497715642675757E-003,9.891582885757089E-004,-2.507980912923813E-003,
2.480633333333334E+009,9.501012391410768E-004,-2.565307542681694E-003,9.979446185752749E-004,-2.589349634945393E-003,
2.480666666666667E+009,9.111191029660404E-004,-2.576050348579884E-003,9.375986992381513E-004,-2.631211420521140E-003,
2.480700000000000E+009,8.929469040594995E-004,-2.571020042523742E-003,8.559465059079230E-004,-2.594821387901902E-003,
2.480733333333334E+009,8.421036181971431E-004,-2.620538230985403E-003,8.509631152264774E-004,-2.642716048285365E-003,
2.480766666666667E+009,7.461016648449004E-004,-2.645348198711872E-003,8.179017459042370E-004,-2.675655530765653E-003,
2.480800000000000E+009,6.933246040716767E-004,-2.700466895475984E-003,7.235158700495958E-004,-2.675020368769765E-003,
2.480833333333334E+009,6.703824037685990E-004,-2.648178255185485E-003,6.790866027586162E-004,-2.668512752279639E-003,
2.480866666666667E+009,6.922665052115917E-004,-2.677308162674308E-003,5.930238985456526E-004,-2.641625236719847E-003,
2.480900000000000E+009,5.557670956477523E-004,-2.645411761477590E-003,5.876515642739832E-004,-2.710700733587146E-003,
2.480933333333334E+009,4.979947116225958E-004,-2.716382034122944E-003,5.498299724422395E-004,-2.738334238529205E-003,
2.480966666666667E+009,4.390380345284939E-004,-2.761888550594449E-003,4.572540929075331E-004,-2.732355147600174E-003,
2.481000000000000E+009,4.500310169532895E-004,-2.708459505811334E-003,3.741134132724255E-004,-2.745105186477304E-003,
2.481033333333334E+009,3.414921520743519E-004,-2.731926273554564E-003,3.599433402996510E-004,-2.775883767753840E-003,
2.481066666666667E+009,3.034847904928029E-004,-2.807808341458440E-003,3.125889634247869E-004,-2.725389553233981E-003,
2.481100000000000E+009,2.589383511804044E-004,-2.727857790887356E-003,2.480325638316572E-004,-2.806347096338868E-003,
2.481133333333334E+009,1.914388121804223E-004,-2.716772723942995E-003,2.170220977859572E-004,-2.790411235764623E-003,
2.481166666666667E+009,1.113510952563956E-004,-2.741003641858697E-003,9.494486585026607E-005,-2.783249830827117E-003,
2.481200000000000E+009,2.813054743455723E-005,-2.744901459664106E-003,1.098882785299793E-004,-2.736981492489576E-003,
2.481233333333334E+009,5.996040999889374E-005,-2.725798636674881E-003,-3.151473356410861E-005,-2.806311007589102E-003,
2.481266666666667E+009,-6.193348235683516E-005,-2.799858804792166E-003,-1.011449057841674E-004,-2.789574675261974E-003,
2.481300000000000E+009,-1.341541938018054E-004,-2.802917733788490E-003,-9.827210305957124E-005,-2.790656872093678E-003,
2.481333333333334E+009,-2.130989014403895E-004,-2.727922983467579E-003,-2.153056411771104E-004,-2.799902809783816E-003,
2.481366666666667E+009,-2.670700196176767E-004,-2.718721516430378E-003,-2.225280477432534E-004,-2.807540120556951E-003,
2.481400000000000E+009,-3.143309149891138E-004,-2.757974434643984E-003,-2.847713767550886E-004,-2.747598802670836E-003,
2.481433333333334E+009,-3.494060365483165E-004,-2.731914166361094E-003,-3.974524151999503E-004,-2.759991446509957E-003,
2.481466666666667E+009,-4.414755094330758E-004,-2.765513258054853E-003,-4.361535829957575E-004,-2.717973664402962E-003,
2.481500000000000E+009,-4.902377258986235E-004,-2.732725115492940E-003,-5.271717673167586E-004,-2.742902375757694E-003,
2.481533333333334E+009,-5.615439149551094E-004,-2.739991061389446E-003,-5.805995315313339E-004,-2.741716336458921E-003,
2.481566666666667E+009,-5.953344516456127E-004,-2.734703943133354E-003,-6.266294512897730E-004,-2.722172066569328E-003,
2.481600000000000E+009,-7.195127545855939E-004,-2.710154280066490E-003,-7.207581656984985E-004,-2.637361641973257E-003,
2.481633333333334E+009,-7.804218912497163E-004,-2.631768351420760E-003,-7.972713792696595E-004,-2.723381388932467E-003,
2.481666666666667E+009,-8.163307793438435E-004,-2.622544532641769E-003,-8.573122322559357E-004,-2.627405105158687E-003,
2.481700000000000E+009,-8.746702224016190E-004,-2.562157344073057E-003,-9.048220235854387E-004,-2.598270541056991E-003,
2.481733333333334E+009,-9.919909061864018E-004,-2.584126545116305E-003,-9.657997288741171E-004,-2.555696526542306E-003,
2.481766666666667E+009,-1.017391216009855E-003,-2.534034661948681E-003,-1.028969301842153E-003,-2.517934190109372E-003,
2.481800000000000E+009,-1.040914561599493E-003,-2.483615884557366E-003,-1.079376321285963E-003,-2.479629358276725E-003,
2.481833333333334E+009,-1.121512032113969E-003,-2.468948485329747E-003,-1.152111333794892E-003,-2.422550693154335E-003,
2.481866666666667E+009,-1.145920134149492E-003,-2.365155145525932E-003,-1.193105592392385E-003,-2.405343111604452E-003,
2.481900000000000E+009,-1.162716536782682E-003,-2.415735041722655E-003,-1.192967989481986E-003,-2.345755696296692E-003,
2.481933333333334E+009,-1.199583988636732E-003,-2.350056543946266E-003,-1.260700752027333E-003,-2.359595848247409E-003,
2.481966666666667E+009,-1.376648549921811E-003,-2.316553145647049E-003,-1.294630928896368E-003,-2.334214281290770E-003,
2.482000000000000E+009,-1.405666465871036E-003,-2.304333960637450E-003,-1.350525766611099E-003,-2.321145962923765E-003,
2.482033333333334E+009,-1.468108734115958E-003,-2.271459903568029E-003,-1.441021100617945E-003,-2.339146798476577E-003,
2.482066666666667E+009,-1.500452752225101E-003,-2.273989608511329E-003,-1.466580550186336E-003,-2.307520713657141E-003,
2.482100000000000E+009,-1.525307307019830E-003,-2.238424029201269E-003,-1.566013786941767E-003,-2.229674952104688E-003,
2.482133333333334E+009,-1.583661185577512E-003,-2.220712369307876E-003,-1.576653565280139E-003,-2.211673185229302E-003,
2.482166666666667E+009,-1.628861646167934E-003,-2.244957489892840E-003,-1.655177911743522E-003,-2.200231887400150E-003,
2.482200000000000E+009,-1.677247695624828E-003,-2.175829838961363E-003,-1.671721809543669E-003,-2.169517334550619E-003,
2.482233333333334E+009,-1.703938120044768E-003,-2.204947872087359E-003,-1.773725030943751E-003,-2.161026699468494E-003,
2.482266666666667E+009,-1.770855044014752E-003,-2.133356174454093E-003,-1.750164898112416E-003,-2.118775853887200E-003,
2.482300000000000E+009,-1.828892622143030E-003,-2.088153036311269E-003,-1.849599066190422E-003,-2.088289940729737E-003,
2.482333333333334E+009,-1.869494793936610E-003,-2.026401227340102E-003,-1.909889164380729E-003,-2.121056662872434E-003,
2.482366666666667E+009,-1.891546417027712E-003,-2.045017201453447E-003,-1.984633971005678E-003,-2.080017933622003E-003,
2.482400000000000E+009,-1.961059868335724E-003,-2.002361463382840E-003,-1.964511116966605E-003,-2.037102356553078E-003,
2.482433333333334E+009,-1.993992831557989E-003,-1.945665106177330E-003,-2.035867422819138E-003,-1.990590244531632E-003,
2.482466666666667E+009,-2.041089115664363E-003,-1.885717036202550E-003,-2.089996356517077E-003,-1.903996919281781E-003,
2.482500000000000E+009,-2.078969962894917E-003,-1.837663468904793E-003,-2.089528832584620E-003,-1.907480298541486E-003,
2.482533333333334E+009,-2.097841585054994E-003,-1.800098689273000E-003,-2.120469929650426E-003,-1.863546553067863E-003,
2.482566666666667E+009,-2.187089994549751E-003,-1.802871003746986E-003,-2.200180198997259E-003,-1.780380727723241E-003,
2.482600000000000E+009,-2.200073096901178E-003,-1.779935089871287E-003,-2.197880996391177E-003,-1.735815661959350E-003,
2.482633333333334E+009,-2.212859457358718E-003,-1.663333154283464E-003,-2.233723876997829E-003,-1.696673221886158E-003,
2.482666666666667E+009,-2.291558543220162E-003,-1.660831738263369E-003,-2.250668359920383E-003,-1.646295306272805E-003,
2.482700000000000E+009,-2.282520988956094E-003,-1.628273515962064E-003,-2.299419138580561E-003,-1.566241960972548E-003,
2.482733333333334E+009,-2.293140627443790E-003,-1.527402200736105E-003,-2.337590558454394E-003,-1.549712964333594E-003,
2.482766666666667E+009,-2.385664498433471E-003,-1.525608706288040E-003,-2.342374762520194E-003,-1.517659286037087E-003,
2.482800000000000E+009,-2.405200386419892E-003,-1.489873742684722E-003,-2.381428843364120E-003,-1.501248334534466E-003,
2.482833333333334E+009,-2.449608873575926E-003,-1.413706224411726E-003,-2.416814677417278E-003,-1.379470922984183E-003,
2.482866666666667E+009,-2.469681901857257E-003,-1.362057402729988E-003,-2.540730172768235E-003,-1.328649581409991E-003,
2.482900000000000E+009,-2.463630167767406E-003,-1.335341017693281E-003,-2.492167521268129E-003,-1.298732589930296E-003,
2.482933333333334E+009,-2.514853607863188E-003,-1.228669309057295E-003,-2.540370216593146E-003,-1.196884084492922E-003,
2.482966666666667E+009,-2.594241406768560E-003,-1.165298279374838E-003,-2.592664444819093E-003,-1.196431810967624E-003,
2.483000000000000E+009,-2.591308671981096E-003,-1.155133708380163E-003,-2.665113890543580E-003,-1.114294980652630E-003,
2.483033333333334E+009,-2.595789264887571E-003,-1.098074717447162E-003,-2.601190004497767E-003,-1.067050034180284E-003,
2.483066666666667E+009,-2.678119344636798E-003,-9.959742892533541E-004,-2.613133052363992E-003,-1.000288990326226E-003,
2.483100000000000E+009,-2.662069397047162E-003,-9.567402885295451E-004,-2.636863850057125E-003,-9.408747428096831E-004,
2.483133333333334E+009,-2.711265813559294E-003,-9.286200511269271E-004,-2.662862418219447E-003,-9.189037955366075E-004,
2.483166666666667E+009,-2.684391103684902E-003,-8.054290083236992E-004,-2.744261175394058E-003,-7.668036269024015E-004,
2.483200000000000E+009,-2.690688241273165E-003,-7.976367487572134E-004,-2.732009161263704E-003,-7.347796927206218E-004,
2.483233333333334E+009,-2.719649812206626E-003,-7.309641223400831E-004,-2.705200808122754E-003,-7.242883439175785E-004,
2.483266666666667E+009,-2.710486762225628E-003,-6.332282791845501E-004,-2.783442148938775E-003,-5.845483392477036E-004,
2.483300000000000E+009,-2.765005920082331E-003,-5.192394601181150E-004,-2.802838804200292E-003,-5.446459981612861E-004,
2.483333333333334E+009,-2.745484001934528E-003,-5.032231565564871E-004,-2.779237460345030E-003,-4.257425898686051E-004,
2.483366666666667E+009,-2.738570095971227E-003,-4.435766895767301E-004,-2.780854934826493E-003,-4.499123606365174E-004,
2.483400000000000E+009,-2.735869027674198E-003,-4.243123694323003E-004,-2.774494467303157E-003,-3.250901063438505E-004,
2.483433333333334E+009,-2.735321410000324E-003,-2.912815834861249E-004,-2.733462024480104E-003,-2.819334040395916E-004,
2.483466666666667E+009,-2.714609261602163E-003,-2.334307500859723E-004,-2.724952530115843E-003,-2.186493948101997E-004,
2.483500000000000E+009,-2.734774025157094E-003,-1.437617029296234E-004,-2.668727887794375E-003,-1.312007370870560E-004,
2.483533333333334E+009,-2.694664057344198E-003,-9.496409620624036E-005,-2.686951076611877E-003,-2.852935358532704E-005,
2.483566666666667E+009,-2.723669400438666E-003,-6.644140376010910E-005,-2.703814767301083E-003,-6.168642721604556E-005,
2.483600000000000E+009,-2.714515430852771E-003,-2.495751141395886E-005,-2.706410130485892E-003,1.578014416736551E-005,
2.483633333333334E+009,-2.739698626101017E-003,5.823202081955969E-005,-2.778029767796397E-003,7.156425272114575E-005,
2.483666666666667E+009,-2.741856267675757E-003,1.853249123087153E-004,-2.749632811173797E-003,1.206475353683345E-004,
2.483700000000000E+009,-2.787052188068628E-003,1.197589008370414E-004,-2.778113121166825E-003,2.519031695555896E-004,
2.483733333333334E+009,-2.731521381065249E-003,2.469093305990100E-004,-2.748887985944748E-003,2.961338032037020E-004,
2.483766666666667E+009,-2.802101895213127E-003,3.020754375029355E-004,-2.775943605229259E-003,3.671185113489628E-004,
2.483800000000000E+009,-2.746338257566094E-003,4.114735929761082E-004,-2.793984254822135E-003,4.797916335519403E-004,
2.483833333333334E+009,-2.755896188318729E-003,3.996371815446764E-004,-2.793537219986320E-003,4.577699583023787E-004,
2.483866666666667E+009,-2.789861755445600E-003,4.890128620900214E-004,-2.749894279986620E-003,5.302693461999297E-004,
2.483900000000000E+009,-2.787564648315311E-003,5.671862745657563E-004,-2.788630547001958E-003,6.092620315030217E-004,
2.483933333333334E+009,-2.812559716403484E-003,5.680258036591113E-004,-2.669463399797678E-003,5.910432082600892E-004,
2.483966666666667E+009,-2.758997958153486E-003,6.687391432933509E-004,-2.777948975563049E-003,6.570271216332912E-004,
2.484000000000000E+009,-2.817844972014427E-003,7.372206309810281E-004,-2.746187150478363E-003,7.207451271824539E-004,
2.484033333333334E+009,-2.748836763203144E-003,7.638181559741497E-004,-2.761220093816519E-003,7.637210073880851E-004,
2.484066666666667E+009,-2.721089869737625E-003,8.223201730288565E-004,-2.723893383517861E-003,8.457110379822552E-004,
2.484100000000000E+009,-2.744325902312994E-003,8.607245981693268E-004,-2.710589906200767E-003,8.601421141065657E-004,
2.484133333333334E+009,-2.691718284040690E-003,8.908528834581375E-004,-2.732633613049984E-003,1.039371942169964E-003,
2.484166666666667E+009,-2.669229172170162E-003,9.798996616154909E-004,-2.675814321264625E-003,1.001655124127865E-003,
2.484200000000000E+009,-2.671272261068225E-003,1.068412908352912E-003,-2.626076340675354E-003,1.118849613703787E-003,
2.484233333333334E+009,-2.654885873198509E-003,1.071628183126450E-003,-2.645016647875309E-003,1.171077485196292E-003,
2.484266666666667E+009,-2.638894598931074E-003,1.182048465125263E-003,-2.606596332043409E-003,1.199057442136109E-003,
2.484300000000000E+009,-2.634451724588871E-003,1.191067858599126E-003,-2.589536597952247E-003,1.218665391206741E-003,
2.484333333333334E+009,-2.602120861411095E-003,1.249711844138801E-003,-2.579677384346724E-003,1.333354273810983E-003,
2.484366666666667E+009,-2.552080433815718E-003,1.368962461128831E-003,-2.532873069867492E-003,1.362895476631820E-003,
2.484400000000000E+009,-2.518327906727791E-003,1.349923666566610E-003,-2.534493803977966E-003,1.438514213077724E-003,
2.484433333333334E+009,-2.495310734957457E-003,1.450374373234808E-003,-2.499358728528023E-003,1.467166235670447E-003,
2.484466666666667E+009,-2.479928778484464E-003,1.413003890775144E-003,-2.435033675283194E-003,1.579902018420398E-003,
2.484500000000000E+009,-2.445712685585022E-003,1.558922464028001E-003,-2.412092639133334E-003,1.596694812178612E-003,
2.484533333333334E+009,-2.423303201794624E-003,1.632819999940693E-003,-2.374108182266355E-003,1.654943334870040E-003,
2.484566666666667E+009,-2.327587688341737E-003,1.710044103674591E-003,-2.345562214031816E-003,1.726996386423707E-003,
2.484600000000000E+009,-2.327209571376443E-003,1.770952017977834E-003,-2.313676523044705E-003,1.788439811207354E-003,
2.484633333333334E+009,-2.263793256133795E-003,1.786060282029212E-003,-2.282471163198352E-003,1.787360175512731E-003,
2.484666666666667E+009,-2.192887244746089E-003,1.834079856052995E-003,-2.225049771368504E-003,1.835124450735748E-003,
2.484700000000000E+009,-2.113350667059422E-003,1.861832686699927E-003,-2.170189050957561E-003,1.875561778433621E-003,
2.484733333333334E+009,-2.160159638151527E-003,1.911783940158784E-003,-2.089693676680327E-003,1.958041684702039E-003,
2.484766666666667E+009,-2.051148563623428E-003,1.984156435355544E-003,-2.060786355286837E-003,2.029941184446216E-003,
2.484800000000000E+009,-2.018273575231433E-003,2.040486549958587E-003,-1.966066425666213E-003,2.088036388158798E-003,
2.484833333333334E+009,-1.993267796933651E-003,2.078206511214376E-003,-2.000330016016960E-003,2.067681867629290E-003,
2.484866666666667E+009,-1.914896303787828E-003,2.131049055606127E-003,-1.885502366349101E-003,2.106673317030072E-003,
2.484900000000000E+009,-1.852068467997015E-003,2.161390846595168E-003,-1.792121562175453E-003,2.144955564290285E-003,
2.484933333333334E+009,-1.834301510825753E-003,2.184172859415412E-003,-1.831141766160727E-003,2.206448232755065E-003,
2.484966666666667E+009,-1.755218137986958E-003,2.169797429814935E-003,-1.716386759653688E-003,2.169998362660408E-003,
2.485000000000000E+009,-1.663782051764429E-003,2.180294366553426E-003,-1.681603491306305E-003,2.235206076875329E-003,
2.485033333333334E+009,-1.614979119040072E-003,2.198658650740981E-003,-1.685960451141000E-003,2.252199687063694E-003,
2.485066666666667E+009,-1.628080615773797E-003,2.284047659486532E-003,-1.608357764780521E-003,2.299228683114052E-003,
2.485100000000000E+009,-1.513128052465618E-003,2.347098663449287E-003,-1.534798415377736E-003,2.342639025300741E-003,
2.485133333333334E+009,-1.563513302244246E-003,2.364719286561012E-003,-1.482046558521688E-003,2.372629474848509E-003,
2.485166666666667E+009,-1.508978893980384E-003,2.369646681472659E-003,-1.431134412996471E-003,2.381450263783336E-003,
2.485200000000000E+009,-1.450875308364630E-003,2.480393042787910E-003,-1.327525125816464E-003,2.496336586773396E-003,
2.485233333333334E+009,-1.347738900221884E-003,2.440428594127297E-003,-1.342237228527665E-003,2.503741765394807E-003,
2.485266666666667E+009,-1.328703947365284E-003,2.525900024920702E-003,-1.321342657320201E-003,2.543192123994231E-003,
2.485300000000000E+009,-1.255456940270960E-003,2.578014973551035E-003,-1.263907761313021E-003,2.620794810354710E-003,
2.485333333333334E+009,-1.244623097591102E-003,2.670093672350049E-003,-1.144588692113757E-003,2.572753699496388E-003,
2.485366666666667E+009,-1.129806158132851E-003,2.659260295331478E-003,-1.111981575377286E-003,2.670110436156392E-003,
2.485400000000000E+009,-1.080726156942546E-003,2.681005978956819E-003,-1.054011634550989E-003,2.670044312253594E-003,
2.485433333333334E+009,-1.037037931382656E-003,2.715331036597490E-003,-9.910184890031815E-004,2.687593223527074E-003,
2.485466666666667E+009,-1.013014116324484E-003,2.713366877287626E-003,-9.915219852700830E-004,2.734632929787040E-003,
2.485500000000000E+009,-9.738219669088721E-004,2.774358494207263E-003,-9.152066777460277E-004,2.751051215454936E-003,
2.485533333333334E+009,-8.744780789129436E-004,2.795921871438623E-003,-8.370159193873406E-004,2.769561018794775E-003,
2.485566666666667E+009,-8.295273291878402E-004,2.795259235426784E-003,-8.127884939312935E-004,2.781971124932170E-003,
2.485600000000000E+009,-7.525003165937960E-004,2.848647767677903E-003,-7.294248789548874E-004,2.806746400892735E-003,
2.485633333333334E+009,-7.293172529898584E-004,2.889418043196201E-003,-6.973393028602004E-004,2.827893244102597E-003,
2.485666666666667E+009,-6.613919395022094E-004,2.831595716997981E-003,-6.667865673080087E-004,2.856198698282242E-003,
2.485700000000000E+009,-6.073003751225770E-004,2.884546061977744E-003,-5.826923297718167E-004,2.903158776462078E-003,
2.485733333333334E+009,-4.496753681451082E-004,2.894180128350854E-003,-5.525755695998669E-004,2.909739268943667E-003,
2.485766666666667E+009,-5.028487066738308E-004,2.882432891055942E-003,-4.202031414024532E-004,2.983615268021822E-003,
2.485800000000000E+009,-4.085551772732288E-004,2.896277001127601E-003,-4.255249223206192E-004,2.932393224909902E-003,
2.485833333333334E+009,-3.421875589992851E-004,2.934825373813510E-003,-3.776887315325439E-004,2.938842866569758E-003,
2.485866666666667E+009,-3.036918060388416E-004,2.949436195194721E-003,-2.518860856071115E-004,2.942978171631694E-003,
2.485900000000000E+009,-2.127058978658170E-004,3.007255960255861E-003,-1.581470423843712E-004,2.964048879221082E-003,
2.485933333333334E+009,-2.410473534837365E-004,2.984992228448391E-003,-1.324635959463194E-004,2.899769926443696E-003,
2.485966666666667E+009,-1.247989566763863E-004,2.983332145959139E-003,-7.328585343202576E-005,2.945716027170420E-003,
2.486000000000000E+009,-6.177457544254139E-005,3.032828215509653E-003,-1.852062041507452E-006,2.893444849178195E-003,
2.486033333333334E+009,3.325989382574335E-005,2.978047356009483E-003,4.098130375496112E-005,2.968915738165379E-003,
2.486066666666667E+009,1.042631120071746E-004,2.974323928356171E-003,1.065197284333408E-004,2.953691175207496E-003,
2.486100000000000E+009,2.097627148032188E-004,3.034112043678761E-003,1.787264482118189E-004,2.989713568240404E-003,
2.486133333333334E+009,2.530389174353331E-004,2.993114059790969E-003,2.401334058959037E-004,2.930434886366129E-003,
2.486166666666667E+009,2.650922688189894E-004,2.970089670270681E-003,3.016261325683445E-004,2.965783700346947E-003,
2.486200000000000E+009,3.913551045116037E-004,2.960304962471128E-003,3.575174778234214E-004,2.944273874163628E-003,
2.486233333333334E+009,4.747554485220462E-004,2.938225166872144E-003,4.912264412268996E-004,2.917905803769827E-003,
2.486266666666667E+009,5.178811261430383E-004,2.935675904154778E-003,5.342973745428026E-004,2.940403530374169E-003,
2.486300000000000E+009,5.978304543532431E-004,2.946872264146805E-003,5.664072814397514E-004,2.927008550614119E-003,
2.486333333333334E+009,6.638531340286136E-004,2.897300990298390E-003,6.826276658102870E-004,2.867462811991572E-003,
2.486366666666667E+009,6.683821557089686E-004,2.867910312488675E-003,6.726433639414609E-004,2.893331460654736E-003,
2.486400000000000E+009,7.839124882593751E-004,2.855464583262801E-003,8.112801006063819E-004,2.847351599484682E-003,
2.486433333333334E+009,8.537644171155989E-004,2.849348355084658E-003,8.532611536793411E-004,2.805335214361548E-003,
2.486466666666667E+009,8.211068925447762E-004,2.759755821898580E-003,9.659040952101350E-004,2.826264128088951E-003,
2.486500000000000E+009,9.630958666093648E-004,2.767504658550024E-003,9.755456703715026E-004,2.783304546028376E-003,
2.486533333333334E+009,1.021444797515869E-003,2.735327463597059E-003,1.018845359794796E-003,2.729994244873524E-003,
2.486566666666667E+009,1.136536011472344E-003,2.748054219409823E-003,1.089219702407718E-003,2.662771381437779E-003,
2.486600000000000E+009,1.156923477537930E-003,2.653051400557160E-003,1.186304376460612E-003,2.654063515365124E-003,
2.486633333333334E+009,1.222430262714624E-003,2.613862976431847E-003,1.251980080269277E-003,2.592376898974180E-003,
2.486666666666667E+009,1.275946502573788E-003,2.613622229546309E-003,1.243552775122225E-003,2.551239216700196E-003,
2.486700000000000E+009,1.289053936488926E-003,2.532166894525290E-003,1.323694479651749E-003,2.600011182948947E-003,
2.486733333333334E+009,1.385198323987424E-003,2.570943906903267E-003,1.362027716822922E-003,2.532809274271131E-003,
2.486766666666667E+009,1.464292872697115E-003,2.506876131519675E-003,1.462699146941304E-003,2.504162257537246E-003,
2.486800000000000E+009,1.489739748649299E-003,2.537235151976347E-003,1.558604300953448E-003,2.504752483218908E-003,
2.486833333333334E+009,1.560122938826680E-003,2.459844574332237E-003,1.547008985653520E-003,2.483386779204011E-003,
2.486866666666667E+009,1.632990315556526E-003,2.474889624863863E-003,1.639897236600518E-003,2.435838803648949E-003,
2.486900000000000E+009,1.709692180156708E-003,2.428144449368119E-003,1.767117180861533E-003,2.455029869452119E-003,
2.486933333333334E+009,1.780585502274334E-003,2.437584800645709E-003,1.736732665449381E-003,2.354946918785572E-003,
2.486966666666667E+009,1.841613673605025E-003,2.368028741329908E-003,1.851463690400124E-003,2.310416894033551E-003,
2.487000000000000E+009,1.907214289531112E-003,2.380860969424248E-003,1.901430194266141E-003,2.293332712724805E-003,
2.487033333333334E+009,1.952350256033242E-003,2.281191758811474E-003,2.000851090997458E-003,2.238778397440910E-003,
2.487066666666667E+009,2.025336492806673E-003,2.267031231895089E-003,2.015706617385149E-003,2.265141578391194E-003,
2.487100000000000E+009,2.087862463667989E-003,2.131220186129212E-003,2.055248944088817E-003,2.233250997960568E-003,
2.487133333333334E+009,2.117937663570046E-003,2.211868297308683E-003,2.171270782127976E-003,2.147618215531111E-003,
2.487166666666667E+009,2.220999449491501E-003,2.172951120883226E-003,2.160367555916309E-003,2.148461760953069E-003,
2.487200000000000E+009,2.196995308622718E-003,2.055638935416937E-003,2.252098172903061E-003,2.091558184474707E-003,
2.487233333333334E+009,2.265686169266701E-003,2.071650931611657E-003,2.266261028125882E-003,2.049699192866683E-003,
2.487266666666667E+009,2.294174628332257E-003,2.060446189716458E-003,2.304516732692719E-003,2.024706685915589E-003,
2.487300000000000E+009,2.393499948084354E-003,1.971251098439097E-003,2.337010577321053E-003,1.992552774026990E-003,
2.487333333333334E+009,2.433137269690633E-003,1.941190334036946E-003,2.392235444858670E-003,1.909767743200064E-003,
2.487366666666667E+009,2.442572731524706E-003,1.901163137517870E-003,2.417218871414661E-003,1.852423185482621E-003,
2.487400000000000E+009,2.479264978319407E-003,1.803521648980677E-003,2.517360262572765E-003,1.776005839928985E-003,
2.487433333333334E+009,2.520594978705049E-003,1.739920699037612E-003,2.472488442435861E-003,1.745954970829189E-003,
2.487466666666667E+009,2.594577381387353E-003,1.788987545296550E-003,2.576851751655340E-003,1.693788100965321E-003,
2.487500000000000E+009,2.615179168060422E-003,1.669617253355682E-003,2.578468294814229E-003,1.648507313802838E-003,
2.487533333333334E+009,2.592514501884580E-003,1.616584602743387E-003,2.627521520480514E-003,1.569031155668199E-003,
2.487566666666667E+009,2.725278027355671E-003,1.499931444413960E-003,2.716041402891278E-003,1.566408202052116E-003,
2.487600000000000E+009,2.696051960811019E-003,1.482325256802142E-003,2.706105122342706E-003,1.479007420130074E-003,
2.487633333333334E+009,2.749678445979953E-003,1.440700842067599E-003,2.745178062468767E-003,1.381237758323550E-003,
2.487666666666667E+009,2.769530517980456E-003,1.330465194769204E-003,2.819688757881522E-003,1.335789565928280E-003,
2.487700000000000E+009,2.829852979630232E-003,1.246549654752016E-003,2.838030690327287E-003,1.290495041757822E-003,
2.487733333333334E+009,2.862640423700213E-003,1.215465366840363E-003,2.825133036822081E-003,1.178191509097815E-003,
2.487766666666667E+009,2.855981467291713E-003,1.142686116509140E-003,2.846060087904334E-003,1.133363111875951E-003,
2.487800000000000E+009,2.923084190115333E-003,1.048056292347610E-003,2.912933006882668E-003,1.086246338672936E-003,
2.487833333333334E+009,2.910674549639225E-003,9.155510924756527E-004,2.957987366244197E-003,9.824163280427456E-004,
2.487866666666667E+009,2.941796323284507E-003,9.176979074254632E-004,2.991326618939638E-003,9.123048512265086E-004,
2.487900000000000E+009,3.061056137084961E-003,8.068545139394701E-004,3.036788664758205E-003,8.019670494832099E-004,
2.487933333333334E+009,3.000791184604168E-003,8.134596864692867E-004,2.913112984970212E-003,7.651533233001828E-004,
2.487966666666667E+009,3.005841979756951E-003,7.215010118670762E-004,3.017522161826491E-003,7.034358568489552E-004,
2.488000000000000E+009,2.996901050209999E-003,6.188535480760038E-004,3.021208802238107E-003,6.485305493697524E-004,
2.488033333333334E+009,3.008926054462791E-003,5.438103107735515E-004,2.952842973172665E-003,6.000608555041254E-004,
2.488066666666667E+009,2.960091689601541E-003,4.593901394400746E-004,2.965729217976332E-003,4.753406974487007E-004,
2.488100000000000E+009,3.031449159607291E-003,4.150366294197738E-004,2.993826521560550E-003,3.773904754780233E-004,
2.488133333333334E+009,3.011902328580618E-003,3.443872847128660E-004,3.035960020497441E-003,4.223650321364403E-004,
2.488166666666667E+009,3.036923939362168E-003,3.321424301248044E-004,2.996438415721059E-003,3.627953701652587E-004,
2.488200000000000E+009,2.996443537995219E-003,2.706809318624437E-004,2.996350638568401E-003,2.529972116462886E-004,
2.488233333333334E+009,3.043664619326592E-003,2.258292224723846E-004,3.023767378181219E-003,1.663275761529803E-004,
2.488266666666667E+009,3.089483594521880E-003,8.965754386736080E-005,3.003347665071487E-003,7.549087604274973E-005,
2.488300000000000E+009,2.996357623487711E-003,2.394122748228256E-005,3.018229268491268E-003,6.074092016206123E-005,
2.488333333333334E+009,3.099411027505994E-003,-6.730111635988578E-005,3.067568177357316E-003,-7.152275793487206E-005,
2.488366666666667E+009,3.074689069762826E-003,-1.178946622530930E-004,3.048010636121035E-003,-1.348181685898453E-004,
2.488400000000000E+009,3.097097855061293E-003,-1.843870850279927E-004,3.058349248021841E-003,-1.591074833413586E-004,
2.488433333333334E+009,3.092473139986396E-003,-2.777951303869486E-004,3.100164467468858E-003,-2.547978947404772E-004,
2.488466666666667E+009,3.084592754021287E-003,-3.370785270817578E-004,3.062295261770487E-003,-3.640388604253531E-004,
2.488500000000000E+009,3.058986738324165E-003,-4.101411905139685E-004,3.074505133554339E-003,-5.020113894715905E-004,
2.488533333333334E+009,3.092485712841153E-003,-4.893143195658922E-004,3.104994073510170E-003,-4.871328710578382E-004,
2.488566666666667E+009,3.084315685555339E-003,-5.670335958711803E-004,3.047174541279674E-003,-5.644179764203727E-004,
2.488600000000000E+009,3.121609333902597E-003,-6.311506731435657E-004,3.048363840207458E-003,-6.408505141735077E-004,
2.488633333333334E+009,3.024333156645298E-003,-6.571253179572523E-004,3.089622361585498E-003,-7.098101195879281E-004,
2.488666666666667E+009,3.054503118619323E-003,-7.569508161395788E-004,3.093112958595157E-003,-8.058284292928875E-004,
2.488700000000000E+009,3.037386108189821E-003,-8.211192907765508E-004,3.039208007976413E-003,-8.553820662200451E-004,
2.488733333333334E+009,3.034325316548348E-003,-8.834992768242955E-004,2.986645558848977E-003,-9.278857614845038E-004,
2.488766666666667E+009,3.075494198128581E-003,-1.008972991257906E-003,3.003904130309820E-003,-9.823191212490201E-004,
2.488800000000000E+009,2.966516884043813E-003,-1.046799123287201E-003,2.974653616547585E-003,-1.054236199706793E-003,
2.488833333333334E+009,2.993314992636442E-003,-1.093893544748426E-003,2.972520887851715E-003,-1.081833033822477E-003,
2.488866666666667E+009,2.935812808573246E-003,-1.154200639575720E-003,2.905001398175955E-003,-1.164865796454251E-003,
2.488900000000000E+009,2.890889765694737E-003,-1.203887397423387E-003,2.915669465437532E-003,-1.232803333550692E-003,
2.488933333333334E+009,2.905568340793252E-003,-1.282758428715169E-003,2.924296073615551E-003,-1.277409959584475E-003,
2.488966666666667E+009,2.819879213348031E-003,-1.319147297181189E-003,2.853863406926394E-003,-1.336859422735870E-003,
2.489000000000000E+009,2.855282509699464E-003,-1.446590526029468E-003,2.820856869220734E-003,-1.410838449373841E-003,
2.489033333333334E+009,2.825012197718024E-003,-1.508869230747223E-003,2.746840938925743E-003,-1.512280083261430E-003,
2.489066666666667E+009,2.785292221233249E-003,-1.519127632491291E-003,2.782367402687669E-003,-1.568676671013236E-003,
2.489100000000000E+009,2.722959499806166E-003,-1.626957324333489E-003,2.685554092749953E-003,-1.632359577342868E-003,
2.489133333333334E+009,2.706417115405202E-003,-1.751998090185225E-003,2.702719299122691E-003,-1.675011822953820E-003,
2.489166666666667E+009,2.668431261554360E-003,-1.715927617624402E-003,2.684715203940868E-003,-1.773914089426398E-003,
2.489200000000000E+009,2.663406543433666E-003,-1.870493520982564E-003,2.634447533637285E-003,-1.840744400396943E-003,
2.489233333333334E+009,2.535991137847304E-003,-1.911629922688007E-003,2.599885920062661E-003,-1.857990515418351E-003,
2.489266666666667E+009,2.504266332834959E-003,-1.997079234570265E-003,2.546564443036914E-003,-1.907328143715859E-003,
2.489300000000000E+009,2.482642885297537E-003,-2.018735045567155E-003,2.572628669440746E-003,-1.948093762621284E-003,
2.489333333333334E+009,2.448807703331113E-003,-2.008378272876144E-003,2.405253238976002E-003,-2.085784683004022E-003,
2.489366666666667E+009,2.388530177995563E-003,-2.174665685743094E-003,2.404887694865465E-003,-2.106818836182356E-003,
2.489400000000000E+009,2.297816798090935E-003,-2.173206768929958E-003,2.336184261366725E-003,-2.154430607333779E-003,
2.489433333333334E+009,2.332649193704128E-003,-2.234155079349876E-003,2.263154601678252E-003,-2.259349217638373E-003,
2.489466666666667E+009,2.221181290224195E-003,-2.306034322828054E-003,2.167511964216828E-003,-2.258571097627282E-003,
2.489500000000000E+009,2.126573352143168E-003,-2.401808975264430E-003,2.165681449696422E-003,-2.290050964802504E-003,
2.489533333333334E+009,2.110538538545370E-003,-2.375805750489235E-003,2.165199723094702E-003,-2.358106197789311E-003,
2.489566666666667E+009,2.038788050413132E-003,-2.457561204209924E-003,2.113365102559328E-003,-2.450991654768586E-003,
2.489600000000000E+009,2.012170152738690E-003,-2.426892286166549E-003,1.992782345041633E-003,-2.439507050439715E-003,
2.489633333333334E+009,1.897795940749347E-003,-2.531565725803375E-003,1.883883029222488E-003,-2.510457765311003E-003,
2.489666666666667E+009,1.806298736482859E-003,-2.510580467060208E-003,1.884994329884648E-003,-2.571301069110632E-003,
2.489700000000000E+009,1.755406032316387E-003,-2.583769615739584E-003,1.780704478733242E-003,-2.609328133985400E-003,
2.489733333333334E+009,1.694939099252224E-003,-2.615378471091390E-003,1.677452470175922E-003,-2.637730212882161E-003,
2.489766666666667E+009,1.635601976886392E-003,-2.551614074036479E-003,1.659580273553729E-003,-2.639869693666697E-003,
2.489800000000000E+009,1.585515914484859E-003,-2.622586907818914E-003,1.582539407536387E-003,-2.672841073945165E-003,
2.489833333333334E+009,1.531941932626069E-003,-2.622453728690743E-003,1.535661518573761E-003,-2.690052613615990E-003,
2.489866666666667E+009,1.518803648650646E-003,-2.690050285309553E-003,1.424613525159657E-003,-2.741743810474873E-003,
2.489900000000000E+009,1.373220700770617E-003,-2.715777140110731E-003,1.383270369842649E-003,-2.797521185129881E-003,
2.489933333333334E+009,1.327415695413947E-003,-2.816692693158984E-003,1.301253796555102E-003,-2.835837425664067E-003,
2.489966666666667E+009,1.225572312250733E-003,-2.848945325240493E-003,1.249705557711422E-003,-2.910219132900238E-003,
2.490000000000000E+009,1.159881358034909E-003,-2.873132238164544E-003,1.209487207233906E-003,-2.909625181928277E-003,
2.490033333333334E+009,1.112756319344044E-003,-2.929236041381955E-003,1.061400980688632E-003,-2.910039154812694E-003,
2.490066666666667E+009,1.020832220092416E-003,-3.036537673324347E-003,1.074005500413477E-003,-2.996265422552824E-003,
2.490100000000000E+009,9.480408625677228E-004,-2.995182061567903E-003,1.004818012006581E-003,-3.020508680492640E-003,
2.490133333333334E+009,8.863568073138595E-004,-3.013251582160592E-003,9.277708013541997E-004,-3.014388261362910E-003,
2.490166666666667E+009,7.979164947755635E-004,-3.011656925082207E-003,8.403073879890144E-004,-3.080185502767563E-003,
2.490200000000000E+009,7.819182355888188E-004,-3.042332595214248E-003,7.586405845358968E-004,-3.088711295276880E-003,
2.490233333333334E+009,6.898319697938860E-004,-3.111385274678469E-003,7.637297967448831E-004,-3.157295053824782E-003,
2.490266666666667E+009,6.225293036550283E-004,-3.102024551481009E-003,6.472870009019971E-004,-3.175523132085800E-003,
2.490300000000000E+009,5.485309520736337E-004,-3.156547434628010E-003,5.723909125663340E-004,-3.215434262529016E-003,
2.490333333333334E+009,4.747193597722799E-004,-3.171779680997133E-003,5.381386727094650E-004,-3.176586236804724E-003,
2.490366666666667E+009,3.578049945645034E-004,-3.194176824763417E-003,4.180842079222202E-004,-3.171439515426755E-003,
2.490400000000000E+009,3.696280473377556E-004,-3.114540362730622E-003,3.793515206780285E-004,-3.172968514263630E-003,
2.490433333333334E+009,2.693785936571658E-004,-3.177638631314039E-003,2.742534561548382E-004,-3.231242764741182E-003,
2.490466666666667E+009,1.630265614949167E-004,-3.144522197544575E-003,1.613299973541871E-004,-3.211481729522348E-003,
2.490500000000000E+009,1.414992584614083E-004,-3.227050881832838E-003,9.745235001901165E-005,-3.210332477465272E-003,
2.490533333333334E+009,5.064299693913199E-005,-3.191605675965548E-003,6.979284080443904E-005,-3.198595484718680E-003,
2.490566666666667E+009,3.567221483535832E-006,-3.171292366459966E-003,-4.635435834643431E-005,-3.232069080695510E-003,
2.490600000000000E+009,-5.176321428734809E-005,-3.279378404840827E-003,-7.519096834585071E-005,-3.220807760953903E-003,
2.490633333333334E+009,-1.813506823964417E-004,-3.150449600070715E-003,-1.877363683888689E-004,-3.284953534603119E-003,
2.490666666666667E+009,-2.540112473070622E-004,-3.201847895979881E-003,-2.702935016714037E-004,-3.214635187759996E-003,
2.490700000000000E+009,-2.840982924681157E-004,-3.246039152145386E-003,-3.164968220517039E-004,-3.189916955307126E-003,
2.490733333333334E+009,-3.601180214900523E-004,-3.224288811907172E-003,-3.958515007980168E-004,-3.209406509995461E-003,
2.490766666666667E+009,-4.587818984873593E-004,-3.170761978253722E-003,-4.938778001815081E-004,-3.214817028492689E-003,
2.490800000000000E+009,-5.367791163735092E-004,-3.141017397865653E-003,-5.312604480423033E-004,-3.183555323630571E-003,
2.490833333333334E+009,-5.896192742511630E-004,-3.141520312055945E-003,-5.913000204600394E-004,-3.189385868608952E-003,
2.490866666666667E+009,-6.900480366311967E-004,-3.109606681391597E-003,-7.136393687687814E-004,-3.097612876445055E-003,
2.490900000000000E+009,-7.501387153752148E-004,-3.138161497190595E-003,-7.540444494225085E-004,-3.138674423098564E-003,
2.490933333333334E+009,-8.315639570355415E-004,-3.103209659457207E-003,-8.682892075739801E-004,-3.140890970826149E-003,
2.490966666666667E+009,-9.384981240145862E-004,-3.049755934625864E-003,-9.623643127270043E-004,-3.082176903262734E-003,
2.491000000000000E+009,-9.596698218956590E-004,-3.032502718269825E-003,-1.014748937450349E-003,-3.066531848162413E-003,
2.491033333333334E+009,-1.049765152856708E-003,-3.016793169081211E-003,-1.089787459932268E-003,-3.003968624398112E-003,
2.491066666666667E+009,-1.107908785343170E-003,-2.946208929643035E-003,-1.152967102825642E-003,-2.971028210595250E-003,
2.491100000000000E+009,-1.220247591845691E-003,-2.951933071017265E-003,-1.220985781401396E-003,-2.959509380161762E-003,
2.491133333333334E+009,-1.280714874155819E-003,-2.825535135343671E-003,-1.304588862694800E-003,-2.902148757129908E-003,
2.491166666666667E+009,-1.307258964516223E-003,-2.849343465641141E-003,-1.360321883112192E-003,-2.829093020409346E-003,
2.491200000000000E+009,-1.343179959803820E-003,-2.823530696332455E-003,-1.393379992805421E-003,-2.761888550594449E-003,
2.491233333333334E+009,-1.449294388294220E-003,-2.700449200347066E-003,-1.444393070414662E-003,-2.779520582407713E-003,
2.491266666666667E+009,-1.498268567956984E-003,-2.736727707087994E-003,-1.471250317990780E-003,-2.672836882993579E-003,
2.491300000000000E+009,-1.541947713121772E-003,-2.654061419889331E-003,-1.548992469906807E-003,-2.684117062017322E-003,
2.491333333333334E+009,-1.569628249853849E-003,-2.644903026521206E-003,-1.582936150953174E-003,-2.637521130964160E-003,
2.491366666666667E+009,-1.615925459191203E-003,-2.604919020086527E-003,-1.652141567319632E-003,-2.642306499183178E-003,
2.491400000000000E+009,-1.706922077573836E-003,-2.583525376394391E-003,-1.729575800709426E-003,-2.565308706834912E-003,
2.491433333333334E+009,-1.773702097125351E-003,-2.531519392505288E-003,-1.765147200785577E-003,-2.501841867342591E-003,
2.491466666666667E+009,-1.876601483672857E-003,-2.523779869079590E-003,-1.887013437226415E-003,-2.459086943417788E-003,
2.491500000000000E+009,-1.882227021269500E-003,-2.443198580294848E-003,-1.887265942059457E-003,-2.463138196617365E-003,
2.491533333333334E+009,-1.962664304301143E-003,-2.387999556958675E-003,-1.972683006897569E-003,-2.417469862848520E-003,
2.491566666666667E+009,-2.035477897152305E-003,-2.348031383007765E-003,-2.054390264675021E-003,-2.356470562517643E-003,
2.491600000000000E+009,-2.083532512187958E-003,-2.279872307553887E-003,-2.122082281857729E-003,-2.346565946936607E-003,
2.491633333333334E+009,-2.128405496478081E-003,-2.230873098596931E-003,-2.129027387127280E-003,-2.228137338533998E-003,
2.491666666666667E+009,-2.167296828702092E-003,-2.194069093093276E-003,-2.223851857706904E-003,-2.203317824751139E-003,
2.491700000000000E+009,-2.248114440590143E-003,-2.137050498276949E-003,-2.260364359244704E-003,-2.132385969161987E-003,
2.491733333333334E+009,-2.285070950165391E-003,-2.161068841814995E-003,-2.308060647919774E-003,-2.167356666177511E-003,
2.491766666666667E+009,-2.335265977308154E-003,-1.997298328205943E-003,-2.348410198464990E-003,-2.037137746810913E-003,
2.491800000000000E+009,-2.364251995459199E-003,-2.002971014007926E-003,-2.445932943373919E-003,-2.033079741522670E-003,
2.491833333333334E+009,-2.496679779142141E-003,-1.953332219272852E-003,-2.493979176506400E-003,-1.978633692488074E-003,
2.491866666666667E+009,-2.426114398986101E-003,-1.900214003399015E-003,-2.571062650531530E-003,-1.875548507086933E-003,
2.491900000000000E+009,-2.556670922785997E-003,-1.858371775597334E-003,-2.541934605687857E-003,-1.843828591518104E-003,
2.491933333333334E+009,-2.594824647530913E-003,-1.847214065492153E-003,-2.597548067569733E-003,-1.818503253161907E-003,
2.491966666666667E+009,-2.605825196951628E-003,-1.733993063680828E-003,-2.651532646268606E-003,-1.752303098328412E-003,
2.492000000000000E+009,-2.670515095815063E-003,-1.606830162927508E-003,-2.650271868333221E-003,-1.703608548268676E-003,
2.492033333333334E+009,-2.698944415897131E-003,-1.554453163407743E-003,-2.715613227337599E-003,-1.624528667889535E-003,
2.492066666666667E+009,-2.746572950854898E-003,-1.567339757457376E-003,-2.763143274933100E-003,-1.586421392858028E-003,
2.492100000000000E+009,-2.764350734651089E-003,-1.490554655902088E-003,-2.844246104359627E-003,-1.443501678295434E-003,
2.492133333333334E+009,-2.837826032191515E-003,-1.410806085914373E-003,-2.814381849020720E-003,-1.424666726961732E-003,
2.492166666666667E+009,-2.881210995838046E-003,-1.369755598716438E-003,-2.789031481370330E-003,-1.376145519316196E-003,
2.492200000000000E+009,-2.924048807471991E-003,-1.274078735150397E-003,-2.860900014638901E-003,-1.296961680054665E-003,
2.492233333333334E+009,-2.914952812716365E-003,-1.172567601315677E-003,-2.922159619629383E-003,-1.258838456124067E-003,
2.492266666666667E+009,-2.919291146099567E-003,-1.171093550510705E-003,-2.935289172455668E-003,-1.205745269544423E-003,
2.492300000000000E+009,-2.927873749285936E-003,-1.090084901079536E-003,-2.921859500929713E-003,-1.080869580619037E-003,
2.492333333333334E+009,-2.964768093079329E-003,-1.004188088700175E-003,-2.960311016067863E-003,-9.884552564471960E-004,
2.492366666666667E+009,-2.980461111292243E-003,-1.005346653982997E-003,-2.995458431541920E-003,-9.100487804971635E-004,
2.492400000000000E+009,-2.984898630529642E-003,-8.198231807909906E-004,-3.023654688149691E-003,-8.265401120297611E-004,
2.492433333333334E+009,-3.045160789042711E-003,-8.250735700130463E-004,-3.032546024769545E-003,-8.323661750182509E-004,
2.492466666666667E+009,-3.054087515920401E-003,-7.525293040089309E-004,-3.028210951015353E-003,-7.061866926960647E-004,
2.492500000000000E+009,-3.008596599102020E-003,-6.693549221381545E-004,-3.051944309845567E-003,-6.013808306306601E-004,
2.492533333333334E+009,-3.048594342544675E-003,-5.898453528061509E-004,-3.107395488768816E-003,-6.192239816300571E-004,
2.492566666666667E+009,-3.036777023226023E-003,-5.235588760115206E-004,-3.087020944803953E-003,-5.482446285896003E-004,
2.492600000000000E+009,-3.098874120041728E-003,-4.674725350923836E-004,-3.066868754103780E-003,-3.749364695977420E-004,
2.492633333333334E+009,-3.072553314268589E-003,-3.740670799743384E-004,-3.104758681729436E-003,-3.784184809774160E-004,
2.492666666666667E+009,-3.060973249375820E-003,-2.844939299393445E-004,-3.078121226280928E-003,-1.952282036654651E-004,
2.492700000000000E+009,-3.116985084488988E-003,-1.611436746316031E-004,-3.060277784243226E-003,-2.182206953875721E-004,
2.492733333333334E+009,-3.026774618774653E-003,-1.323082979070023E-004,-3.073475090786815E-003,-9.621953358873725E-005,
2.492766666666667E+009,-3.043214790523052E-003,-1.134375343099237E-004,-3.083851188421249E-003,-3.564206053852104E-005,
2.492800000000000E+009,-3.052774583920836E-003,7.840842954465188E-006,-3.051981795579195E-003,2.702516030694824E-005,
2.492833333333334E+009,-3.055414650589228E-003,9.289318404626101E-005,-3.059607930481434E-003,7.831025141058490E-005,
2.492866666666667E+009,-3.027008380740881E-003,1.857061433838680E-004,-3.016965929418802E-003,1.779582235030830E-004,
2.492900000000000E+009,-2.985008992254734E-003,2.437007788103074E-004,-2.999497577548027E-003,2.483797434251756E-004,
2.492933333333334E+009,-2.977067837491632E-003,3.246467967983335E-004,-2.897181082516909E-003,3.277924843132496E-004,
2.492966666666667E+009,-2.932583447545767E-003,3.290970926173031E-004,-2.939642407000065E-003,2.765256213024259E-004,
2.493000000000000E+009,-2.900881459936500E-003,3.887960338033736E-004,-2.931543858721852E-003,3.349326725583524E-004,
2.493033333333334E+009,-2.907669404521585E-003,4.436860035639256E-004,-2.911970485001802E-003,4.654994118027389E-004,
2.493066666666667E+009,-2.879910403862596E-003,5.212055402807891E-004,-2.930712187662721E-003,5.520019331015647E-004,
2.493100000000000E+009,-2.902897540479899E-003,5.558852571994066E-004,-2.879745792597532E-003,6.373886135406792E-004,
2.493133333333334E+009,-2.818635664880276E-003,6.842683069407940E-004,-2.885630121454597E-003,7.339123985730112E-004,
2.493166666666667E+009,-2.881501102820039E-003,7.328066858462989E-004,-2.880821470171213E-003,8.091274066828191E-004,
2.493200000000000E+009,-2.906826557591558E-003,7.570000598207116E-004,-2.894923789426684E-003,8.930025505833328E-004,
2.493233333333334E+009,-2.796587999910116E-003,9.064887417480350E-004,-2.876801649108529E-003,9.231774020008743E-004,
2.493266666666667E+009,-2.813096391037107E-003,9.526056819595397E-004,-2.808294259011746E-003,1.004628255032003E-003,
2.493300000000000E+009,-2.769727027043700E-003,1.018552924506366E-003,-2.819654531776905E-003,1.053716870956123E-003,
2.493333333333334E+009,-2.755046589300036E-003,1.102297217585146E-003,-2.812924794852734E-003,1.105818781070411E-003,
2.493366666666667E+009,-2.727921120822430E-003,1.167566515505314E-003,-2.801762893795967E-003,1.203461433760822E-003,
2.493400000000000E+009,-2.712167566642165E-003,1.229861984029412E-003,-2.750557614490390E-003,1.220216159708798E-003,
2.493433333333334E+009,-2.688428154215217E-003,1.272819819860160E-003,-2.753406763076782E-003,1.289801322855055E-003,
2.493466666666667E+009,-2.668122528120875E-003,1.333636115305126E-003,-2.690842607989907E-003,1.323227188549936E-003,
2.493500000000000E+009,-2.634376753121615E-003,1.425685710273683E-003,-2.614497905597091E-003,1.432145712897182E-003,
2.493533333333334E+009,-2.605865476652980E-003,1.463117194361985E-003,-2.672204747796059E-003,1.491144532337785E-003,
2.493566666666667E+009,-2.641241066157818E-003,1.553697395138443E-003,-2.618300728499889E-003,1.578815397806466E-003,
2.493600000000000E+009,-2.551172161474824E-003,1.629220903851092E-003,-2.562282141298056E-003,1.621693605557084E-003,
2.493633333333334E+009,-2.478686161339283E-003,1.642364542931318E-003,-2.498170360922813E-003,1.683995476923883E-003,
2.493666666666667E+009,-2.478726208209992E-003,1.672802842222154E-003,-2.463265322148800E-003,1.778447185643017E-003,
2.493700000000000E+009,-2.451469190418720E-003,1.712593715637922E-003,-2.406438812613487E-003,1.769744209013879E-003,
2.493733333333334E+009,-2.419182332232595E-003,1.801923732273281E-003,-2.431513275951147E-003,1.815344439819455E-003,
2.493766666666667E+009,-2.339187543839216E-003,1.876810099929571E-003,-2.335794037207961E-003,1.858875271864235E-003,
2.493800000000000E+009,-2.346435561776161E-003,1.901988638564944E-003,-2.304133027791977E-003,1.944300369359553E-003,
2.493833333333334E+009,-2.309291623532772E-003,1.985951792448759E-003,-2.220315858721733E-003,1.997626619413495E-003,
2.493866666666667E+009,-2.231075894087553E-003,2.015305450186133E-003,-2.217691624537110E-003,2.089898567646742E-003,
2.493900000000000E+009,-2.131638117134571E-003,2.093817107379437E-003,-2.172779291868210E-003,2.117985859513283E-003,
2.493933333333334E+009,-2.128788968548179E-003,2.072954550385475E-003,-2.095064148306847E-003,2.111418172717094E-003,
2.493966666666667E+009,-2.094445517286658E-003,2.216937718912959E-003,-2.106190426275134E-003,2.184890443459153E-003,
2.494000000000000E+009,-1.997341634705663E-003,2.238155109807849E-003,-1.966163050383329E-003,2.217562636360526E-003,
2.494033333333334E+009,-1.975626917555928E-003,2.244016621261835E-003,-1.918844180181623E-003,2.251352183520794E-003,
2.494066666666667E+009,-1.933589694090188E-003,2.307633636519313E-003,-1.860891818068922E-003,2.306936774402857E-003,
2.494100000000000E+009,-1.825234503485262E-003,2.372770570218563E-003,-1.846893457695842E-003,2.377578988671303E-003,
2.494133333333334E+009,-1.791592920199037E-003,2.400202676653862E-003,-1.770977396517992E-003,2.402173588052392E-003,
2.494166666666667E+009,-1.723099383525550E-003,2.435101429000497E-003,-1.701403059996665E-003,2.417228417471051E-003,
2.494200000000000E+009,-1.605587312951684E-003,2.411107299849391E-003,-1.646282617002726E-003,2.452658955007792E-003,
2.494233333333334E+009,-1.631884137168527E-003,2.455814508721232E-003,-1.593808527104557E-003,2.482489217072725E-003,
2.494266666666667E+009,-1.505083055235446E-003,2.481542527675629E-003,-1.539813354611397E-003,2.514215186238289E-003,
2.494300000000000E+009,-1.478224759921432E-003,2.497582929208875E-003,-1.440223073586822E-003,2.492526778951287E-003,
2.494333333333334E+009,-1.391514670103788E-003,2.523505361750722E-003,-1.413890393450856E-003,2.554060658439994E-003,
2.494366666666667E+009,-1.324680750258267E-003,2.522967988625169E-003,-1.301976270042360E-003,2.560117514804006E-003,
2.494400000000000E+009,-1.252281479537487E-003,2.589579671621323E-003,-1.290799584239721E-003,2.620984101668000E-003,
2.494433333333334E+009,-1.192507334053516E-003,2.589775016531348E-003,-1.180415274575353E-003,2.600568812340498E-003,
2.494466666666667E+009,-1.109757344238460E-003,2.570547396317124E-003,-1.161011634394527E-003,2.588255098089576E-003,
2.494500000000000E+009,-1.126187387853861E-003,2.546628238633275E-003,-1.118529820814729E-003,2.590036718174815E-003,
2.494533333333334E+009,-1.035552006214857E-003,2.573077799752355E-003,-9.853040101006627E-004,2.652882132679224E-003,
2.494566666666667E+009,-9.515823330730200E-004,2.622719388455153E-003,-9.485745686106384E-004,2.666895044967532E-003,
2.494600000000000E+009,-9.332391782663763E-004,2.638664096593857E-003,-9.247277048416436E-004,2.714045578613877E-003,
2.494633333333334E+009,-8.658607839606702E-004,2.701179357245565E-003,-8.383698295801878E-004,2.720646793022752E-003,
2.494666666666667E+009,-8.222976466640830E-004,2.720953663811088E-003,-7.270930218510330E-004,2.694899681955576E-003,
2.494700000000000E+009,-6.923122564330697E-004,2.722196048125625E-003,-6.941012106835842E-004,2.737039467319846E-003,
2.494733333333334E+009,-6.529586971737444E-004,2.757174195721746E-003,-6.545188953168690E-004,2.819043584167957E-003,
2.494766666666667E+009,-5.823462852276862E-004,2.749722218140960E-003,-5.547932814806700E-004,2.821777248755097E-003,
2.494800000000000E+009,-4.886335227638483E-004,2.785187447443605E-003,-5.295168957673013E-004,2.806751523166895E-003,
2.494833333333334E+009,-4.673147632274777E-004,2.847128547728062E-003,-3.986173833254725E-004,2.788488054648042E-003,
2.494866666666667E+009,-3.746222646441311E-004,2.806227887049317E-003,-3.509657981339842E-004,2.799536334350705E-003,
2.494900000000000E+009,-3.133029094897211E-004,2.833546372130513E-003,-2.989107742905617E-004,2.827076241374016E-003,
2.494933333333334E+009,-2.839002991095185E-004,2.862378722056747E-003,-3.137971216347069E-004,2.869359916076064E-003,
2.494966666666667E+009,-2.360974613111466E-004,2.898843958973885E-003,-1.730941730784252E-004,2.896769437938929E-003,
2.495000000000000E+009,-1.894477027235553E-004,2.887308364734054E-003,-1.671752543188632E-004,2.856923965737224E-003,
2.495033333333334E+009,-4.843123315367848E-005,2.857262501493096E-003,-7.081741205183789E-005,2.837787149474025E-003,
2.495066666666667E+009,-8.953359611041378E-006,2.836343832314014E-003,-1.471661926188972E-005,2.848596544936299E-003,
2.495100000000000E+009,-2.189143742725719E-006,2.893910510465503E-003,2.743494042078964E-005,2.850539982318878E-003,
2.495133333333334E+009,5.036156289861538E-005,2.912488766014576E-003,1.045137541950680E-004,2.908773021772504E-003,
2.495166666666667E+009,1.309656945522875E-004,2.918004756793380E-003,1.621680567041040E-004,2.863759174942970E-003,
2.495200000000000E+009,1.664011506363750E-004,2.848726930096746E-003,2.190834493376315E-004,2.854841994121671E-003,
2.495233333333334E+009,2.808905846904963E-004,2.870506606996059E-003,3.129538963548839E-004,2.835492603480816E-003,
2.495266666666667E+009,3.161757194902748E-004,2.821206348016858E-003,3.781496197916567E-004,2.836365718394518E-003,
2.495300000000000E+009,3.783209249377251E-004,2.851850818842650E-003,3.957284498028457E-004,2.837895648553968E-003,
2.495333333333334E+009,4.657643439713866E-004,2.828794065862894E-003,4.764711775351316E-004,2.819037763401866E-003,
2.495366666666667E+009,5.237875739112496E-004,2.757459878921509E-003,5.370982689782977E-004,2.870965981855989E-003,
2.495400000000000E+009,6.006340263411403E-004,2.832529135048389E-003,5.680086906068027E-004,2.794034546241164E-003,
2.495433333333334E+009,6.533816922456026E-004,2.805974101647735E-003,6.613867008127272E-004,2.796805929392576E-003,
2.495466666666667E+009,6.895693368278444E-004,2.716119866818190E-003,7.110758451744914E-004,2.779416507110000E-003,
2.495500000000000E+009,8.137906552292407E-004,2.745353616774082E-003,7.546180859208107E-004,2.782619791105390E-003,
2.495533333333334E+009,8.201493765227497E-004,2.735284157097340E-003,8.869646699167788E-004,2.759636146947742E-003,
2.495566666666667E+009,8.701470796950162E-004,2.689142245799303E-003,8.751263958401978E-004,2.642322564497590E-003,
2.495600000000000E+009,9.777932427823544E-004,2.649482805281878E-003,9.817576501518488E-004,2.704831073060632E-003,
2.495633333333334E+009,1.049622078426182E-003,2.639559330418706E-003,9.979245951399207E-004,2.642391482368112E-003,
2.495666666666667E+009,1.051773549988866E-003,2.617344958707690E-003,1.074956846423447E-003,2.611774718388915E-003,
2.495700000000000E+009,1.164929708465934E-003,2.606410533189774E-003,1.167142530903220E-003,2.555371029302478E-003,
2.495733333333334E+009,1.167908194474876E-003,2.542244270443916E-003,1.184881664812565E-003,2.551873214542866E-003,
2.495766666666667E+009,1.257253577932715E-003,2.524847630411387E-003,1.319852541200817E-003,2.476465422660112E-003,
2.495800000000000E+009,1.350200618617237E-003,2.468722173944116E-003,1.316898153163493E-003,2.416786737740040E-003,
2.495833333333334E+009,1.355713233351708E-003,2.406683051958680E-003,1.400538603775203E-003,2.425767714157701E-003,
2.495866666666667E+009,1.448544906452298E-003,2.419193508103490E-003,1.431272714398801E-003,2.354736905544996E-003,
2.495900000000000E+009,1.476514735259116E-003,2.371546346694231E-003,1.501491758972406E-003,2.372985472902656E-003,
2.495933333333334E+009,1.544565893709660E-003,2.314403885975480E-003,1.519834389910102E-003,2.268428448587656E-003,
2.495966666666667E+009,1.581174321472645E-003,2.242609858512878E-003,1.600500894710422E-003,2.221515169367194E-003,
2.496000000000000E+009,1.650221762247384E-003,2.240614965558052E-003,1.649100682698190E-003,2.176421694457531E-003,
2.496033333333334E+009,1.598204369656742E-003,2.142480108886957E-003,1.664889394305646E-003,2.118926029652357E-003,
2.496066666666667E+009,1.693537458777428E-003,2.068260917440057E-003,1.659213681705296E-003,2.060490893200040E-003,
2.496100000000000E+009,1.705603674054146E-003,2.081675920635462E-003,1.685037044808269E-003,2.089645480737090E-003,
2.496133333333334E+009,1.720551867038012E-003,2.024740213528276E-003,1.725533511489630E-003,2.027911832556129E-003,
2.496166666666667E+009,1.798278070054948E-003,1.982730813324451E-003,1.776529359631240E-003,1.985172275453806E-003,
2.496200000000000E+009,1.811324851587415E-003,1.883661258034408E-003,1.844140118919313E-003,1.948277815245092E-003,
2.496233333333334E+009,1.907577156089246E-003,1.897211303003132E-003,1.909900805912912E-003,1.852403394877911E-003,
2.496266666666667E+009,1.905474346131086E-003,1.849522232078016E-003,1.941249822266400E-003,1.830823137424886E-003,
2.496300000000000E+009,1.999489497393370E-003,1.761581283062697E-003,1.984279602766037E-003,1.803819555789232E-003,
2.496333333333334E+009,1.987068913877010E-003,1.710920943878591E-003,2.059214049950242E-003,1.722691347822547E-003,
2.496366666666667E+009,2.100429730489850E-003,1.726224902085960E-003,2.070548012852669E-003,1.698610489256680E-003,
2.496400000000000E+009,2.078620716929436E-003,1.651461934670806E-003,2.086836379021406E-003,1.609614933840931E-003,
2.496433333333334E+009,2.151941880583763E-003,1.637167064473033E-003,2.180912531912327E-003,1.581484102644026E-003,
2.496466666666667E+009,2.217311412096024E-003,1.496144686825573E-003,2.192142885178328E-003,1.565144048072398E-003,
2.496500000000000E+009,2.200526418164372E-003,1.510074478574097E-003,2.243234310299158E-003,1.472166855819523E-003,
2.496533333333334E+009,2.220205729827285E-003,1.484603271819651E-003,2.258163876831532E-003,1.447825226932764E-003,
2.496566666666667E+009,2.301687607541680E-003,1.459128689020872E-003,2.349121263250709E-003,1.402745838277042E-003,
2.496600000000000E+009,2.309418981894851E-003,1.423839130438864E-003,2.298903884366155E-003,1.266893930733204E-003,
2.496633333333334E+009,2.443101955577731E-003,1.339722541160882E-003,2.318885177373886E-003,1.287743332795799E-003,
2.496666666666667E+009,2.314497483894229E-003,1.226421678438783E-003,2.361218910664320E-003,1.277508679777384E-003,
2.496700000000000E+009,2.427848987281323E-003,1.277628121897578E-003,2.405097475275397E-003,1.228987472131848E-003,
2.496733333333334E+009,2.361102029681206E-003,1.111775171011686E-003,2.416078932583332E-003,1.110473414883018E-003,
2.496766666666667E+009,2.440318698063493E-003,1.083221286535263E-003,2.471255837008357E-003,1.068162266165018E-003,
2.496800000000000E+009,2.479131333529949E-003,1.046571764163673E-003,2.466458594426513E-003,1.023712335154414E-003,
2.496833333333334E+009,2.483162097632885E-003,9.752985206432641E-004,2.492876490578055E-003,1.020165858790278E-003,
2.496866666666667E+009,2.484400523826480E-003,9.731691679917276E-004,2.500283997505903E-003,9.241954539902508E-004,
2.496900000000000E+009,2.563516609370709E-003,8.618918363936245E-004,2.499862108379602E-003,8.570524514652789E-004,
2.496933333333334E+009,2.566308714449406E-003,8.075088844634593E-004,2.577536506578326E-003,8.013630867935717E-004,
2.496966666666667E+009,2.566696843132377E-003,7.307075429707766E-004,2.564331283792853E-003,7.467101095244288E-004,
2.497000000000000E+009,2.564928960055113E-003,6.885322509333491E-004,2.624866319820285E-003,7.022902718745172E-004,
2.497033333333334E+009,2.590201329439879E-003,6.619453197345138E-004,2.626312896609306E-003,6.459325086325407E-004,
2.497066666666667E+009,2.592337084934115E-003,6.190466228872538E-004,2.563532674685121E-003,6.029389915056527E-004,
2.497100000000000E+009,2.650968264788389E-003,5.195648409426212E-004,2.585549838840962E-003,5.379946087487042E-004,
2.497133333333334E+009,2.608676673844457E-003,4.890055279247463E-004,2.601075218990445E-003,4.331663949415088E-004,
2.497166666666667E+009,2.617989899590612E-003,3.243620449211448E-004,2.612784970551729E-003,4.330795782152563E-004,
2.497200000000000E+009,2.634786069393158E-003,2.920778933912516E-004,2.651351969689131E-003,3.169116389472038E-004,
2.497233333333334E+009,2.565896138548851E-003,2.681271871551871E-004,2.626625355333090E-003,2.450683969072998E-004,
2.497266666666667E+009,2.622276777401567E-003,1.850788539741188E-004,2.642721170559526E-003,1.597385416971520E-004,
2.497300000000000E+009,2.620300045236945E-003,1.819659082684666E-004,2.616409678012133E-003,1.202616185764782E-004,
2.497333333333334E+009,2.656711265444756E-003,7.051666034385562E-005,2.650249982252717E-003,1.032098443829455E-004,
2.497366666666667E+009,2.588184317573905E-003,-1.603076088940725E-005,2.637185389176011E-003,2.075188058370259E-005,
2.497400000000000E+009,2.560081193223596E-003,-6.886076153023168E-005,2.565766451880336E-003,-7.531935989391059E-005,
2.497433333333334E+009,2.607027767226100E-003,-1.224711450049654E-004,2.562642097473145E-003,-9.469078941037878E-005,
2.497466666666667E+009,2.533103572204709E-003,-1.406322116963565E-004,2.543577458709478E-003,-1.758952130330727E-004,
2.497500000000000E+009,2.509262412786484E-003,-2.181432500947267E-004,2.573186298832297E-003,-1.906920660985634E-004,
2.497533333333334E+009,2.516427775844932E-003,-2.780724898912013E-004,2.464354271069169E-003,-2.729833358898759E-004,
2.497566666666667E+009,2.500616014003754E-003,-3.063091426156461E-004,2.477382309734821E-003,-3.216497716493905E-004,
2.497600000000000E+009,2.496859757229686E-003,-3.130018012598157E-004,2.456050133332610E-003,-3.370664198882878E-004,
2.497633333333334E+009,2.488237340003252E-003,-4.175089125055820E-004,2.465214580297470E-003,-4.085292166564614E-004,
2.497666666666667E+009,2.398991025984287E-003,-4.399892932269722E-004,2.446536906063557E-003,-4.126990097574890E-004,
2.497700000000000E+009,2.411538967862725E-003,-4.955659387633205E-004,2.394826151430607E-003,-4.554108600132167E-004,
2.497733333333334E+009,2.397862495854497E-003,-5.836251075379551E-004,2.391625195741653E-003,-5.348418490029872E-004,
2.497766666666667E+009,2.434365684166551E-003,-6.409942288883030E-004,2.406371291726828E-003,-6.642402149736881E-004,
2.497800000000000E+009,2.387788146734238E-003,-6.338474922813475E-004,2.354291733354330E-003,-6.800499395467341E-004,
2.497833333333334E+009,2.386055421084166E-003,-7.645803852938116E-004,2.384848659858108E-003,-7.208549068309367E-004,
2.497866666666667E+009,2.395691582933068E-003,-7.675594533793628E-004,2.353956922888756E-003,-8.014305494725704E-004,
2.497900000000000E+009,2.366143977269530E-003,-8.811139850877225E-004,2.376705640926957E-003,-8.683738415129483E-004,
2.497933333333334E+009,2.318761544302106E-003,-8.561087306588888E-004,2.356559969484806E-003,-8.957475074566901E-004,
2.497966666666667E+009,2.299063839018345E-003,-9.775834623724222E-004,2.380658872425556E-003,-9.872438386082649E-004,
2.498000000000000E+009,2.229606267064810E-003,-9.563309722580016E-004,2.323186025023460E-003,-9.756716899573803E-004,
2.498033333333334E+009,2.277069259434938E-003,-1.035097287967801E-003,2.261804649606347E-003,-1.052499865181744E-003,
2.498066666666667E+009,2.255663741379976E-003,-1.125455019064248E-003,2.235779073089361E-003,-1.146470196545124E-003,
2.498100000000000E+009,2.238266635686159E-003,-1.143263536505401E-003,2.229313366115093E-003,-1.163742737844586E-003,
2.498133333333334E+009,2.196253277361393E-003,-1.232437556609511E-003,2.190727274864912E-003,-1.182698528282344E-003,
2.498166666666667E+009,2.205301076173782E-003,-1.243137987330556E-003,2.182964002713561E-003,-1.284452155232430E-003,
2.498200000000000E+009,2.164121484383941E-003,-1.295450492762029E-003,2.183187054470182E-003,-1.286243903450668E-003,
2.498233333333334E+009,2.118575619533658E-003,-1.286159735172987E-003,2.156520029529929E-003,-1.328992773778737E-003,
2.498266666666667E+009,2.038915408775210E-003,-1.431631739251316E-003,2.098798984661698E-003,-1.401662710122764E-003,
2.498300000000000E+009,2.126900944858789E-003,-1.448657014407218E-003,2.061050850898027E-003,-1.422092900611460E-003,
2.498333333333334E+009,2.009116346016526E-003,-1.479059923440218E-003,2.045469358563423E-003,-1.481087761931121E-003,
2.498366666666667E+009,1.991904340684414E-003,-1.489333342760801E-003,1.995844766497612E-003,-1.560735865496099E-003,
2.498400000000000E+009,1.970842713490129E-003,-1.560674631036818E-003,1.994150690734386E-003,-1.516113756224513E-003,
2.498433333333334E+009,1.933369901962578E-003,-1.645433949306607E-003,1.931729726493359E-003,-1.639104797504842E-003,
2.498466666666667E+009,1.869184896349907E-003,-1.690445467829704E-003,1.898134243674576E-003,-1.653478131629527E-003,
2.498500000000000E+009,1.838564523495734E-003,-1.680436776950955E-003,1.872240798547864E-003,-1.729081035591662E-003,
2.498533333333334E+009,1.802150625735521E-003,-1.742789405398071E-003,1.844488899223507E-003,-1.712083234451711E-003,
2.498566666666667E+009,1.723479246720672E-003,-1.727202208712697E-003,1.768517890013754E-003,-1.759662874974310E-003,
2.498600000000000E+009,1.738212304189801E-003,-1.807639142498374E-003,1.730763935483992E-003,-1.784497173503041E-003,
2.498633333333334E+009,1.661993563175201E-003,-1.850452739745379E-003,1.708333380520344E-003,-1.845645834691823E-003,
2.498666666666667E+009,1.656488049775362E-003,-1.843396341428161E-003,1.620238646864891E-003,-1.880302210338414E-003,
2.498700000000000E+009,1.614286331459880E-003,-1.854119007475674E-003,1.576483133248985E-003,-1.856339396908879E-003,
2.498733333333334E+009,1.584297628141940E-003,-1.942039350979030E-003,1.515235053375363E-003,-1.965811476111412E-003,
2.498766666666667E+009,1.473110285587609E-003,-1.918818801641464E-003,1.479228958487511E-003,-1.964002149179578E-003,
2.498800000000000E+009,1.459256163798273E-003,-2.062127692624927E-003,1.376149943098426E-003,-2.003057627007365E-003,
2.498833333333334E+009,1.445890287868679E-003,-2.038395497947931E-003,1.403194735758007E-003,-1.999182393774390E-003,
2.498866666666667E+009,1.330692670308054E-003,-2.030985895544291E-003,1.353005296550691E-003,-2.059324178844690E-003,
2.498900000000000E+009,1.293241046369076E-003,-2.028553979471326E-003,1.283361227251589E-003,-2.088252454996109E-003,
2.498933333333334E+009,1.246166997589171E-003,-2.127628540620208E-003,1.194587675854564E-003,-2.087087370455265E-003,
2.498966666666667E+009,1.188634312711656E-003,-2.133715897798538E-003,1.245898078195751E-003,-2.116930205374956E-003,
2.499000000000000E+009,1.168945454992354E-003,-2.146016107872129E-003,1.162557862699032E-003,-2.142059151083231E-003,
2.499033333333334E+009,1.039316761307418E-003,-2.074949210509658E-003,1.142615452408791E-003,-2.160421106964350E-003,
2.499066666666667E+009,1.011639717034996E-003,-2.146951854228973E-003,1.019374118186534E-003,-2.160376170650125E-003,
2.499100000000000E+009,9.032709058374167E-004,-2.137863077223301E-003,9.429322089999914E-004,-2.195383654907346E-003,
2.499133333333334E+009,9.121496696025133E-004,-2.153802197426558E-003,8.524121949449182E-004,-2.188469748944044E-003,
2.499166666666667E+009,8.205850608646870E-004,-2.168715465813875E-003,8.379689534194768E-004,-2.165655139833689E-003,
2.499200000000000E+009,7.642567506991327E-004,-2.206283621490002E-003,7.981354137882590E-004,-2.177725313231349E-003,
2.499233333333334E+009,7.390805403701961E-004,-2.171924570575357E-003,7.098663481883705E-004,-2.085444284603000E-003,
2.499266666666667E+009,7.229593466036022E-004,-2.149848500266671E-003,7.842688355594873E-004,-2.177928108721972E-003,
2.499300000000000E+009,7.040023920126259E-004,-2.155982656404376E-003,6.800647825002670E-004,-2.190975705161691E-003,
2.499333333333334E+009,6.536982255056500E-004,-2.209927653893828E-003,6.433357484638691E-004,-2.201391384005547E-003,
2.499366666666667E+009,5.895107751712203E-004,-2.184602664783597E-003,5.854536429978907E-004,-2.194491215050221E-003,
2.499400000000000E+009,5.507171736098826E-004,-2.162296092137694E-003,5.598716088570654E-004,-2.236877335235477E-003,
2.499433333333334E+009,5.291763809509575E-004,-2.234424697235227E-003,4.350510425865650E-004,-2.268292475491762E-003,
2.499466666666667E+009,4.235699598211795E-004,-2.273805672302842E-003,3.829468914773315E-004,-2.243879018351436E-003,
2.499500000000000E+009,3.522090846672654E-004,-2.242785412818193E-003,3.855578543152660E-004,-2.239513909444213E-003,
2.499533333333334E+009,2.701238554436714E-004,-2.294128062203527E-003,3.544459468685091E-004,-2.227758755907416E-003,
2.499566666666667E+009,2.490362676326186E-004,-2.310600131750107E-003,2.509633486624807E-004,-2.319354098290205E-003,
2.499600000000000E+009,2.207935613114387E-004,-2.270878525450826E-003,2.108735498040915E-004,-2.244260394945741E-003,
2.499633333333334E+009,1.187812740681693E-004,-2.263573231175542E-003,1.185849760076962E-004,-2.311647869646549E-003,
2.499666666666667E+009,8.505016012350097E-005,-2.276448532938957E-003,1.435668673366308E-004,-2.304396126419306E-003,
2.499700000000000E+009,3.361486233188771E-005,-2.321011852473021E-003,1.141411939897807E-005,-2.323174383491278E-003,
2.499733333333334E+009,-2.607191709103063E-005,-2.346205757930875E-003,-6.010088327457197E-006,-2.265472663566470E-003,
2.499766666666667E+009,-6.007205956848338E-005,-2.247634343802929E-003,-7.045226811897010E-005,-2.353556919842959E-003,
2.499800000000000E+009,-8.275675645563752E-005,-2.291509881615639E-003,-8.949378388933837E-005,-2.290469594299793E-003,
2.499833333333334E+009,-1.423805369995534E-004,-2.294756937772036E-003,-9.182799840345979E-005,-2.299144398421049E-003,
2.499866666666667E+009,-1.947917044162750E-004,-2.232885686680675E-003,-1.872565189842135E-004,-2.336117671802640E-003,
2.499900000000000E+009,-2.211845712736249E-004,-2.260596491396427E-003,-2.779197238851339E-004,-2.282245783135295E-003,
2.499933333333334E+009,-3.099493042100221E-004,-2.335797995328903E-003,-2.567485789768398E-004,-2.274235943332315E-003,
2.499966666666667E+009,-3.597954055294395E-004,-2.285040915012360E-003,-3.836177347693592E-004,-2.282441360875964E-003,
2.500000000000000E+009,-3.581075870897621E-004,-2.248809905722737E-003,-3.829875495284796E-004,-2.265984192490578E-003,
