% Version 1.00
%
%freq[Hz];re:Trc1_S21;im:Trc1_S21;re:Trc2_S12;im:Trc2_S12;
2.480000000000000E+009,1.892358995974064E-003,-1.970123266801238E-003,1.994024729356170E-003,-1.892581116408110E-003,
2.480033333333334E+009,1.915382803417742E-003,-1.924482989124954E-003,1.954645151272416E-003,-2.003581030294299E-003,
2.480066666666667E+009,1.851869397796691E-003,-2.035717712715268E-003,1.874075504019857E-003,-2.029978903010488E-003,
2.480100000000000E+009,1.824095612391830E-003,-2.052684314548969E-003,1.856189221143723E-003,-2.046996727585793E-003,
2.480133333333334E+009,1.788594410754740E-003,-2.135944087058306E-003,1.772917457856238E-003,-2.078657271340489E-003,
2.480166666666667E+009,1.709375297650695E-003,-2.121632453054190E-003,1.701123663224280E-003,-2.153232693672180E-003,
2.480200000000000E+009,1.722692977637053E-003,-2.143767429515719E-003,1.706168986856937E-003,-2.124415244907141E-003,
2.480233333333334E+009,1.581442542374134E-003,-2.193615538999438E-003,1.667924574576318E-003,-2.180823124945164E-003,
2.480266666666667E+009,1.587024773471057E-003,-2.200946910306811E-003,1.605887082405388E-003,-2.294440520927310E-003,
2.480300000000000E+009,1.635579043067992E-003,-2.221494447439909E-003,1.549657434225082E-003,-2.298763720318675E-003,
2.480333333333334E+009,1.516534015536308E-003,-2.279094420373440E-003,1.588319893926382E-003,-2.279976848512888E-003,
2.480366666666667E+009,1.459423103369772E-003,-2.278029918670654E-003,1.448334776796401E-003,-2.403783379122615E-003,
2.480400000000000E+009,1.356032094918191E-003,-2.292856574058533E-003,1.418666215613484E-003,-2.360312500968576E-003,
2.480433333333334E+009,1.397292013280094E-003,-2.459472976624966E-003,1.388992648571730E-003,-2.335678553208709E-003,
2.480466666666667E+009,1.284562051296234E-003,-2.423523692414165E-003,1.305875135585666E-003,-2.438072580844164E-003,
2.480500000000000E+009,1.297024311497808E-003,-2.445898484438658E-003,1.229924964718521E-003,-2.415796974673867E-003,
2.480533333333334E+009,1.210340182296932E-003,-2.452875720337033E-003,1.185922301374376E-003,-2.490675775334239E-003,
2.480566666666667E+009,1.175304409116507E-003,-2.474771812558174E-003,1.172976335510612E-003,-2.489333041012287E-003,
2.480600000000000E+009,1.147151575423777E-003,-2.505046548321843E-003,1.099648419767618E-003,-2.555907471105456E-003,
2.480633333333334E+009,1.009635976515710E-003,-2.488952595740557E-003,1.129102311097086E-003,-2.587412018328905E-003,
2.480666666666667E+009,1.016644760966301E-003,-2.574936952441931E-003,9.408561745658517E-004,-2.603247296065092E-003,
2.480700000000000E+009,9.771354962140322E-004,-2.623962471261621E-003,8.850095910020173E-004,-2.549295313656330E-003,
2.480733333333334E+009,9.165243245661259E-004,-2.627119887620211E-003,8.620860753580928E-004,-2.627637935802341E-003,
2.480766666666667E+009,7.770322845317423E-004,-2.619428327307105E-003,8.006248972378671E-004,-2.701268065720797E-003,
2.480800000000000E+009,6.895865662954748E-004,-2.645702101290226E-003,7.113080355338752E-004,-2.605188405141234E-003,
2.480833333333334E+009,6.784846191294491E-004,-2.700423123314977E-003,6.923949113115668E-004,-2.743088174611330E-003,
2.480866666666667E+009,5.734318401664496E-004,-2.726046834141016E-003,5.845976411364973E-004,-2.706581028178334E-003,
2.480900000000000E+009,5.597025156021118E-004,-2.595578785985708E-003,4.978237557224929E-004,-2.753464505076408E-003,
2.480933333333334E+009,4.465186211746186E-004,-2.710399916395545E-003,4.414785071276128E-004,-2.729095285758376E-003,
2.480966666666667E+009,3.553877468220890E-004,-2.677509328350425E-003,3.607690741773695E-004,-2.709741238504648E-003,
2.481000000000000E+009,3.258277429267764E-004,-2.692535053938627E-003,3.668417339213193E-004,-2.711658133193851E-003,
2.481033333333334E+009,1.967823918676004E-004,-2.605775138363242E-003,2.629855589475483E-004,-2.662734361365438E-003,
2.481066666666667E+009,1.799868914531544E-004,-2.695359289646149E-003,1.971755846170709E-004,-2.673689043149352E-003,
2.481100000000000E+009,1.731725060380995E-004,-2.674108603969216E-003,1.652022911002860E-004,-2.708723302930594E-003,
2.481133333333334E+009,7.162555266404524E-005,-2.616811776533723E-003,1.141795801231638E-004,-2.701597288250923E-003,
2.481166666666667E+009,3.919004666386172E-005,-2.633968833833933E-003,3.102809932897799E-005,-2.633966971188784E-003,
2.481200000000000E+009,-3.859282878693193E-005,-2.682476537302136E-003,-2.770032551779877E-005,-2.681054174900055E-003,
2.481233333333334E+009,-4.335560151957907E-005,-2.656447933986783E-003,-7.974341860972345E-005,-2.679056255146861E-003,
2.481266666666667E+009,-1.305443729506806E-004,-2.669779583811760E-003,-1.491102739237249E-004,-2.719576237723231E-003,
2.481300000000000E+009,-2.301052300026640E-004,-2.672442933544517E-003,-2.443940029479563E-004,-2.698097843676806E-003,
2.481333333333334E+009,-2.061561826849356E-004,-2.684677951037884E-003,-2.784593380056322E-004,-2.698082011193037E-003,
2.481366666666667E+009,-3.268872678745538E-004,-2.682940335944295E-003,-3.205108223482966E-004,-2.732621273025870E-003,
2.481400000000000E+009,-3.759510582312942E-004,-2.721587428823113E-003,-3.937595465686172E-004,-2.765261568129063E-003,
2.481433333333334E+009,-4.187091544736177E-004,-2.670912770554423E-003,-4.563096736092120E-004,-2.739265328273177E-003,
2.481466666666667E+009,-4.762258613482118E-004,-2.683100523427129E-003,-4.813558480236679E-004,-2.731935819610953E-003,
2.481500000000000E+009,-5.492572672665119E-004,-2.694663591682911E-003,-5.411668098531663E-004,-2.722956473007798E-003,
2.481533333333334E+009,-5.767100956290960E-004,-2.677112119272351E-003,-6.182657671160996E-004,-2.711979905143380E-003,
2.481566666666667E+009,-6.420190911740065E-004,-2.710567554458976E-003,-6.292770267464221E-004,-2.659319899976254E-003,
2.481600000000000E+009,-6.638825871050358E-004,-2.706210594624281E-003,-6.766088190488517E-004,-2.693857764825225E-003,
2.481633333333334E+009,-7.466967799700797E-004,-2.722496399655938E-003,-7.503622327931225E-004,-2.667612861841917E-003,
2.481666666666667E+009,-7.978390203788877E-004,-2.666767919436097E-003,-7.995304185897112E-004,-2.631287323310971E-003,
2.481700000000000E+009,-8.325439412146807E-004,-2.660987665876746E-003,-8.942980784922838E-004,-2.696485957130790E-003,
2.481733333333334E+009,-8.979814592748880E-004,-2.610470633953810E-003,-9.262257372029126E-004,-2.578279701992869E-003,
2.481766666666667E+009,-9.082946344278753E-004,-2.571298042312264E-003,-9.665176621638238E-004,-2.645260188728571E-003,
2.481800000000000E+009,-1.055895118042827E-003,-2.533793216571212E-003,-9.631436550989747E-004,-2.582291839644313E-003,
2.481833333333334E+009,-1.005465397611260E-003,-2.580930711701512E-003,-1.073640189133585E-003,-2.589919138699770E-003,
2.481866666666667E+009,-1.066606491804123E-003,-2.566365292295814E-003,-1.116307801567018E-003,-2.563891932368279E-003,
2.481900000000000E+009,-1.229479676112533E-003,-2.519697416573763E-003,-1.201043720357120E-003,-2.514154417440295E-003,
2.481933333333334E+009,-1.150151481851935E-003,-2.473086817190051E-003,-1.216989126987755E-003,-2.536708489060402E-003,
2.481966666666667E+009,-1.267084153369069E-003,-2.516545588150621E-003,-1.237443648278713E-003,-2.478545065969229E-003,
2.482000000000000E+009,-1.287646358832717E-003,-2.433488611131907E-003,-1.353902393020690E-003,-2.445928519591689E-003,
2.482033333333334E+009,-1.415561069734395E-003,-2.411052817478776E-003,-1.372562255710363E-003,-2.421086886897683E-003,
2.482066666666667E+009,-1.462598447687924E-003,-2.347618807107210E-003,-1.486602122895420E-003,-2.432577544823289E-003,
2.482100000000000E+009,-1.502025523222983E-003,-2.315030200406909E-003,-1.472359756007791E-003,-2.355311298742890E-003,
2.482133333333334E+009,-1.563885482028127E-003,-2.335857599973679E-003,-1.590507687069476E-003,-2.304886467754841E-003,
2.482166666666667E+009,-1.607644837349653E-003,-2.274566795676947E-003,-1.601267722435296E-003,-2.314245328307152E-003,
2.482200000000000E+009,-1.674676197580993E-003,-2.209816128015518E-003,-1.705271191895008E-003,-2.220054622739554E-003,
2.482233333333334E+009,-1.679827691987157E-003,-2.237087581306696E-003,-1.708130352199078E-003,-2.228828147053719E-003,
2.482266666666667E+009,-1.752511947415769E-003,-2.159249037504196E-003,-1.746424939483404E-003,-2.236514119431377E-003,
2.482300000000000E+009,-1.772267511114478E-003,-2.138492185622454E-003,-1.847769715823233E-003,-2.146745566278696E-003,
2.482333333333334E+009,-1.890761195681989E-003,-2.100151497870684E-003,-1.915472559630871E-003,-2.064197789877653E-003,
2.482366666666667E+009,-1.884908415377140E-003,-2.043370157480240E-003,-1.861356780864298E-003,-2.046531997621059E-003,
2.482400000000000E+009,-1.947549520991743E-003,-1.960264751687646E-003,-1.965642673894763E-003,-2.033123280853033E-003,
2.482433333333334E+009,-1.976514467969537E-003,-1.956303836777806E-003,-1.979826018214226E-003,-1.890465035103262E-003,
2.482466666666667E+009,-2.064712345600128E-003,-1.919468166306615E-003,-2.047006040811539E-003,-1.877534086816013E-003,
2.482500000000000E+009,-2.088031033053994E-003,-1.850720145739615E-003,-2.077166689559817E-003,-1.839114236645401E-003,
2.482533333333334E+009,-2.116511575877667E-003,-1.794464653357863E-003,-2.150667132809758E-003,-1.774602336809039E-003,
2.482566666666667E+009,-2.157652284950018E-003,-1.789961708709598E-003,-2.178760943934321E-003,-1.697201747447252E-003,
2.482600000000000E+009,-2.182777738198638E-003,-1.607198966667056E-003,-2.210321836173534E-003,-1.636269735172391E-003,
2.482633333333334E+009,-2.219396643340588E-003,-1.599560608156025E-003,-2.219669753685594E-003,-1.613622880540788E-003,
2.482666666666667E+009,-2.183092059567571E-003,-1.543852849863470E-003,-2.187210135161877E-003,-1.523810788057745E-003,
2.482700000000000E+009,-2.250539371743798E-003,-1.526766689494252E-003,-2.217579632997513E-003,-1.467651338316500E-003,
2.482733333333334E+009,-2.276453189551830E-003,-1.409091870300472E-003,-2.241827081888914E-003,-1.369238714687526E-003,
2.482766666666667E+009,-2.240649424493313E-003,-1.335986424237490E-003,-2.323948545381427E-003,-1.367797493003309E-003,
2.482800000000000E+009,-2.335686236619949E-003,-1.350433332845569E-003,-2.372038085013628E-003,-1.335813547484577E-003,
2.482833333333334E+009,-2.351540373638272E-003,-1.310215331614018E-003,-2.421774202957749E-003,-1.294891233555973E-003,
2.482866666666667E+009,-2.347563160583377E-003,-1.271622371859849E-003,-2.377611119300127E-003,-1.238342956639826E-003,
2.482900000000000E+009,-2.426280872896314E-003,-1.131363911554217E-003,-2.488772151991725E-003,-1.151679782196879E-003,
2.482933333333334E+009,-2.482508076354861E-003,-1.149205025285482E-003,-2.487263409420848E-003,-1.125223236158490E-003,
2.482966666666667E+009,-2.506364369764924E-003,-1.095557352527976E-003,-2.600782085210085E-003,-1.077960710972548E-003,
2.483000000000000E+009,-2.574749523773789E-003,-9.954548440873623E-004,-2.609274117276073E-003,-1.014327863231301E-003,
2.483033333333334E+009,-2.579266671091318E-003,-9.802425047382712E-004,-2.644210355356336E-003,-9.661961230449379E-004,
2.483066666666667E+009,-2.593093086034060E-003,-9.916875278577209E-004,-2.608199836686254E-003,-8.451453177258372E-004,
2.483100000000000E+009,-2.668406581506133E-003,-8.730216068215668E-004,-2.733577508479357E-003,-8.490185136906803E-004,
2.483133333333334E+009,-2.693289192393422E-003,-8.088309550657868E-004,-2.674369374290109E-003,-8.081042906269431E-004,
2.483166666666667E+009,-2.702078083530068E-003,-7.887628162279725E-004,-2.733343513682485E-003,-8.102530264295638E-004,
2.483200000000000E+009,-2.731382614001632E-003,-7.450142293237150E-004,-2.771132392808795E-003,-7.886328385211527E-004,
2.483233333333334E+009,-2.704855520278215E-003,-6.764567224308848E-004,-2.767959609627724E-003,-6.887362687848508E-004,
2.483266666666667E+009,-2.750473562628031E-003,-6.808665348216891E-004,-2.791896229609847E-003,-5.687057855539024E-004,
2.483300000000000E+009,-2.707785228267312E-003,-5.616789567284286E-004,-2.818360924720764E-003,-5.703361239284277E-004,
2.483333333333334E+009,-2.787871519103646E-003,-6.052533281035721E-004,-2.792124869301915E-003,-5.333279259502888E-004,
2.483366666666667E+009,-2.753427252173424E-003,-5.200057639740408E-004,-2.801679540425539E-003,-5.218463484197855E-004,
2.483400000000000E+009,-2.793335355818272E-003,-4.344404733274132E-004,-2.862712834030390E-003,-3.669461002573371E-004,
2.483433333333334E+009,-2.774043008685112E-003,-3.758067323360592E-004,-2.814064268022776E-003,-3.069560625590384E-004,
2.483466666666667E+009,-2.827029908075929E-003,-2.804226824082434E-004,-2.785756019875407E-003,-2.995184913743287E-004,
2.483500000000000E+009,-2.865703776478767E-003,-2.376143092988059E-004,-2.854814287275076E-003,-2.217697474407032E-004,
2.483533333333334E+009,-2.833963138982654E-003,-2.373602619627491E-004,-2.840167842805386E-003,-1.611474726814777E-004,
2.483566666666667E+009,-2.813445404171944E-003,-1.259225828107446E-004,-2.883676439523697E-003,-1.136692808358930E-004,
2.483600000000000E+009,-2.826793817803264E-003,-4.349127630121075E-005,-2.892986172810197E-003,-4.590528624248691E-005,
2.483633333333334E+009,-2.806825796142221E-003,-5.082329880679026E-005,-2.858051098883152E-003,1.495762899139663E-005,
2.483666666666667E+009,-2.858446910977364E-003,7.205193105619401E-005,-2.855967963114381E-003,7.150052260840312E-005,
2.483700000000000E+009,-2.840407658368349E-003,1.056355395121500E-004,-2.880132989957929E-003,1.536975760245696E-004,
2.483733333333334E+009,-2.829397562891245E-003,1.937816559802741E-004,-2.870397409424186E-003,2.087700850097463E-004,
2.483766666666667E+009,-2.873041667044163E-003,2.759527706075460E-004,-2.828733529895544E-003,3.185532696079463E-004,
2.483800000000000E+009,-2.850951394066215E-003,4.109815345145762E-004,-2.795367734506726E-003,3.449446521699429E-004,
2.483833333333334E+009,-2.846808172762394E-003,3.369563492015004E-004,-2.813206054270268E-003,4.212257335893810E-004,
2.483866666666667E+009,-2.810908714309335E-003,4.568795848172158E-004,-2.823110902681947E-003,4.938800120726228E-004,
2.483900000000000E+009,-2.829129574820399E-003,5.844613770022988E-004,-2.870484022423625E-003,5.285657825879753E-004,
2.483933333333334E+009,-2.754585817456245E-003,5.790684372186661E-004,-2.815440995618701E-003,6.437218980863690E-004,
2.483966666666667E+009,-2.766299759969115E-003,6.526850047521293E-004,-2.738851122558117E-003,6.882366142235696E-004,
2.484000000000000E+009,-2.751960651949048E-003,7.071570726111531E-004,-2.737943548709154E-003,7.623114506714046E-004,
2.484033333333334E+009,-2.754837041720748E-003,8.199581061489880E-004,-2.714092843234539E-003,8.510260959155858E-004,
2.484066666666667E+009,-2.642042236402631E-003,8.733822032809258E-004,-2.674316754564643E-003,8.584447787143290E-004,
2.484100000000000E+009,-2.655750606209040E-003,9.128837264142931E-004,-2.627342706546187E-003,9.473845129832625E-004,
2.484133333333334E+009,-2.674171468243003E-003,9.774994105100632E-004,-2.592930337414146E-003,9.788266615942121E-004,
2.484166666666667E+009,-2.568601863458753E-003,1.098907319828868E-003,-2.554008504375815E-003,1.037593232467771E-003,
2.484200000000000E+009,-2.507076133042574E-003,1.089255907572806E-003,-2.549267141148448E-003,1.096061896532774E-003,
2.484233333333334E+009,-2.503076568245888E-003,1.042813295498490E-003,-2.509532496333122E-003,1.112561672925949E-003,
2.484266666666667E+009,-2.468188526108861E-003,1.142648630775511E-003,-2.517695771530271E-003,1.151659060269594E-003,
2.484300000000000E+009,-2.441092859953642E-003,1.158443512395024E-003,-2.461793366819620E-003,1.214073156006634E-003,
2.484333333333334E+009,-2.463540760800242E-003,1.244624261744320E-003,-2.428116044029594E-003,1.240279292687774E-003,
2.484366666666667E+009,-2.409953158348799E-003,1.388193923048675E-003,-2.398488111793995E-003,1.346001750789583E-003,
2.484400000000000E+009,-2.359936712309718E-003,1.321998890489340E-003,-2.380772493779659E-003,1.414056634530425E-003,
2.484433333333334E+009,-2.384388120844960E-003,1.407768926583231E-003,-2.370270900428295E-003,1.400503562763333E-003,
2.484466666666667E+009,-2.368806395679712E-003,1.493111834861338E-003,-2.371717710047960E-003,1.478079590015113E-003,
2.484500000000000E+009,-2.308493480086327E-003,1.520512974821031E-003,-2.299286657944322E-003,1.590442610904574E-003,
2.484533333333334E+009,-2.280249726027250E-003,1.635400694794953E-003,-2.330184215679765E-003,1.662627328187227E-003,
2.484566666666667E+009,-2.272584242746234E-003,1.735121710225940E-003,-2.271288307383657E-003,1.764100510627031E-003,
2.484600000000000E+009,-2.251002937555313E-003,1.687888870947063E-003,-2.210452686995268E-003,1.750173512846232E-003,
2.484633333333334E+009,-2.245297655463219E-003,1.763540669344366E-003,-2.245577285066247E-003,1.760659040883184E-003,
2.484666666666667E+009,-2.175590489059687E-003,1.852879649959505E-003,-2.163052093237639E-003,1.799032907001674E-003,
2.484700000000000E+009,-2.181860152631998E-003,1.865284284576774E-003,-2.124889288097620E-003,1.908195787109435E-003,
2.484733333333334E+009,-2.071343827992678E-003,1.944268005900085E-003,-2.114249160513282E-003,1.932646497152746E-003,
2.484766666666667E+009,-2.093723276630044E-003,1.987955067306757E-003,-2.082323888316751E-003,2.012624405324459E-003,
2.484800000000000E+009,-2.097286051139236E-003,2.009822987020016E-003,-2.001255052164197E-003,2.050570212304592E-003,
2.484833333333334E+009,-1.977331936359406E-003,2.009335905313492E-003,-2.016365295276046E-003,2.067774767056108E-003,
2.484866666666667E+009,-1.955720596015453E-003,2.079739701002836E-003,-1.969761913642287E-003,2.134011592715979E-003,
2.484900000000000E+009,-1.960253342986107E-003,2.135390415787697E-003,-1.939797424711287E-003,2.153502078726888E-003,
2.484933333333334E+009,-1.921180868521333E-003,2.215178217738867E-003,-1.879649003967643E-003,2.231662394478917E-003,
2.484966666666667E+009,-1.842671772465110E-003,2.262286376208067E-003,-1.815531169995666E-003,2.282173838466406E-003,
2.485000000000000E+009,-1.799101941287518E-003,2.233542967587709E-003,-1.806514919735491E-003,2.249858342111111E-003,
2.485033333333334E+009,-1.789759611710906E-003,2.367535838857293E-003,-1.834864262491465E-003,2.330143703147769E-003,
2.485066666666667E+009,-1.701221102848649E-003,2.342650899663568E-003,-1.718234037980437E-003,2.305557718500495E-003,
2.485100000000000E+009,-1.643946627154946E-003,2.414006972685456E-003,-1.662469119764864E-003,2.385809551924467E-003,
2.485133333333334E+009,-1.608707709237933E-003,2.460897900164127E-003,-1.561332144774497E-003,2.416441449895501E-003,
2.485166666666667E+009,-1.578518073074520E-003,2.448310609906912E-003,-1.572220469824970E-003,2.447553211823106E-003,
2.485200000000000E+009,-1.514703268185258E-003,2.472025807946920E-003,-1.481695217080414E-003,2.504035364836454E-003,
2.485233333333334E+009,-1.457386533729732E-003,2.549704862758517E-003,-1.418814761564136E-003,2.525629941374064E-003,
2.485266666666667E+009,-1.409164979122579E-003,2.530110301449895E-003,-1.386553049087524E-003,2.606926951557398E-003,
2.485300000000000E+009,-1.281687640585005E-003,2.552043646574020E-003,-1.372624305076897E-003,2.623789245262742E-003,
2.485333333333334E+009,-1.258288742974401E-003,2.708054613322020E-003,-1.203089370392263E-003,2.628264483064413E-003,
2.485366666666667E+009,-1.240371260792017E-003,2.643283922225237E-003,-1.202428014948964E-003,2.644545864313841E-003,
2.485400000000000E+009,-1.127015682868660E-003,2.689546905457974E-003,-1.079260837286711E-003,2.745734527707100E-003,
2.485433333333334E+009,-1.110719982534647E-003,2.711297944188118E-003,-1.100916997529566E-003,2.683388767763972E-003,
2.485466666666667E+009,-1.014559413306415E-003,2.767884870991111E-003,-1.052587525919080E-003,2.759720431640744E-003,
2.485500000000000E+009,-9.351608459837735E-004,2.790688304230571E-003,-9.840149432420731E-004,2.792354905977845E-003,
2.485533333333334E+009,-8.723505889065564E-004,2.788534853607416E-003,-8.710905094631016E-004,2.762161660939455E-003,
2.485566666666667E+009,-8.619821164757013E-004,2.834852319210768E-003,-8.183142635971308E-004,2.826140960678458E-003,
2.485600000000000E+009,-7.080215145833790E-004,2.881800523027778E-003,-7.357826689258218E-004,2.786058932542801E-003,
2.485633333333334E+009,-6.585337105207145E-004,2.822316251695156E-003,-6.897072307765484E-004,2.818024717271328E-003,
2.485666666666667E+009,-6.455256952904165E-004,2.813949948176742E-003,-6.104641943238676E-004,2.845779992640019E-003,
2.485700000000000E+009,-5.365307442843914E-004,2.833899343386293E-003,-5.328092956915498E-004,2.849384676665068E-003,
2.485733333333334E+009,-4.866673843935132E-004,2.877380466088653E-003,-5.146730691194534E-004,2.877210034057498E-003,
2.485766666666667E+009,-3.485013730823994E-004,2.851699478924274E-003,-4.356771241873503E-004,2.824398921802640E-003,
2.485800000000000E+009,-4.146808641962707E-004,2.827970311045647E-003,-3.487225621938705E-004,2.845128998160362E-003,
2.485833333333334E+009,-3.019029682036489E-004,2.799384528771043E-003,-2.937201352324337E-004,2.844374859705567E-003,
2.485866666666667E+009,-2.324170200154185E-004,2.885956782847643E-003,-2.590760996099562E-004,2.782417926937342E-003,
2.485900000000000E+009,-2.144296013284475E-004,2.812573686242104E-003,-1.913931628223509E-004,2.815700368955731E-003,
2.485933333333334E+009,-8.211811655201018E-005,2.833637641742826E-003,-7.174594793468714E-005,2.778500085696578E-003,
2.485966666666667E+009,2.618877624627203E-005,2.829733071848750E-003,-1.104752846003976E-005,2.844824455678463E-003,
2.486000000000000E+009,1.672904363658745E-005,2.829886740073562E-003,3.286405626568012E-005,2.853536279872060E-003,
2.486033333333334E+009,8.639078441774473E-005,2.858991036191583E-003,1.445583038730547E-004,2.885166788473725E-003,
2.486066666666667E+009,1.407837407896295E-004,2.828604541718960E-003,1.524735998827964E-004,2.877282677218318E-003,
2.486100000000000E+009,2.356242766836658E-004,2.858918393030763E-003,2.810824662446976E-004,2.909580711275339E-003,
2.486133333333334E+009,3.588765393942595E-004,2.902664011344314E-003,3.153088036924601E-004,2.887566341087222E-003,
2.486166666666667E+009,3.426044131629169E-004,2.920096507295966E-003,3.836977120954543E-004,2.862026216462255E-003,
2.486200000000000E+009,4.096712800674141E-004,2.910389564931393E-003,4.860862100031227E-004,2.878536004573107E-003,
2.486233333333334E+009,4.810252285096794E-004,2.958260010927916E-003,5.339405033737421E-004,2.906764391809702E-003,
2.486266666666667E+009,5.641707684844732E-004,2.934185555204749E-003,5.847962456755340E-004,2.872111508622766E-003,
2.486300000000000E+009,5.626278580166400E-004,2.884312765672803E-003,6.972841802053154E-004,2.860831795260310E-003,
2.486333333333334E+009,6.569292745552957E-004,2.941226353868842E-003,6.792749045416713E-004,2.854628954082727E-003,
2.486366666666667E+009,7.119941874407232E-004,2.872793469578028E-003,7.954848115332425E-004,2.881941618397832E-003,
2.486400000000000E+009,7.959741633385420E-004,2.903513843193650E-003,8.347676484845579E-004,2.850474789738655E-003,
2.486433333333334E+009,7.979198126122356E-004,2.891982905566692E-003,8.789357380010188E-004,2.906040055677295E-003,
2.486466666666667E+009,9.302142425440252E-004,2.880606567487121E-003,9.502117172814906E-004,2.799768699333072E-003,
2.486500000000000E+009,9.882999584078789E-004,2.898249542340636E-003,1.070956233888865E-003,2.822703681886196E-003,
2.486533333333334E+009,1.090442878194153E-003,2.794486237689853E-003,1.040399889461696E-003,2.794667147099972E-003,
2.486566666666667E+009,1.124921720474958E-003,2.856061328202486E-003,1.145094865933061E-003,2.834795275703073E-003,
2.486600000000000E+009,1.217777025885880E-003,2.730057109147310E-003,1.165909925475717E-003,2.831083722412586E-003,
2.486633333333334E+009,1.192256459034979E-003,2.765052486211062E-003,1.266203471459448E-003,2.744810190051794E-003,
2.486666666666667E+009,1.294011599384248E-003,2.723165787756443E-003,1.292927889153361E-003,2.731899730861187E-003,
2.486700000000000E+009,1.326675992459059E-003,2.698097378015518E-003,1.424510031938553E-003,2.708454150706530E-003,
2.486733333333334E+009,1.419559470377863E-003,2.669579116627574E-003,1.490808092057705E-003,2.639694605022669E-003,
2.486766666666667E+009,1.529405592009425E-003,2.611113013699651E-003,1.528655528090894E-003,2.637759083881974E-003,
2.486800000000000E+009,1.523688551969826E-003,2.580947475507855E-003,1.498678233474493E-003,2.584204543381929E-003,
2.486833333333334E+009,1.645825221203268E-003,2.599916653707624E-003,1.611236017197371E-003,2.600157866254449E-003,
2.486866666666667E+009,1.646374235861003E-003,2.558952430263162E-003,1.689509488642216E-003,2.487310441210866E-003,
2.486900000000000E+009,1.661749556660652E-003,2.534897765144706E-003,1.758807222358882E-003,2.483755582943559E-003,
2.486933333333334E+009,1.767759211361408E-003,2.561044180765748E-003,1.787149230949581E-003,2.506866352632642E-003,
2.486966666666667E+009,1.807598629966378E-003,2.388740656897426E-003,1.871039508841932E-003,2.434281632304192E-003,
2.487000000000000E+009,1.852998393587768E-003,2.366703934967518E-003,1.934452215209603E-003,2.371341222897172E-003,
2.487033333333334E+009,1.980655360966921E-003,2.336099045351148E-003,1.972883474081755E-003,2.368082525208592E-003,
2.487066666666667E+009,2.015931066125631E-003,2.254407852888107E-003,2.033809432759881E-003,2.287457697093487E-003,
2.487100000000000E+009,2.073899144306779E-003,2.217506058514118E-003,2.068191068246961E-003,2.239621942862868E-003,
2.487133333333334E+009,2.160183154046536E-003,2.228059107437730E-003,2.155191265046597E-003,2.163024619221687E-003,
2.487166666666667E+009,2.136314986273646E-003,2.105881925672293E-003,2.175626112148166E-003,2.105037448927760E-003,
2.487200000000000E+009,2.207300858572125E-003,2.097795717418194E-003,2.234454732388258E-003,2.074428834021092E-003,
2.487233333333334E+009,2.234763232991099E-003,1.986427931115031E-003,2.237762091681361E-003,2.014987869188190E-003,
2.487266666666667E+009,2.277201507240534E-003,1.951684942469001E-003,2.262347145006061E-003,1.968559809029102E-003,
2.487300000000000E+009,2.288847230374813E-003,1.884492696262896E-003,2.298691542819142E-003,1.898766378872097E-003,
2.487333333333334E+009,2.323751803487539E-003,1.859498559497297E-003,2.347469329833984E-003,1.828232198022306E-003,
2.487366666666667E+009,2.381916623562574E-003,1.752455136738718E-003,2.349584829062223E-003,1.820117235183716E-003,
2.487400000000000E+009,2.426454564556480E-003,1.724495901726186E-003,2.401620382443070E-003,1.707001472823322E-003,
2.487433333333334E+009,2.389354864135385E-003,1.742122694849968E-003,2.446348080411553E-003,1.684180228039622E-003,
2.487466666666667E+009,2.469276078045368E-003,1.626318320631981E-003,2.441550837829709E-003,1.635182183235884E-003,
2.487500000000000E+009,2.509611193090677E-003,1.628131256438792E-003,2.486696001142263E-003,1.560600241646171E-003,
2.487533333333334E+009,2.567359013482928E-003,1.565341954119504E-003,2.583532594144344E-003,1.508136279881001E-003,
2.487566666666667E+009,2.609894610941410E-003,1.397264539264143E-003,2.639285987243056E-003,1.439136918634176E-003,
2.487600000000000E+009,2.676951466128230E-003,1.378480345010757E-003,2.710669068619609E-003,1.428473973646760E-003,
2.487633333333334E+009,2.704128623008728E-003,1.335094217211008E-003,2.673057606443763E-003,1.331552630290389E-003,
2.487666666666667E+009,2.759794704616070E-003,1.290165702812374E-003,2.731855260208249E-003,1.293205074034631E-003,
2.487700000000000E+009,2.762052929028869E-003,1.241685822606087E-003,2.799052279442549E-003,1.245564897544682E-003,
2.487733333333334E+009,2.881262218579650E-003,1.132888486608863E-003,2.819090150296688E-003,1.191340619698167E-003,
2.487766666666667E+009,2.849942538887262E-003,1.106177340261638E-003,2.849704818800092E-003,1.064278301782906E-003,
2.487800000000000E+009,2.896712161600590E-003,1.089469878934324E-003,2.862141933292151E-003,1.032308558933437E-003,
2.487833333333334E+009,2.886897185817361E-003,9.689052239991725E-004,2.903286600485444E-003,9.814951336011291E-004,
2.487866666666667E+009,2.978588920086622E-003,9.080594172701240E-004,2.881380729377270E-003,9.112942498177290E-004,
2.487900000000000E+009,2.904379041865468E-003,8.224881603382528E-004,2.991776680573821E-003,8.542668656446040E-004,
2.487933333333334E+009,3.006543498486280E-003,7.626224542036653E-004,2.970806090161204E-003,8.258005254901946E-004,
2.487966666666667E+009,2.978188684210181E-003,7.448080577887595E-004,3.062620526179671E-003,7.681411225348711E-004,
2.488000000000000E+009,3.006585408002138E-003,6.774914800189436E-004,3.034207271412015E-003,7.069365237839520E-004,
2.488033333333334E+009,3.078174777328968E-003,6.084855995140970E-004,3.049486316740513E-003,6.218596245162189E-004,
2.488066666666667E+009,3.082774346694350E-003,5.984784220345318E-004,3.031524131074548E-003,5.271405098028481E-004,
2.488100000000000E+009,3.126948839053512E-003,4.700909485109150E-004,3.056554123759270E-003,4.147667787037790E-004,
2.488133333333334E+009,3.099952358752489E-003,4.314143443480134E-004,3.097015898674727E-003,3.959077293984592E-004,
2.488166666666667E+009,3.091086167842150E-003,3.345930308569223E-004,3.149843774735928E-003,3.460792941041291E-004,
2.488200000000000E+009,3.106771269813180E-003,2.434040361549705E-004,3.134029917418957E-003,2.818718785420060E-004,
2.488233333333334E+009,3.130219411104918E-003,1.886734826257452E-004,3.055506385862827E-003,2.076467208098620E-004,
2.488266666666667E+009,3.136893035843968E-003,1.057650079019368E-004,3.151845652610064E-003,1.577176444698125E-004,
2.488300000000000E+009,3.169407602399588E-003,3.837199983536266E-005,3.151132026687264E-003,1.056234759744257E-004,
2.488333333333334E+009,3.136127488687635E-003,-3.183350781910121E-005,3.172700526192784E-003,2.195761589973699E-005,
2.488366666666667E+009,3.086006734520197E-003,-1.291482913075015E-004,3.112145699560642E-003,-9.776178922038525E-005,
2.488400000000000E+009,3.235057462006807E-003,-1.560648670420051E-004,3.118238179013133E-003,-1.520293444627896E-004,
2.488433333333334E+009,3.145230701193214E-003,-2.843126421794295E-004,3.200234845280647E-003,-2.100365527439863E-004,
2.488466666666667E+009,3.126034745946527E-003,-3.230871807318181E-004,3.190695540979505E-003,-3.684521070681512E-004,
2.488500000000000E+009,3.119481261819601E-003,-3.166304668411613E-004,3.116171341389418E-003,-4.192872147541493E-004,
2.488533333333334E+009,3.126251976937056E-003,-4.300911969039589E-004,3.066985402256250E-003,-4.421867779456079E-004,
2.488566666666667E+009,3.096020547673106E-003,-5.334155284799635E-004,3.118636552244425E-003,-5.368524580262601E-004,
2.488600000000000E+009,3.053873311728239E-003,-6.253345054574311E-004,3.065006807446480E-003,-6.198250339366496E-004,
2.488633333333334E+009,3.002729732543230E-003,-6.588977994397283E-004,3.066034521907568E-003,-6.978453602641821E-004,
2.488666666666667E+009,3.093563020229340E-003,-7.377705769613385E-004,3.037980990484357E-003,-7.632306660525501E-004,
2.488700000000000E+009,3.050789237022400E-003,-7.895114249549806E-004,3.026678925380111E-003,-8.060047985054553E-004,
2.488733333333334E+009,3.020551521331072E-003,-8.788238628767431E-004,3.004471072927117E-003,-8.899950771592557E-004,
2.488766666666667E+009,2.978996839374304E-003,-9.973619598895311E-004,3.002312267199159E-003,-9.214570745825768E-004,
2.488800000000000E+009,2.984242513775826E-003,-1.025786739774048E-003,2.928506117314100E-003,-1.040132483467460E-003,
2.488833333333334E+009,2.886575879529119E-003,-1.110667246393859E-003,2.960726153105497E-003,-1.073498046025634E-003,
2.488866666666667E+009,2.883835695683956E-003,-1.204779138788581E-003,2.950344234704971E-003,-1.199465943500400E-003,
2.488900000000000E+009,2.878608414903283E-003,-1.232316601090133E-003,2.883508801460266E-003,-1.259808195754886E-003,
2.488933333333334E+009,2.831214806064963E-003,-1.338579226285219E-003,2.869218587875366E-003,-1.294427784159780E-003,
2.488966666666667E+009,2.788948593661189E-003,-1.271190587431192E-003,2.770874649286270E-003,-1.375247607938945E-003,
2.489000000000000E+009,2.749176463112235E-003,-1.396937645040453E-003,2.686271211132407E-003,-1.437133527360857E-003,
2.489033333333334E+009,2.697322517633438E-003,-1.430656062439084E-003,2.708461135625839E-003,-1.450332463718951E-003,
2.489066666666667E+009,2.660019556060433E-003,-1.513665192760527E-003,2.694536233320832E-003,-1.482202787883580E-003,
2.489100000000000E+009,2.592324744910002E-003,-1.587187522090972E-003,2.648957073688507E-003,-1.612391322851181E-003,
2.489133333333334E+009,2.590640215203166E-003,-1.654826337471604E-003,2.618357539176941E-003,-1.653387676924467E-003,
2.489166666666667E+009,2.538581844419241E-003,-1.729467301629484E-003,2.569921314716339E-003,-1.736200181767345E-003,
2.489200000000000E+009,2.495124470442534E-003,-1.798392855562270E-003,2.504631411284208E-003,-1.828529872000217E-003,
2.489233333333334E+009,2.502322429791093E-003,-1.878125825896859E-003,2.474401379004121E-003,-1.895262976177037E-003,
2.489266666666667E+009,2.473747357726097E-003,-1.950686099007726E-003,2.436158014461398E-003,-1.937207533046603E-003,
2.489300000000000E+009,2.429849701002240E-003,-2.038596663624048E-003,2.390395384281874E-003,-1.961360219866037E-003,
2.489333333333334E+009,2.345787594094873E-003,-2.116472693160176E-003,2.356930868700147E-003,-2.081852871924639E-003,
2.489366666666667E+009,2.333355601876974E-003,-2.130082109943032E-003,2.324111992493272E-003,-2.142915735021234E-003,
2.489400000000000E+009,2.263237256556749E-003,-2.232105936855078E-003,2.262031426653266E-003,-2.152916742488742E-003,
2.489433333333334E+009,2.185059944167733E-003,-2.259581116959453E-003,2.191420411691070E-003,-2.261263085529208E-003,
2.489466666666667E+009,2.160962903872132E-003,-2.260793466120958E-003,2.216124674305320E-003,-2.300062449648976E-003,
2.489500000000000E+009,2.180993324145675E-003,-2.373010385781527E-003,2.203743671998382E-003,-2.361450344324112E-003,
2.489533333333334E+009,2.092772163450718E-003,-2.384340623393655E-003,2.068293979391456E-003,-2.418249379843473E-003,
2.489566666666667E+009,2.060151658952236E-003,-2.477127593010664E-003,2.082222374156117E-003,-2.475993009284139E-003,
2.489600000000000E+009,1.963166519999504E-003,-2.504011848941445E-003,1.988814445212483E-003,-2.526347059756517E-003,
2.489633333333334E+009,2.018930623307824E-003,-2.577922074124217E-003,1.968160271644592E-003,-2.558165229856968E-003,
2.489666666666667E+009,1.846415922045708E-003,-2.644437132403255E-003,1.924783457070589E-003,-2.595714991912246E-003,
2.489700000000000E+009,1.826734165661037E-003,-2.631579758599401E-003,1.844322541728616E-003,-2.672620117664337E-003,
2.489733333333334E+009,1.734832534566522E-003,-2.621482592076063E-003,1.776194083504379E-003,-2.682161284610629E-003,
2.489766666666667E+009,1.761142630130053E-003,-2.754976740106940E-003,1.677538850344718E-003,-2.755126217380166E-003,
2.489800000000000E+009,1.612592837773264E-003,-2.746738726273179E-003,1.604894758202136E-003,-2.765128389000893E-003,
2.489833333333334E+009,1.620851340703666E-003,-2.749967621639371E-003,1.591214095242322E-003,-2.776113804429770E-003,
2.489866666666667E+009,1.490275142714381E-003,-2.806376432999969E-003,1.533694681711495E-003,-2.844080328941345E-003,
2.489900000000000E+009,1.472607487812638E-003,-2.878813771530986E-003,1.441312604583800E-003,-2.906746463850141E-003,
2.489933333333334E+009,1.361162285320461E-003,-2.890274394303560E-003,1.388421631418169E-003,-2.935361349955201E-003,
2.489966666666667E+009,1.328860409557819E-003,-2.905942266806960E-003,1.332894898951054E-003,-2.961205784231424E-003,
2.490000000000000E+009,1.260177581571043E-003,-2.858642721548677E-003,1.279882271774113E-003,-2.949221292510629E-003,
2.490033333333334E+009,1.202031387947500E-003,-3.002550220116973E-003,1.142543856985867E-003,-3.047519130632281E-003,
2.490066666666667E+009,1.121773733757436E-003,-3.057212103158236E-003,1.139375963248313E-003,-3.028058214113116E-003,
2.490100000000000E+009,1.003811485134065E-003,-3.089234232902527E-003,1.020524185150862E-003,-3.084551077336073E-003,
2.490133333333334E+009,9.831832721829414E-004,-3.082200419157744E-003,9.621036006137729E-004,-3.126224270090461E-003,
2.490166666666667E+009,8.338292827829719E-004,-3.087626770138741E-003,9.149619145318866E-004,-3.144815331324935E-003,
2.490200000000000E+009,7.149073062464595E-004,-3.106189193204045E-003,7.656289963051677E-004,-3.078194335103035E-003,
2.490233333333334E+009,6.958875455893576E-004,-3.137523541226983E-003,7.068740087561309E-004,-3.132255515083671E-003,
2.490266666666667E+009,5.872551118955016E-004,-3.132650628685951E-003,6.268999422900379E-004,-3.094020532444120E-003,
2.490300000000000E+009,5.379810463637114E-004,-3.183222375810146E-003,5.513414507731795E-004,-3.175752703100443E-003,
2.490333333333334E+009,4.727329942397773E-004,-3.167777555063367E-003,4.844589566346258E-004,-3.179952735081315E-003,
2.490366666666667E+009,4.451008280739188E-004,-3.180773928761482E-003,3.634282329585403E-004,-3.124112030491233E-003,
2.490400000000000E+009,3.578109317459166E-004,-3.148208605125547E-003,2.785197575576603E-004,-3.144460730254650E-003,
2.490433333333334E+009,2.334165765205398E-004,-3.157031955197454E-003,2.455526555422694E-004,-3.116141073405743E-003,
2.490466666666667E+009,2.188103680964559E-004,-3.094947896897793E-003,1.859466719906777E-004,-3.152492921799421E-003,
2.490500000000000E+009,1.184624852612615E-004,-3.120658686384559E-003,1.131230746977963E-004,-3.115192521363497E-003,
2.490533333333334E+009,9.689470607554540E-005,-3.123058471828699E-003,7.915257447166368E-005,-3.083314048126340E-003,
2.490566666666667E+009,4.330784122430487E-006,-3.033918561413884E-003,8.240314855356701E-006,-3.110662568360567E-003,
2.490600000000000E+009,-8.122867438942194E-005,-3.090399550274015E-003,-1.230114576173946E-004,-3.177770879119635E-003,
2.490633333333334E+009,-1.560672972118482E-004,-3.129732096567750E-003,-1.281951263081282E-004,-3.120739245787263E-003,
2.490666666666667E+009,-2.565102768130601E-004,-3.085838165134192E-003,-2.824488037731499E-004,-3.110766876488924E-003,
2.490700000000000E+009,-2.732645079959184E-004,-3.101478796452284E-003,-3.283327387180179E-004,-3.135093487799168E-003,
2.490733333333334E+009,-4.163077101111412E-004,-3.121444024145603E-003,-4.089174908585846E-004,-3.103893948718905E-003,
2.490766666666667E+009,-4.650247574318200E-004,-3.078665817156434E-003,-4.505444085225463E-004,-3.159290179610252E-003,
2.490800000000000E+009,-5.780349019914866E-004,-3.130276454612613E-003,-5.160358850844204E-004,-3.107630647718906E-003,
2.490833333333334E+009,-6.099777529016137E-004,-3.051528707146645E-003,-6.149777327664197E-004,-3.073942381888628E-003,
2.490866666666667E+009,-6.582522182725370E-004,-3.073473693802953E-003,-7.064072415232658E-004,-3.079086542129517E-003,
2.490900000000000E+009,-7.451612036675215E-004,-3.057358087971807E-003,-7.537974743172526E-004,-3.059446811676025E-003,
2.490933333333334E+009,-8.403210085816681E-004,-3.008464816957712E-003,-8.211976964958012E-004,-3.065155353397131E-003,
2.490966666666667E+009,-9.217252372764051E-004,-3.028038190677762E-003,-9.069609805010259E-004,-3.092970233410597E-003,
2.491000000000000E+009,-9.919455042108893E-004,-3.001553239300847E-003,-1.009138068184257E-003,-3.016198752447963E-003,
2.491033333333334E+009,-1.038546208292246E-003,-2.937749726697803E-003,-1.076737069524825E-003,-2.979425946250558E-003,
2.491066666666667E+009,-1.097129774279892E-003,-2.997144591063261E-003,-1.130343182012439E-003,-2.959250705316663E-003,
2.491100000000000E+009,-1.184986089356244E-003,-2.988163148984313E-003,-1.172678545117378E-003,-2.979374257847667E-003,
2.491133333333334E+009,-1.251691486686468E-003,-2.903924556449056E-003,-1.240270445123315E-003,-2.897504484280944E-003,
2.491166666666667E+009,-1.313728513196111E-003,-2.848767908290029E-003,-1.324942568317056E-003,-2.878764178603888E-003,
2.491200000000000E+009,-1.374604762531817E-003,-2.840800909325481E-003,-1.459771650843322E-003,-2.865236019715667E-003,
2.491233333333334E+009,-1.390863792039454E-003,-2.902682172134519E-003,-1.432997873052955E-003,-2.842832822352648E-003,
2.491266666666667E+009,-1.500206533819437E-003,-2.852419624105096E-003,-1.537680393084884E-003,-2.766875550150871E-003,
2.491300000000000E+009,-1.579447998665273E-003,-2.771233441308141E-003,-1.566913677379489E-003,-2.788516227155924E-003,
2.491333333333334E+009,-1.646448159590364E-003,-2.713697496801615E-003,-1.673928345553577E-003,-2.792628947645426E-003,
2.491366666666667E+009,-1.713564386591315E-003,-2.721994649618864E-003,-1.734204473905265E-003,-2.669613342732191E-003,
2.491400000000000E+009,-1.796458032913506E-003,-2.661596518009901E-003,-1.766555360518396E-003,-2.628169022500515E-003,
2.491433333333334E+009,-1.794232986867428E-003,-2.593435579910874E-003,-1.825698185712099E-003,-2.647158224135637E-003,
2.491466666666667E+009,-1.936652814038098E-003,-2.592086559161544E-003,-1.885261735878885E-003,-2.583727007731795E-003,
2.491500000000000E+009,-1.950936275534332E-003,-2.513320185244083E-003,-1.967446180060506E-003,-2.538508502766490E-003,
2.491533333333334E+009,-1.988900825381279E-003,-2.461739582940936E-003,-2.009903080761433E-003,-2.485986333340406E-003,
2.491566666666667E+009,-2.028577495366335E-003,-2.448681509122253E-003,-2.090507652610540E-003,-2.419634023681283E-003,
2.491600000000000E+009,-2.107120351865888E-003,-2.373052528128028E-003,-2.172404434531927E-003,-2.412584377452731E-003,
2.491633333333334E+009,-2.195087494328618E-003,-2.303706947714090E-003,-2.136853057891130E-003,-2.372456016018987E-003,
2.491666666666667E+009,-2.215947257354856E-003,-2.251593396067619E-003,-2.208483871072531E-003,-2.242919057607651E-003,
2.491700000000000E+009,-2.257296582683921E-003,-2.207479905337095E-003,-2.281346358358860E-003,-2.215422457084060E-003,
2.491733333333334E+009,-2.354002324864268E-003,-2.170807914808393E-003,-2.329573966562748E-003,-2.143317367881537E-003,
2.491766666666667E+009,-2.408589469268918E-003,-2.091519767418504E-003,-2.390901558101177E-003,-2.088262233883143E-003,
2.491800000000000E+009,-2.422361634671688E-003,-2.007242757827044E-003,-2.417525975033641E-003,-2.051675692200661E-003,
2.491833333333334E+009,-2.400368219241500E-003,-1.975700724869967E-003,-2.497025299817324E-003,-1.969164470210671E-003,
2.491866666666667E+009,-2.511429367586970E-003,-1.927999313920736E-003,-2.528520533815026E-003,-1.879951800219715E-003,
2.491900000000000E+009,-2.540619578212500E-003,-1.839137054048479E-003,-2.532833488658071E-003,-1.806007931008935E-003,
2.491933333333334E+009,-2.587733557447791E-003,-1.801602309569717E-003,-2.573558827862144E-003,-1.758602797053754E-003,
2.491966666666667E+009,-2.629088470712304E-003,-1.721075270324945E-003,-2.627053996548057E-003,-1.720872707664967E-003,
2.492000000000000E+009,-2.657464006915689E-003,-1.660043722949922E-003,-2.666241023689508E-003,-1.604749821126461E-003,
2.492033333333334E+009,-2.686943858861923E-003,-1.568678650073707E-003,-2.746299142017961E-003,-1.573042478412390E-003,
2.492066666666667E+009,-2.706622937694192E-003,-1.512786489911377E-003,-2.735119313001633E-003,-1.469788607209921E-003,
2.492100000000000E+009,-2.763933269307017E-003,-1.432803343050182E-003,-2.696291543543339E-003,-1.384308678098023E-003,
2.492133333333334E+009,-2.678524004295468E-003,-1.363876042887569E-003,-2.771594561636448E-003,-1.324548735283315E-003,
2.492166666666667E+009,-2.739080460742116E-003,-1.300137722864747E-003,-2.722491044551134E-003,-1.259222626686096E-003,
2.492200000000000E+009,-2.797860652208328E-003,-1.243709470145404E-003,-2.764735138043761E-003,-1.242795493453741E-003,
2.492233333333334E+009,-2.754566492512822E-003,-1.230031601153314E-003,-2.784185810014606E-003,-1.151380944065750E-003,
2.492266666666667E+009,-2.839252352714539E-003,-1.066192053258419E-003,-2.854434307664633E-003,-1.127783325500786E-003,
2.492300000000000E+009,-2.874330617487431E-003,-1.011873711831868E-003,-2.887878799811006E-003,-1.035029534250498E-003,
2.492333333333334E+009,-2.881601219996810E-003,-9.518178994767368E-004,-2.884475048631430E-003,-1.006637234240770E-003,
2.492366666666667E+009,-2.857058076187968E-003,-8.835708140395582E-004,-2.895710989832878E-003,-8.888200973160565E-004,
2.492400000000000E+009,-2.962814643979073E-003,-7.851624977774918E-004,-2.974031493067741E-003,-8.160204743035138E-004,
2.492433333333334E+009,-2.951063914224505E-003,-7.691921200603247E-004,-2.977235242724419E-003,-7.230350747704506E-004,
2.492466666666667E+009,-2.975507872179151E-003,-7.130383746698499E-004,-2.975146519020200E-003,-6.716669304296374E-004,
2.492500000000000E+009,-2.978659933432937E-003,-5.809829453937709E-004,-3.002987941727042E-003,-5.832853494212031E-004,
2.492533333333334E+009,-3.002860117703676E-003,-5.124650197103620E-004,-3.017180133610964E-003,-4.841205955017358E-004,
2.492566666666667E+009,-3.023743396624923E-003,-4.463451914489269E-004,-3.072563791647553E-003,-3.988689277321100E-004,
2.492600000000000E+009,-3.065425204113126E-003,-3.609957348089665E-004,-3.106871852651238E-003,-3.263409889768809E-004,
2.492633333333334E+009,-3.050965722650290E-003,-3.147255920339376E-004,-3.127512056380510E-003,-2.931148628704250E-004,
2.492666666666667E+009,-3.039104631170631E-003,-2.817540080286562E-004,-3.065294120460749E-003,-2.249792160000652E-004,
2.492700000000000E+009,-3.070197068154812E-003,-2.309807605342940E-004,-3.097127890214324E-003,-1.526893465779722E-004,
2.492733333333334E+009,-3.054612549021840E-003,-8.526313467882574E-005,-3.076595719903708E-003,-1.608894817763940E-004,
2.492766666666667E+009,-3.009710693731904E-003,-4.028190960525535E-005,-3.108385251834989E-003,-2.718410178204067E-005,
2.492800000000000E+009,-3.034062916412950E-003,3.521437974995934E-005,-3.180193714797497E-003,6.332474004011601E-005,
2.492833333333334E+009,-3.042244585230947E-003,1.023376244120300E-004,-3.101370530202985E-003,1.068634883267805E-004,
2.492866666666667E+009,-3.138604341074824E-003,1.298267452511936E-004,-3.113446990028024E-003,1.383743074256927E-004,
2.492900000000000E+009,-3.034125315025449E-003,2.090874622808769E-004,-3.062093630433083E-003,1.999685191549361E-004,
2.492933333333334E+009,-3.040058072656393E-003,2.334405289730057E-004,-3.106338903307915E-003,2.633144322317094E-004,
2.492966666666667E+009,-3.039471339434385E-003,3.935926943086088E-004,-3.049382474273443E-003,3.710258752107620E-004,
2.493000000000000E+009,-3.057771828025580E-003,4.241873975843191E-004,-3.072468563914299E-003,4.389967944007367E-004,
2.493033333333334E+009,-3.107844851911068E-003,5.126874311827123E-004,-3.062547650188208E-003,4.951374721713364E-004,
2.493066666666667E+009,-2.994731301441789E-003,5.577803240157664E-004,-3.019379917532206E-003,5.710721015930176E-004,
2.493100000000000E+009,-2.988789463415742E-003,6.400552229024470E-004,-2.977146301418543E-003,6.509811501018703E-004,
2.493133333333334E+009,-3.026352031156421E-003,7.072644075378776E-004,-2.982607809826732E-003,7.015507435426116E-004,
2.493166666666667E+009,-2.904236782342196E-003,7.817742298357189E-004,-3.019161056727171E-003,7.776868296787143E-004,
2.493200000000000E+009,-2.894220408052206E-003,8.798713097348809E-004,-2.962178084999323E-003,8.845587144605815E-004,
2.493233333333334E+009,-2.847761148586869E-003,8.491632761433721E-004,-2.938831225037575E-003,9.135908330790699E-004,
2.493266666666667E+009,-2.896394347772002E-003,9.628586703911424E-004,-2.818379085510969E-003,9.843736188486219E-004,
2.493300000000000E+009,-2.853849204257131E-003,1.006809412501752E-003,-2.871321747079492E-003,1.039496273733676E-003,
2.493333333333334E+009,-2.811459125950933E-003,1.083495444618166E-003,-2.833389444276691E-003,1.120895962230861E-003,
2.493366666666667E+009,-2.788926940411329E-003,1.171698560938239E-003,-2.779774833470583E-003,1.232835347764194E-003,
2.493400000000000E+009,-2.712501911446452E-003,1.181432395242155E-003,-2.780628390610218E-003,1.263680867850781E-003,
2.493433333333334E+009,-2.722794888541102E-003,1.337105990387499E-003,-2.766710007563233E-003,1.338764443062246E-003,
2.493466666666667E+009,-2.666719956323504E-003,1.361244590952992E-003,-2.631871029734612E-003,1.441313419491053E-003,
2.493500000000000E+009,-2.577377017587423E-003,1.411160686984658E-003,-2.621829276904464E-003,1.445625093765557E-003,
2.493533333333334E+009,-2.547828480601311E-003,1.443809131160379E-003,-2.554449951276183E-003,1.489755930379033E-003,
2.493566666666667E+009,-2.558445557951927E-003,1.507383887656033E-003,-2.497011562809348E-003,1.535341260023415E-003,
2.493600000000000E+009,-2.484684344381094E-003,1.581569202244282E-003,-2.447443781420589E-003,1.626264303922653E-003,
2.493633333333334E+009,-2.399886958301067E-003,1.572820940054953E-003,-2.409603446722031E-003,1.605631434358656E-003,
2.493666666666667E+009,-2.427059924229980E-003,1.627445453777909E-003,-2.357680350542069E-003,1.666673459112644E-003,
2.493700000000000E+009,-2.339866943657398E-003,1.696878578513861E-003,-2.353999763727188E-003,1.679436303675175E-003,
2.493733333333334E+009,-2.338928868994117E-003,1.720665022730827E-003,-2.339008031412959E-003,1.718823681585491E-003,
2.493766666666667E+009,-2.272334881126881E-003,1.800471916794777E-003,-2.217363100498915E-003,1.802353071980178E-003,
2.493800000000000E+009,-2.185967983677983E-003,1.813952112570405E-003,-2.205503173172474E-003,1.897114212624729E-003,
2.493833333333334E+009,-2.136353868991137E-003,1.908167032524943E-003,-2.191453939303756E-003,1.892323838546872E-003,
2.493866666666667E+009,-2.155762398615480E-003,1.921311137266457E-003,-2.140900818631053E-003,1.937274239026010E-003,
2.493900000000000E+009,-2.092963783070445E-003,2.007139148190618E-003,-2.087625674903393E-003,1.995298778638244E-003,
2.493933333333334E+009,-2.001584274694324E-003,1.985603244975209E-003,-2.112485701218247E-003,2.079964615404606E-003,
2.493966666666667E+009,-1.979504246264696E-003,2.136176684871316E-003,-1.993203302845359E-003,2.180099021643400E-003,
2.494000000000000E+009,-1.985358772799373E-003,2.147349063307047E-003,-1.934534520842135E-003,2.175551839172840E-003,
2.494033333333334E+009,-1.965484814718366E-003,2.248738892376423E-003,-1.965216360986233E-003,2.240981673821807E-003,
2.494066666666667E+009,-1.827110419981182E-003,2.279477892443538E-003,-1.880730269476771E-003,2.288511488586664E-003,
2.494100000000000E+009,-1.839168136939406E-003,2.297917613759637E-003,-1.829145243391395E-003,2.295423764735460E-003,
2.494133333333334E+009,-1.755730132572353E-003,2.349410206079483E-003,-1.748770824633539E-003,2.346178749576211E-003,
2.494166666666667E+009,-1.743045868352056E-003,2.382877748459578E-003,-1.687705516815186E-003,2.398130018264055E-003,
2.494200000000000E+009,-1.726973219774663E-003,2.419866854324937E-003,-1.659932546317577E-003,2.399437595158815E-003,
2.494233333333334E+009,-1.600462594069541E-003,2.480132505297661E-003,-1.599292154423893E-003,2.475740388035774E-003,
2.494266666666667E+009,-1.588125713169575E-003,2.466071164235473E-003,-1.576098962686956E-003,2.485699718818069E-003,
2.494300000000000E+009,-1.514698029495776E-003,2.558852778747678E-003,-1.499901642091572E-003,2.573142293840647E-003,
2.494333333333334E+009,-1.461588777601719E-003,2.514350693672895E-003,-1.448571099899709E-003,2.540091751143336E-003,
2.494366666666667E+009,-1.411469653248787E-003,2.586214104667306E-003,-1.347906887531281E-003,2.587867435067892E-003,
2.494400000000000E+009,-1.297164708375931E-003,2.626997185871005E-003,-1.278346870094538E-003,2.635262208059430E-003,
2.494433333333334E+009,-1.276015653274953E-003,2.631727373227477E-003,-1.304267090745270E-003,2.630834467709065E-003,
2.494466666666667E+009,-1.226726104505360E-003,2.699489239603281E-003,-1.251117209903896E-003,2.693583490327001E-003,
2.494500000000000E+009,-1.127144321799278E-003,2.708669286221266E-003,-1.104717724956572E-003,2.777757123112679E-003,
2.494533333333334E+009,-1.076581538654864E-003,2.708747517317534E-003,-1.091281417757273E-003,2.696616109460592E-003,
2.494566666666667E+009,-9.638163028284907E-004,2.762811025604606E-003,-1.052927691489458E-003,2.807753859087825E-003,
2.494600000000000E+009,-1.009269617497921E-003,2.792612649500370E-003,-9.246170520782471E-004,2.801869995892048E-003,
2.494633333333334E+009,-9.203027584590018E-004,2.779958536848426E-003,-8.813942549750209E-004,2.826404059305787E-003,
2.494666666666667E+009,-8.517835522070527E-004,2.836812054738402E-003,-8.373348973691464E-004,2.831063931807876E-003,
2.494700000000000E+009,-7.566847489215434E-004,2.808595541864634E-003,-7.905334932729602E-004,2.846731571480632E-003,
2.494733333333334E+009,-7.309133652597666E-004,2.844578819349408E-003,-7.199603132903576E-004,2.833573380485177E-003,
2.494766666666667E+009,-5.936030065640807E-004,2.862826688215137E-003,-5.826650885865092E-004,2.909271977841854E-003,
2.494800000000000E+009,-6.100675673224032E-004,2.885302063077688E-003,-5.298386095091701E-004,2.895506098866463E-003,
2.494833333333334E+009,-5.054151406511664E-004,2.848463598638773E-003,-5.174877587705851E-004,2.916882047429681E-003,
2.494866666666667E+009,-4.100672958884388E-004,2.890953561291099E-003,-4.356345161795616E-004,2.847797004505992E-003,
2.494900000000000E+009,-4.011614364571869E-004,2.871649339795113E-003,-3.969410317949951E-004,2.862925175577402E-003,
2.494933333333334E+009,-3.468453360255808E-004,2.895354293286800E-003,-3.233304887544364E-004,2.935856347903609E-003,
2.494966666666667E+009,-2.457270165905356E-004,2.847549505531788E-003,-2.502244897186756E-004,2.888634335249662E-003,
2.495000000000000E+009,-1.673911465331912E-004,2.889464376494288E-003,-1.215966840391047E-004,2.891576848924160E-003,
2.495033333333334E+009,-8.149856876116246E-005,2.851658267900348E-003,-1.061644652509131E-004,2.868540585041046E-003,
2.495066666666667E+009,2.954123556264676E-005,2.863659290596843E-003,-3.232733797631227E-005,2.830493962392211E-003,
2.495100000000000E+009,6.156008021207526E-005,2.865560352802277E-003,6.967470835661516E-005,2.843882655724883E-003,
2.495133333333334E+009,6.974566349526867E-005,2.838334068655968E-003,1.198356694658287E-004,2.845614450052381E-003,
2.495166666666667E+009,1.838530151871964E-004,2.813716186210513E-003,2.280346234329045E-004,2.832937519997358E-003,
2.495200000000000E+009,2.368569694226608E-004,2.823912538588047E-003,2.772396837826818E-004,2.818101318553090E-003,
2.495233333333334E+009,2.567587362136692E-004,2.786311320960522E-003,2.913475909736008E-004,2.804147079586983E-003,
2.495266666666667E+009,3.655589243862778E-004,2.763016149401665E-003,3.846612235065550E-004,2.740066498517990E-003,
2.495300000000000E+009,4.109991714358330E-004,2.679927740246058E-003,4.027628747280687E-004,2.702707657590509E-003,
2.495333333333334E+009,4.566282441373915E-004,2.695337170735002E-003,4.688224289566279E-004,2.756913192570210E-003,
2.495366666666667E+009,5.142925656400621E-004,2.720952732488513E-003,5.209029186517000E-004,2.633698983117938E-003,
2.495400000000000E+009,5.614195833913982E-004,2.639598911628127E-003,6.052572862245143E-004,2.631877316161990E-003,
2.495433333333334E+009,5.868752487003803E-004,2.668029628694058E-003,6.486910278908908E-004,2.636306919157505E-003,
2.495466666666667E+009,7.056227186694741E-004,2.677583135664463E-003,7.110510487109423E-004,2.591809723526239E-003,
2.495500000000000E+009,7.645825389772654E-004,2.605003304779530E-003,8.370460127480328E-004,2.605821238830686E-003,
2.495533333333334E+009,8.945879526436329E-004,2.666296204552054E-003,8.748694672249258E-004,2.592221600934863E-003,
2.495566666666667E+009,9.704184485599399E-004,2.621632302179933E-003,9.523897897452116E-004,2.634993521496654E-003,
2.495600000000000E+009,9.239931823685765E-004,2.562333131209016E-003,1.022893004119396E-003,2.597817219793797E-003,
2.495633333333334E+009,1.087958575226367E-003,2.576800994575024E-003,1.076781773008406E-003,2.531043021008372E-003,
2.495666666666667E+009,1.077968510799110E-003,2.526406664401293E-003,1.116560422815383E-003,2.521752147004008E-003,
2.495700000000000E+009,1.114738639444113E-003,2.465392230078578E-003,1.183653133921325E-003,2.562120556831360E-003,
2.495733333333334E+009,1.190491369925439E-003,2.519348869100213E-003,1.214577350765467E-003,2.521783346310258E-003,
2.495766666666667E+009,1.224125619046390E-003,2.488826634362340E-003,1.264900085516274E-003,2.442507771775127E-003,
2.495800000000000E+009,1.312606502324343E-003,2.476281952112913E-003,1.341125345788896E-003,2.396042691543698E-003,
2.495833333333334E+009,1.353862346149981E-003,2.403212478384376E-003,1.413081889040768E-003,2.382414182648063E-003,
2.495866666666667E+009,1.431241864338517E-003,2.340160543099046E-003,1.458890037611127E-003,2.368699526414275E-003,
2.495900000000000E+009,1.498162280768156E-003,2.418635878711939E-003,1.507107052020729E-003,2.337215933948755E-003,
2.495933333333334E+009,1.561978831887245E-003,2.308908849954605E-003,1.563378493301570E-003,2.328485948964953E-003,
2.495966666666667E+009,1.561914454214275E-003,2.277799881994724E-003,1.606315840035677E-003,2.314645331352949E-003,
2.496000000000000E+009,1.666010590270162E-003,2.208115998655558E-003,1.637871493585408E-003,2.239038003608584E-003,
2.496033333333334E+009,1.684743678197265E-003,2.188232261687517E-003,1.667882432229817E-003,2.223046263679862E-003,
2.496066666666667E+009,1.719468389637768E-003,2.173408400267363E-003,1.722076558507979E-003,2.205816563218832E-003,
2.496100000000000E+009,1.754093216732144E-003,2.138659125193954E-003,1.825441024266183E-003,2.119026379659772E-003,
2.496133333333334E+009,1.826433581300080E-003,2.041708910837770E-003,1.829398446716368E-003,2.108467742800713E-003,
2.496166666666667E+009,1.840875367633998E-003,1.984280301257968E-003,1.860872260294855E-003,2.044894034042954E-003,
2.496200000000000E+009,1.914877560921013E-003,2.040561521425843E-003,1.898678485304117E-003,1.955141313374043E-003,
2.496233333333334E+009,1.990085700526834E-003,1.942466828040779E-003,1.963436603546143E-003,1.966824987903237E-003,
2.496266666666667E+009,1.990472897887230E-003,1.940852380357683E-003,1.993309240788221E-003,1.908049220219255E-003,
2.496300000000000E+009,1.976683968678117E-003,1.866025384515524E-003,2.063918625935912E-003,1.785781118087471E-003,
2.496333333333334E+009,2.072992268949747E-003,1.808653934858739E-003,2.147702034562826E-003,1.797895296476781E-003,
2.496366666666667E+009,2.150443848222494E-003,1.799381803721190E-003,2.079529920592904E-003,1.769573660567403E-003,
2.496400000000000E+009,2.103670965880156E-003,1.718677929602563E-003,2.199661917984486E-003,1.700053224340081E-003,
2.496433333333334E+009,2.222149632871151E-003,1.617378438822925E-003,2.177921589463949E-003,1.641907030716538E-003,
2.496466666666667E+009,2.245602197945118E-003,1.550938468426466E-003,2.248873934149742E-003,1.565767801366746E-003,
2.496500000000000E+009,2.220289083197713E-003,1.537182717584074E-003,2.261891961097717E-003,1.586713711731136E-003,
2.496533333333334E+009,2.318610902875662E-003,1.483009546063840E-003,2.332071308046579E-003,1.437042606994510E-003,
2.496566666666667E+009,2.331604948267341E-003,1.456816098652780E-003,2.265637042000890E-003,1.410891185514629E-003,
2.496600000000000E+009,2.348601119592786E-003,1.375280437059701E-003,2.365275053307414E-003,1.388479257002473E-003,
2.496633333333334E+009,2.328336471691728E-003,1.302381162531674E-003,2.327583031728864E-003,1.264553633518517E-003,
2.496666666666667E+009,2.321857260540128E-003,1.248562941327691E-003,2.378821838647127E-003,1.215820084325969E-003,
2.496700000000000E+009,2.359322039410472E-003,1.163328182883561E-003,2.367846202105284E-003,1.105377799831331E-003,
2.496733333333334E+009,2.423311350867152E-003,1.114436425268650E-003,2.338085789233446E-003,1.078664092347026E-003,
2.496766666666667E+009,2.383547136560082E-003,1.093760249204934E-003,2.374008065089583E-003,1.091093407012522E-003,
2.496800000000000E+009,2.405174775049090E-003,9.882154408842325E-004,2.375323092564941E-003,9.854973759502173E-004,
2.496833333333334E+009,2.388446358963847E-003,9.469951037317514E-004,2.384386491030455E-003,9.114515269175172E-004,
2.496866666666667E+009,2.421749988570809E-003,9.256990742869675E-004,2.433209447190166E-003,9.317825315520167E-004,
2.496900000000000E+009,2.429514424875379E-003,8.811558363959193E-004,2.439394127577543E-003,8.696242584846914E-004,
2.496933333333334E+009,2.433603163808584E-003,7.669397746212781E-004,2.474504522979260E-003,7.823623600415885E-004,
2.496966666666667E+009,2.409744542092085E-003,7.150557357817888E-004,2.484781900420785E-003,7.127689314074814E-004,
2.497000000000000E+009,2.495693275704980E-003,6.040763691999018E-004,2.481274539604783E-003,6.923954351805151E-004,
2.497033333333334E+009,2.511965110898018E-003,5.811515729874373E-004,2.573848469182849E-003,5.935066728852689E-004,
2.497066666666667E+009,2.506118267774582E-003,5.445162532851100E-004,2.520189154893160E-003,5.205117631703615E-004,
2.497100000000000E+009,2.533026738092303E-003,4.786029458045960E-004,2.530210418626666E-003,4.840251640416682E-004,
2.497133333333334E+009,2.597906393930316E-003,4.377108707558364E-004,2.561756176874042E-003,4.811462713405490E-004,
2.497166666666667E+009,2.530166413635016E-003,3.488171496428549E-004,2.622298896312714E-003,3.673707833513618E-004,
2.497200000000000E+009,2.581820590421557E-003,3.539709432516247E-004,2.575129270553589E-003,2.984373131766915E-004,
2.497233333333334E+009,2.580522326752543E-003,2.593898097984493E-004,2.587877213954926E-003,2.808636054396629E-004,
2.497266666666667E+009,2.547699492424727E-003,2.303866203874350E-004,2.563211601227522E-003,2.027876762440428E-004,
2.497300000000000E+009,2.580924890935421E-003,1.435754384147003E-004,2.583958907052875E-003,1.710490323603153E-004,
2.497333333333334E+009,2.546024275943637E-003,5.087556928629056E-005,2.636894816532731E-003,7.714823732385412E-005,
2.497366666666667E+009,2.645215252414346E-003,7.566777640022337E-005,2.588764997199178E-003,5.150793367647566E-005,
2.497400000000000E+009,2.588258823379874E-003,-8.283201168524101E-005,2.643893007189035E-003,-8.098637044895440E-005,
2.497433333333334E+009,2.584438072517514E-003,-7.413590356009081E-005,2.609648508951068E-003,-9.559025056660175E-005,
2.497466666666667E+009,2.675420837476850E-003,-5.934866931056604E-005,2.608083421364427E-003,-1.255652023246512E-004,
2.497500000000000E+009,2.569505712017417E-003,-1.770291710272431E-004,2.658802550286055E-003,-2.311933058081195E-004,
2.497533333333334E+009,2.587272087112069E-003,-1.854930305853486E-004,2.585697686299682E-003,-3.038945433218032E-004,
2.497566666666667E+009,2.587962429970503E-003,-3.079240559600294E-004,2.616210840642452E-003,-2.809765283018351E-004,
2.497600000000000E+009,2.585430163890123E-003,-3.751145850401372E-004,2.570317359641194E-003,-3.371634520590305E-004,
2.497633333333334E+009,2.636583521962166E-003,-3.848003398161382E-004,2.594271674752235E-003,-4.287235497031361E-004,
2.497666666666667E+009,2.551032695919275E-003,-4.780954914167523E-004,2.537390915676951E-003,-4.437616735231131E-004,
2.497700000000000E+009,2.552456688135862E-003,-5.233260453678668E-004,2.574437530711293E-003,-5.143002490513027E-004,
2.497733333333334E+009,2.498012036085129E-003,-6.009801873005927E-004,2.523888368159533E-003,-5.646222853101790E-004,
2.497766666666667E+009,2.462606644257903E-003,-6.748046143911779E-004,2.515270607545972E-003,-6.414629751816392E-004,
2.497800000000000E+009,2.518246648833156E-003,-7.890934939496219E-004,2.466955687850714E-003,-6.995436269789934E-004,
2.497833333333334E+009,2.470685169100761E-003,-6.855534156784415E-004,2.420615870505571E-003,-7.297135307453573E-004,
2.497866666666667E+009,2.447372535243630E-003,-7.773697143420577E-004,2.522123744711280E-003,-8.064663852564991E-004,
2.497900000000000E+009,2.464108634740114E-003,-8.628389914520085E-004,2.429566811770201E-003,-8.085856679826975E-004,
2.497933333333334E+009,2.390730893239379E-003,-9.442325681447983E-004,2.403971739113331E-003,-9.136195294559002E-004,
2.497966666666667E+009,2.348828827962279E-003,-9.437482804059982E-004,2.380251884460449E-003,-9.969262173399329E-004,
2.498000000000000E+009,2.368677873164415E-003,-9.781343396753073E-004,2.355671022087336E-003,-1.022477285005152E-003,
2.498033333333334E+009,2.328693866729736E-003,-1.058616908267140E-003,2.328470349311829E-003,-1.081674243323505E-003,
2.498066666666667E+009,2.290837233886123E-003,-1.099302782677114E-003,2.272389130666852E-003,-1.123706810176373E-003,
2.498100000000000E+009,2.285574562847614E-003,-1.137875835411251E-003,2.249656245112419E-003,-1.190909300930798E-003,
2.498133333333334E+009,2.261188579723239E-003,-1.223710365593433E-003,2.241546986624599E-003,-1.229198416694999E-003,
2.498166666666667E+009,2.213759114965797E-003,-1.293424284085631E-003,2.137739444151521E-003,-1.269854023121297E-003,
2.498200000000000E+009,2.218557754531503E-003,-1.284212688915432E-003,2.140787895768881E-003,-1.376819913275540E-003,
2.498233333333334E+009,2.117601921781898E-003,-1.377199427224696E-003,2.147417748346925E-003,-1.373843406327069E-003,
2.498266666666667E+009,2.130093052983284E-003,-1.371827092953026E-003,2.003145636990666E-003,-1.350517151877284E-003,
2.498300000000000E+009,2.031647833064199E-003,-1.438267645426095E-003,2.031085779890418E-003,-1.446118345484138E-003,
2.498333333333334E+009,1.961855450645089E-003,-1.493269810453057E-003,1.921552233397961E-003,-1.473259530030191E-003,
2.498366666666667E+009,1.950326608493924E-003,-1.557993819005787E-003,1.932860934175551E-003,-1.538334181532264E-003,
2.498400000000000E+009,1.862475415691733E-003,-1.500195474363864E-003,1.845634658820927E-003,-1.543590915389359E-003,
2.498433333333334E+009,1.858409610576928E-003,-1.536262920126319E-003,1.814185176044703E-003,-1.513117924332619E-003,
2.498466666666667E+009,1.718148007057607E-003,-1.526073669083417E-003,1.804944593459368E-003,-1.544689876027405E-003,
2.498500000000000E+009,1.831489615142345E-003,-1.633046544156969E-003,1.836956362240017E-003,-1.607430051080883E-003,
2.498533333333334E+009,1.711913617327809E-003,-1.667344360612333E-003,1.752039999701083E-003,-1.642268965952098E-003,
2.498566666666667E+009,1.641124719753861E-003,-1.633343403227627E-003,1.716797356493771E-003,-1.616358640603721E-003,
2.498600000000000E+009,1.634161220863462E-003,-1.727628754451871E-003,1.597918220795691E-003,-1.722345943562686E-003,
2.498633333333334E+009,1.636767527088523E-003,-1.698970561847091E-003,1.618360402062535E-003,-1.708268304355443E-003,
2.498666666666667E+009,1.549819367937744E-003,-1.752218697220087E-003,1.556250266730785E-003,-1.835935865528882E-003,
2.498700000000000E+009,1.482530497014523E-003,-1.890981337055564E-003,1.525294734165072E-003,-1.892533386126161E-003,
2.498733333333334E+009,1.441719476133585E-003,-1.893572043627501E-003,1.477422891184688E-003,-1.885847537778318E-003,
2.498766666666667E+009,1.435709651559591E-003,-1.892819651402533E-003,1.442093634977937E-003,-1.897401874884963E-003,
2.498800000000000E+009,1.402074005454779E-003,-1.893939333967865E-003,1.400210894644260E-003,-1.889931270852685E-003,
2.498833333333334E+009,1.378595945425332E-003,-1.994190737605095E-003,1.347319339402020E-003,-2.037874190136790E-003,
2.498866666666667E+009,1.254602801054716E-003,-2.002447843551636E-003,1.279686344787478E-003,-2.005944494158030E-003,
2.498900000000000E+009,1.250770874321461E-003,-2.021750668063760E-003,1.259073847904801E-003,-2.024907618761063E-003,
2.498933333333334E+009,1.235253759659827E-003,-2.029557945206761E-003,1.186312409117818E-003,-2.086073625832796E-003,
2.498966666666667E+009,1.155596808530390E-003,-2.130276989191771E-003,1.144362846389413E-003,-2.126032253727317E-003,
2.499000000000000E+009,1.091702259145677E-003,-2.111533656716347E-003,1.141225220635533E-003,-2.152566565200687E-003,
2.499033333333334E+009,1.095068990252912E-003,-2.113993512466550E-003,1.107613788917661E-003,-2.155186841264367E-003,
2.499066666666667E+009,1.030314131639898E-003,-2.210025209933519E-003,1.043506548739970E-003,-2.135942457243800E-003,
2.499100000000000E+009,1.006632228381932E-003,-2.169018611311913E-003,9.991382248699665E-004,-2.232110127806664E-003,
2.499133333333334E+009,9.026796906255186E-004,-2.184113254770637E-003,9.320420213043690E-004,-2.203647745773196E-003,
2.499166666666667E+009,8.634640253148973E-004,-2.199155045673251E-003,8.748330874368548E-004,-2.204406540840864E-003,
2.499200000000000E+009,8.723026257939637E-004,-2.266787225380540E-003,8.420727099291980E-004,-2.292869845405221E-003,
2.499233333333334E+009,7.996124331839383E-004,-2.274646889418364E-003,8.766074897721410E-004,-2.251303987577558E-003,
2.499266666666667E+009,7.345345802605152E-004,-2.293834928423166E-003,7.738830172456801E-004,-2.275433158501983E-003,
2.499300000000000E+009,6.601809291169047E-004,-2.305136295035482E-003,6.948227528482676E-004,-2.276306040585041E-003,
2.499333333333334E+009,6.436328985728324E-004,-2.371962647885084E-003,6.352968630380929E-004,-2.359135076403618E-003,
2.499366666666667E+009,5.990061908960342E-004,-2.317386213690043E-003,5.692707491107285E-004,-2.333255717530847E-003,
2.499400000000000E+009,5.349975544959307E-004,-2.332179341465235E-003,5.654338165186346E-004,-2.327856840565801E-003,
2.499433333333334E+009,5.445539718493819E-004,-2.325054723769426E-003,4.808433877769858E-004,-2.361283171921969E-003,
2.499466666666667E+009,3.899532312061638E-004,-2.344500971958041E-003,4.346451605670154E-004,-2.361030783504248E-003,
2.499500000000000E+009,3.974677820224315E-004,-2.357103629037738E-003,3.716224164236337E-004,-2.301064552739263E-003,
2.499533333333334E+009,3.073844127357006E-004,-2.365426858887076E-003,3.256684867665172E-004,-2.346261870115995E-003,
2.499566666666667E+009,3.025591431651264E-004,-2.345227869227529E-003,2.253139391541481E-004,-2.317470032721758E-003,
2.499600000000000E+009,2.269164251629263E-004,-2.362477127462626E-003,2.011903998209164E-004,-2.370763104408979E-003,
2.499633333333334E+009,1.597430091351271E-004,-2.342801075428724E-003,1.536199124529958E-004,-2.319622086361051E-003,
2.499666666666667E+009,1.141176107921638E-004,-2.291813259944320E-003,1.121048117056489E-004,-2.315228572115302E-003,
2.499700000000000E+009,4.272354999557138E-005,-2.318466547876597E-003,7.555136107839644E-005,-2.333142561838031E-003,
2.499733333333334E+009,3.811326905633905E-006,-2.314697485417128E-003,-1.157534916274017E-005,-2.303798915818334E-003,
2.499766666666667E+009,-4.969492511008866E-005,-2.299561863765121E-003,-4.267139956937172E-005,-2.329314360395074E-003,
2.499800000000000E+009,-9.764661081135273E-005,-2.294007455930114E-003,-5.489217801368795E-005,-2.295045182108879E-003,
2.499833333333334E+009,-1.459097111364827E-004,-2.268976997584105E-003,-1.792006078176200E-004,-2.279408276081085E-003,
2.499866666666667E+009,-2.183408359996975E-004,-2.265824470669031E-003,-2.191961102653295E-004,-2.225038362666965E-003,
2.499900000000000E+009,-2.526647585909814E-004,-2.238873858004808E-003,-2.587958879303187E-004,-2.218172419816256E-003,
2.499933333333334E+009,-2.487126039341092E-004,-2.220731228590012E-003,-2.488490135874599E-004,-2.254274906590581E-003,
2.499966666666667E+009,-3.644123498816043E-004,-2.118510426953435E-003,-2.992792869918048E-004,-2.212161663919687E-003,
2.500000000000000E+009,-3.926061617676169E-004,-2.087690634652972E-003,-4.145223647356033E-004,-2.157716313377023E-003,
