% Version 1.00
%
%freq[Hz];re:Trc1_S21;im:Trc1_S21;re:Trc2_S12;im:Trc2_S12;
2.480000000000000E+009,3.627736296039075E-004,-6.799082038924098E-004,4.156224604230374E-004,-6.484130281023681E-004,
2.480033333333334E+009,4.814236017409712E-004,-7.063014782033861E-004,5.219166632741690E-004,-7.855306030251086E-004,
2.480066666666667E+009,4.454504523891956E-004,-7.342524477280676E-004,3.205278480891138E-004,-7.866122177802026E-004,
2.480100000000000E+009,2.321073407074437E-004,-7.775704143568873E-004,3.432051162235439E-004,-7.469546399079263E-004,
2.480133333333334E+009,2.997166884597391E-004,-7.048175903037190E-004,3.234622417949140E-004,-5.969061749055982E-004,
2.480166666666667E+009,3.689788281917572E-004,-7.720495341345668E-004,3.209034039173275E-004,-6.682289531454444E-004,
2.480200000000000E+009,2.912642084993422E-004,-7.701562717556953E-004,4.174129280727357E-004,-6.386111490428448E-004,
2.480233333333334E+009,1.857293245848268E-004,-6.161854253150523E-004,3.837361873593181E-004,-6.713017937727273E-004,
2.480266666666667E+009,4.081617225892842E-004,-7.721323636360467E-004,4.013294528704137E-004,-5.627145874314010E-004,
2.480300000000000E+009,4.064660461153835E-004,-6.252768798731268E-004,3.570633125491440E-004,-6.372964126057923E-004,
2.480333333333334E+009,2.575702965259552E-004,-6.449192878790200E-004,2.296940219821408E-004,-6.369875045493245E-004,
2.480366666666667E+009,4.154153866693378E-004,-5.775704048573971E-004,3.788237227126956E-004,-6.676410557702184E-004,
2.480400000000000E+009,1.393468992318958E-004,-7.405928918160498E-004,3.161591594107449E-004,-5.715377046726644E-004,
2.480433333333334E+009,2.757420588750392E-004,-5.622070748358965E-004,2.713236317504197E-004,-6.653908640146256E-004,
2.480466666666667E+009,4.592382756527513E-004,-5.719524924643338E-004,1.601689582457766E-004,-5.920518306083977E-004,
2.480500000000000E+009,4.223069699946791E-004,-5.421414389275014E-004,2.998955023940653E-004,-6.421954603865743E-004,
2.480533333333334E+009,3.033741959370673E-004,-4.230830818414688E-004,2.661260368768126E-004,-5.414086044766009E-004,
2.480566666666667E+009,2.272036072099581E-004,-6.251490558497608E-004,2.252692065667361E-004,-6.665000692009926E-004,
2.480600000000000E+009,1.107460702769458E-004,-5.420179804787040E-004,3.975618164986372E-004,-6.250728038139641E-004,
2.480633333333334E+009,2.565535833127797E-004,-5.779198254458606E-004,3.992356942035258E-004,-5.361013463698328E-004,
2.480666666666667E+009,3.742954868357629E-004,-4.560976522043347E-004,4.422244674060494E-004,-4.824687493965030E-004,
2.480700000000000E+009,3.807955654338002E-004,-3.604501544032246E-004,2.643011102918536E-004,-5.350922583602369E-004,
2.480733333333334E+009,3.292794281151146E-004,-5.051202024333179E-004,2.982539590448141E-004,-5.045961588621140E-004,
2.480766666666667E+009,3.629260463640094E-004,-5.544306477531791E-004,3.360450791660696E-004,-5.259576719254255E-004,
2.480800000000000E+009,2.043369022430852E-004,-7.013528374955058E-004,2.112445945385844E-004,-5.296164890751243E-004,
2.480833333333334E+009,4.059789062011987E-004,-5.164356552995741E-004,3.988241369370371E-004,-5.591231747530401E-004,
2.480866666666667E+009,3.023139433935285E-004,-4.466434475034475E-004,4.585735732689500E-004,-4.797666624654084E-004,
2.480900000000000E+009,3.166601527482271E-004,-4.033640143461525E-004,4.311968514230102E-004,-4.905954701825976E-004,
2.480933333333334E+009,3.250314039178193E-004,-4.780654853675515E-004,3.881338634528220E-004,-5.151518853381276E-004,
2.480966666666667E+009,3.331952611915767E-004,-5.082527641206980E-004,3.375562373548746E-004,-4.679513222072274E-004,
2.481000000000000E+009,1.881761418189853E-004,-3.885811020154506E-004,4.095855110790581E-004,-5.086119053885341E-004,
2.481033333333334E+009,3.165944654028863E-004,-4.436562303453684E-004,3.154978621751070E-004,-6.605794769711793E-004,
2.481066666666667E+009,2.103321894537658E-004,-5.082280258648098E-004,4.302072920836508E-004,-5.160164437256753E-004,
2.481100000000000E+009,2.710270928218961E-004,-5.195923149585724E-004,2.974003728013486E-004,-4.430291592143476E-004,
2.481133333333334E+009,4.134683113079518E-004,-5.374302854761481E-004,2.494049549568445E-004,-4.102814709767699E-004,
2.481166666666667E+009,2.260056789964438E-004,-5.104800802655518E-004,2.330838615307584E-004,-5.828780122101307E-004,
2.481200000000000E+009,3.008310159202665E-004,-4.449944826774299E-004,4.208893806207925E-004,-5.160134751349688E-004,
2.481233333333334E+009,4.449797270353884E-004,-5.978115368634462E-004,3.792904026340693E-004,-5.012628389522433E-004,
2.481266666666667E+009,2.843155234586448E-004,-3.593115834519267E-004,3.200293285772204E-004,-4.772480460815132E-004,
2.481300000000000E+009,2.344305248698220E-004,-5.204083281569183E-004,1.895184250315651E-004,-4.665541928261519E-004,
2.481333333333334E+009,3.291843750048429E-004,-4.705598112195730E-004,4.005419614259154E-004,-5.736890598200262E-004,
2.481366666666667E+009,2.255142171634361E-004,-5.978480912744999E-004,2.264920331072062E-004,-5.578413838520646E-004,
2.481400000000000E+009,3.733561025001109E-004,-5.786071997135878E-004,3.979371103923768E-004,-5.289723630994558E-004,
2.481433333333334E+009,3.436533152125776E-004,-4.833840939681977E-004,2.270429977215827E-004,-4.032228025607765E-004,
2.481466666666667E+009,3.155907324980944E-004,-4.899142077192664E-004,3.379243134986609E-004,-5.429292796179652E-004,
2.481500000000000E+009,2.629316295497119E-004,-5.798178608529270E-004,1.351663522655144E-004,-5.919642280787230E-004,
2.481533333333334E+009,2.071033377433196E-004,-5.447171279229224E-004,3.011405933648348E-004,-6.224216776899993E-004,
2.481566666666667E+009,2.421992248855531E-004,-3.998128813691437E-004,3.774509532377124E-004,-5.398085340857506E-004,
2.481600000000000E+009,4.007427778560668E-004,-5.330162239260972E-004,3.744482819456607E-004,-6.194380694068968E-004,
2.481633333333334E+009,2.308700786670670E-004,-5.514961085282266E-004,3.916748974006623E-004,-4.400686011649668E-004,
2.481666666666667E+009,2.826081763487309E-004,-4.468321567401290E-004,3.010699874721468E-004,-4.771561943925917E-004,
2.481700000000000E+009,1.364633353659883E-004,-5.163191235624254E-004,3.046773781534284E-004,-5.872100591659546E-004,
2.481733333333334E+009,2.450241881888360E-004,-4.793511470779777E-004,3.527848166413605E-004,-5.689804675057530E-004,
2.481766666666667E+009,3.408541670069099E-004,-7.107689161784947E-004,1.813934213714674E-004,-4.923227243125439E-004,
2.481800000000000E+009,2.034900389844552E-004,-4.548911238089204E-004,3.011161170434207E-004,-4.292476223781705E-004,
2.481833333333334E+009,3.931374230887741E-004,-5.866318242624402E-004,3.155008016619831E-004,-4.724515310954303E-004,
2.481866666666667E+009,3.834790841210634E-004,-3.221245424356312E-004,2.874549245461822E-004,-4.922257503494620E-004,
2.481900000000000E+009,3.438599815126509E-004,-4.478944465517998E-004,3.473064862191677E-004,-4.922988009639084E-004,
2.481933333333334E+009,2.994016977027059E-004,-4.335200064815581E-004,3.297590592410415E-004,-5.118693225085735E-004,
2.481966666666667E+009,3.739934472832829E-004,-4.374264681246132E-004,3.587095998227596E-004,-4.463872464839369E-004,
2.482000000000000E+009,3.048598591703922E-004,-4.470165586099029E-004,4.103319079149514E-004,-5.314240697771311E-004,
2.482033333333334E+009,2.431152825010940E-004,-4.147417494095862E-004,3.737578517757356E-004,-3.736652724910528E-004,
2.482066666666667E+009,2.606663911137730E-004,-4.485370009206235E-004,2.937228418886662E-004,-5.387522396631539E-004,
2.482100000000000E+009,4.292104567866772E-004,-2.622172469273210E-004,4.067125555593520E-004,-3.634845197666436E-004,
2.482133333333334E+009,3.514418785925955E-004,-4.372218681965023E-004,4.073346208315343E-004,-3.862949670292437E-004,
2.482166666666667E+009,4.272672522347421E-004,-3.526847576722503E-004,4.114536568522453E-004,-3.240393125452101E-004,
2.482200000000000E+009,4.429936816450208E-004,-3.717773652169853E-004,4.700880381278694E-004,-3.753482596948743E-004,
2.482233333333334E+009,3.649669524747878E-004,-2.779255737550557E-004,4.883296787738800E-004,-4.902849323116243E-004,
2.482266666666667E+009,2.685413346625865E-004,-4.663129511754960E-004,3.079356974922121E-004,-3.654468746390194E-004,
2.482300000000000E+009,5.043205455876887E-004,-5.157504929229617E-004,5.440648528747261E-004,-3.377695102244616E-004,
2.482333333333334E+009,4.258622357156128E-004,-4.398724413476884E-004,3.604104858823121E-004,-3.233918978367001E-004,
2.482366666666667E+009,4.831038531847298E-004,-4.458768526092172E-004,4.902149084955454E-004,-3.448912466410548E-004,
2.482400000000000E+009,4.184411081951112E-004,-3.776450175791979E-004,5.012503243051469E-004,-5.474132485687733E-004,
2.482433333333334E+009,4.525145050138235E-004,-4.490466089919210E-004,3.699634398799390E-004,-4.879834887105972E-004,
2.482466666666667E+009,6.878284038975835E-004,-3.939948510378599E-004,4.345630295574665E-004,-3.966472577303648E-004,
2.482500000000000E+009,3.953827545046806E-004,-3.417375555727631E-004,4.078557831235230E-004,-5.494019715115428E-004,
2.482533333333334E+009,4.984189290553331E-004,-4.522970411926508E-004,5.172607488930225E-004,-5.061631090939045E-004,
2.482566666666667E+009,5.301102646626532E-004,-3.436372207943350E-004,4.517632187344134E-004,-4.311862285248935E-004,
2.482600000000000E+009,4.304610192775726E-004,-3.936363209504634E-004,5.365421529859304E-004,-4.437829193193466E-004,
2.482633333333334E+009,3.835639799945056E-004,-3.545091894920915E-004,3.358224930707365E-004,-5.023225676268339E-004,
2.482666666666667E+009,5.838586948812008E-004,-4.295672988519073E-004,2.920592960435897E-004,-4.789932572748512E-004,
2.482700000000000E+009,3.806119202636182E-004,-4.937841440550983E-004,4.967479035258293E-004,-5.466428701765835E-004,
2.482733333333334E+009,4.438666219357401E-004,-4.658052639570087E-004,4.562004469335079E-004,-4.628422029782087E-004,
2.482766666666667E+009,3.717394429259002E-004,-4.965175758115947E-004,4.432854475453496E-004,-3.707069554366171E-004,
2.482800000000000E+009,4.706436302512884E-004,-4.647370369639248E-004,4.811884427908808E-004,-4.993528127670288E-004,
2.482833333333334E+009,3.955413703806698E-004,-5.972091457806528E-004,4.678084806073457E-004,-4.009555850643665E-004,
2.482866666666667E+009,4.539093351922929E-004,-4.254559462424368E-004,5.098099936731160E-004,-5.594611866399646E-004,
2.482900000000000E+009,5.242064944468439E-004,-5.762038053944707E-004,4.029535630252212E-004,-5.048763705417514E-004,
2.482933333333334E+009,3.670683072414249E-004,-4.230120975989848E-004,3.365022130310535E-004,-4.710038483608514E-004,
2.482966666666667E+009,4.827695956919342E-004,-6.349224713630974E-004,4.574074991978705E-004,-5.009008455090225E-004,
2.483000000000000E+009,3.324002900626510E-004,-4.821341135539115E-004,3.677714848890901E-004,-5.210584495216608E-004,
2.483033333333334E+009,4.826589429285377E-004,-5.216305726207793E-004,4.404604260344058E-004,-4.543128889054060E-004,
2.483066666666667E+009,2.965849125757814E-004,-5.343278753571212E-004,4.054794262629002E-004,-5.440707318484783E-004,
2.483100000000000E+009,3.986591764260083E-004,-4.555860650725663E-004,3.599711053539068E-004,-5.998495034873486E-004,
2.483133333333334E+009,3.333596687298268E-004,-4.650908522307873E-004,5.393629544414580E-004,-5.700294859707356E-004,
2.483166666666667E+009,3.322007833048701E-004,-5.125905736349523E-004,3.507111105136573E-004,-7.080584182403982E-004,
2.483200000000000E+009,4.399832978378981E-004,-6.373981013894081E-004,3.258576907683164E-004,-5.856127245351672E-004,
2.483233333333334E+009,2.994541137013584E-004,-5.580154247581959E-004,3.271873283665627E-004,-6.104613421484828E-004,
2.483266666666667E+009,3.899462462868542E-004,-6.011716322973371E-004,2.968462649732828E-004,-5.267118685878813E-004,
2.483300000000000E+009,3.770537150558084E-004,-4.998013027943671E-004,4.115797346457839E-004,-6.537802983075380E-004,
2.483333333333334E+009,4.059347265865654E-004,-6.718325312249363E-004,3.413418598938733E-004,-4.221536510158330E-004,
2.483366666666667E+009,4.168443847447634E-004,-4.929197020828724E-004,3.502374165691435E-004,-5.824135732837021E-004,
2.483400000000000E+009,3.928214719053358E-004,-5.709988763555884E-004,4.311241500545293E-004,-5.566251929849386E-004,
2.483433333333334E+009,4.963716492056847E-004,-5.594347603619099E-004,3.813098592218012E-004,-4.824329516850412E-004,
2.483466666666667E+009,4.213830106891692E-004,-5.101120332255960E-004,3.049962688237429E-004,-5.190800875425339E-004,
2.483500000000000E+009,5.484237335622311E-004,-4.785744531545788E-004,3.936958673875779E-004,-5.715067381970584E-004,
2.483533333333334E+009,6.462626042775810E-004,-6.086601642891765E-004,4.712395311798900E-004,-6.253522587940097E-004,
2.483566666666667E+009,4.273404774721712E-004,-4.675630480051041E-004,5.526803433895111E-004,-5.122533184476197E-004,
2.483600000000000E+009,4.262884322088212E-004,-6.757545052096248E-004,4.730999353341758E-004,-5.431970348581672E-004,
2.483633333333334E+009,4.577802901621908E-004,-6.786636658944190E-004,4.590739263221622E-004,-6.679389625787735E-004,
2.483666666666667E+009,3.767134039662778E-004,-6.200209027156234E-004,4.581358225550503E-004,-6.877083214931190E-004,
2.483700000000000E+009,3.978218592237681E-004,-5.114644882269204E-004,4.076450422871858E-004,-6.380266859196127E-004,
2.483733333333334E+009,5.935925291851163E-004,-6.656392361037433E-004,4.583819245453924E-004,-5.420014495030046E-004,
2.483766666666667E+009,4.315868718549609E-004,-6.596668390557170E-004,4.144516424275935E-004,-5.147280753590167E-004,
2.483800000000000E+009,4.297572304494679E-004,-7.558804354630411E-004,4.187422455288470E-004,-5.393055616877973E-004,
2.483833333333334E+009,4.586423456203193E-004,-7.099093054421246E-004,4.609757161233574E-004,-6.086869980208576E-004,
2.483866666666667E+009,3.126165247522295E-004,-6.506393547169864E-004,5.203672917559743E-004,-6.480694864876568E-004,
2.483900000000000E+009,4.057229089085013E-004,-6.666848785243928E-004,4.086181870661676E-004,-6.827389006502926E-004,
2.483933333333334E+009,3.942241601180285E-004,-5.464392597787082E-004,5.285672959871590E-004,-5.283878999762237E-004,
2.483966666666667E+009,5.268322420306504E-004,-5.590899963863194E-004,5.440117092803121E-004,-5.359059432521462E-004,
2.484000000000000E+009,5.446910508908331E-004,-6.662093801423907E-004,5.218022270128131E-004,-6.476857815869153E-004,
2.484033333333334E+009,5.242946208454669E-004,-6.580185727216303E-004,4.299425636418164E-004,-6.245887489058077E-004,
2.484066666666667E+009,4.686709435191006E-004,-5.173797253519297E-004,5.299216136336327E-004,-7.439195178449154E-004,
2.484100000000000E+009,3.298919473309070E-004,-6.004464812576771E-004,5.216028075665236E-004,-5.727323004975915E-004,
2.484133333333334E+009,4.571343306452036E-004,-7.311247754842043E-004,3.933213301934302E-004,-6.348738097585738E-004,
2.484166666666667E+009,5.086553283035755E-004,-6.517437286674976E-004,5.994257517158985E-004,-5.956442328169942E-004,
2.484200000000000E+009,4.043362569063902E-004,-6.080408929847181E-004,4.021268687210977E-004,-6.173721631057560E-004,
2.484233333333334E+009,4.308431525714696E-004,-5.952064529992640E-004,4.466737445909530E-004,-8.123251027427614E-004,
2.484266666666667E+009,3.370918275322765E-004,-7.364845951087773E-004,4.440725315362215E-004,-6.858344422653318E-004,
2.484300000000000E+009,3.929460071958602E-004,-6.486878264695406E-004,4.088639689143747E-004,-7.225252920761704E-004,
2.484333333333334E+009,3.389337507542223E-004,-6.464707548730075E-004,5.218027508817613E-004,-8.109436603263021E-004,
2.484366666666667E+009,3.506471402943134E-004,-7.141096284613013E-004,5.252476548776031E-004,-7.628635503351688E-004,
2.484400000000000E+009,3.257176431361586E-004,-6.244832184165716E-004,3.793535870499909E-004,-6.490366649813950E-004,
2.484433333333334E+009,3.997188759967685E-004,-6.542133050970733E-004,3.805754240602255E-004,-7.503869128413498E-004,
2.484466666666667E+009,3.725948336068541E-004,-7.860606419853866E-004,4.483477096073329E-004,-7.845329237170517E-004,
2.484500000000000E+009,2.846652641892433E-004,-7.916194736026228E-004,4.104475665371865E-004,-6.249379366636276E-004,
2.484533333333334E+009,3.867035848088563E-004,-9.256498888134956E-004,3.367493627592921E-004,-7.125990814529359E-004,
2.484566666666667E+009,3.222194209229201E-004,-7.654469227418304E-004,3.338110400363803E-004,-7.797415601089597E-004,
2.484600000000000E+009,4.084836982656270E-004,-6.659601931460202E-004,3.130829427391291E-004,-6.618628394789994E-004,
2.484633333333334E+009,4.129298322368413E-004,-8.282386697828770E-004,2.100106212310493E-004,-7.245166343636811E-004,
2.484666666666667E+009,2.723260549828410E-004,-6.218857015483081E-004,3.812669601757079E-004,-7.211680640466511E-004,
2.484700000000000E+009,3.072986146435142E-004,-8.919527172110975E-004,2.893042110372335E-004,-6.720035453327000E-004,
2.484733333333334E+009,2.600009902380407E-004,-8.360331994481385E-004,1.681653229752556E-004,-7.368269143626094E-004,
2.484766666666667E+009,2.872470940928906E-004,-7.977015338838100E-004,1.658403489273042E-004,-7.848843233659864E-004,
2.484800000000000E+009,1.736478589009494E-004,-5.853662150911987E-004,1.438710605725646E-004,-6.437933770939708E-004,
2.484833333333334E+009,1.426726666977629E-004,-7.068772101774812E-004,3.488992224447429E-004,-7.658167742192745E-004,
2.484866666666667E+009,1.915180910145864E-004,-6.999496254138649E-004,2.315974707016721E-004,-8.082971908152103E-004,
2.484900000000000E+009,3.519917372614145E-004,-7.135788328014314E-004,1.442992943339050E-004,-8.271107799373567E-004,
2.484933333333334E+009,1.428806572221220E-004,-7.442333153448999E-004,8.739319309825078E-005,-6.135969888418913E-004,
2.484966666666667E+009,9.250022412743419E-005,-7.029318949207664E-004,1.609225873835385E-004,-8.749226690270007E-004,
2.485000000000000E+009,2.179879375034943E-004,-8.915949147194624E-004,3.116001607850194E-004,-7.010262925177813E-004,
2.485033333333334E+009,2.705138758756220E-004,-8.055653888732195E-004,2.586010377854109E-004,-8.038765517994762E-004,
2.485066666666667E+009,2.649635716807097E-004,-8.166682091541588E-004,3.536755975801498E-004,-7.879167096689344E-004,
2.485100000000000E+009,2.070059708785266E-004,-6.805007578805089E-004,2.453336492180824E-004,-8.011008612811565E-004,
2.485133333333334E+009,3.518835292197764E-004,-7.443402428179979E-004,2.635745040606707E-004,-8.012831676751375E-004,
2.485166666666667E+009,1.752515963744372E-004,-8.686363580636680E-004,3.264079568907619E-004,-8.948825998231769E-004,
2.485200000000000E+009,1.610636245459318E-004,-9.055024711415172E-004,2.121568104485050E-004,-9.106076322495937E-004,
2.485233333333334E+009,3.166642272844911E-004,-7.099293288774788E-004,2.919708495028317E-004,-8.300593472085893E-004,
2.485266666666667E+009,2.528901677578688E-004,-8.891987381502986E-004,3.021582961082459E-004,-7.203076384030283E-004,
2.485300000000000E+009,2.740504278335720E-004,-8.924324065446854E-004,3.514628042466939E-004,-7.343467441387475E-004,
2.485333333333334E+009,2.625858469400555E-004,-8.019068045541644E-004,2.786974946502596E-004,-8.285162039101124E-004,
2.485366666666667E+009,2.794731408357620E-004,-8.910539327189326E-004,2.279319887747988E-004,-9.736680658534169E-004,
2.485400000000000E+009,2.204761549364775E-004,-9.025931358337402E-004,1.583850098541006E-004,-9.057435672730207E-004,
2.485433333333334E+009,1.157737497123890E-004,-9.519232553429902E-004,3.567828098312020E-004,-9.570920956321061E-004,
2.485466666666667E+009,2.595541591290385E-004,-9.383552824147046E-004,1.493233721703291E-004,-7.973588071763516E-004,
2.485500000000000E+009,2.441632386762649E-004,-8.174282847903669E-004,1.313513930654153E-004,-8.656033896841109E-004,
2.485533333333334E+009,2.695647708605975E-004,-9.610300185158849E-004,1.608138991286978E-004,-9.291626629419625E-004,
2.485566666666667E+009,3.071027749683708E-004,-8.137292461469770E-004,1.563221594551578E-004,-8.482530247420073E-004,
2.485600000000000E+009,1.146895738202147E-004,-8.889881428331137E-004,1.659443514654413E-004,-7.968705031089485E-004,
2.485633333333334E+009,1.559065131004900E-004,-8.835025364533067E-004,2.731659624259919E-004,-9.747963631525636E-004,
2.485666666666667E+009,1.755968405632302E-004,-7.818966987542808E-004,1.551493187434971E-004,-8.721706108190119E-004,
2.485700000000000E+009,2.018881350522861E-004,-9.258169448003173E-004,1.034368833643384E-004,-8.712947019375861E-004,
2.485733333333334E+009,1.740397710818797E-004,-8.447745349258184E-004,2.728300169110298E-004,-9.483072208240628E-004,
2.485766666666667E+009,1.241943245986477E-004,-7.961711962707341E-004,8.235015411628410E-005,-8.569426718167961E-004,
2.485800000000000E+009,1.083428287529387E-004,-9.244850953109562E-004,2.027168666245416E-004,-8.307391544803977E-004,
2.485833333333334E+009,2.027534064836800E-004,-8.055050857365131E-004,2.878726227208972E-004,-8.979231351986527E-004,
2.485866666666667E+009,1.119212465710007E-004,-9.722250397317112E-004,1.414652069797739E-004,-9.778564563021064E-004,
2.485900000000000E+009,1.408651442034170E-004,-8.897025254555047E-004,1.240373821929097E-004,-8.889500750228763E-004,
2.485933333333334E+009,1.613736822037026E-004,-9.952917462214828E-004,1.328843500232324E-004,-9.025214239954948E-004,
2.485966666666667E+009,-4.106579217477702E-005,-8.651653770357370E-004,5.793695163447410E-005,-8.581017027609050E-004,
2.486000000000000E+009,9.032939124153927E-005,-9.381120908074081E-004,5.053330460214056E-005,-7.344224723055959E-004,
2.486033333333334E+009,8.946867455961183E-005,-9.294725023210049E-004,-3.489824666758068E-005,-8.754732552915812E-004,
2.486066666666667E+009,9.419685375178233E-005,-9.402731666341424E-004,6.740826938766986E-005,-8.779270574450493E-004,
2.486100000000000E+009,8.122860890580341E-005,-8.682786719873548E-004,6.612016295548528E-005,-8.820657967589796E-004,
2.486133333333334E+009,-5.166892879060470E-005,-9.134126594290137E-004,1.299196737818420E-004,-7.827364606782794E-004,
2.486166666666667E+009,-4.645967419492081E-005,-9.889361681416631E-004,-1.297999406233430E-004,-8.568657212890685E-004,
2.486200000000000E+009,3.654573811218143E-005,-8.871688041836023E-004,2.490149654477136E-006,-8.379886276088655E-004,
2.486233333333334E+009,-2.343206870136783E-005,-7.624476565979421E-004,5.878791125724092E-005,-8.413446485064924E-004,
2.486266666666667E+009,-4.558135060506174E-006,-7.942070369608700E-004,-9.988609235733748E-005,-8.665767963975668E-004,
2.486300000000000E+009,-5.906850492465310E-005,-8.613695390522480E-004,-4.379288657219149E-005,-8.058749372139573E-004,
2.486333333333334E+009,-1.174405042547733E-004,-8.963372092694044E-004,-6.935033889021725E-005,-8.874845225363970E-004,
2.486366666666667E+009,-5.003148180549033E-005,-8.095892262645066E-004,-3.910205850843340E-005,-9.107248624786735E-004,
2.486400000000000E+009,-9.030818182509393E-005,-8.588260388933122E-004,-9.656413749326021E-005,-8.541878778487444E-004,
2.486433333333334E+009,-1.453701115678996E-004,-8.774739108048379E-004,1.373111990687903E-005,-7.502397056668997E-004,
2.486466666666667E+009,-9.476098784944043E-005,-6.846554460935295E-004,-1.665295894781593E-005,-8.655246929265559E-004,
2.486500000000000E+009,-7.500095671275631E-005,-7.725695031695068E-004,-3.024115903826896E-005,-8.848120924085379E-004,
2.486533333333334E+009,-9.908711217576638E-005,-8.402912062592804E-004,-1.860520715126768E-004,-8.480602991767228E-004,
2.486566666666667E+009,-3.880454096361063E-005,-8.130532805807889E-004,-2.281998786202166E-005,-7.895380840636790E-004,
2.486600000000000E+009,-4.047725451528095E-005,-9.004063904285431E-004,-5.497920574271120E-005,-8.322973735630512E-004,
2.486633333333334E+009,-6.391081114998087E-005,-8.916943916119635E-004,-7.913667650427669E-005,-8.867994765751064E-004,
2.486666666666667E+009,-1.412114506820217E-004,-8.847183780744672E-004,-7.595730130560696E-005,-8.566378382965922E-004,
2.486700000000000E+009,-7.503710367018357E-005,-8.111717179417610E-004,-2.072696042887401E-005,-8.346174145117402E-004,
2.486733333333334E+009,-1.652459613978863E-004,-7.717825938016176E-004,-1.332079118583351E-004,-8.333036093972623E-004,
2.486766666666667E+009,-7.771176751703024E-005,-8.728810353204608E-004,-6.870646029710770E-005,-8.211493259295821E-004,
2.486800000000000E+009,-6.143862992757931E-005,-9.934379486367106E-004,-3.274467599112541E-005,-8.908465388230979E-004,
2.486833333333334E+009,-2.525127783883363E-004,-9.262936655431986E-004,-1.069587378879078E-004,-8.927900344133377E-004,
2.486866666666667E+009,-1.771824026945978E-004,-8.991477661766112E-004,-9.483229951001704E-005,-9.861999424174428E-004,
2.486900000000000E+009,-1.265656756004319E-004,-8.923948043957353E-004,-1.986997376661748E-004,-8.873906335793436E-004,
2.486933333333334E+009,-1.876345340861008E-004,-9.423459414392710E-004,-4.494469067140017E-006,-8.457198273390532E-004,
2.486966666666667E+009,-4.779543087352067E-005,-9.622884099371731E-004,-2.361097867833450E-004,-9.275837801396847E-004,
2.487000000000000E+009,-2.774177701212466E-004,-8.403578540310264E-004,-1.034267406794243E-004,-1.090649282559753E-003,
2.487033333333334E+009,-8.021185203688219E-005,-8.979031699709594E-004,-6.855116953374818E-005,-8.098329417407513E-004,
2.487066666666667E+009,-1.833846617955715E-004,-9.061570744961500E-004,-1.517515920568258E-004,-9.401012212038040E-004,
2.487100000000000E+009,-1.836724695749581E-004,-9.638039045967162E-004,-5.217223224462941E-005,-8.739451877772808E-004,
2.487133333333334E+009,-1.746884227031842E-004,-7.253432413563132E-004,-1.794807467376813E-004,-8.257958106696606E-004,
2.487166666666667E+009,-1.811361580621451E-004,-8.132169605232775E-004,-2.305999805685133E-004,-7.527893758378923E-004,
2.487200000000000E+009,-2.175341651309282E-004,-9.046411141753197E-004,-2.558357082307339E-004,-9.345647995360196E-004,
2.487233333333334E+009,-1.630607002880424E-004,-8.727845270186663E-004,-1.887392427306622E-004,-1.052164123393595E-003,
2.487266666666667E+009,-5.492065974976867E-005,-7.777258870191872E-004,-3.155582817271352E-004,-9.405397577211261E-004,
2.487300000000000E+009,-2.230818499810994E-004,-7.915699388831854E-004,-1.395830186083913E-004,-8.170391665771604E-004,
2.487333333333334E+009,-1.488005655119196E-004,-9.578276076354086E-004,-2.393743925495073E-004,-8.155818213708699E-004,
2.487366666666667E+009,-3.433690289966762E-004,-7.526392000727356E-004,-3.557887393981218E-004,-8.963278960436583E-004,
2.487400000000000E+009,-2.993398520629853E-004,-8.258835878223181E-004,-1.683099690126255E-004,-7.115766638889909E-004,
2.487433333333334E+009,-2.558293926995248E-004,-8.401506929658353E-004,-2.635210112202913E-004,-7.893774891272187E-004,
2.487466666666667E+009,-3.861797449644655E-004,-7.563124527223408E-004,-1.992654142668471E-004,-8.829351863823831E-004,
2.487500000000000E+009,-2.202739851782098E-004,-8.842104580253363E-004,-3.086745273321867E-004,-8.034154889173806E-004,
2.487533333333334E+009,-2.319811319466680E-004,-8.304162183776498E-004,-2.841694513335824E-004,-8.029682212509215E-004,
2.487566666666667E+009,-3.424825554247946E-004,-8.895235368981957E-004,-3.526943910401315E-004,-8.291965932585299E-004,
2.487600000000000E+009,-2.449999155942351E-004,-7.136165513657033E-004,-1.392574631609023E-004,-7.040064083412290E-004,
2.487633333333334E+009,-2.031135954894126E-004,-6.984734209254384E-004,-3.181369684170932E-004,-7.598513038828969E-004,
2.487666666666667E+009,-2.016468934016302E-004,-7.059653289616108E-004,-4.230730701237917E-004,-8.411402814090252E-004,
2.487700000000000E+009,-2.805388066917658E-004,-7.655517547391355E-004,-4.126547719351947E-004,-6.693296600133181E-004,
2.487733333333334E+009,-2.641209284774959E-004,-7.712618098594248E-004,-2.690610126592219E-004,-8.204982150346041E-004,
2.487766666666667E+009,-3.680130175780505E-004,-7.781742024235427E-004,-2.510919002816081E-004,-5.482944543473423E-004,
2.487800000000000E+009,-2.713729336392134E-004,-7.157569634728134E-004,-2.371226582909003E-004,-6.995256990194321E-004,
2.487833333333334E+009,-1.719590945867822E-004,-6.846367614343762E-004,-2.787489502225071E-004,-5.852243048138917E-004,
2.487866666666667E+009,-4.440543125383556E-004,-7.202520500868559E-004,-3.806222521234304E-004,-8.126408793032169E-004,
2.487900000000000E+009,-2.685108629520983E-004,-7.938136113807559E-004,-3.719325177371502E-004,-6.648650742135942E-004,
2.487933333333334E+009,-4.539274668786675E-004,-7.097458583302796E-004,-4.506607656367123E-004,-7.410507532767952E-004,
2.487966666666667E+009,-3.050355880986899E-004,-6.281341775320470E-004,-2.895976649597287E-004,-7.567572756670415E-004,
2.488000000000000E+009,-3.995595034211874E-004,-7.010832778178155E-004,-4.373520787339658E-004,-6.117389420978725E-004,
2.488033333333334E+009,-3.051052626688033E-004,-6.575830047950149E-004,-3.537769953254610E-004,-6.444940809160471E-004,
2.488066666666667E+009,-4.673126677516848E-004,-6.910877418704331E-004,-2.667379740159959E-004,-7.445255760103464E-004,
2.488100000000000E+009,-3.137875173706561E-004,-6.473939283750951E-004,-5.109637277200818E-004,-6.433558301068842E-004,
2.488133333333334E+009,-3.359188849572092E-004,-7.217082311399281E-004,-4.327417118474841E-004,-6.430397043004632E-004,
2.488166666666667E+009,-2.522382710594684E-004,-7.565378909930587E-004,-4.153836052864790E-004,-6.056087440811098E-004,
2.488200000000000E+009,-3.350882616359741E-004,-6.643232773058116E-004,-4.513983149081469E-004,-6.189041887409985E-004,
2.488233333333334E+009,-3.718609223142266E-004,-7.038796902634203E-004,-3.776268276851624E-004,-6.274291663430631E-004,
2.488266666666667E+009,-3.314032510388643E-004,-6.027858471497893E-004,-3.317680966574699E-004,-6.336223450489342E-004,
2.488300000000000E+009,-4.303524910937995E-004,-7.554792100563645E-004,-3.370188933331519E-004,-5.983189912512898E-004,
2.488333333333334E+009,-4.541513626463711E-004,-6.878903368487954E-004,-3.956389264203608E-004,-5.183464963920414E-004,
2.488366666666667E+009,-4.802358744200319E-004,-7.341310847550631E-004,-4.063017549924552E-004,-7.299670833162963E-004,
2.488400000000000E+009,-5.273321294225752E-004,-6.173274596221745E-004,-5.018903175368905E-004,-6.990716792643070E-004,
2.488433333333334E+009,-4.794746928382665E-004,-5.429823067970574E-004,-4.867907846346498E-004,-6.680901278741658E-004,
2.488466666666667E+009,-4.406454681884497E-004,-5.923729040659964E-004,-5.863016122020781E-004,-6.728201988153160E-004,
2.488500000000000E+009,-3.877824638038874E-004,-5.434075137600303E-004,-5.380444927141070E-004,-6.776703521609306E-004,
2.488533333333334E+009,-4.391498223412782E-004,-6.000592256896198E-004,-4.698654811363667E-004,-5.355481989681721E-004,
2.488566666666667E+009,-4.591591714415699E-004,-6.530772661790252E-004,-5.727307288907468E-004,-6.601000786758959E-004,
2.488600000000000E+009,-4.133070178795606E-004,-7.228308240883052E-004,-4.641757404897362E-004,-6.108647212386131E-004,
2.488633333333334E+009,-4.614190547727048E-004,-6.380092818289995E-004,-5.274369032122195E-004,-5.371236475184560E-004,
2.488666666666667E+009,-4.749528598040342E-004,-5.385019467212260E-004,-3.396469401195645E-004,-5.234942655079067E-004,
2.488700000000000E+009,-4.738252609968185E-004,-6.579898763448000E-004,-6.125208456069231E-004,-5.503939464688301E-004,
2.488733333333334E+009,-4.603974521160126E-004,-6.056721904315054E-004,-4.295049584470689E-004,-6.370539194904268E-004,
2.488766666666667E+009,-5.093034124001861E-004,-6.099381716921926E-004,-5.802684463560581E-004,-5.611378001049161E-004,
2.488800000000000E+009,-5.190340452827513E-004,-6.093513802625239E-004,-4.175247740931809E-004,-4.752832464873791E-004,
2.488833333333334E+009,-3.946811193600297E-004,-7.817284204065800E-004,-6.196992471814156E-004,-6.868498749099672E-004,
2.488866666666667E+009,-4.068235866725445E-004,-5.575151881203055E-004,-5.694571882486343E-004,-6.479781004600227E-004,
2.488900000000000E+009,-4.942058585584164E-004,-4.587343428283930E-004,-5.990493809804320E-004,-5.688315723091364E-004,
2.488933333333334E+009,-4.305656766518951E-004,-4.026070528198034E-004,-5.344197270460427E-004,-5.835138726979494E-004,
2.488966666666667E+009,-5.405257688835263E-004,-5.560606368817389E-004,-4.344900953583419E-004,-6.239456124603748E-004,
2.489000000000000E+009,-5.712697166018188E-004,-5.768521223217249E-004,-5.453584017232060E-004,-4.787406651303172E-004,
2.489033333333334E+009,-5.309699336066842E-004,-5.083253490738571E-004,-4.099212528672069E-004,-4.511476145125926E-004,
2.489066666666667E+009,-3.990755067206919E-004,-4.929863498546183E-004,-4.597614170052111E-004,-5.821016966365278E-004,
2.489100000000000E+009,-3.852006921079010E-004,-4.183140699751675E-004,-5.455838399939239E-004,-4.633753560483456E-004,
2.489133333333334E+009,-4.083666426595300E-004,-3.516643773764372E-004,-5.382800591178238E-004,-4.368443915154785E-004,
2.489166666666667E+009,-5.386440316215158E-004,-4.846912925131619E-004,-5.409092991612852E-004,-3.218800702597946E-004,
2.489200000000000E+009,-5.425559938885272E-004,-4.449873522389680E-004,-4.468114348128438E-004,-4.417407617438585E-004,
2.489233333333334E+009,-4.375865100882947E-004,-3.454118850640953E-004,-4.585326823871583E-004,-3.893234243150801E-004,
2.489266666666667E+009,-4.828897363040596E-004,-4.032150609418750E-004,-4.341186431702226E-004,-3.848430933430791E-004,
2.489300000000000E+009,-5.427619325928390E-004,-3.520934551488608E-004,-4.175291687715799E-004,-5.044165300205350E-004,
2.489333333333334E+009,-4.932064330205321E-004,-3.325784346088767E-004,-4.273474914953113E-004,-4.490543797146529E-004,
2.489366666666667E+009,-4.107658460270613E-004,-3.774282522499561E-004,-4.145886341575533E-004,-3.160347696393728E-004,
2.489400000000000E+009,-4.232615465298295E-004,-4.334283003117889E-004,-4.934911266900599E-004,-3.576616873033345E-004,
2.489433333333334E+009,-4.848820972256362E-004,-2.498350222595036E-004,-4.038090119138360E-004,-4.787828074768186E-004,
2.489466666666667E+009,-5.280810291878879E-004,-3.351169580128044E-004,-4.626476147677749E-004,-3.811425413005054E-004,
2.489500000000000E+009,-3.315583453513682E-004,-2.449701714795083E-004,-3.119506582152098E-004,-2.576759434305131E-004,
2.489533333333334E+009,-2.173403918277472E-004,-4.106836277060211E-004,-5.225347122177482E-004,-3.699303779285401E-004,
2.489566666666667E+009,-3.886917838826776E-004,-1.872714055934921E-004,-3.418414562474936E-004,-4.033862787764520E-004,
2.489600000000000E+009,-4.692410293500871E-004,-3.336103400215507E-004,-2.950239286292344E-004,-4.808943194802851E-004,
2.489633333333334E+009,-3.859447024296969E-004,-3.243720566388220E-004,-3.766525769606233E-004,-3.798027173615992E-004,
2.489666666666667E+009,-4.698811098933220E-004,-4.041348875034601E-004,-4.003816866315901E-004,-2.198120491812006E-004,
2.489700000000000E+009,-5.017013754695654E-004,-3.557952877599746E-004,-3.016340779140592E-004,-2.320429484825581E-004,
2.489733333333334E+009,-4.449267871677876E-004,-2.082955761579797E-004,-5.062638665549457E-004,-2.694164286367595E-004,
2.489766666666667E+009,-4.419821198098362E-004,-4.722824960481376E-004,-3.837280964944512E-004,-2.728812978602946E-004,
2.489800000000000E+009,-3.575880255084485E-004,-2.126797044184059E-004,-3.318798844702542E-004,-2.700444892980158E-004,
2.489833333333334E+009,-4.433565773069859E-004,-3.471284580882639E-004,-3.949441306758672E-004,-3.044382319785655E-004,
2.489866666666667E+009,-4.570488817989826E-004,-2.943050349131227E-004,-4.594679339788854E-004,-2.701419871300459E-004,
2.489900000000000E+009,-2.967015025205910E-004,-3.377282992005348E-004,-4.342172469478101E-004,-2.720456686802208E-004,
2.489933333333334E+009,-3.761148836929351E-004,-4.029492847621441E-004,-3.690012381412089E-004,-2.098298864439130E-004,
2.489966666666667E+009,-3.964075294788927E-004,-2.841345267370343E-004,-3.366114106029272E-004,-2.662776387296617E-004,
2.490000000000000E+009,-3.624817763920873E-004,-1.784558553481475E-004,-3.807186149060726E-004,-3.569253603927791E-004,
2.490033333333334E+009,-4.656297969631851E-004,-2.184517652494833E-004,-2.966008032672107E-004,-3.208323905710131E-004,
2.490066666666667E+009,-5.214585689827800E-004,-2.226256474386901E-004,-3.973646962549537E-004,-3.821376885753125E-004,
2.490100000000000E+009,-4.621267435140908E-004,-2.794938045553863E-004,-3.915004490409046E-004,-3.193466400261968E-004,
2.490133333333334E+009,-3.339651448186487E-004,-3.945963981095702E-004,-3.977441811002791E-004,-2.487418532837182E-004,
2.490166666666667E+009,-4.428750544320792E-004,-2.029614115599543E-004,-4.832180275116116E-004,-4.148386651650071E-004,
2.490200000000000E+009,-3.896146372426301E-004,-2.495275402907282E-004,-3.399839624762535E-004,-3.231478913221508E-004,
2.490233333333334E+009,-4.077844496350735E-004,-2.712960413191468E-004,-1.962732058018446E-004,-2.601674059405923E-004,
2.490266666666667E+009,-3.756284131668508E-004,-3.992682904936373E-004,-3.050658560823649E-004,-2.751316933427006E-004,
2.490300000000000E+009,-4.017677856609225E-004,-3.007820632774383E-004,-3.133929276373237E-004,-3.647236153483391E-004,
2.490333333333334E+009,-3.083246701862663E-004,-1.943934767041355E-004,-4.315130936447531E-004,-1.778120495146141E-004,
2.490366666666667E+009,-2.803429088089615E-004,-2.263514761580154E-004,-4.302001325413585E-004,-1.994854974327609E-004,
2.490400000000000E+009,-3.318780800327659E-004,-2.879149396903813E-004,-3.412089135963470E-004,-2.863429253920913E-004,
2.490433333333334E+009,-4.193325585220009E-004,-3.976374282501638E-004,-3.667626006063074E-004,-3.184688684996218E-004,
2.490466666666667E+009,-3.139411855954677E-004,-3.439310239627957E-004,-2.549751370679587E-004,-4.106960259377956E-004,
2.490500000000000E+009,-2.627212670631707E-004,-2.565859758760780E-004,-4.113287141080946E-004,-2.974697854369879E-004,
2.490533333333334E+009,-3.013677196577191E-004,-1.754729892127216E-004,-3.457878483459353E-004,-3.061352472286671E-004,
2.490566666666667E+009,-3.270992601756007E-004,-3.397403343115002E-004,-3.516400174703449E-004,-2.495534135960043E-004,
2.490600000000000E+009,-2.234482235508040E-004,-2.115712268278003E-004,-2.522080321796238E-004,-2.162376767955720E-004,
2.490633333333334E+009,-3.145130467601121E-004,-2.505577285774052E-004,-3.864761383738369E-004,-3.277570067439228E-004,
2.490666666666667E+009,-2.836142375599593E-004,-3.057056164834648E-004,-3.941474715247750E-004,-3.287142317276448E-004,
2.490700000000000E+009,-2.943615545518696E-004,-3.757494851015508E-004,-3.012856468558312E-004,-2.601174928713590E-004,
2.490733333333334E+009,-3.352165513206273E-004,-3.279037191532552E-004,-1.695044629741460E-004,-3.276594798080623E-004,
2.490766666666667E+009,-3.172235155943781E-004,-2.937471144832671E-004,-2.273715072078630E-004,-2.284853544551879E-004,
2.490800000000000E+009,-3.148149116896093E-004,-3.515723510645330E-004,-2.700060140341520E-004,-1.892544678412378E-004,
2.490833333333334E+009,-1.299911091336981E-004,-1.506057742517442E-004,-2.887354930862784E-004,-2.223555929958820E-004,
2.490866666666667E+009,-2.319806080777198E-004,-3.547352680470794E-004,-1.215261727338657E-004,-2.146337646991015E-004,
2.490900000000000E+009,-1.720362342894077E-004,-2.372653689235449E-004,-1.709141070023179E-004,-2.699837787076831E-004,
2.490933333333334E+009,-9.041874000104144E-005,-2.467869780957699E-004,-3.034300752915442E-004,-2.502485003788024E-004,
2.490966666666667E+009,-2.323809749213979E-004,-2.475360233802348E-004,-1.797788863768801E-004,-2.319323393749073E-004,
2.491000000000000E+009,3.108508462901227E-005,-3.630374267231673E-004,-1.184877182822675E-004,-2.239354798803106E-004,
2.491033333333334E+009,-1.296820846619085E-004,-1.474909367971122E-004,-8.607688505435363E-005,-3.377285611350089E-004,
2.491066666666667E+009,-1.075917316484265E-004,-3.764519642572850E-004,-6.969448440941051E-005,-2.346051187487319E-004,
2.491100000000000E+009,-1.442640495952219E-004,-3.352105850353837E-004,-1.442584616597742E-004,-2.625313936732709E-004,
2.491133333333334E+009,-1.469915878260508E-004,-3.097775916103274E-004,-1.845535880420357E-004,-2.798403438646346E-004,
2.491166666666667E+009,-1.182349369628355E-004,-4.460636700969189E-004,-1.454613375244662E-004,-2.647424116730690E-004,
2.491200000000000E+009,-1.519896468380466E-004,-3.690909070428461E-004,-7.143554830690846E-005,-2.807950077112764E-004,
2.491233333333334E+009,-1.742366730468348E-004,-3.195548488292843E-004,-2.582580782473087E-004,-4.550365556497127E-004,
2.491266666666667E+009,-2.108614571625367E-004,-3.655664913821966E-004,-1.512746675871313E-004,-2.953656367026269E-004,
2.491300000000000E+009,-7.409207319142297E-005,-3.723995469044894E-004,-2.245864307042211E-004,-3.662994422484189E-004,
2.491333333333334E+009,-1.827057858463377E-004,-2.227881195722148E-004,4.276264735381119E-005,-2.057286619674414E-004,
2.491366666666667E+009,-2.730765481828712E-005,-2.982621663250029E-004,-1.210953341796994E-004,-3.744614077731967E-004,
2.491400000000000E+009,-1.997429353650659E-004,-2.240913454443216E-004,-1.111026358557865E-004,-2.773854648694396E-004,
2.491433333333334E+009,-1.711287040961906E-004,-2.945042506325990E-004,-1.747389615047723E-004,-2.966382890008390E-004,
2.491466666666667E+009,-1.352999679511413E-004,-2.907339076045901E-004,-1.953040191438049E-004,-3.659024660009891E-004,
2.491500000000000E+009,-2.809572324622423E-004,-2.629705413710326E-004,-1.915918983286247E-004,-3.924419288523495E-004,
2.491533333333334E+009,-1.751228846842423E-004,-4.070875875186175E-004,-5.240330938249826E-005,-4.098440404050052E-004,
2.491566666666667E+009,-1.293758687097579E-004,-4.436861199792475E-004,-2.792207233142108E-004,-3.770090988837183E-004,
2.491600000000000E+009,-3.145531227346510E-004,-3.616092144511640E-004,-2.039625542238355E-004,-2.961367135867477E-004,
2.491633333333334E+009,-2.420415112283081E-004,-3.998839820269495E-004,-1.617984089534730E-004,-4.160075914114714E-004,
2.491666666666667E+009,-2.258650056319311E-004,-2.207826619269326E-004,-1.089469515136443E-004,-4.315074766054750E-004,
2.491700000000000E+009,-1.011386339087039E-004,-3.253973845858127E-004,-3.189874405506998E-004,-3.665678959805518E-004,
2.491733333333334E+009,-7.059980271151289E-005,-4.170703177805990E-004,-2.170675434172154E-004,-4.029257397633046E-004,
2.491766666666667E+009,-3.113966376986355E-004,-3.133067511953414E-004,-2.813037717714906E-004,-4.525491385720670E-004,
2.491800000000000E+009,-1.125049529946409E-004,-3.168268885929138E-004,-3.477956342976540E-004,-3.827739565167576E-004,
2.491833333333334E+009,-2.484875149093568E-004,-4.112899769097567E-004,-2.163861063309014E-004,-4.838893946725875E-004,
2.491866666666667E+009,-3.331781481392682E-004,-3.617630864027888E-004,-1.485714601585642E-004,-5.467643495649099E-004,
2.491900000000000E+009,-3.910015220753849E-004,-4.246625467203558E-004,-2.205285418312997E-004,-4.087436536792666E-004,
2.491933333333334E+009,-1.483188825659454E-004,-4.467413527891040E-004,-1.592726621311158E-004,-4.867109819315374E-004,
2.491966666666667E+009,-1.905056560644880E-004,-3.796338860411197E-004,-3.195137833245099E-004,-4.512351006269455E-004,
2.492000000000000E+009,-4.233024083077908E-004,-6.546170916408300E-004,-1.857539318734780E-004,-4.222653515171260E-004,
2.492033333333334E+009,-2.992320223711431E-004,-4.231849743518978E-004,-2.154198009520769E-004,-4.942829255014658E-004,
2.492066666666667E+009,-7.156797073548660E-005,-4.245825402904302E-004,-2.873890625778586E-004,-4.380719037726522E-004,
2.492100000000000E+009,-2.234174025943503E-004,-4.426694940775633E-004,-2.711496490519494E-004,-4.371785908006132E-004,
2.492133333333334E+009,-1.758167636580765E-004,-5.933563807047904E-004,-9.380115807289258E-005,-5.080762202851474E-004,
2.492166666666667E+009,-3.383069124538451E-004,-5.292705027386546E-004,-1.542014506412670E-004,-5.167163908481598E-004,
2.492200000000000E+009,-2.931271737907082E-004,-6.177464383654296E-004,-2.882000990211964E-004,-3.993233258370310E-004,
2.492233333333334E+009,-2.795263426378369E-004,-5.813176976516843E-004,-8.771399006946012E-005,-5.580389406532049E-004,
2.492266666666667E+009,-2.277324092574418E-004,-6.255501648411155E-004,-3.768803435377777E-004,-5.149699281901121E-004,
2.492300000000000E+009,-2.486038720235229E-004,-5.894824862480164E-004,-2.913969219662249E-004,-5.343132070265710E-004,
2.492333333333334E+009,-3.200351784471422E-004,-4.378805751912296E-004,-3.215491888113320E-004,-5.726994713768363E-004,
2.492366666666667E+009,-1.607123849680647E-004,-5.313460715115070E-004,-1.283421152038500E-004,-3.516057913657278E-004,
2.492400000000000E+009,-2.839405788108707E-004,-5.365988472476602E-004,-3.151354321744293E-004,-5.507110035978258E-004,
2.492433333333334E+009,-1.851742272265256E-004,-5.334904417395592E-004,-1.165302892331965E-004,-6.691964808851481E-004,
2.492466666666667E+009,-3.610320563893765E-004,-4.534487961791456E-004,-2.540072309784591E-004,-5.259607569314539E-004,
2.492500000000000E+009,-1.986802235478535E-004,-5.659536691382527E-004,-2.255141589557752E-004,-5.242379847913981E-004,
2.492533333333334E+009,-2.928399189841002E-004,-6.348812021315098E-004,-6.134743307484314E-005,-6.458463030867279E-004,
2.492566666666667E+009,-3.758569364435971E-004,-7.051483262330294E-004,-2.791356237139553E-004,-5.062507698312402E-004,
2.492600000000000E+009,-2.934536023531109E-004,-7.040069322101772E-004,-2.831329766195267E-004,-6.969519308768213E-004,
2.492633333333334E+009,-3.183105145581067E-004,-6.751245819032192E-004,-3.310095053166151E-004,-5.971939535811544E-004,
2.492666666666667E+009,-2.508829347789288E-004,-5.504857981577516E-004,-1.916222972795367E-004,-6.036207778379321E-004,
2.492700000000000E+009,-2.577944833319634E-004,-7.097849738784134E-004,-2.904791326727718E-004,-7.017243187874556E-004,
2.492733333333334E+009,-3.263275139033794E-004,-7.027020910754800E-004,-2.893112541642040E-004,-7.240782142616808E-004,
2.492766666666667E+009,-3.176481113769114E-004,-4.859427281189710E-004,-3.119923640042543E-004,-6.915094563737512E-004,
2.492800000000000E+009,-1.578239462105557E-004,-8.906626608222723E-004,-1.324390177614987E-004,-5.479048704728484E-004,
2.492833333333334E+009,-2.996854309458286E-004,-7.447616662830114E-004,-3.824367013294250E-004,-6.548059172928333E-004,
2.492866666666667E+009,-2.633128897286952E-004,-7.502307416871190E-004,-3.231563023291528E-004,-5.981614231131971E-004,
2.492900000000000E+009,-2.868525334633887E-004,-6.319278036244214E-004,-3.143818175885826E-004,-6.537364097312093E-004,
2.492933333333334E+009,-3.288606239948422E-004,-6.497484282590449E-004,-3.505027270875871E-004,-6.411101785488427E-004,
2.492966666666667E+009,-3.341991396155208E-004,-5.795154138468206E-004,-3.405601601116359E-004,-6.223117234185338E-004,
2.493000000000000E+009,-2.279778855154291E-004,-6.599259213544428E-004,-4.382475744932890E-004,-6.391264614649117E-004,
2.493033333333334E+009,-2.676306175999343E-004,-5.418675136752427E-004,-4.236308159306645E-004,-4.865869123023003E-004,
2.493066666666667E+009,-4.275289829820395E-004,-6.107659428380430E-004,-4.051696450915188E-004,-6.247773417271674E-004,
2.493100000000000E+009,-4.472818400245160E-004,-7.005658117122948E-004,-3.397705149836838E-004,-5.576853291131556E-004,
2.493133333333334E+009,-4.828840610571206E-004,-6.507355719804764E-004,-4.470669955480844E-004,-5.870615714229643E-004,
2.493166666666667E+009,-3.814485098700970E-004,-7.059621275402606E-004,-5.585728795267642E-004,-6.803544238209724E-004,
2.493200000000000E+009,-4.751049855258316E-004,-5.505824810825288E-004,-5.176648846827447E-004,-5.632824613712728E-004,
2.493233333333334E+009,-3.527433436829597E-004,-6.828367477282882E-004,-5.452468758448958E-004,-7.264005253091455E-004,
2.493266666666667E+009,-4.470669373404235E-004,-6.930350791662931E-004,-5.137600237503648E-004,-7.061688229441643E-004,
2.493300000000000E+009,-4.238482215441763E-004,-7.084045791998506E-004,-4.421866906341165E-004,-6.503732292912900E-004,
2.493333333333334E+009,-4.863957874476910E-004,-5.641729803755879E-004,-3.722237888723612E-004,-6.629265262745321E-004,
2.493366666666667E+009,-4.858358588535339E-004,-6.722809630446136E-004,-6.121520418673754E-004,-5.629084189422429E-004,
2.493400000000000E+009,-5.875571514479816E-004,-5.889507010579109E-004,-6.589946569874883E-004,-5.315066082403064E-004,
2.493433333333334E+009,-5.711209960281849E-004,-6.438623531721532E-004,-4.867416573688388E-004,-4.761212039738894E-004,
2.493466666666667E+009,-4.401509650051594E-004,-5.601740558631718E-004,-4.959422512911260E-004,-6.556036532856524E-004,
2.493500000000000E+009,-5.140557768754661E-004,-6.669227732345462E-004,-4.529284487944096E-004,-7.423324277624488E-004,
2.493533333333334E+009,-6.822049617767334E-004,-6.364252767525613E-004,-6.553939892910421E-004,-4.815309366676956E-004,
2.493566666666667E+009,-5.742934881709516E-004,-4.728443454951048E-004,-5.380346556194127E-004,-5.987955955788493E-004,
2.493600000000000E+009,-6.738816737197340E-004,-7.570756133645773E-004,-6.319496314972639E-004,-6.219710921868682E-004,
2.493633333333334E+009,-7.036318420432508E-004,-6.949089583940804E-004,-6.361828418448567E-004,-7.753417594358325E-004,
2.493666666666667E+009,-6.182930665090680E-004,-5.237321020103991E-004,-5.286291707307100E-004,-7.342685712501407E-004,
2.493700000000000E+009,-4.884314257651568E-004,-6.657381309196353E-004,-5.270355031825602E-004,-6.488016224466264E-004,
2.493733333333334E+009,-6.126181106083095E-004,-5.658061709254980E-004,-6.397508550435305E-004,-7.135941996239126E-004,
2.493766666666667E+009,-6.924800691194832E-004,-5.548520712181926E-004,-6.010798970237374E-004,-5.633971886709333E-004,
2.493800000000000E+009,-6.331186159513891E-004,-6.036779959686101E-004,-6.166695966385305E-004,-6.788570317439735E-004,
2.493833333333334E+009,-6.485322955995798E-004,-6.806046003475785E-004,-4.886836977675557E-004,-5.636861897073686E-004,
2.493866666666667E+009,-6.688762805424631E-004,-5.708264070563018E-004,-6.545718060806394E-004,-7.372889085672796E-004,
2.493900000000000E+009,-7.743434398435056E-004,-6.999220931902528E-004,-6.501337629742920E-004,-7.103035459294915E-004,
2.493933333333334E+009,-6.554229767061770E-004,-6.788631435483694E-004,-7.857229793444276E-004,-7.262730505317450E-004,
2.493966666666667E+009,-7.135955966077745E-004,-6.925174384377897E-004,-7.851911941543222E-004,-5.386717384681106E-004,
2.494000000000000E+009,-7.169145974330604E-004,-6.190157146193087E-004,-6.620835047215223E-004,-6.682965322397649E-004,
2.494033333333334E+009,-7.279037963598967E-004,-5.870080203749239E-004,-7.477947510778904E-004,-6.106984219513834E-004,
2.494066666666667E+009,-7.167189614847302E-004,-6.606815732084215E-004,-7.061760989017785E-004,-6.163430516608059E-004,
2.494100000000000E+009,-8.224374614655972E-004,-6.380004342645407E-004,-7.325048791244626E-004,-6.463837344199419E-004,
2.494133333333334E+009,-8.207752252928913E-004,-7.289854693226516E-004,-6.668670685030520E-004,-7.225944427773356E-004,
2.494166666666667E+009,-7.646451704204083E-004,-6.647860282100737E-004,-7.760382723063231E-004,-8.146030013449490E-004,
2.494200000000000E+009,-8.021014509722590E-004,-5.950144841335714E-004,-7.059430354274809E-004,-5.633920663967729E-004,
2.494233333333334E+009,-8.617158746346831E-004,-4.761223972309381E-004,-8.763290825299919E-004,-6.830125930719078E-004,
2.494266666666667E+009,-7.384808268398047E-004,-7.010643021203578E-004,-7.871796260587871E-004,-5.977376131340861E-004,
2.494300000000000E+009,-7.647370221093297E-004,-5.331397987902165E-004,-8.680407772772014E-004,-6.857606931589544E-004,
2.494333333333334E+009,-6.698043434880674E-004,-5.993780796416104E-004,-7.342309108935297E-004,-7.866756059229374E-004,
2.494366666666667E+009,-9.203008376061916E-004,-6.754526402801275E-004,-8.130268543027341E-004,-6.043392932042480E-004,
2.494400000000000E+009,-8.927977178245783E-004,-5.973113002255559E-004,-7.270381902344525E-004,-5.761014763265848E-004,
2.494433333333334E+009,-8.084109285846353E-004,-4.338205617386848E-004,-7.179499953053892E-004,-5.928191822022200E-004,
2.494466666666667E+009,-7.528102723881602E-004,-5.697288434021175E-004,-9.192452998831868E-004,-5.223721382208169E-004,
2.494500000000000E+009,-8.252144325524569E-004,-4.978476790711284E-004,-8.752161520533264E-004,-5.730338161811233E-004,
2.494533333333334E+009,-7.319939904846251E-004,-5.951967323198915E-004,-9.526592912152410E-004,-6.934601697139442E-004,
2.494566666666667E+009,-9.140517213381827E-004,-6.019573775120080E-004,-9.935512207448483E-004,-5.219345330260694E-004,
2.494600000000000E+009,-9.542821208015084E-004,-6.221088115125895E-004,-9.224322857335210E-004,-5.234457785263658E-004,
2.494633333333334E+009,-8.873529150150716E-004,-5.595418624579907E-004,-8.862849790602922E-004,-5.970196216367185E-004,
2.494666666666667E+009,-1.011362881399691E-003,-5.541745340451598E-004,-8.889580494724214E-004,-5.660409806296229E-004,
2.494700000000000E+009,-9.378640097565949E-004,-5.447859875857830E-004,-8.707591332495213E-004,-4.061399959027767E-004,
2.494733333333334E+009,-9.616483584977686E-004,-5.520254489965737E-004,-9.029906941577792E-004,-4.969433066435158E-004,
2.494766666666667E+009,-9.518507285974920E-004,-4.629781760741025E-004,-1.077607041224837E-003,-5.548206972889602E-004,
2.494800000000000E+009,-8.301809430122376E-004,-4.254018422216177E-004,-1.041077310219407E-003,-4.747637722175568E-004,
2.494833333333334E+009,-9.535087738186121E-004,-2.316372847417370E-004,-1.061596791259944E-003,-4.720367141999304E-004,
2.494866666666667E+009,-9.292768663726747E-004,-4.001044726464897E-004,-9.905566694214940E-004,-3.840065619442612E-004,
2.494900000000000E+009,-1.087968004867435E-003,-4.897084436379373E-004,-1.126291928812861E-003,-5.105639575049281E-004,
2.494933333333334E+009,-9.701922535896301E-004,-5.188790964893997E-004,-1.084052491933107E-003,-5.276494193822146E-004,
2.494966666666667E+009,-9.700952796265483E-004,-4.798771988134831E-004,-9.889503708109260E-004,-4.393283161334693E-004,
2.495000000000000E+009,-1.060997019521892E-003,-3.597224131226540E-004,-9.933490073308349E-004,-4.125898121856153E-004,
2.495033333333334E+009,-1.141494489274919E-003,-4.987936699762940E-004,-1.068745157681406E-003,-3.378394176252186E-004,
2.495066666666667E+009,-1.201672595925629E-003,-3.932631807401776E-004,-9.737942600622773E-004,-3.037234710063785E-004,
2.495100000000000E+009,-9.854823583737016E-004,-3.488358634058386E-004,-1.086038071662188E-003,-4.652135539799929E-004,
2.495133333333334E+009,-1.156904967501760E-003,-2.874386264011264E-004,-1.041107228957117E-003,-3.664073883555830E-004,
2.495166666666667E+009,-1.005025114864111E-003,-3.488177026156336E-004,-1.275354647077620E-003,-3.078633744735271E-004,
2.495200000000000E+009,-1.097956439480186E-003,-4.205750883556902E-004,-1.181035069748759E-003,-3.796327800955623E-004,
2.495233333333334E+009,-1.081590075045824E-003,-1.995049387915060E-004,-1.169746159575880E-003,-2.383838145760819E-004,
2.495266666666667E+009,-1.103228307329118E-003,-2.239014866063371E-004,-1.028568483889103E-003,-3.291410394012928E-004,
2.495300000000000E+009,-1.284141675569117E-003,-3.504952765069902E-004,-1.086294883862138E-003,-3.689171862788498E-004,
2.495333333333334E+009,-1.206502667628229E-003,-2.117935800924897E-004,-1.151496544480324E-003,-1.946876291185617E-004,
2.495366666666667E+009,-1.187986228615046E-003,-1.131287281168625E-004,-1.127508119679987E-003,-2.949849003925920E-004,
2.495400000000000E+009,-1.174964709207416E-003,-4.568572912830859E-004,-1.271170796826482E-003,-3.968749369960278E-004,
2.495433333333334E+009,-1.204097992740572E-003,-2.987730840686709E-004,-1.169718801975250E-003,-1.676194369792938E-004,
2.495466666666667E+009,-1.157943741418421E-003,-2.786659752018750E-004,-1.274904119782150E-003,-2.635553246363998E-004,
2.495500000000000E+009,-1.166046829894185E-003,-2.150273503502831E-004,-1.184251508675516E-003,-2.837704960256815E-004,
2.495533333333334E+009,-1.096827094443142E-003,-1.893763546831906E-004,-1.201798091642559E-003,-3.445256734266877E-004,
2.495566666666667E+009,-1.229843008331955E-003,-3.381776914466173E-004,-1.115933991968632E-003,-1.088053541025147E-004,
2.495600000000000E+009,-1.273807021789253E-003,-3.323358832858503E-004,-1.116854487918317E-003,-2.620890736579895E-004,
2.495633333333334E+009,-1.089113531634212E-003,-3.484894987195730E-004,-1.220258185639978E-003,-2.175495319534093E-004,
2.495666666666667E+009,-1.054056920111179E-003,-4.713052476290613E-004,-1.178689417429268E-003,-1.423874491592869E-004,
2.495700000000000E+009,-1.188615919090807E-003,-3.137856838293374E-004,-1.330013386905193E-003,-1.274555252166465E-004,
2.495733333333334E+009,-1.391028403304517E-003,-2.198177971877158E-004,-1.342595787718892E-003,-2.138832642231137E-004,
2.495766666666667E+009,-1.323672593571246E-003,-1.102597889257595E-004,-1.204859814606607E-003,-2.691390400286764E-004,
2.495800000000000E+009,-1.352100400254130E-003,-9.637258335715160E-005,-1.284268219023943E-003,-2.020798419835046E-004,
2.495833333333334E+009,-1.150338561274111E-003,-9.152315760729834E-005,-1.280596363358200E-003,-1.515605836175382E-004,
2.495866666666667E+009,-1.194266253151000E-003,-6.480699812527746E-005,-1.271018176339567E-003,-1.162996559287421E-004,
2.495900000000000E+009,-1.326837926171720E-003,-1.350440870737657E-004,-1.356634194962680E-003,-1.657994289416820E-004,
2.495933333333334E+009,-1.297845738008618E-003,-2.182275784434751E-004,-1.288547762669623E-003,-2.294649166287854E-004,
2.495966666666667E+009,-1.322542433626950E-003,-2.209466474596411E-004,-1.149335992522538E-003,-8.782131772022694E-005,
2.496000000000000E+009,-1.427767449058592E-003,-3.161448694299907E-005,-1.306771067902446E-003,-8.436311327386648E-005,
2.496033333333334E+009,-1.283272868022323E-003,-1.207836685352959E-004,-1.248379354365170E-003,1.082994058378972E-004,
2.496066666666667E+009,-1.286993501707912E-003,1.724277826724574E-004,-1.299300813116133E-003,-1.460126950405538E-004,
2.496100000000000E+009,-1.454793615266681E-003,-2.405458872090094E-005,-1.266061794012785E-003,-1.259750861208886E-004,
2.496133333333334E+009,-1.394830294884741E-003,-6.714346909575397E-007,-1.295721391215920E-003,5.451852121041156E-005,
2.496166666666667E+009,-1.319864881224930E-003,-2.112531910825055E-005,-1.334772328846157E-003,3.363298674230464E-005,
2.496200000000000E+009,-1.185839995741844E-003,1.100525187212043E-004,-1.328176120296121E-003,8.407253335462883E-005,
2.496233333333334E+009,-1.234162831678987E-003,2.104444320139010E-005,-1.333428081125021E-003,5.912187043577433E-005,
2.496266666666667E+009,-1.286770682781935E-003,1.140010062954389E-004,-1.340137794613838E-003,1.439902553102002E-004,
2.496300000000000E+009,-1.223546685650945E-003,-6.039646905264817E-005,-1.362154143862426E-003,1.756759302224964E-004,
2.496333333333334E+009,-1.308623468503356E-003,6.073892654967494E-005,-1.528322929516435E-003,3.995012957602739E-005,
2.496366666666667E+009,-1.317174173891544E-003,1.981870300369337E-004,-1.384430681355298E-003,2.637142024468631E-004,
2.496400000000000E+009,-1.356677152216435E-003,1.274271344300360E-004,-1.376784173771739E-003,1.631604100111872E-004,
2.496433333333334E+009,-1.311383326537907E-003,2.625765628181398E-004,-1.351414946839213E-003,1.053602609317750E-004,
2.496466666666667E+009,-1.324804499745369E-003,2.070342598017305E-004,-1.388459000736475E-003,1.469674607506022E-004,
2.496500000000000E+009,-1.379549037665129E-003,2.222583279944956E-004,-1.345743075944483E-003,2.292048302479088E-004,
2.496533333333334E+009,-1.456613070331514E-003,3.619002527557313E-004,-1.396969775669277E-003,3.532237606123090E-004,
2.496566666666667E+009,-1.501190126873553E-003,4.000778426416218E-004,-1.414417172782123E-003,1.861741038737819E-004,
2.496600000000000E+009,-1.527751213870943E-003,4.091578011866659E-004,-1.327524543739855E-003,3.844634338747710E-004,
2.496633333333334E+009,-1.492049195803702E-003,3.295224742032588E-004,-1.399161759763956E-003,3.795987577177584E-004,
2.496666666666667E+009,-1.382105168886483E-003,3.337925008963794E-004,-1.397674321196973E-003,3.911384555976838E-004,
2.496700000000000E+009,-1.260586432181299E-003,3.720352542586625E-004,-1.292459550313652E-003,3.770785115193576E-004,
2.496733333333334E+009,-1.483469852246344E-003,2.736893948167563E-004,-1.392606180161238E-003,3.296884533483535E-004,
2.496766666666667E+009,-1.444681314751506E-003,3.384307783562690E-004,-1.313135027885437E-003,3.247514832764864E-004,
2.496800000000000E+009,-1.261943602003157E-003,5.216606659814715E-004,-1.424344256520271E-003,2.399238292127848E-004,
2.496833333333334E+009,-1.450273557566106E-003,3.307414299342781E-004,-1.356278429739177E-003,3.831964859273285E-004,
2.496866666666667E+009,-1.397650223225355E-003,4.615725483745337E-004,-1.379473949782550E-003,4.659502592403442E-004,
2.496900000000000E+009,-1.409779884852469E-003,4.318437713664025E-004,-1.436441205441952E-003,4.703920276369900E-004,
2.496933333333334E+009,-1.329589867964387E-003,4.589315794873983E-004,-1.418732805177569E-003,4.039084305986762E-004,
2.496966666666667E+009,-1.317461370490491E-003,4.190109029877931E-004,-1.475711353123188E-003,5.512545467354357E-004,
2.497000000000000E+009,-1.305784797295928E-003,5.006865831092000E-004,-1.420194748789072E-003,4.094202304258943E-004,
2.497033333333334E+009,-1.368040917441249E-003,5.145547329448164E-004,-1.306549995206296E-003,4.747284692712128E-004,
2.497066666666667E+009,-1.378207583911717E-003,5.777796613983810E-004,-1.390722696669400E-003,6.444298196583986E-004,
2.497100000000000E+009,-1.357797882519662E-003,5.824622348882258E-004,-1.264516613446176E-003,5.255666328594089E-004,
2.497133333333334E+009,-1.379621564410627E-003,6.364000146277249E-004,-1.270590815693140E-003,4.144090344198048E-004,
2.497166666666667E+009,-1.419288455508649E-003,7.170437020249665E-004,-1.434034202247858E-003,5.955792730674148E-004,
2.497200000000000E+009,-1.405041781254113E-003,6.287265568971634E-004,-1.327480189502239E-003,5.132842343300581E-004,
2.497233333333334E+009,-1.440812135115266E-003,6.082362378947437E-004,-1.205902313813567E-003,5.954604712314904E-004,
2.497266666666667E+009,-1.413816353306174E-003,6.398044642992318E-004,-1.348444842733443E-003,5.910079344175756E-004,
2.497300000000000E+009,-1.372544444166124E-003,6.382587598636746E-004,-1.288432395085692E-003,6.802593125030398E-004,
2.497333333333334E+009,-1.293799490667880E-003,6.837993278168142E-004,-1.328701386228204E-003,6.452469970099628E-004,
2.497366666666667E+009,-1.446130452677608E-003,7.527593988925219E-004,-1.383736263960600E-003,6.154536386020482E-004,
2.497400000000000E+009,-1.403152011334896E-003,7.734013488516212E-004,-1.364602125249803E-003,6.480960873886943E-004,
2.497433333333334E+009,-1.296633738093078E-003,7.492834120057523E-004,-1.424035290256143E-003,6.578226457349956E-004,
2.497466666666667E+009,-1.221875427290797E-003,7.540148217231035E-004,-1.337111927568913E-003,6.534634158015251E-004,
2.497500000000000E+009,-1.464110566303134E-003,7.064592209644616E-004,-1.369698671624064E-003,7.115014595910907E-004,
2.497533333333334E+009,-1.271875109523535E-003,6.285451818257570E-004,-1.305000390857458E-003,6.932427058927715E-004,
2.497566666666667E+009,-1.310392864979804E-003,8.017705986276269E-004,-1.289579784497619E-003,8.229321683757007E-004,
2.497600000000000E+009,-1.178340520709753E-003,7.608048617839813E-004,-1.254873583093286E-003,7.681116694584489E-004,
2.497633333333334E+009,-1.150598400272429E-003,7.931917207315564E-004,-1.305625308305025E-003,9.062818717211485E-004,
2.497666666666667E+009,-1.184210297651589E-003,7.769914809614420E-004,-1.310249674133956E-003,8.264501811936498E-004,
2.497700000000000E+009,-1.198226353153586E-003,8.540961425751448E-004,-1.181786414235830E-003,9.882682934403420E-004,
2.497733333333334E+009,-1.153141143731773E-003,9.545693174004555E-004,-1.215987373143435E-003,7.827501394785941E-004,
2.497766666666667E+009,-1.234979485161603E-003,9.012953378260136E-004,-1.441523665562272E-003,1.031862688250840E-003,
2.497800000000000E+009,-1.120572327636182E-003,8.127824985422194E-004,-1.184131368063390E-003,1.024213037453592E-003,
2.497833333333334E+009,-1.195926684886217E-003,8.944673463702202E-004,-1.108772237785161E-003,1.000479562208056E-003,
2.497866666666667E+009,-1.089725410565734E-003,9.892578236758709E-004,-1.131706521846354E-003,1.089348574168980E-003,
2.497900000000000E+009,-1.197925768792629E-003,1.067747361958027E-003,-1.123978057876229E-003,1.053535146638751E-003,
2.497933333333334E+009,-1.036814297549427E-003,9.207522962242365E-004,-1.124287256971002E-003,9.871732909232378E-004,
2.497966666666667E+009,-1.138022169470787E-003,1.171217299997807E-003,-1.229102723300457E-003,1.130400109104812E-003,
2.498000000000000E+009,-1.052458304911852E-003,1.198636367917061E-003,-1.013789442367852E-003,1.070571830496192E-003,
2.498033333333334E+009,-1.158918836154044E-003,1.156849670223892E-003,-1.159808831289411E-003,1.178221427835524E-003,
2.498066666666667E+009,-1.012421329505742E-003,1.259306911379099E-003,-1.058173598721623E-003,1.149011543020606E-003,
2.498100000000000E+009,-9.721329552121460E-004,1.106538111343980E-003,-1.090075355023146E-003,1.170381787233055E-003,
2.498133333333334E+009,-1.056800712831318E-003,1.041716081090272E-003,-1.028314931318164E-003,1.172237913124263E-003,
2.498166666666667E+009,-1.065531745553017E-003,1.096111256629229E-003,-1.023580436594784E-003,1.209435518831015E-003,
2.498200000000000E+009,-1.120963366702199E-003,1.228843815624714E-003,-1.147481147199869E-003,1.172740827314556E-003,
2.498233333333334E+009,-9.950012899935246E-004,1.068233745172620E-003,-1.004235935397446E-003,1.149967079982162E-003,
2.498266666666667E+009,-9.433551458641887E-004,1.085677067749202E-003,-9.411482606083155E-004,1.115331077016890E-003,
2.498300000000000E+009,-1.083812210708857E-003,1.166019123047590E-003,-9.877111297100782E-004,1.214902149513364E-003,
2.498333333333334E+009,-9.879199787974358E-004,1.221048412844539E-003,-1.004895661026239E-003,1.240037847310305E-003,
2.498366666666667E+009,-9.395599481649697E-004,1.280365977436304E-003,-9.356546215713024E-004,1.261404831893742E-003,
2.498400000000000E+009,-7.799944141879678E-004,1.302204560488462E-003,-9.072895045392215E-004,1.239617238752544E-003,
2.498433333333334E+009,-8.706432417966425E-004,1.350463717244566E-003,-1.042098621837795E-003,1.240210956893861E-003,
2.498466666666667E+009,-9.580484475009143E-004,1.203738735057414E-003,-1.050212653353810E-003,1.322577474638820E-003,
2.498500000000000E+009,-9.216967155225575E-004,1.358916866593063E-003,-9.108385420404375E-004,1.312948646955192E-003,
2.498533333333334E+009,-8.699433528818190E-004,1.276663970202208E-003,-7.918766932561994E-004,1.387775293551385E-003,
2.498566666666667E+009,-8.144669700413942E-004,1.214981894008815E-003,-9.108993690460920E-004,1.356085995212197E-003,
2.498600000000000E+009,-8.076525991782546E-004,1.281570876017213E-003,-7.653401698917151E-004,1.237230026163161E-003,
2.498633333333334E+009,-9.213248267769814E-004,1.310312887653709E-003,-7.503160159103572E-004,1.412532990798354E-003,
2.498666666666667E+009,-8.264305652119219E-004,1.264928025193512E-003,-9.014010429382324E-004,1.249989960342646E-003,
2.498700000000000E+009,-7.989886798895896E-004,1.289533684030175E-003,-8.500195690430701E-004,1.335072447545826E-003,
2.498733333333334E+009,-8.849147707223892E-004,1.393291284330189E-003,-8.370535797439516E-004,1.287585706450045E-003,
2.498766666666667E+009,-7.841187180019915E-004,1.377972541376948E-003,-8.309403201565146E-004,1.407213858328760E-003,
2.498800000000000E+009,-8.304403163492680E-004,1.459865481592715E-003,-9.120594477280974E-004,1.326209632679820E-003,
2.498833333333334E+009,-8.434581686742604E-004,1.516769174486399E-003,-7.173874182626605E-004,1.334387110546231E-003,
2.498866666666667E+009,-7.822006591595709E-004,1.440497930161655E-003,-8.375424658879638E-004,1.461014035157859E-003,
2.498900000000000E+009,-7.184160640463233E-004,1.425045426003635E-003,-5.264424835331738E-004,1.452926546335220E-003,
2.498933333333334E+009,-7.703902083449066E-004,1.427897252142429E-003,-8.613644749857485E-004,1.456009922549129E-003,
2.498966666666667E+009,-7.038397016003728E-004,1.443790970370174E-003,-7.391943363472819E-004,1.575681148096919E-003,
2.499000000000000E+009,-6.840783171355724E-004,1.409895834513009E-003,-7.539226789958775E-004,1.385734532959759E-003,
2.499033333333334E+009,-7.838018937036395E-004,1.583218690939248E-003,-8.030231110751629E-004,1.504016341641545E-003,
2.499066666666667E+009,-7.182561093941331E-004,1.440453110262752E-003,-6.617022445425391E-004,1.465646782889962E-003,
2.499100000000000E+009,-6.746868020854890E-004,1.489823684096336E-003,-6.165624945424497E-004,1.433798926882446E-003,
2.499133333333334E+009,-6.453011301346123E-004,1.638681627810001E-003,-6.666283006779850E-004,1.534903538413346E-003,
2.499166666666667E+009,-5.287213134579361E-004,1.491215196438134E-003,-5.973023362457752E-004,1.549128559418023E-003,
2.499200000000000E+009,-5.293749272823334E-004,1.436237595044076E-003,-6.736740469932556E-004,1.428983057849109E-003,
2.499233333333334E+009,-5.504745058715344E-004,1.541327103041112E-003,-5.891194450668991E-004,1.586959464475513E-003,
2.499266666666667E+009,-4.392167902551591E-004,1.503950217738748E-003,-5.664843483828008E-004,1.547679305076599E-003,
2.499300000000000E+009,-6.275943596847355E-004,1.555981696583331E-003,-4.032654105685651E-004,1.661592163145542E-003,
2.499333333333334E+009,-4.395355936139822E-004,1.505318447016180E-003,-4.033401783090085E-004,1.493322430178523E-003,
2.499366666666667E+009,-3.923888725694269E-004,1.566555933095515E-003,-3.923449548892677E-004,1.526393112726510E-003,
2.499400000000000E+009,-4.349214141257107E-004,1.382977818138897E-003,-4.402322811074555E-004,1.658710185438395E-003,
2.499433333333334E+009,-2.980132412631065E-004,1.658125780522823E-003,-3.910857485607266E-004,1.671670004725456E-003,
2.499466666666667E+009,-3.056509594898671E-004,1.646220101974905E-003,-3.470722294878215E-004,1.767281442880631E-003,
2.499500000000000E+009,-3.582276694942266E-004,1.610619830898941E-003,-4.221779818180949E-004,1.587160862982273E-003,
2.499533333333334E+009,-2.394323819316924E-004,1.599852112121880E-003,-2.850805467460305E-004,1.548759639263153E-003,
2.499566666666667E+009,-3.481580642983317E-004,1.638325513340533E-003,-2.366541011724621E-004,1.525603351183236E-003,
2.499600000000000E+009,-2.177414571633562E-004,1.559920026920736E-003,-2.979233686346561E-004,1.731822965666652E-003,
2.499633333333334E+009,-3.122794150840491E-004,1.617741538211703E-003,-1.173163109342568E-004,1.573970075696707E-003,
2.499666666666667E+009,-1.892993750516325E-004,1.713139936327934E-003,-3.780056140385568E-004,1.685594324953854E-003,
2.499700000000000E+009,-7.968518912093714E-005,1.631769468076527E-003,-9.855825192062184E-005,1.477190526202321E-003,
2.499733333333334E+009,-2.157205308321863E-004,1.698632026091218E-003,-1.237717806361616E-004,1.745065790601075E-003,
2.499766666666667E+009,-2.265867078676820E-004,1.658047083765268E-003,-1.690598583081737E-004,1.664107083342969E-003,
2.499800000000000E+009,-1.096272098948248E-004,1.555911614559591E-003,-1.904032396851108E-004,1.776582095772028E-003,
2.499833333333334E+009,-9.766149014467374E-005,1.568830804899335E-003,-2.263999922433868E-004,1.668063807301223E-003,
2.499866666666667E+009,-3.633836240624078E-005,1.610233564861119E-003,-1.504309911979362E-004,1.691335230134428E-003,
2.499900000000000E+009,-7.171122706495225E-005,1.713470555841923E-003,-5.005911225453019E-005,1.591476262547076E-003,
2.499933333333334E+009,-6.249471880437341E-006,1.755394972860813E-003,-1.240722922375426E-004,1.665230607613921E-003,
2.499966666666667E+009,8.306828385684639E-005,1.624590251594782E-003,-5.482914275489748E-006,1.768649090081453E-003,
2.500000000000000E+009,9.188697003992274E-005,1.584837562404573E-003,5.378275091061369E-005,1.797906239517033E-003,
