% Version 1.00
%
%freq[Hz];re:Trc1_S21;im:Trc1_S21;re:Trc2_S12;im:Trc2_S12;
2.480000000000000E+009,5.254662828519940E-004,-5.374746397137642E-004,4.487649712245911E-004,-6.332954508252442E-004,
2.480033333333334E+009,3.792263159994036E-004,-6.720445235259831E-004,4.319704312365502E-004,-5.886554718017578E-004,
2.480066666666667E+009,4.419044707901776E-004,-6.395899690687656E-004,4.624581779353321E-004,-6.297535146586597E-004,
2.480100000000000E+009,2.925694570876658E-004,-7.214174256660044E-004,3.968456294387579E-004,-6.261341623030603E-004,
2.480133333333334E+009,4.084759275428951E-004,-6.441233563236892E-004,3.996516752522439E-004,-6.680490914732218E-004,
2.480166666666667E+009,3.271769091952592E-004,-6.430028006434441E-004,3.258211945649236E-004,-7.915691821835935E-004,
2.480200000000000E+009,3.156479506287724E-004,-6.849242490716279E-004,2.090611087623984E-004,-7.488340488635004E-004,
2.480233333333334E+009,3.883860190398991E-004,-6.904487381689251E-004,2.832522150129080E-004,-6.068176007829607E-004,
2.480266666666667E+009,3.296784125268459E-004,-5.950320046395063E-004,4.452519933693111E-004,-7.239558035507798E-004,
2.480300000000000E+009,3.121090994682163E-004,-7.499228813685477E-004,1.422944333171472E-004,-6.945707136765122E-004,
2.480333333333334E+009,3.604412777349353E-004,-8.020959212444723E-004,3.820671699941158E-004,-5.941443960182369E-004,
2.480366666666667E+009,4.011085839010775E-004,-7.625790894962847E-004,2.727879327721894E-004,-7.053828448988497E-004,
2.480400000000000E+009,3.830471832770854E-004,-8.549764170311391E-004,3.230730362702161E-004,-5.818677600473166E-004,
2.480433333333334E+009,3.191309515386820E-004,-6.838110275566578E-004,3.917108988389373E-004,-7.919486379250884E-004,
2.480466666666667E+009,2.821823873091489E-004,-6.584111251868308E-004,2.559877466410399E-004,-7.069043931551278E-004,
2.480500000000000E+009,2.014529600273818E-004,-6.430008215829730E-004,3.854469978250563E-004,-5.923495045863092E-004,
2.480533333333334E+009,2.059848775388673E-004,-6.252803723327816E-004,1.485404063714668E-004,-5.717978347092867E-004,
2.480566666666667E+009,3.114248684141785E-004,-5.476224469020963E-004,3.511963877826929E-004,-5.715842125937343E-004,
2.480600000000000E+009,2.631556708365679E-004,-7.437245221808553E-004,3.006096521858126E-004,-6.011734367348254E-004,
2.480633333333334E+009,3.287435683887452E-004,-4.830508260056377E-004,4.304944595787674E-004,-4.655928933061659E-004,
2.480666666666667E+009,1.994104677578434E-004,-6.441352306865156E-004,2.856433857232332E-004,-5.343465018086135E-004,
2.480700000000000E+009,3.802570863626897E-004,-7.354795234277844E-004,3.038975119125098E-004,-6.098037119954824E-004,
2.480733333333334E+009,2.256073057651520E-004,-4.577027866616845E-004,2.646172069944441E-004,-5.703105125576258E-004,
2.480766666666667E+009,4.309632640797645E-004,-5.597661947831512E-004,2.458875824231654E-004,-6.239402573555708E-004,
2.480800000000000E+009,3.580585762392730E-004,-5.019307718612254E-004,3.125237708445638E-004,-5.092457286082208E-004,
2.480833333333334E+009,2.539878769312054E-004,-5.454877391457558E-004,3.049204242415726E-004,-5.630225641652942E-004,
2.480866666666667E+009,4.600392130669206E-004,-6.751871551387012E-004,4.276489489711821E-004,-3.607375838328153E-004,
2.480900000000000E+009,3.186613321304321E-004,-5.156039842404425E-004,2.908670576289296E-004,-5.395847256295383E-004,
2.480933333333334E+009,2.065055741695687E-004,-3.753173223230988E-004,3.933502885047346E-004,-6.192376604303718E-004,
2.480966666666667E+009,3.352244384586811E-004,-4.708514607045800E-004,2.951564674731344E-004,-5.246910732239485E-004,
2.481000000000000E+009,4.589132440742105E-004,-4.157495859544724E-004,4.962519160471857E-004,-4.877080791629851E-004,
2.481033333333334E+009,3.096681903116405E-004,-5.407306598499417E-004,2.348047273699194E-004,-5.029992898926139E-004,
2.481066666666667E+009,3.406452306080610E-004,-3.589005500543863E-004,3.810252528637648E-004,-4.884809022769332E-004,
2.481100000000000E+009,3.525899664964527E-004,-5.217421567067504E-004,2.645608037710190E-004,-5.099625559523702E-004,
2.481133333333334E+009,4.178491944912821E-004,-4.508283454924822E-004,4.050375428050757E-004,-4.080692888237536E-004,
2.481166666666667E+009,3.938986628782004E-004,-6.018009735271335E-004,3.968980745412409E-004,-3.838752454612404E-004,
2.481200000000000E+009,3.755313227884471E-004,-4.987106076441705E-004,3.388431796338409E-004,-5.492074415087700E-004,
2.481233333333334E+009,4.419680335558951E-004,-4.327805945649743E-004,3.868085914291441E-004,-3.645441902335733E-004,
2.481266666666667E+009,2.957876422442496E-004,-5.448136362247169E-004,4.483768134377897E-004,-4.490301071200520E-004,
2.481300000000000E+009,1.833159330999479E-004,-5.889190360903740E-004,2.647909277584404E-004,-5.270704277791083E-004,
2.481333333333334E+009,3.434784011915326E-004,-5.624730838462710E-004,2.906909794546664E-004,-4.382082261145115E-004,
2.481366666666667E+009,3.196380275767297E-004,-5.734661244787276E-004,2.869507879950106E-004,-4.114712064620107E-004,
2.481400000000000E+009,2.446077123750001E-004,-5.651300307363272E-004,3.601857752073556E-004,-4.232009232509881E-004,
2.481433333333334E+009,3.113845014013350E-004,-3.750412142835558E-004,3.811742062680423E-004,-5.602823221124709E-004,
2.481466666666667E+009,3.815422824118286E-004,-5.451095057651401E-004,3.807944594882429E-004,-4.676951793953776E-004,
2.481500000000000E+009,2.939008118119091E-004,-5.240500904619694E-004,2.382506645517424E-004,-4.988196888007224E-004,
2.481533333333334E+009,3.002833109349012E-004,-5.243191844783723E-004,3.441782610025257E-004,-3.865225589834154E-004,
2.481566666666667E+009,4.933117306791246E-004,-5.772018921561539E-004,3.207173722330481E-004,-4.525720141828060E-004,
2.481600000000000E+009,4.045191744808108E-004,-3.251400194130838E-004,4.370608367025852E-004,-4.262859583832324E-004,
2.481633333333334E+009,3.238445497117937E-004,-3.315083449706435E-004,3.368706966284663E-004,-4.862174973823130E-004,
2.481666666666667E+009,3.596514579840004E-004,-5.505646695382893E-004,3.523592895362526E-004,-4.742802702821791E-004,
2.481700000000000E+009,2.634790143929422E-004,-3.857169649563730E-004,3.500292950775474E-004,-5.286894156597555E-004,
2.481733333333334E+009,3.658951318357140E-004,-5.181800806894898E-004,2.446580911055207E-004,-5.247988156042993E-004,
2.481766666666667E+009,2.897094236686826E-004,-4.150882887188345E-004,2.550685603637248E-004,-4.992657341063023E-004,
2.481800000000000E+009,2.996298717334867E-004,-5.160801811143756E-004,3.764691937249154E-004,-4.848641401622444E-004,
2.481833333333334E+009,3.336865629535168E-004,-5.079632974229753E-004,2.826138515956700E-004,-5.522157880477607E-004,
2.481866666666667E+009,3.409750643186271E-004,-6.715935305692256E-004,2.549763885326684E-004,-4.317756101954728E-004,
2.481900000000000E+009,2.951141796074808E-004,-5.120099522173405E-004,2.886709407903254E-004,-4.759996954817325E-004,
2.481933333333334E+009,2.570328069850802E-004,-4.471609136089683E-004,2.608005597721785E-004,-5.864027189090848E-004,
2.481966666666667E+009,2.864377165678889E-004,-5.138797569088638E-004,2.662053739186376E-004,-4.912673612125218E-004,
2.482000000000000E+009,1.651704951655120E-004,-4.581789835356176E-004,3.046649217139930E-004,-6.490335799753666E-004,
2.482033333333334E+009,2.821111702360213E-004,-4.519438953138888E-004,2.964715822599828E-004,-4.594541678670794E-004,
2.482066666666667E+009,3.076486173085868E-004,-3.798109246417880E-004,3.146811795886606E-004,-5.470128962770104E-004,
2.482100000000000E+009,2.441908291075379E-004,-5.078513058833778E-004,1.834708382375538E-004,-4.815646971110255E-004,
2.482133333333334E+009,2.694524591788650E-004,-5.325975362211466E-004,2.445080899633467E-004,-4.063902306370437E-004,
2.482166666666667E+009,2.394101757090539E-004,-3.888630017172545E-004,3.815937088802457E-004,-5.533887888304889E-004,
2.482200000000000E+009,3.157476312480867E-004,-4.326085618231446E-004,4.438230826053768E-004,-3.297973016742617E-004,
2.482233333333334E+009,3.431912628002465E-004,-4.488080157898367E-004,3.647826961241663E-004,-4.317253769841045E-004,
2.482266666666667E+009,4.397469456307590E-004,-4.643718712031841E-004,2.735884918365628E-004,-5.604959442280233E-004,
2.482300000000000E+009,3.566794039215893E-004,-3.117924788966775E-004,3.114619175903499E-004,-3.299096715636551E-004,
2.482333333333334E+009,5.412653554230928E-004,-3.935712156817317E-004,4.926171386614442E-004,-4.638317914213985E-004,
2.482366666666667E+009,3.926253411918879E-004,-4.362518957350403E-004,3.015209513250738E-004,-3.423011803533882E-004,
2.482400000000000E+009,3.664234827738255E-004,-5.346674588508904E-004,3.811859351117164E-004,-5.092382780276239E-004,
2.482433333333334E+009,4.520999209489673E-004,-4.187097656540573E-004,3.538631717674434E-004,-4.400014586281031E-004,
2.482466666666667E+009,4.412870621308684E-004,-4.580479871947318E-004,3.836633695755154E-004,-4.793929692823440E-004,
2.482500000000000E+009,4.347753711044788E-004,-6.102155894041061E-004,4.293222737032920E-004,-3.745808498933911E-004,
2.482533333333334E+009,2.691389818210155E-004,-5.723722279071808E-004,5.692082340829074E-004,-4.412131966091692E-004,
2.482566666666667E+009,5.179853760637343E-004,-4.537523782346398E-004,3.554945869836956E-004,-4.706818435806781E-004,
2.482600000000000E+009,3.788969770539552E-004,-2.997752162627876E-004,4.913251614198089E-004,-4.103382816538215E-004,
2.482633333333334E+009,4.071320290677249E-004,-4.584188573062420E-004,4.180495161563158E-004,-4.966410342603922E-004,
2.482666666666667E+009,3.876243135891855E-004,-4.194280772935599E-004,4.605483554769307E-004,-4.567311552818865E-004,
2.482700000000000E+009,4.677619726862758E-004,-4.732787492685020E-004,4.281375149730593E-004,-5.150095093995333E-004,
2.482733333333334E+009,4.941616789437830E-004,-2.934070653282106E-004,4.931096336804330E-004,-4.372151743154973E-004,
2.482766666666667E+009,3.748660383280367E-004,-5.039666430093348E-004,4.171512846369296E-004,-4.325895570218563E-004,
2.482800000000000E+009,5.135684623382986E-004,-3.886774065904319E-004,5.871066241525114E-004,-3.847422194667161E-004,
2.482833333333334E+009,4.435610026121140E-004,-3.176974714733660E-004,3.816657117567956E-004,-4.204165888950229E-004,
2.482866666666667E+009,4.971749731339514E-004,-4.892899305559695E-004,4.768400685861707E-004,-6.260297959670425E-004,
2.482900000000000E+009,2.772866864688695E-004,-3.401904250495136E-004,4.071125586051494E-004,-5.702924099750817E-004,
2.482933333333334E+009,5.504758446477354E-004,-4.573464975692332E-004,4.947200068272650E-004,-4.182794946245849E-004,
2.482966666666667E+009,4.154599737375975E-004,-5.455455975607038E-004,5.193274118937552E-004,-5.521640414372087E-004,
2.483000000000000E+009,4.758961440529674E-004,-4.895935999229550E-004,4.816505534108728E-004,-5.809058202430606E-004,
2.483033333333334E+009,4.546287527773529E-004,-4.854596336372197E-004,3.826741303782910E-004,-4.912803997285664E-004,
2.483066666666667E+009,5.023898556828499E-004,-4.535116604529321E-004,4.978457582183182E-004,-4.345089546404779E-004,
2.483100000000000E+009,4.228889301884919E-004,-5.255416035652161E-004,5.241720355115831E-004,-4.673902876675129E-004,
2.483133333333334E+009,4.610956821125001E-004,-6.537340232171118E-004,3.537094453349710E-004,-5.152322701178491E-004,
2.483166666666667E+009,5.322871729731560E-004,-5.158156855031848E-004,4.695503157563508E-004,-6.189506966620684E-004,
2.483200000000000E+009,5.305350641719997E-004,-6.253653555177152E-004,3.845516766887158E-004,-5.804890533909202E-004,
2.483233333333334E+009,4.186142759863287E-004,-4.923209780827165E-004,3.456397971604019E-004,-4.996755742467940E-004,
2.483266666666667E+009,3.349788894411176E-004,-5.261357291601598E-004,4.446945094969124E-004,-6.820531561970711E-004,
2.483300000000000E+009,3.508611989673227E-004,-5.579988355748355E-004,3.810291818808764E-004,-5.799898062832654E-004,
2.483333333333334E+009,4.795312415808439E-004,-5.291027482599020E-004,4.276010149624199E-004,-6.461781449615955E-004,
2.483366666666667E+009,3.754716308321804E-004,-5.493242060765624E-004,4.927212721668184E-004,-6.068793591111898E-004,
2.483400000000000E+009,4.288323980290443E-004,-5.936603411100805E-004,3.016573027707636E-004,-5.143680609762669E-004,
2.483433333333334E+009,3.870154032483697E-004,-5.247367662377656E-004,3.201032814104110E-004,-5.772733711637557E-004,
2.483466666666667E+009,3.643328091129661E-004,-4.680876445490867E-004,2.374997857259587E-004,-5.080826813355088E-004,
2.483500000000000E+009,3.502088948152959E-004,-6.117878947407007E-004,3.942937182728201E-004,-5.956211825832725E-004,
2.483533333333334E+009,3.080818860325962E-004,-6.405627354979515E-004,4.578378866426647E-004,-5.399449146352708E-004,
2.483566666666667E+009,4.067651170771569E-004,-5.993248778395355E-004,4.490334831643850E-004,-5.707378149963915E-004,
2.483600000000000E+009,4.031432326883078E-004,-7.206845330074430E-004,3.755896468646824E-004,-5.341499927453697E-004,
2.483633333333334E+009,3.304510901216418E-004,-4.917231271974742E-004,4.128913860768080E-004,-5.835226620547473E-004,
2.483666666666667E+009,2.373729657847434E-004,-6.538946763612330E-004,4.293158999644220E-004,-5.997475818730891E-004,
2.483700000000000E+009,4.391013353597373E-004,-5.476775113493204E-004,3.630752325989306E-004,-5.568246124312282E-004,
2.483733333333334E+009,2.932343049906194E-004,-5.738958716392517E-004,5.569871864281595E-004,-5.882067489437759E-004,
2.483766666666667E+009,4.038956831209362E-004,-5.651850369758904E-004,3.969137032981962E-004,-5.264129722490907E-004,
2.483800000000000E+009,3.458852879703045E-004,-5.538878613151610E-004,3.638729976955801E-004,-5.496806697919965E-004,
2.483833333333334E+009,4.504946118686348E-004,-5.194502882659435E-004,3.940945607610047E-004,-5.527650355361402E-004,
2.483866666666667E+009,4.178805393166840E-004,-5.620392039418221E-004,4.030112177133560E-004,-6.660672370344400E-004,
2.483900000000000E+009,3.257056523580104E-004,-6.328624440357089E-004,4.085918772034347E-004,-7.095629116520286E-004,
2.483933333333334E+009,4.902457003481686E-004,-7.507367408834398E-004,4.738055577035993E-004,-7.084967219270766E-004,
2.483966666666667E+009,3.341104311402887E-004,-6.373189971782267E-004,4.424736544024199E-004,-5.957573885098100E-004,
2.484000000000000E+009,3.564111830201000E-004,-6.689985166303814E-004,3.604548401199281E-004,-5.922848358750343E-004,
2.484033333333334E+009,4.097665660083294E-004,-7.074435707181692E-004,3.936842549592257E-004,-6.523206247948110E-004,
2.484066666666667E+009,3.990750992670655E-004,-5.909312167204917E-004,4.518219211604446E-004,-6.843627779744566E-004,
2.484100000000000E+009,4.667185712605715E-004,-6.669278955087066E-004,3.702371031977236E-004,-7.803748012520373E-004,
2.484133333333334E+009,4.735740949399769E-004,-4.877263854723424E-004,4.781172028742731E-004,-6.123605417087674E-004,
2.484166666666667E+009,5.101417773403227E-004,-7.376469438895583E-004,3.580716729629785E-004,-7.737565319985151E-004,
2.484200000000000E+009,4.247429023962468E-004,-6.465326296165586E-004,4.072765004821122E-004,-6.155528244562447E-004,
2.484233333333334E+009,4.302390152588487E-004,-6.662011728622019E-004,4.498691414482892E-004,-6.245857803151012E-004,
2.484266666666667E+009,5.936388042755425E-004,-6.358351092785597E-004,3.947024233639240E-004,-7.073381566442549E-004,
2.484300000000000E+009,3.260758530814201E-004,-6.029393407516182E-004,4.802614857908338E-004,-6.671866285614669E-004,
2.484333333333334E+009,4.088339046575129E-004,-8.273285347968340E-004,4.676245735026896E-004,-6.476101698353887E-004,
2.484366666666667E+009,5.835178890265524E-004,-8.487827144563198E-004,4.720241704490036E-004,-6.847961922176182E-004,
2.484400000000000E+009,4.513773892540485E-004,-6.990458932705224E-004,4.585392307490110E-004,-7.152025937102735E-004,
2.484433333333334E+009,3.668818389996886E-004,-7.505931425839663E-004,3.151501587126404E-004,-7.237910758703947E-004,
2.484466666666667E+009,4.321068990975618E-004,-6.449256325140595E-004,4.376569413580000E-004,-8.532002684660256E-004,
2.484500000000000E+009,4.117098869755864E-004,-7.817448349669576E-004,3.779826511163265E-004,-7.039142656140029E-004,
2.484533333333334E+009,4.542386741377413E-004,-8.029042510315776E-004,4.086249682586640E-004,-6.980806938372552E-004,
2.484566666666667E+009,3.876768460031599E-004,-6.362882559187710E-004,5.316552123986185E-004,-8.304676157422364E-004,
2.484600000000000E+009,3.562453202903271E-004,-6.211232976056635E-004,3.765439323615283E-004,-8.051297627389431E-004,
2.484633333333334E+009,4.615628567989916E-004,-5.830177105963230E-004,3.714202321134508E-004,-8.354817400686443E-004,
2.484666666666667E+009,3.075105487369001E-004,-7.416195585392416E-004,4.791992541868240E-004,-8.141236030496657E-004,
2.484700000000000E+009,3.472655662335455E-004,-7.741079898551107E-004,2.849235024768859E-004,-7.539525395259261E-004,
2.484733333333334E+009,3.183553926646709E-004,-9.133603307418525E-004,3.886441409122199E-004,-8.420149097219110E-004,
2.484766666666667E+009,2.422466495772824E-004,-7.693642983213067E-004,3.462446329649538E-004,-8.108203765004873E-004,
2.484800000000000E+009,3.105817886535078E-004,-7.180115208029747E-004,3.917448630090803E-004,-7.404519128613174E-004,
2.484833333333334E+009,3.765197179745883E-004,-7.924428791739047E-004,3.094386775046587E-004,-7.674364023841918E-004,
2.484866666666667E+009,2.450711035635322E-004,-7.607084116898477E-004,3.549699904397130E-004,-7.952729938551784E-004,
2.484900000000000E+009,2.797815250232816E-004,-7.346461643464863E-004,3.389360790606588E-004,-7.834245916455984E-004,
2.484933333333334E+009,3.644583048298955E-004,-7.605713326483965E-004,1.834847062127665E-004,-8.804035023786128E-004,
2.484966666666667E+009,1.488403504481539E-004,-6.389528862200677E-004,2.523948787711561E-004,-7.653887732885778E-004,
2.485000000000000E+009,2.294513542437926E-004,-7.853894494473934E-004,2.936219389084727E-004,-8.381513180211186E-004,
2.485033333333334E+009,8.660498133394867E-005,-7.148929871618748E-004,2.017880178755149E-004,-7.520934450440109E-004,
2.485066666666667E+009,2.700771146919578E-004,-7.850811234675348E-004,1.976030180230737E-004,-7.941556395962834E-004,
2.485100000000000E+009,1.015015077427961E-004,-7.030835258774459E-004,2.265443181386218E-004,-9.266308625228703E-004,
2.485133333333334E+009,1.198133031721227E-004,-6.234529428184032E-004,3.185338864568621E-004,-8.614588296040893E-004,
2.485166666666667E+009,2.872803815989755E-005,-7.046869141049683E-004,2.518774708732963E-004,-7.885540835559368E-004,
2.485200000000000E+009,3.678820212371647E-005,-8.011114550754428E-004,1.653638028074056E-004,-8.583077578805387E-004,
2.485233333333334E+009,1.278486452065408E-004,-8.171222871169448E-004,2.057900419458747E-004,-8.312711725011468E-004,
2.485266666666667E+009,1.431086275260896E-004,-7.610130123794079E-004,2.762072253972292E-004,-8.872182224877179E-004,
2.485300000000000E+009,7.502538210246712E-005,-7.401453331112862E-004,9.331134060630575E-005,-8.044936112128198E-004,
2.485333333333334E+009,2.027752489084378E-004,-8.461197721771896E-004,2.209230879088864E-004,-7.780492887832224E-004,
2.485366666666667E+009,2.136167167918757E-004,-8.653905824758112E-004,2.197609865106642E-004,-7.370644016191363E-004,
2.485400000000000E+009,2.413159963907674E-004,-9.560924372635782E-004,1.888187252916396E-004,-8.955539669841528E-004,
2.485433333333334E+009,2.244862553197891E-004,-9.350337204523385E-004,2.566947659943253E-004,-8.268209057860076E-004,
2.485466666666667E+009,2.244715724373236E-004,-8.471147739328444E-004,2.493047795724124E-004,-8.338706684298813E-004,
2.485500000000000E+009,1.467182592023164E-004,-7.318541756831110E-004,2.738385228440166E-004,-9.330950560979545E-004,
2.485533333333334E+009,2.005891583394259E-004,-8.830195874907076E-004,1.022215801640414E-004,-8.289156248793006E-004,
2.485566666666667E+009,1.807163498597220E-004,-8.795632747933269E-004,1.107454736484215E-004,-8.607491035945714E-004,
2.485600000000000E+009,2.558850392233580E-004,-7.914202287793160E-004,1.190674738609232E-004,-9.313984774053097E-004,
2.485633333333334E+009,1.066664190148003E-004,-8.589458884671331E-004,2.235076244687662E-004,-8.576702675782144E-004,
2.485666666666667E+009,1.255960669368506E-004,-8.327912073582411E-004,1.566102000651881E-004,-8.650269010104239E-004,
2.485700000000000E+009,2.211888495367020E-004,-9.042437304742634E-004,1.179345490527339E-004,-8.765415986999869E-004,
2.485733333333334E+009,2.317676553502679E-004,-8.188036736100912E-004,1.575730566401035E-004,-8.061809930950403E-004,
2.485766666666667E+009,2.125312603311613E-004,-9.325474384240806E-004,1.702715526334941E-004,-9.585189982317388E-004,
2.485800000000000E+009,1.632399653317407E-004,-8.905301801860333E-004,7.857297168811783E-005,-9.860101854428649E-004,
2.485833333333334E+009,8.315635932376608E-005,-9.875317336991429E-004,1.599531969986856E-004,-1.029770355671644E-003,
2.485866666666667E+009,1.519988873042166E-004,-1.015933463349938E-003,6.554184801643714E-005,-9.419897687621415E-004,
2.485900000000000E+009,9.313272312283516E-005,-8.584490278735757E-004,4.461282878764905E-005,-9.926370112225413E-004,
2.485933333333334E+009,2.062137064058334E-004,-8.432850590907037E-004,2.520465059205890E-004,-9.204883826896548E-004,
2.485966666666667E+009,1.685555471340194E-004,-8.527674362994731E-004,1.274889073101804E-004,-8.941166452132165E-004,
2.486000000000000E+009,-4.033027835248504E-006,-9.835938690230250E-004,1.085354306269437E-004,-8.041617693379521E-004,
2.486033333333334E+009,1.411676203133538E-004,-9.287023567594588E-004,3.484794433461502E-005,-8.892906480468810E-004,
2.486066666666667E+009,9.912069072015584E-005,-1.011141459457576E-003,1.499332574894652E-004,-9.353955392725766E-004,
2.486100000000000E+009,9.398340625921264E-005,-7.949182763695717E-004,1.687800395302475E-004,-7.925859536044300E-004,
2.486133333333334E+009,1.589425519341603E-004,-9.703286923468113E-004,3.477685459074564E-005,-9.300137753598392E-004,
2.486166666666667E+009,1.210585196531611E-005,-1.083515584468842E-003,-3.126150477328338E-005,-8.416575728915632E-004,
2.486200000000000E+009,1.060419817804359E-004,-1.009253901429474E-003,1.974896440515295E-004,-8.439042139798403E-004,
2.486233333333334E+009,-7.881480996729806E-005,-8.758156327530742E-004,2.310690615558997E-005,-9.347838931716979E-004,
2.486266666666667E+009,-9.114960994338617E-005,-9.140733745880425E-004,-2.993761199832079E-006,-7.841762853786349E-004,
2.486300000000000E+009,-6.209301500348374E-005,-8.721916819922626E-004,-4.804264972335659E-005,-8.444154518656433E-004,
2.486333333333334E+009,-6.237166235223413E-005,-8.754840819165111E-004,-1.445635862182826E-004,-9.193738223984838E-004,
2.486366666666667E+009,-1.334517437499017E-004,-8.303542854264379E-004,-5.599340875050984E-005,-9.293968905694783E-004,
2.486400000000000E+009,-1.256421674042940E-004,-8.852788596414030E-004,-1.187939415103756E-005,-1.041052397340536E-003,
2.486433333333334E+009,-1.437400205759332E-004,-9.764315327629447E-004,-6.660885992459953E-005,-8.584473980590701E-004,
2.486466666666667E+009,-7.726076000835747E-005,-8.267139201052487E-004,-4.837079177377746E-005,-9.614672162570059E-004,
2.486500000000000E+009,-1.611250481801108E-004,-8.216485148295760E-004,-6.701722304569557E-005,-7.293319795280695E-004,
2.486533333333334E+009,-9.317030344391242E-005,-7.783616310916841E-004,2.997096999024507E-006,-8.714673458598554E-004,
2.486566666666667E+009,-9.901267912937328E-005,-8.779917261563242E-004,-1.231126225320622E-004,-8.110587950795889E-004,
2.486600000000000E+009,-6.430619396269321E-005,-8.189504151232541E-004,-3.960313915740699E-005,-7.126447162590921E-004,
2.486633333333334E+009,-4.775049819727428E-005,-8.028160082176328E-004,-5.240653990767896E-005,-7.163070258684456E-004,
2.486666666666667E+009,-2.761612813628744E-005,-7.256228709593415E-004,-1.358942681690678E-004,-8.407275890931487E-004,
2.486700000000000E+009,-2.039583487203345E-004,-7.856523734517396E-004,-5.257681914372370E-005,-7.344821933656931E-004,
2.486733333333334E+009,-2.179578405048233E-005,-7.155607454478741E-004,-1.398849126417190E-004,-6.485815974883735E-004,
2.486766666666667E+009,7.845622167224065E-005,-7.670589839108288E-004,-1.990347809623927E-004,-7.598093943670392E-004,
2.486800000000000E+009,-8.790191350271925E-005,-7.653144421055913E-004,-2.014015335589647E-004,-8.776385802775621E-004,
2.486833333333334E+009,-6.892085366416723E-005,-8.757825125940144E-004,-1.121720633818768E-004,-8.343232329934835E-004,
2.486866666666667E+009,-1.685162715148181E-004,-7.014173897914589E-004,-2.001454849960282E-004,-8.564396412111819E-004,
2.486900000000000E+009,-7.806733628967777E-005,-9.166569798253477E-004,-2.055750956060365E-004,-8.120021084323525E-004,
2.486933333333334E+009,-1.123973197536543E-004,-8.173800888471305E-004,-2.518870751373470E-004,-8.481078548356891E-004,
2.486966666666667E+009,-1.410359109286219E-004,-7.938526687212288E-004,-2.207638317486271E-004,-9.084701305255294E-004,
2.487000000000000E+009,-1.082223679986782E-004,-7.997810025699437E-004,-1.271593791898340E-004,-8.916110964491963E-004,
2.487033333333334E+009,-1.757241989253089E-004,-8.665629429742694E-004,-1.761793246259913E-004,-8.333597215823829E-004,
2.487066666666667E+009,-2.490400511305779E-004,-8.671698742546141E-004,-2.806504780892283E-004,-9.908479405567050E-004,
2.487100000000000E+009,-1.859587355284020E-004,-8.825138793326914E-004,-9.913922258419916E-005,-7.874040747992694E-004,
2.487133333333334E+009,-2.575899707153440E-004,-8.748454274609685E-004,-2.254985447507352E-004,-8.705473737791181E-004,
2.487166666666667E+009,-2.047892921837047E-004,-7.908931002020836E-004,-1.487416157033294E-004,-8.839174406602979E-004,
2.487200000000000E+009,-3.227294073440135E-004,-7.442026399075985E-004,-2.266695664729923E-004,-8.732206188142300E-004,
2.487233333333334E+009,-1.538821525173262E-004,-9.387763566337526E-004,-3.288146981503815E-004,-7.930831052362919E-004,
2.487266666666667E+009,-8.401886589126661E-005,-6.617939216084778E-004,-1.398947060806677E-004,-8.831949089653790E-004,
2.487300000000000E+009,-1.737183774821460E-004,-8.931180345825851E-004,-2.619447186589241E-004,-7.407008670270443E-004,
2.487333333333334E+009,-2.578307467047125E-004,-8.583384333178401E-004,-1.898538030218333E-004,-8.863551774993539E-004,
2.487366666666667E+009,-2.783307863865048E-004,-7.644818979315460E-004,-3.214962489437312E-004,-8.926554583013058E-004,
2.487400000000000E+009,-8.593868551542983E-005,-8.270491962321103E-004,-3.165667876601219E-004,-9.399543632753193E-004,
2.487433333333334E+009,-2.310965937795118E-004,-9.251390583813191E-004,-3.808793844655156E-004,-7.640822441317141E-004,
2.487466666666667E+009,-1.637810782995075E-004,-8.561933645978570E-004,-1.916210312629119E-004,-8.111405186355114E-004,
2.487500000000000E+009,-1.441119966330007E-004,-8.714258437976241E-004,-1.220830454258248E-004,-8.456424111500382E-004,
2.487533333333334E+009,-1.948084100149572E-004,-9.109904640354216E-004,-2.264777722302824E-004,-9.425847092643380E-004,
2.487566666666667E+009,-2.148967178072780E-004,-8.318522013723850E-004,-2.264988725073636E-004,-9.062575991265476E-004,
2.487600000000000E+009,-2.422917605144903E-004,-7.355097914114595E-004,-2.541282447054982E-004,-7.432206766679883E-004,
2.487633333333334E+009,-2.403929975116625E-004,-8.225564961321652E-004,-2.307120885234326E-004,-8.540116832591593E-004,
2.487666666666667E+009,-1.745933986967430E-004,-8.235691348090768E-004,-2.462998672854155E-004,-9.013965609483421E-004,
2.487700000000000E+009,-3.535287978593260E-004,-8.341173524968326E-004,-3.419482673052698E-004,-8.942392305471003E-004,
2.487733333333334E+009,-2.759821654763073E-004,-8.334302110597491E-004,-3.052191750612110E-004,-8.223271579481661E-004,
2.487766666666667E+009,-3.444787289481610E-004,-9.162685018964112E-004,-2.895568031817675E-004,-7.848778623156250E-004,
2.487800000000000E+009,-4.155284550506622E-004,-6.925588240846992E-004,-4.655304946936667E-004,-8.951615309342742E-004,
2.487833333333334E+009,-3.657371562439948E-004,-7.542759412899613E-004,-4.103039973415434E-004,-8.308311807923019E-004,
2.487866666666667E+009,-4.202642885502428E-004,-7.522001396864653E-004,-3.843396261800081E-004,-8.232354884967208E-004,
2.487900000000000E+009,-2.474569191690534E-004,-7.818770245648921E-004,-3.548174572642893E-004,-7.972182356752455E-004,
2.487933333333334E+009,-4.268970806151629E-004,-7.083907257765532E-004,-3.058600996155292E-004,-6.871654186397791E-004,
2.487966666666667E+009,-2.987579209730029E-004,-6.654272438026965E-004,-2.561035216785967E-004,-6.993561983108521E-004,
2.488000000000000E+009,-3.646747209131718E-004,-7.528065470978618E-004,-3.318349772598594E-004,-7.999395020306110E-004,
2.488033333333334E+009,-3.067077195737511E-004,-6.260356749407947E-004,-4.257963737472892E-004,-7.352100219577551E-004,
2.488066666666667E+009,-5.334034794941545E-004,-5.934898508712649E-004,-3.485250927042216E-004,-7.039629854261875E-004,
2.488100000000000E+009,-4.401467449497432E-004,-7.061117212288082E-004,-3.254257899243385E-004,-7.016803137958050E-004,
2.488133333333334E+009,-4.328211362008005E-004,-6.698605138808489E-004,-4.778227885253727E-004,-6.210793508216739E-004,
2.488166666666667E+009,-4.669234331231564E-004,-5.594175308942795E-004,-2.356686891289428E-004,-6.669907015748322E-004,
2.488200000000000E+009,-3.077641595155001E-004,-6.952675757929683E-004,-3.920547023881227E-004,-6.163518410176039E-004,
2.488233333333334E+009,-4.176149377599359E-004,-6.412819493561983E-004,-3.863418241962791E-004,-6.528110243380070E-004,
2.488266666666667E+009,-5.007597501389682E-004,-5.896190996281803E-004,-3.859289281535894E-004,-5.371007719077170E-004,
2.488300000000000E+009,-2.332134463358671E-004,-6.172863650135696E-004,-3.916889254469425E-004,-6.100034806877375E-004,
2.488333333333334E+009,-4.767801146954298E-004,-5.675907013937831E-004,-4.346365167293698E-004,-5.849895533174276E-004,
2.488366666666667E+009,-3.500719030853361E-004,-5.498246173374355E-004,-4.171141481492668E-004,-5.092344945296645E-004,
2.488400000000000E+009,-3.731148317456245E-004,-5.857369978912175E-004,-3.972680133301765E-004,-6.301809335127473E-004,
2.488433333333334E+009,-4.511746519710869E-004,-6.656092591583729E-004,-4.123550606891513E-004,-6.023069145157933E-004,
2.488466666666667E+009,-4.433201393112540E-004,-5.197491846047342E-004,-3.962684131693095E-004,-4.021303320769221E-004,
2.488500000000000E+009,-5.253150593489409E-004,-4.870994598604739E-004,-5.866977153345943E-004,-5.673282430507243E-004,
2.488533333333334E+009,-5.781765794381499E-004,-6.383486906997860E-004,-4.025710513815284E-004,-5.240131868049502E-004,
2.488566666666667E+009,-4.869659023825079E-004,-5.679578753188252E-004,-5.010375170968473E-004,-6.838159752078354E-004,
2.488600000000000E+009,-5.313772126100957E-004,-5.269492976367474E-004,-4.984703264199197E-004,-6.429227069020271E-004,
2.488633333333334E+009,-5.723939975723624E-004,-5.376327899284661E-004,-5.861902609467506E-004,-5.605772021226585E-004,
2.488666666666667E+009,-5.137519328854978E-004,-5.886115832254291E-004,-4.616189980879426E-004,-5.844211555086076E-004,
2.488700000000000E+009,-3.439688589423895E-004,-4.160781682003290E-004,-3.143739304505289E-004,-5.722768255509436E-004,
2.488733333333334E+009,-4.123548569623381E-004,-5.006960127502680E-004,-5.326294340193272E-004,-4.981367965228856E-004,
2.488766666666667E+009,-4.897217149846256E-004,-5.531429778784514E-004,-4.641222476493567E-004,-6.483252509497106E-004,
2.488800000000000E+009,-4.301580484025180E-004,-6.446835468523204E-004,-6.010129000060260E-004,-5.369089194573462E-004,
2.488833333333334E+009,-5.859943339601159E-004,-6.154649308882654E-004,-4.908738192170858E-004,-5.579940625466406E-004,
2.488866666666667E+009,-4.456311289686710E-004,-5.664418567903340E-004,-4.490724531933665E-004,-4.608677118085325E-004,
2.488900000000000E+009,-5.805462715215981E-004,-5.632565589621663E-004,-4.875979211647064E-004,-5.197388236410916E-004,
2.488933333333334E+009,-5.455837235786021E-004,-6.064146873541176E-004,-4.408982931636274E-004,-4.602692788466811E-004,
2.488966666666667E+009,-4.824102215934545E-004,-5.177037674002349E-004,-6.006385665386915E-004,-5.702417111024261E-004,
2.489000000000000E+009,-4.130156885366887E-004,-4.271480720490217E-004,-5.461283144541085E-004,-4.847226373385638E-004,
2.489033333333334E+009,-5.514205549843609E-004,-4.439640033524483E-004,-3.897386486642063E-004,-5.290019907988608E-004,
2.489066666666667E+009,-4.675594682339579E-004,-3.344700962770730E-004,-5.130777135491371E-004,-5.025363643653691E-004,
2.489100000000000E+009,-4.869503900408745E-004,-4.989721346646547E-004,-4.962466191500425E-004,-6.731454050168395E-004,
2.489133333333334E+009,-5.726582021452487E-004,-4.957185592502356E-004,-5.140411085449159E-004,-5.460234242491424E-004,
2.489166666666667E+009,-4.421603225637227E-004,-4.896775935776532E-004,-5.269057583063841E-004,-5.010190070606768E-004,
2.489200000000000E+009,-5.157858249731362E-004,-4.604483838193119E-004,-5.141892470419407E-004,-6.015932303853333E-004,
2.489233333333334E+009,-5.921262782067061E-004,-5.480909603647888E-004,-2.556286053732038E-004,-5.166123155504465E-004,
2.489266666666667E+009,-4.059705242980272E-004,-5.510309711098671E-004,-6.320597021840513E-004,-4.373674164526165E-004,
2.489300000000000E+009,-3.692383179441094E-004,-4.542297392617911E-004,-4.234286316204816E-004,-4.616886726580560E-004,
2.489333333333334E+009,-3.996333398390561E-004,-6.017674459144473E-004,-4.929940914735198E-004,-4.175580106675625E-004,
2.489366666666667E+009,-3.317828814033419E-004,-4.505993565544486E-004,-6.090918323025107E-004,-5.127095500938594E-004,
2.489400000000000E+009,-5.133636877872050E-004,-3.004690515808761E-004,-4.690259520430118E-004,-2.766526013147086E-004,
2.489433333333334E+009,-4.943011444993317E-004,-4.577234794851393E-004,-4.166471771895886E-004,-3.525741631165147E-004,
2.489466666666667E+009,-5.028232117183507E-004,-2.478747919667512E-004,-5.732970894314349E-004,-3.839218406938016E-004,
2.489500000000000E+009,-4.663139989133924E-004,-3.428596828598529E-004,-4.678820841945708E-004,-3.058888542000204E-004,
2.489533333333334E+009,-5.392243620008230E-004,-3.146704984828830E-004,-4.356591089162976E-004,-3.106844087596983E-004,
2.489566666666667E+009,-4.657876270357519E-004,-3.691469610203058E-004,-5.664344062097371E-004,-3.705572453327477E-004,
2.489600000000000E+009,-5.032842746004462E-004,-3.780048282351345E-004,-4.614545905496925E-004,-2.130474604200572E-004,
2.489633333333334E+009,-6.076436256989837E-004,-2.954937808681279E-004,-4.900704952888191E-004,-2.713660360313952E-004,
2.489666666666667E+009,-4.007613169960678E-004,-3.655277250800282E-004,-4.072501033078879E-004,-3.143372305203229E-004,
2.489700000000000E+009,-4.937276244163513E-004,-2.332221047254279E-004,-3.369082114659250E-004,-3.503314510453492E-004,
2.489733333333334E+009,-3.035392728634179E-004,-3.048474609386176E-004,-3.770697803702205E-004,-3.177776816301048E-004,
2.489766666666667E+009,-3.825119638349861E-004,-2.434100751997903E-004,-3.195455647073686E-004,-2.246954973088577E-004,
2.489800000000000E+009,-3.496324934531003E-004,-2.579911961220205E-004,-2.202236209996045E-004,-3.469893126748502E-004,
2.489833333333334E+009,-3.307321749161929E-004,-2.360847138334066E-004,-2.978999109473079E-004,-2.175992558477446E-004,
2.489866666666667E+009,-4.459485062398017E-004,-3.222637460567057E-004,-2.981296274811029E-004,-2.864432171918452E-004,
2.489900000000000E+009,-3.753120545297861E-004,-2.122768491972238E-004,-4.210908373352140E-004,-2.805801632348448E-004,
2.489933333333334E+009,-3.517298900987953E-004,-2.375977637711912E-004,-2.478961250744760E-004,-1.311118103330955E-004,
2.489966666666667E+009,-3.869148786179721E-004,-2.110841742251068E-004,-3.637853951659054E-004,-3.710257005877793E-004,
2.490000000000000E+009,-3.631761646829546E-004,-3.272284520789981E-004,-4.393330018501729E-004,-1.760730228852481E-004,
2.490033333333334E+009,-4.218581598252058E-004,-3.481756721157581E-004,-3.715368802659214E-004,-2.010059397434816E-004,
2.490066666666667E+009,-2.652766997925937E-004,-3.749734023585916E-004,-3.084172785747796E-004,-1.459137711208314E-004,
2.490100000000000E+009,-3.304045239929110E-004,-2.077058597933501E-004,-2.683970669750124E-004,-2.496827510185540E-004,
2.490133333333334E+009,-4.486626130528748E-004,-2.733431756496429E-004,-3.615140740294009E-004,-1.966987183550373E-004,
2.490166666666667E+009,-2.839449443854392E-004,-2.720065240282565E-004,-3.312111948616803E-004,-3.575528389774263E-004,
2.490200000000000E+009,-1.709288044366986E-004,-3.080302849411964E-004,-2.903702261392027E-004,-2.212685212725774E-004,
2.490233333333334E+009,-4.223668947815895E-004,-3.554758441168815E-004,-3.170228155795485E-004,-2.541947469580919E-004,
2.490266666666667E+009,-2.866094582714140E-004,-3.670417354442179E-004,-3.063278272747994E-004,-2.582543820608407E-004,
2.490300000000000E+009,-4.052644362673163E-004,-2.444924029987305E-004,-2.743840159382671E-004,-2.526419120840728E-004,
2.490333333333334E+009,-3.793614159803838E-004,-2.936028176918626E-004,-3.103941853623837E-004,-2.395455958321691E-004,
2.490366666666667E+009,-3.691293240990490E-004,-2.638742444105446E-004,-3.987163945566863E-004,-2.818974899128079E-004,
2.490400000000000E+009,-3.612458822317421E-004,-3.295919159427285E-004,-2.515190280973911E-004,-1.856443413998932E-004,
2.490433333333334E+009,-3.724010020960122E-004,-2.590985968708992E-004,-2.939204860012978E-004,-3.034639521501958E-004,
2.490466666666667E+009,-3.556584997568280E-004,-3.756530350074172E-004,-1.932178565766662E-004,-2.764047530945391E-004,
2.490500000000000E+009,-4.704257007688284E-004,-2.970255154650658E-004,-3.563941281754524E-004,-1.923761737998575E-004,
2.490533333333334E+009,-3.118742024526000E-004,-4.036142199765891E-004,-2.956435782834888E-004,-2.610578667372465E-004,
2.490566666666667E+009,-2.815182670019567E-004,-5.430644960142672E-004,-3.429893113207072E-004,-3.236964694224298E-004,
2.490600000000000E+009,-3.547293017618358E-004,-2.822823298629373E-004,-3.895108529832214E-004,-2.896424848586321E-004,
2.490633333333334E+009,-2.911399060394615E-004,-3.185266687069088E-004,-3.307367442175746E-004,-2.451616164762527E-004,
2.490666666666667E+009,-2.896306978072971E-004,-3.416950057726353E-004,-3.685354313347489E-004,-3.199642815161496E-004,
2.490700000000000E+009,-4.022941284347326E-004,-3.308856685180217E-004,-3.747726732399315E-004,-2.705681254155934E-004,
2.490733333333334E+009,-1.671803765930235E-004,-3.237919299863279E-004,-3.313899505883455E-004,-2.492073108442128E-004,
2.490766666666667E+009,-3.263723338022828E-004,-3.316132060717791E-004,-3.353021747898310E-004,-3.418297856114805E-004,
2.490800000000000E+009,-3.542979247868061E-004,-1.695118844509125E-004,-1.750411756802350E-004,-2.937476674560458E-004,
2.490833333333334E+009,-1.469732378609479E-004,-3.691265301313251E-004,-2.912428462877870E-004,-2.668378292582929E-004,
2.490866666666667E+009,-2.809258585330099E-004,-4.833745770156384E-004,-3.629004640970379E-004,-3.384608135093004E-004,
2.490900000000000E+009,-1.720422442303971E-004,-2.231445105280727E-004,-3.339130780659616E-004,-2.811108715832233E-004,
2.490933333333334E+009,-2.389105502516031E-004,-1.808437809813768E-004,-3.182716609444469E-004,-2.697088930290192E-004,
2.490966666666667E+009,-2.230858081020415E-004,-3.804884909186512E-004,-1.688978809397668E-004,-2.813670143950731E-004,
2.491000000000000E+009,-2.239450113847852E-004,-4.275617175153457E-005,-1.223312428919599E-004,-2.731805143412203E-004,
2.491033333333334E+009,-3.333109780214727E-004,-3.885167534463108E-004,-1.914951135404408E-004,-2.961024874821305E-004,
2.491066666666667E+009,-9.343608689960092E-005,-3.481620806269348E-004,-2.028667804552242E-004,-2.797281777020544E-004,
2.491100000000000E+009,-9.921146556735039E-005,-3.523231134749949E-004,-2.474298817105591E-004,-3.163371875416488E-004,
2.491133333333334E+009,-1.328405633103102E-004,-1.602359989192337E-004,-1.887037651613355E-004,-3.445743932388723E-004,
2.491166666666667E+009,-1.145596761489287E-004,-6.363939610309899E-005,-9.593561844667420E-005,-2.220271999249235E-004,
2.491200000000000E+009,-2.500824630260468E-004,-2.806241100188345E-004,-1.682650181464851E-004,-3.901587915606797E-004,
2.491233333333334E+009,-4.085420368937776E-005,-3.156238817609847E-004,-1.430456759408116E-004,-2.610260853543878E-004,
2.491266666666667E+009,-2.381750382483006E-004,-3.598037874326110E-004,-1.091608428396285E-004,-3.754423523787409E-004,
2.491300000000000E+009,-1.731649535940960E-004,-2.887257433030754E-004,-1.256228715647012E-004,-4.099044017493725E-004,
2.491333333333334E+009,-5.122120273881592E-005,-3.644110402092338E-004,-4.439481199369766E-005,-3.090616664849222E-004,
2.491366666666667E+009,-1.698310079518706E-004,-3.507235378492624E-004,-3.014339927176479E-005,-2.208301011705771E-004,
2.491400000000000E+009,-1.784663472790271E-004,-1.769824157236144E-004,-4.188865568721667E-005,-3.318520030006766E-004,
2.491433333333334E+009,-1.499962236266583E-004,-3.885385231114924E-004,-1.754754339344800E-004,-4.246407188475132E-004,
2.491466666666667E+009,-1.723834720905870E-004,-3.613471344579011E-004,-1.875880698207766E-004,-3.228534187655896E-004,
2.491500000000000E+009,-6.976179429329932E-005,-3.935792192351073E-004,-2.742607903201133E-004,-2.580982109066099E-004,
2.491533333333334E+009,-3.796731834881939E-005,-2.967975451610982E-004,-1.498038909630850E-004,-3.354575892444700E-004,
2.491566666666667E+009,-5.031486216466874E-005,-3.024867910426110E-004,-2.413931724731810E-005,-4.888425464741886E-004,
2.491600000000000E+009,-8.450166933471337E-005,-4.348761867731810E-004,-1.540345983812586E-004,-3.741344262380153E-004,
2.491633333333334E+009,-7.661552081117407E-005,-4.054876626469195E-004,-2.703447535168380E-004,-4.294552200008184E-004,
2.491666666666667E+009,-1.021309290081263E-004,-4.774168774019927E-004,-1.889370178105310E-004,-3.419499262236059E-004,
2.491700000000000E+009,-1.182050327770412E-004,-4.244772135280073E-004,-3.223036765120924E-004,-3.508917288854718E-004,
2.491733333333334E+009,-1.754186378093436E-004,-3.889345389325172E-004,-3.106864751316607E-004,-4.715432587545365E-004,
2.491766666666667E+009,-1.783789775799960E-004,-3.969914687331766E-004,-2.639294252730906E-004,-3.577285970095545E-004,
2.491800000000000E+009,-1.564572594361380E-004,-4.425281658768654E-004,-1.710824144538492E-004,-4.058481426909566E-004,
2.491833333333334E+009,-3.204350941814482E-004,-4.224414005875588E-004,-2.635669661685824E-004,-3.720312961377204E-004,
2.491866666666667E+009,-1.618129899725318E-004,-3.915854031220079E-004,-1.406602095812559E-004,-3.874374961014837E-004,
2.491900000000000E+009,-1.575076748849824E-004,-3.678944776766002E-004,-1.646308955969289E-004,-3.173885925207287E-004,
2.491933333333334E+009,-2.140609431080520E-004,-4.554461338557303E-004,-2.919493999797851E-004,-3.434206882957369E-004,
2.491966666666667E+009,-2.618371800053865E-004,-4.735667607747018E-004,-3.737521765287966E-004,-4.676661337725818E-004,
2.492000000000000E+009,-3.275557537563145E-004,-4.204544820822775E-004,-1.800585159799084E-004,-4.769431252498180E-004,
2.492033333333334E+009,-4.444186924956739E-004,-4.397072189021856E-004,-3.776593657676131E-004,-3.920897433999926E-004,
2.492066666666667E+009,-2.426691935397685E-004,-4.596899088937789E-004,-2.357880148338154E-004,-4.598281811922789E-004,
2.492100000000000E+009,-3.193851443938911E-004,-4.104460240341723E-004,-2.358947967877612E-004,-4.802471958100796E-004,
2.492133333333334E+009,-3.478489234112203E-004,-4.782761097885668E-004,-1.854285073932260E-004,-3.566172381397337E-004,
2.492166666666667E+009,-1.916881010401994E-004,-4.759213188663125E-004,-1.780110032996163E-004,-4.904170054942370E-004,
2.492200000000000E+009,-3.324918216094375E-004,-3.163634391967207E-004,-1.893533917609602E-004,-4.654797085095197E-004,
2.492233333333334E+009,-3.332582709845156E-004,-5.340785137377679E-004,-4.023749497719109E-004,-4.178952367510647E-004,
2.492266666666667E+009,-3.367371973581612E-004,-4.997613141313195E-004,-1.987187715712935E-004,-5.403727991506457E-004,
2.492300000000000E+009,-2.223887422587723E-004,-3.809167537838221E-004,-3.438768326304853E-004,-4.754622641485184E-004,
2.492333333333334E+009,-3.301958786323667E-004,-5.030771717429161E-004,-3.595529415179044E-004,-4.813186242245138E-004,
2.492366666666667E+009,-2.390518056927249E-004,-4.854412400163710E-004,-3.204035747330636E-004,-5.146645708009601E-004,
2.492400000000000E+009,-2.948167384602130E-004,-6.037592538632453E-004,-4.182380798738450E-004,-5.150608485564590E-004,
2.492433333333334E+009,-2.584262110758573E-004,-5.733328289352357E-004,-1.960900553967804E-004,-4.954003379680216E-004,
2.492466666666667E+009,-3.331277694087476E-004,-4.671171482186765E-004,-2.695434086490423E-004,-5.047157756052911E-004,
2.492500000000000E+009,-2.746886457316577E-004,-5.717029562219977E-004,-2.022892149398103E-004,-4.752160457428545E-004,
2.492533333333334E+009,-3.496631688904017E-004,-5.850654561072588E-004,-2.152312663383782E-004,-5.641745519824326E-004,
2.492566666666667E+009,-2.366845437791199E-004,-5.940193659625948E-004,-1.882565265987068E-004,-5.301530472934246E-004,
2.492600000000000E+009,-2.009774616453797E-004,-5.118444678373635E-004,-2.196948771597818E-004,-4.516437475103885E-004,
2.492633333333334E+009,-2.931762428488582E-004,-6.917747668921948E-004,-4.504873068071902E-004,-5.433602491393685E-004,
2.492666666666667E+009,-2.679599856492132E-004,-5.362703814171255E-004,-3.678646171465516E-004,-4.576782230287790E-004,
2.492700000000000E+009,-2.237001463072375E-004,-5.630924133583903E-004,-1.937225315487012E-004,-5.763463559560478E-004,
2.492733333333334E+009,-3.158182953484356E-004,-6.132279522716999E-004,-2.680487523321062E-004,-5.948771722614765E-004,
2.492766666666667E+009,-3.561403427738696E-004,-5.486274021677673E-004,-3.293810295872390E-004,-4.782555333804339E-004,
2.492800000000000E+009,-3.035943373106420E-004,-5.620023584924638E-004,-2.643092593643814E-004,-6.213341839611530E-004,
2.492833333333334E+009,-2.728915133047849E-004,-5.372419836930931E-004,-2.651633985806257E-004,-6.150758708827198E-004,
2.492866666666667E+009,-3.491467505227774E-004,-6.322241388261318E-004,-3.634131571743637E-004,-5.417412030510604E-004,
2.492900000000000E+009,-3.326809382997453E-004,-7.368516526184976E-004,-2.904023567680270E-004,-8.058872772380710E-004,
2.492933333333334E+009,-3.557050658855587E-004,-7.185213617049158E-004,-3.578475734684616E-004,-6.742015830241144E-004,
2.492966666666667E+009,-3.993627324234694E-004,-6.660099024884403E-004,-3.547128580976278E-004,-5.679255700670183E-004,
2.493000000000000E+009,-3.920687886420637E-004,-6.321271648630500E-004,-4.011680139228702E-004,-5.482615088112652E-004,
2.493033333333334E+009,-3.595356247387826E-004,-5.973189836367965E-004,-2.576655824668706E-004,-6.558332243002951E-004,
2.493066666666667E+009,-3.857623960357159E-004,-7.314600516110659E-004,-3.180719213560224E-004,-6.038248538970947E-004,
2.493100000000000E+009,-4.614148056134582E-004,-6.909567746333778E-004,-3.901041054632515E-004,-7.071695872582495E-004,
2.493133333333334E+009,-3.652469895314425E-004,-5.809323047287762E-004,-2.831566380336881E-004,-6.246537668630481E-004,
2.493166666666667E+009,-3.824630402959883E-004,-8.270134567283094E-004,-2.960209676530212E-004,-7.140089874155819E-004,
2.493200000000000E+009,-2.668374509084970E-004,-6.530501996167004E-004,-3.841574070975184E-004,-7.811778341419995E-004,
2.493233333333334E+009,-3.523202030919492E-004,-7.084156968630850E-004,-4.378588637337089E-004,-7.327704224735498E-004,
2.493266666666667E+009,-4.589961608871818E-004,-6.830940255895257E-004,-3.743935085367411E-004,-7.462890353053808E-004,
2.493300000000000E+009,-4.899220075458288E-004,-7.100574439391494E-004,-4.471162101253867E-004,-5.262443446554244E-004,
2.493333333333334E+009,-4.469004052225500E-004,-4.992969916202128E-004,-3.767063899431378E-004,-6.797064561396837E-004,
2.493366666666667E+009,-5.100421258248389E-004,-5.524540902115405E-004,-4.117905336897820E-004,-6.638330523855984E-004,
2.493400000000000E+009,-3.978055028710514E-004,-6.388063193298876E-004,-4.538277862593532E-004,-6.207554833963513E-004,
2.493433333333334E+009,-4.855451697949320E-004,-5.936795496381819E-004,-5.536616663448513E-004,-6.896238774061203E-004,
2.493466666666667E+009,-5.245025386102498E-004,-5.285764345899224E-004,-4.808530211448669E-004,-6.729103624820709E-004,
2.493500000000000E+009,-5.327987018972635E-004,-6.276353960856795E-004,-5.103279836475849E-004,-5.722670466639102E-004,
2.493533333333334E+009,-6.367017631419003E-004,-6.687699351459742E-004,-4.596314684022218E-004,-7.270649075508118E-004,
2.493566666666667E+009,-6.872906815260649E-004,-7.567834109067917E-004,-5.296780145727098E-004,-7.275334210135043E-004,
2.493600000000000E+009,-5.104126175865531E-004,-6.125359213910997E-004,-6.148696993477643E-004,-7.256459794007242E-004,
2.493633333333334E+009,-5.997233674861491E-004,-5.328499246388674E-004,-6.497450522147119E-004,-7.320108124986291E-004,
2.493666666666667E+009,-5.976875545457006E-004,-4.957022611051798E-004,-6.615347228944302E-004,-5.618146969936788E-004,
2.493700000000000E+009,-6.838014815002680E-004,-7.491228170692921E-004,-6.379433325491846E-004,-5.625738995149732E-004,
2.493733333333334E+009,-6.768813473172486E-004,-7.351782405748963E-004,-7.265889435075223E-004,-5.234399577602744E-004,
2.493766666666667E+009,-5.851641180925071E-004,-6.007541087456048E-004,-6.903434987179935E-004,-5.649526137858629E-004,
2.493800000000000E+009,-7.037502946332097E-004,-5.758430343121290E-004,-6.756093935109675E-004,-6.335523794405162E-004,
2.493833333333334E+009,-7.479834021069109E-004,-7.401576149277389E-004,-6.014398531988263E-004,-5.419302615337074E-004,
2.493866666666667E+009,-6.792528438381851E-004,-5.718001048080623E-004,-6.531515973620117E-004,-4.842029011342675E-004,
2.493900000000000E+009,-7.732926751486957E-004,-5.853651673533022E-004,-7.512826123274863E-004,-5.465435679070652E-004,
2.493933333333334E+009,-8.764094673097134E-004,-6.491618114523590E-004,-7.229534676298499E-004,-6.374311633408070E-004,
2.493966666666667E+009,-7.428798126056790E-004,-6.400577258318663E-004,-8.179988944903016E-004,-5.784496897831559E-004,
2.494000000000000E+009,-9.149649995379150E-004,-6.547421216964722E-004,-8.337362087331712E-004,-6.848658085800707E-004,
2.494033333333334E+009,-8.683760534040630E-004,-6.870991201139987E-004,-7.729204953648150E-004,-5.184957408346236E-004,
2.494066666666667E+009,-7.954518077895045E-004,-5.383592215366662E-004,-8.157359552569687E-004,-6.170406704768539E-004,
2.494100000000000E+009,-7.703889859840274E-004,-6.296890787780285E-004,-7.676150999031961E-004,-6.412427756004036E-004,
2.494133333333334E+009,-7.827462977729738E-004,-4.727021441794932E-004,-6.615506717935205E-004,-6.129808025434613E-004,
2.494166666666667E+009,-6.735417991876602E-004,-5.303347716107965E-004,-8.035314385779202E-004,-5.152096273377538E-004,
2.494200000000000E+009,-7.419433095492423E-004,-5.709289107471705E-004,-8.190830121748149E-004,-5.575182731263340E-004,
2.494233333333334E+009,-8.184689795598388E-004,-5.917946691624820E-004,-7.309634238481522E-004,-5.368936690501869E-004,
2.494266666666667E+009,-7.533023599535227E-004,-5.396942142397165E-004,-8.091594791039825E-004,-4.731834633275867E-004,
2.494300000000000E+009,-7.714288076385856E-004,-5.054658395238221E-004,-8.330912678502500E-004,-5.530422786250711E-004,
2.494333333333334E+009,-8.256478467956185E-004,-5.588057683780789E-004,-8.181288139894605E-004,-5.991444922983646E-004,
2.494366666666667E+009,-7.599043310619891E-004,-6.004511378705502E-004,-9.688367135822773E-004,-5.982618313282728E-004,
2.494400000000000E+009,-7.715683896094561E-004,-5.525394226424396E-004,-8.044975693337619E-004,-5.192828830331564E-004,
2.494433333333334E+009,-8.114165393635631E-004,-7.753923418931663E-004,-8.374321041628718E-004,-6.820185226388276E-004,
2.494466666666667E+009,-8.992080111056566E-004,-7.144300616346300E-004,-1.001540105789900E-003,-5.826017004437745E-004,
2.494500000000000E+009,-7.192834746092558E-004,-6.716997013427317E-004,-7.601253455504775E-004,-6.581406341865659E-004,
2.494533333333334E+009,-9.275365155190229E-004,-6.391611532308161E-004,-8.442855905741453E-004,-7.823460036888719E-004,
2.494566666666667E+009,-8.494727080687881E-004,-4.963425453752279E-004,-9.155301377177239E-004,-5.966784083284438E-004,
2.494600000000000E+009,-7.918553892523050E-004,-5.305671365931630E-004,-9.321795660071075E-004,-5.654489505104721E-004,
2.494633333333334E+009,-1.001929864287376E-003,-6.936873542144895E-004,-9.054098045453429E-004,-5.209867958910763E-004,
2.494666666666667E+009,-9.523365297354758E-004,-5.564941093325615E-004,-9.237442282028496E-004,-6.277617649175227E-004,
2.494700000000000E+009,-8.776147151365876E-004,-5.296345916576684E-004,-7.992396713234484E-004,-5.332257715053856E-004,
2.494733333333334E+009,-9.383255965076387E-004,-6.169630796648562E-004,-9.900764562189579E-004,-5.394502077251673E-004,
2.494766666666667E+009,-1.024510711431503E-003,-4.907265538349748E-004,-1.019817660562694E-003,-4.104402614757419E-004,
2.494800000000000E+009,-9.308369481004775E-004,-5.173827521502972E-004,-9.237059857696295E-004,-5.692302947863936E-004,
2.494833333333334E+009,-1.112102647311986E-003,-5.757550243288279E-004,-9.534539422020316E-004,-4.153551999479532E-004,
2.494866666666667E+009,-9.793408680707216E-004,-5.611384403891861E-004,-1.050033373758197E-003,-5.586633342318237E-004,
2.494900000000000E+009,-9.070025407709181E-004,-5.813661846332252E-004,-1.001699711196125E-003,-5.766545655205846E-004,
2.494933333333334E+009,-1.103924354538322E-003,-4.115638730581850E-004,-1.020992523990572E-003,-3.233215538784862E-004,
2.494966666666667E+009,-1.036162604577839E-003,-3.180324565619230E-004,-1.073332037776709E-003,-4.254106024745852E-004,
2.495000000000000E+009,-9.827875765040517E-004,-4.185529833193868E-004,-1.019069692119956E-003,-5.426978459581733E-004,
2.495033333333334E+009,-9.955599671229720E-004,-3.626155958045274E-004,-1.043967436999083E-003,-5.141085130162537E-004,
2.495066666666667E+009,-9.016784606501460E-004,-4.569847660604864E-004,-1.109424163587391E-003,-3.366830351296812E-004,
2.495100000000000E+009,-1.139462459832430E-003,-3.880963777191937E-004,-1.109251868911088E-003,-4.707598418463022E-004,
2.495133333333334E+009,-9.061414748430252E-004,-4.539851215668023E-004,-9.270728914998472E-004,-3.557555610314012E-004,
2.495166666666667E+009,-1.060804002918303E-003,-3.284975246060640E-004,-1.139879575930536E-003,-2.455149660818279E-004,
2.495200000000000E+009,-1.143334084190428E-003,-3.218541096430272E-004,-1.141288434155285E-003,-3.358225512783974E-004,
2.495233333333334E+009,-1.191658549942076E-003,-3.665115218609572E-004,-1.190964947454631E-003,-3.845921019092202E-004,
2.495266666666667E+009,-1.198110054247081E-003,-4.017340252175927E-004,-1.234110794030130E-003,-2.700192853808403E-004,
2.495300000000000E+009,-1.198403071612120E-003,-3.020451986230910E-004,-1.180658000521362E-003,-2.939424593932927E-004,
2.495333333333334E+009,-1.122644054703414E-003,-3.680798690766096E-004,-1.107526477426291E-003,-3.331544285174459E-004,
2.495366666666667E+009,-1.075569423846901E-003,-3.334342036396265E-004,-1.183168496936560E-003,-3.051777603104711E-004,
2.495400000000000E+009,-1.195913297124207E-003,-2.049453323706985E-004,-1.204439788125455E-003,-2.249828830827028E-004,
2.495433333333334E+009,-1.291216234676540E-003,-1.766781933838502E-004,-1.150019234046340E-003,-4.080629150848836E-004,
2.495466666666667E+009,-1.246302737854421E-003,-2.401765668764710E-004,-1.248121145181358E-003,-2.366347180213779E-004,
2.495500000000000E+009,-1.188488909974694E-003,-2.295577869517729E-004,-1.174778328277171E-003,-2.352796145714819E-004,
2.495533333333334E+009,-1.130650169216096E-003,-1.212891147588380E-004,-1.270631095394492E-003,-1.886796526378021E-004,
2.495566666666667E+009,-1.351354527287185E-003,-1.269147905986756E-004,-1.297531416639686E-003,-1.659411063883454E-004,
2.495600000000000E+009,-1.173490076325834E-003,-1.705677568679676E-004,-1.203052583150566E-003,-2.813852624967694E-004,
2.495633333333334E+009,-1.293549081310630E-003,-1.273385278182104E-004,-1.259170239791274E-003,-1.033768421621062E-004,
2.495666666666667E+009,-1.183048123493791E-003,-2.152645174646750E-004,-1.235394272953272E-003,-3.649131103884429E-004,
2.495700000000000E+009,-1.276962575502694E-003,-2.271930570714176E-004,-1.292876200750470E-003,-2.226209180662409E-004,
2.495733333333334E+009,-1.157919061370194E-003,-1.164570785476826E-004,-1.311472035013139E-003,-2.951518690679222E-004,
2.495766666666667E+009,-1.251275651156902E-003,-1.834328577388078E-004,-1.265913480892777E-003,-2.138202107744291E-004,
2.495800000000000E+009,-1.142099732533097E-003,-1.216823948197998E-004,-1.268235850147903E-003,-1.118841028073803E-004,
2.495833333333334E+009,-1.202635234221816E-003,5.108685581944883E-005,-1.459848950617015E-003,-5.210236486163922E-005,
2.495866666666667E+009,-1.256698393262923E-003,-3.580816701287404E-005,-1.323184464126825E-003,-1.327467762166634E-004,
2.495900000000000E+009,-1.277931267395616E-003,-1.218906982103363E-004,-1.295054331421852E-003,-7.081152580212802E-005,
2.495933333333334E+009,-1.274267327971757E-003,6.972264145588270E-006,-1.255469978787005E-003,-1.703937450656667E-004,
2.495966666666667E+009,-1.346047967672348E-003,-1.286088518099859E-004,-1.364091760478914E-003,-1.461140054743737E-004,
2.496000000000000E+009,-1.339238137006760E-003,-8.167498162947595E-005,-1.323663978837431E-003,-2.235571446362883E-004,
2.496033333333334E+009,-1.405903487466276E-003,-1.558728254167363E-004,-1.383768976666033E-003,-4.015025479020551E-005,
2.496066666666667E+009,-1.361763803288341E-003,-8.297015301650390E-005,-1.379121444188058E-003,-2.372067538090050E-004,
2.496100000000000E+009,-1.316272653639317E-003,4.849773540627211E-005,-1.267782063223422E-003,-4.492328298510984E-005,
2.496133333333334E+009,-1.398635096848011E-003,-6.559198664035648E-005,-1.335739856585860E-003,-1.041847717715427E-004,
2.496166666666667E+009,-1.355355489067733E-003,-5.615600821329281E-005,-1.343783922493458E-003,-4.524067117017694E-005,
2.496200000000000E+009,-1.393536338582635E-003,-1.068987112375908E-004,-1.305225072428584E-003,-4.115651609026827E-005,
2.496233333333334E+009,-1.376015250571072E-003,-4.640763654606417E-005,-1.481988932937384E-003,-7.051326247164980E-005,
2.496266666666667E+009,-1.354266889393330E-003,4.992197864339687E-005,-1.377794542349875E-003,4.203620119369589E-005,
2.496300000000000E+009,-1.337670837529004E-003,1.647286262596026E-004,-1.554944436065853E-003,3.680467125377618E-005,
2.496333333333334E+009,-1.347864279523492E-003,1.470079441787675E-004,-1.270731445401907E-003,-1.531913585495204E-005,
2.496366666666667E+009,-1.305391429923475E-003,9.400436101714149E-005,-1.363161019980907E-003,1.540623488835990E-004,
2.496400000000000E+009,-1.225303625687957E-003,1.681155845290050E-004,-1.419906271621585E-003,1.700893917586654E-004,
2.496433333333334E+009,-1.301227486692369E-003,3.548446693457663E-005,-1.440314110368490E-003,1.716238766675815E-004,
2.496466666666667E+009,-1.305951038375497E-003,2.498935791663826E-004,-1.246653846465051E-003,2.606841735541821E-004,
2.496500000000000E+009,-1.335605513304472E-003,2.705684746615589E-004,-1.380651490762830E-003,2.283062640344724E-004,
2.496533333333334E+009,-1.379338675178587E-003,1.788414665497840E-004,-1.275092363357544E-003,1.298308488912880E-004,
2.496566666666667E+009,-1.325200777500868E-003,2.660468089743517E-005,-1.298888470046222E-003,2.599182480480522E-004,
2.496600000000000E+009,-1.350579317659140E-003,2.238716406282038E-004,-1.326221507042646E-003,3.100158937741071E-004,
2.496633333333334E+009,-1.299657276831567E-003,3.648691927082837E-004,-1.332154031842947E-003,3.025231708306819E-004,
2.496666666666667E+009,-1.335796667262912E-003,3.316580259706825E-004,-1.405808492563665E-003,2.425896382192150E-004,
2.496700000000000E+009,-1.488463487476111E-003,3.084985073655844E-004,-1.339617185294628E-003,2.534401137381792E-004,
2.496733333333334E+009,-1.355763757601380E-003,4.352814576122910E-004,-1.387589727528393E-003,3.669357101898640E-004,
2.496766666666667E+009,-1.291500404477119E-003,4.487141268327832E-004,-1.395298400893807E-003,4.257000982761383E-004,
2.496800000000000E+009,-1.364789088256657E-003,3.212122246623039E-004,-1.286017824895680E-003,3.399474953766912E-004,
2.496833333333334E+009,-1.399810309521854E-003,5.680327303707600E-004,-1.330548897385597E-003,5.533371004275978E-004,
2.496866666666667E+009,-1.421416760422289E-003,5.518275429494679E-004,-1.353424042463303E-003,5.307293031364679E-004,
2.496900000000000E+009,-1.385456533171237E-003,4.527255368884653E-004,-1.500338199548423E-003,4.734448739327490E-004,
2.496933333333334E+009,-1.268177642486990E-003,5.113856168463826E-004,-1.353163155727089E-003,5.262634367682040E-004,
2.496966666666667E+009,-1.336705405265093E-003,4.672885115724057E-004,-1.299409894272685E-003,4.589832096826285E-004,
2.497000000000000E+009,-1.314105116762221E-003,4.391867551021278E-004,-1.434579025954008E-003,5.720488843508065E-004,
2.497033333333334E+009,-1.478726742789149E-003,6.072633550502360E-004,-1.234991475939751E-003,6.371857016347349E-004,
2.497066666666667E+009,-1.313729211688042E-003,6.279738154262304E-004,-1.427637529559434E-003,5.786127876490355E-004,
2.497100000000000E+009,-1.434642821550369E-003,6.509538507089019E-004,-1.252620131708682E-003,5.870174500159919E-004,
2.497133333333334E+009,-1.341611612588167E-003,6.679503130726516E-004,-1.499808626249433E-003,6.012940430082381E-004,
2.497166666666667E+009,-1.401742571033537E-003,6.540375761687756E-004,-1.333484775386751E-003,5.810818402096629E-004,
2.497200000000000E+009,-1.324942801147699E-003,6.076075951568782E-004,-1.320773269981146E-003,5.859326338395476E-004,
2.497233333333334E+009,-1.455050311051309E-003,6.909790681675077E-004,-1.349789323285222E-003,7.038650219328702E-004,
2.497266666666667E+009,-1.280487631447613E-003,7.669450133107603E-004,-1.262106117792428E-003,6.453469395637512E-004,
2.497300000000000E+009,-1.188409165479243E-003,6.685154512524605E-004,-1.275849528610706E-003,6.106285145506263E-004,
2.497333333333334E+009,-1.300096861086786E-003,7.977968780323863E-004,-1.312201959080994E-003,8.241068571805954E-004,
2.497366666666667E+009,-1.422131783328950E-003,6.596880266442895E-004,-1.336312852799892E-003,8.000670350156725E-004,
2.497400000000000E+009,-1.356446882709861E-003,8.387078996747732E-004,-1.122913439758122E-003,8.569340570829809E-004,
2.497433333333334E+009,-1.391548081301153E-003,7.187386509031057E-004,-1.215705764479935E-003,7.420197362080216E-004,
2.497466666666667E+009,-1.130532124079764E-003,7.594776106998324E-004,-1.270181383006275E-003,7.429754477925599E-004,
2.497500000000000E+009,-1.247117761522532E-003,6.777839153073728E-004,-1.188699505291879E-003,8.339052437804639E-004,
2.497533333333334E+009,-1.317882561124861E-003,6.036494160071015E-004,-1.403568196110427E-003,6.798001704737544E-004,
2.497566666666667E+009,-1.235083211213350E-003,8.317935280501843E-004,-1.296169124543667E-003,7.703920709900558E-004,
2.497600000000000E+009,-1.287450548261404E-003,7.419614121317864E-004,-1.324304146692157E-003,9.319892269559205E-004,
2.497633333333334E+009,-1.280475757084787E-003,6.720561650581658E-004,-1.251659705303609E-003,8.696395670995116E-004,
2.497666666666667E+009,-1.218205085024238E-003,7.861855556257069E-004,-1.291022635996342E-003,8.795980829745531E-004,
2.497700000000000E+009,-1.264239661395550E-003,8.394281030632556E-004,-1.322358846664429E-003,9.112901170738041E-004,
2.497733333333334E+009,-1.248276093974710E-003,9.460469591431320E-004,-1.262650941498578E-003,8.844413678161800E-004,
2.497766666666667E+009,-1.148405019193888E-003,1.030878745950759E-003,-1.245922176167369E-003,9.013125672936440E-004,
2.497800000000000E+009,-1.180952298454940E-003,1.004516147077084E-003,-1.315531902946532E-003,8.902440895326436E-004,
2.497833333333334E+009,-1.205631182529032E-003,9.443772141821683E-004,-1.162309781648219E-003,1.029935083352029E-003,
2.497866666666667E+009,-1.184292719699442E-003,1.007710699923337E-003,-1.307770842686296E-003,9.581596823409200E-004,
2.497900000000000E+009,-1.401336630806327E-003,1.036260393448174E-003,-1.258251722902060E-003,9.354642825201154E-004,
2.497933333333334E+009,-1.171038136817515E-003,9.622693178243935E-004,-1.230635680258274E-003,1.005519181489945E-003,
2.497966666666667E+009,-1.359882531687617E-003,1.089747063815594E-003,-1.090114354155958E-003,9.937993017956615E-004,
2.498000000000000E+009,-1.155938487499952E-003,1.065277960151434E-003,-1.064998214133084E-003,1.082299975678325E-003,
2.498033333333334E+009,-1.083489158190787E-003,1.133155194111168E-003,-1.017407048493624E-003,1.016835914924741E-003,
2.498066666666667E+009,-1.009625266306102E-003,1.020008581690490E-003,-1.123494934290648E-003,9.893316309899092E-004,
2.498100000000000E+009,-9.949560044333339E-004,1.101736910641193E-003,-1.135928439907730E-003,1.098020584322512E-003,
2.498133333333334E+009,-1.158903352916241E-003,1.120304339565337E-003,-1.171063282527030E-003,1.077477121725678E-003,
2.498166666666667E+009,-1.100243767723441E-003,1.183064421638846E-003,-1.052170293405652E-003,1.137888990342617E-003,
2.498200000000000E+009,-1.041686628013849E-003,1.155770150944591E-003,-1.117630046792328E-003,1.297609764151275E-003,
2.498233333333334E+009,-9.280234226025641E-004,1.218964462168515E-003,-1.121956040151417E-003,1.131904311478138E-003,
2.498266666666667E+009,-1.092822756618261E-003,1.153935561887920E-003,-1.181169878691435E-003,1.205191016197205E-003,
2.498300000000000E+009,-1.087753102183342E-003,1.175695797428489E-003,-9.196656756103039E-004,1.239519682712853E-003,
2.498333333333334E+009,-9.770740289241076E-004,1.179204788058996E-003,-1.159705454483628E-003,1.256504794582725E-003,
2.498366666666667E+009,-1.000097603537142E-003,1.329480088315904E-003,-9.813817450776696E-004,1.269019325263798E-003,
2.498400000000000E+009,-8.758698240853846E-004,1.265982282347977E-003,-9.449222707189620E-004,1.239718520082533E-003,
2.498433333333334E+009,-9.686758858151734E-004,1.235755626112223E-003,-9.496094426140189E-004,1.241377322003245E-003,
2.498466666666667E+009,-9.531703544780612E-004,1.411440200172365E-003,-9.615377639420331E-004,1.236040377989411E-003,
2.498500000000000E+009,-1.013552071526647E-003,1.297358889132738E-003,-9.356994414702058E-004,1.501245656982064E-003,
2.498533333333334E+009,-9.810989722609520E-004,1.409662771038711E-003,-9.520523599348962E-004,1.420713379047811E-003,
2.498566666666667E+009,-8.890547906048596E-004,1.358988811261952E-003,-9.035262046381831E-004,1.357041997835040E-003,
2.498600000000000E+009,-7.901632925495505E-004,1.433679950423539E-003,-9.278492652811110E-004,1.362844835966826E-003,
2.498633333333334E+009,-8.618327556177974E-004,1.287763821892440E-003,-7.621425320394337E-004,1.467696856707335E-003,
2.498666666666667E+009,-8.042816189117730E-004,1.429470372386277E-003,-8.335711900144815E-004,1.436727005057037E-003,
2.498700000000000E+009,-8.909825119189918E-004,1.416212879121304E-003,-8.402361418120563E-004,1.466767862439156E-003,
2.498733333333334E+009,-7.962573436088860E-004,1.570863067172468E-003,-8.118181722238660E-004,1.324183773249388E-003,
2.498766666666667E+009,-5.825696280226111E-004,1.500680577009916E-003,-7.320279837585986E-004,1.456729369238019E-003,
2.498800000000000E+009,-8.227443904615939E-004,1.505980733782053E-003,-8.165496983565390E-004,1.428283401764929E-003,
2.498833333333334E+009,-7.156607462093234E-004,1.475925324484706E-003,-6.297487998381257E-004,1.450780197046697E-003,
2.498866666666667E+009,-5.066840094514191E-004,1.445799134671688E-003,-6.790760089643300E-004,1.495692762546241E-003,
2.498900000000000E+009,-7.384291966445744E-004,1.418321509845555E-003,-7.200802210718393E-004,1.359086483716965E-003,
2.498933333333334E+009,-6.825278396718204E-004,1.457559061236680E-003,-6.083885673433542E-004,1.402857946231961E-003,
2.498966666666667E+009,-6.920652813278139E-004,1.413831021636725E-003,-7.131961174309254E-004,1.425301074050367E-003,
2.499000000000000E+009,-6.708600558340550E-004,1.454835175536573E-003,-6.835226668044925E-004,1.452992903068662E-003,
2.499033333333334E+009,-6.596780731342733E-004,1.334820874035358E-003,-6.786822341382504E-004,1.556898350827396E-003,
2.499066666666667E+009,-6.302474648691714E-004,1.453642616979778E-003,-6.967886583879590E-004,1.394359394907951E-003,
2.499100000000000E+009,-7.823347114026547E-004,1.520952093414962E-003,-5.761796492151916E-004,1.451532356441021E-003,
2.499133333333334E+009,-6.220020004548132E-004,1.490078750066459E-003,-6.185186211951077E-004,1.422961009666324E-003,
2.499166666666667E+009,-6.071920506656170E-004,1.432903576642275E-003,-6.503262557089329E-004,1.516025047749281E-003,
2.499200000000000E+009,-5.044348072260618E-004,1.495679607614875E-003,-5.009464803151786E-004,1.515506766736507E-003,
2.499233333333334E+009,-5.706162774004042E-004,1.478323829360306E-003,-5.969594931229949E-004,1.535333460196853E-003,
2.499266666666667E+009,-5.501081468537450E-004,1.516693388111889E-003,-5.112577346153557E-004,1.558592426590622E-003,
2.499300000000000E+009,-5.413185572251678E-004,1.446892507374287E-003,-4.948812420479953E-004,1.579729723744094E-003,
2.499333333333334E+009,-6.173609290271998E-004,1.603394630365074E-003,-5.415029590949416E-004,1.467774854972959E-003,
2.499366666666667E+009,-4.236805834807456E-004,1.620307331904769E-003,-5.146518233232200E-004,1.557700335979462E-003,
2.499400000000000E+009,-5.057195085100830E-004,1.698111300356686E-003,-4.574973718263209E-004,1.543703489005566E-003,
2.499433333333334E+009,-6.364499568007886E-004,1.500691403634846E-003,-4.942241357639432E-004,1.573638757690787E-003,
2.499466666666667E+009,-4.888857947662473E-004,1.581327524036169E-003,-3.788104222621769E-004,1.618499984033406E-003,
2.499500000000000E+009,-5.405682022683322E-004,1.557384268380702E-003,-3.472636453807354E-004,1.667123520746827E-003,
2.499533333333334E+009,-3.790197079069912E-004,1.661101356148720E-003,-3.529597888700664E-004,1.585195306688547E-003,
2.499566666666667E+009,-4.254768136888742E-004,1.555688795633614E-003,-3.217298362869769E-004,1.585992984473705E-003,
2.499600000000000E+009,-1.672088692430407E-004,1.448895432986319E-003,-1.187191010103561E-004,1.517457538284361E-003,
2.499633333333334E+009,-3.085563075728715E-004,1.619481598027051E-003,-1.751260424498469E-004,1.474594580940902E-003,
2.499666666666667E+009,-2.149287902284414E-004,1.593338092789054E-003,-3.616554022300988E-004,1.474161050282419E-003,
2.499700000000000E+009,-2.351900548092090E-005,1.684084301814437E-003,-3.371949715074152E-004,1.515860320068896E-003,
2.499733333333334E+009,-1.880333147710189E-004,1.560553559102118E-003,-1.609366736374795E-004,1.715733669698238E-003,
2.499766666666667E+009,-1.242701691808179E-004,1.646444550715387E-003,-3.002973098773509E-004,1.673217280767858E-003,
2.499800000000000E+009,-7.126235868781805E-005,1.786181470379233E-003,-5.029881504015066E-005,1.616310561075807E-003,
2.499833333333334E+009,-6.797800597269088E-005,1.536706113256514E-003,-1.715882244752720E-004,1.613836036995053E-003,
2.499866666666667E+009,-1.849030377343297E-004,1.709944102913141E-003,1.046976540237665E-004,1.591438543982804E-003,
2.499900000000000E+009,-1.379486784571782E-004,1.612532068975270E-003,6.590699194930494E-005,1.578510273247957E-003,
2.499933333333334E+009,-6.687072163913399E-005,1.675732317380607E-003,-1.076895205187611E-004,1.633332576602697E-003,
2.499966666666667E+009,5.204603803576902E-005,1.604006974957883E-003,-6.670225411653519E-005,1.744792913086712E-003,
2.500000000000000E+009,1.497531047789380E-004,1.731001539155841E-003,9.657388000050560E-005,1.671335776336491E-003,
