% Version 1.00
%
%freq[Hz];re:Trc1_S21;im:Trc1_S21;re:Trc2_S12;im:Trc2_S12;
2.480000000000000E+009,-2.112845322699286E-005,-4.999122211302165E-006,-1.493974123150110E-004,-1.200744663947262E-004,
2.480033333333334E+009,-6.228405982255936E-005,-5.998124470352195E-005,8.366608381038532E-005,-3.557233867468312E-005,
2.480066666666667E+009,1.765525848895777E-005,3.691789970616810E-006,-7.817983714630827E-005,-1.414522266713902E-004,
2.480100000000000E+009,-8.920962136471644E-005,-6.218307680683211E-005,-8.331030403496698E-005,-1.717175327939913E-004,
2.480133333333334E+009,-8.823988900985569E-005,-1.535517731099390E-005,-1.964801631402224E-004,-4.538756184047088E-005,
2.480166666666667E+009,-2.296366119480808E-006,1.011539206956513E-004,-1.884915836853907E-004,-7.987960998434573E-005,
2.480200000000000E+009,-1.856431335909292E-004,1.040476490743458E-005,-1.845479710027576E-005,-1.333952968707308E-004,
2.480233333333334E+009,-7.285964238690212E-005,-5.814085307065398E-005,-1.777757715899497E-004,-4.226565579301678E-005,
2.480266666666667E+009,-9.366597078042105E-005,-9.740440873429179E-005,-7.941036164993420E-005,7.385232038359391E-006,
2.480300000000000E+009,-5.472947304951958E-005,-1.069780919351615E-004,-1.017144604702480E-004,-2.169045037589967E-004,
2.480333333333334E+009,1.695410028332844E-004,1.667015931161586E-005,-9.209505151375197E-006,-5.364979733712971E-005,
2.480366666666667E+009,5.062784839537926E-005,-3.156545426463708E-005,-5.180557855055668E-005,-5.043398778070696E-005,
2.480400000000000E+009,-1.651000347919762E-004,-1.086153224605369E-005,-1.089172073989175E-004,-3.774042124859989E-005,
2.480433333333334E+009,-1.805297943064943E-004,-6.540751928696409E-005,-1.096591295208782E-004,-1.482343504903838E-004,
2.480466666666667E+009,-1.291261578444392E-004,1.832157286116853E-004,-9.277261415263638E-005,-5.483653512783349E-005,
2.480500000000000E+009,5.945195880485699E-005,-7.313765672734007E-005,-8.186136255972087E-005,-8.597331179771572E-005,
2.480533333333334E+009,-1.374879411741858E-005,-6.482793833129108E-005,2.487191704858560E-005,-9.870481153484434E-005,
2.480566666666667E+009,1.355489512206987E-004,-1.192448034998961E-004,-1.091426893253811E-004,-2.189739461755380E-004,
2.480600000000000E+009,-5.458778105094098E-005,-5.724526999983937E-005,-1.912549123517238E-005,8.061272637860384E-006,
2.480633333333334E+009,6.609981210203841E-005,-6.230393046280369E-005,-1.687710027908906E-004,-1.755820449034218E-005,
2.480666666666667E+009,3.622571966843680E-005,-4.330775846028701E-005,-2.632216492202133E-004,1.022968790493906E-004,
2.480700000000000E+009,-1.942209564731456E-005,-1.408646880918241E-006,-4.479985727812164E-005,3.433871097513475E-005,
2.480733333333334E+009,-1.040542119881138E-004,8.576371328672394E-005,-9.637127368478105E-005,-6.127254164312035E-005,
2.480766666666667E+009,-7.183564594015479E-005,-9.412537474418059E-005,-6.673945608781651E-005,-5.902174962102436E-005,
2.480800000000000E+009,-3.018118513864465E-005,-1.916131623147521E-005,-7.497072510886937E-005,-1.013878500089049E-004,
2.480833333333334E+009,-1.616306835785508E-004,-3.706660208990797E-005,-8.332548168255016E-005,-6.843364099040628E-005,
2.480866666666667E+009,-1.606330915819854E-004,-6.389514510374283E-006,-1.126131392084062E-004,7.842091690690722E-006,
2.480900000000000E+009,-8.815485489321873E-005,-1.599378883838654E-004,-1.432396820746362E-004,-1.346104108961299E-004,
2.480933333333334E+009,-7.020262273726985E-005,1.297430135309696E-004,-1.926866389112547E-004,2.599719664431177E-005,
2.480966666666667E+009,-7.518490019720048E-005,2.333506017748732E-005,3.234402538510039E-005,2.034011959040072E-005,
2.481000000000000E+009,-2.900367871916387E-005,-4.757015631184913E-005,-1.858313771663234E-004,2.958902769023553E-005,
2.481033333333334E+009,-8.663182234158739E-005,-6.680719525320455E-005,-4.082683881279081E-005,7.824743079254404E-005,
2.481066666666667E+009,1.144116959039820E-005,-6.903323082951829E-005,-1.167430018540472E-004,-4.975091724190861E-005,
2.481100000000000E+009,-3.700611705426127E-005,-9.718309593154118E-005,-1.534081238787621E-004,-1.116411658586003E-004,
2.481133333333334E+009,-1.536745112389326E-004,8.219746814575046E-005,-1.977430219994858E-004,4.037220787722617E-005,
2.481166666666667E+009,-9.184946975437924E-005,8.030016761040315E-005,-6.939411832718179E-005,-2.386397136433516E-005,
2.481200000000000E+009,-1.213866053149104E-004,2.773008782241959E-005,-1.368263183394447E-004,-1.033219232340343E-004,
2.481233333333334E+009,-7.656512752873823E-005,-9.986642544390634E-005,-1.222904975293204E-004,-1.019168266793713E-004,
2.481266666666667E+009,-5.766213507740758E-005,-1.254710223292932E-004,-5.576495095738210E-005,-3.887713683070615E-005,
2.481300000000000E+009,-7.333286339417100E-005,1.779876183718443E-004,-1.056158944265917E-004,-5.779275670647621E-005,
2.481333333333334E+009,-1.331522798864171E-004,6.116247823229060E-005,-1.078683926607482E-004,5.900190080865286E-005,
2.481366666666667E+009,-3.634264066931792E-005,3.954336989409057E-006,-5.680691629095236E-006,-2.631073766679037E-005,
2.481400000000000E+009,-1.148974552052096E-004,4.848623575526290E-005,-9.656124166212976E-005,-2.774044514808338E-005,
2.481433333333334E+009,-2.729590050876141E-005,-1.733770477585495E-005,-7.420934707624838E-005,1.289938809350133E-004,
2.481466666666667E+009,-7.064967940095812E-005,2.083354956994299E-005,-7.799065497238189E-005,-4.549532241071574E-005,
2.481500000000000E+009,-1.777771976776421E-004,5.917520684306510E-005,-5.355660687200725E-005,1.187552770716138E-004,
2.481533333333334E+009,-5.677072840626352E-005,1.450043964723591E-005,-5.750998388975859E-005,6.303695408860222E-005,
2.481566666666667E+009,-3.805212691077031E-005,8.499508112436160E-005,-1.991527969948947E-004,2.061508166661952E-005,
2.481600000000000E+009,-1.259149139514193E-004,1.130796408688184E-005,-2.871134165616240E-005,8.808600978227332E-005,
2.481633333333334E+009,-4.277840707800351E-005,3.989204196841456E-005,-8.217605500249192E-005,-1.122972844314063E-005,
2.481666666666667E+009,5.853518450749107E-005,-7.498859486076981E-005,9.796809172257781E-005,-1.305174082517624E-004,
2.481700000000000E+009,-7.791156531311572E-005,3.535010182531551E-005,-9.046373452292755E-005,-8.422981409239583E-006,
2.481733333333334E+009,-1.443645305698738E-004,-1.643198920646682E-004,-7.996690692380071E-005,3.260154699091800E-005,
2.481766666666667E+009,7.429704510286683E-006,5.470124960993417E-005,-1.362985203741118E-004,-5.705195871996693E-005,
2.481800000000000E+009,-5.232563125900924E-005,-8.139630517689511E-005,-7.519510108977556E-005,7.651615305803716E-006,
2.481833333333334E+009,-2.395638148300350E-004,9.615853196009994E-005,3.855985778500326E-005,-3.593073051888496E-005,
2.481866666666667E+009,-1.402744237566367E-004,3.732000186573714E-005,-9.639962809160352E-005,7.558944344054908E-005,
2.481900000000000E+009,-1.503862295066938E-004,2.486553421476856E-005,-4.452555003808811E-006,-1.036928078974597E-004,
2.481933333333334E+009,-1.500907528679818E-004,-1.058208272297634E-005,-1.499963982496411E-004,6.938446313142777E-005,
2.481966666666667E+009,5.924307333771139E-005,4.281806104700081E-005,-1.127783980336972E-004,1.055458415066823E-005,
2.482000000000000E+009,-8.863176481099799E-005,1.039865237544291E-004,-1.321113959420472E-004,1.019880510284565E-004,
2.482033333333334E+009,-2.014407556316655E-007,1.199312173412181E-004,1.130841847043484E-004,-2.492183512003976E-006,
2.482066666666667E+009,-4.541985254036263E-005,-1.822973572416231E-004,2.577592385932803E-005,2.149772444681730E-005,
2.482100000000000E+009,-2.968370426970068E-005,-7.365629426203668E-005,6.283813854679465E-005,-4.815209831576794E-005,
2.482133333333334E+009,-1.005841695587151E-004,-2.049585018539801E-004,-1.326421333942562E-004,3.313038905616850E-005,
2.482166666666667E+009,-7.064909732434899E-005,-1.064642783603631E-004,-8.809701103018597E-005,-1.148778683273122E-004,
2.482200000000000E+009,-2.892820884881076E-005,4.304444155422971E-005,-3.561662015272304E-005,5.252090340945870E-005,
2.482233333333334E+009,-4.294610334909521E-005,-2.947526445495896E-005,-1.141576794907451E-004,6.434776150854304E-005,
2.482266666666667E+009,-1.929025165736675E-004,5.690271427738480E-005,-5.327472172211856E-005,-1.223311410285533E-004,
2.482300000000000E+009,-1.759026872605318E-006,-6.322990520857275E-005,-1.073296425602166E-005,7.191804616013542E-005,
2.482333333333334E+009,-1.760108134476468E-004,-3.007019404321909E-005,-5.785867324448191E-005,-4.009152689832263E-005,
2.482366666666667E+009,-1.982990397664253E-005,-7.172376626840560E-006,-1.480581267969683E-004,8.649587107356638E-005,
2.482400000000000E+009,-1.708924392005429E-004,-6.486719212261960E-005,-8.255257125711069E-005,3.854963506455533E-005,
2.482433333333334E+009,1.859238363977056E-005,-2.454171408317052E-005,-6.382917490554974E-005,3.137265957775526E-005,
2.482466666666667E+009,-5.648553633363918E-005,-1.599113020347431E-004,-5.200230953050777E-005,8.881615940481424E-006,
2.482500000000000E+009,6.046521320968168E-006,2.587342896731570E-005,-2.756760659394786E-005,-6.595718878088519E-005,
2.482533333333334E+009,-8.722166967345402E-005,-1.065141805156600E-005,-5.752434844907839E-006,-5.134693856234662E-005,
2.482566666666667E+009,-2.131140900019091E-005,-1.016548776533455E-004,-4.238622204866260E-005,6.846239557489753E-005,
2.482600000000000E+009,-9.046182094607502E-005,-1.498126607657468E-006,-2.133400630555116E-005,-9.561709885019809E-005,
2.482633333333334E+009,-1.749769435264170E-004,-7.901692879386246E-005,1.474931650591316E-005,-8.321056520799175E-005,
2.482666666666667E+009,-1.566413993714377E-004,5.863304613740183E-005,-1.305931218666956E-004,1.453335135011002E-004,
2.482700000000000E+009,-9.019195204018615E-006,-8.401741069974378E-005,-1.052315928973258E-004,-3.677740096463822E-005,
2.482733333333334E+009,1.795232310541906E-005,4.759268449561205E-006,-8.752991561777890E-005,-1.657844404689968E-005,
2.482766666666667E+009,1.979116132133640E-005,-1.115781051339582E-004,-1.923513191286475E-004,9.554927964927629E-005,
2.482800000000000E+009,6.192399450810626E-005,9.051097731571645E-005,5.990225872665178E-006,-1.982685207622126E-004,
2.482833333333334E+009,-3.985072908108123E-006,-8.495054498780519E-005,-3.920438393834047E-005,5.695362415281124E-005,
2.482866666666667E+009,-1.573301560711116E-004,-1.047087207552977E-004,-1.129857337218709E-004,2.184887489420362E-005,
2.482900000000000E+009,1.522275670140516E-005,-5.762590444646776E-005,2.497638524801005E-005,8.831771083350759E-006,
2.482933333333334E+009,1.412594428984448E-005,-8.219298615586013E-005,5.007804429624230E-005,-8.061535481829196E-005,
2.482966666666667E+009,-1.010988562484272E-004,2.321792999282479E-005,-3.945858770748600E-005,-5.226368375588208E-005,
2.483000000000000E+009,-1.985031412914395E-004,3.593234941945411E-005,-1.372991100652143E-004,-1.811438050935976E-005,
2.483033333333334E+009,-2.889286588469986E-005,-1.277910778298974E-004,-7.900793571025133E-005,-6.499049050034955E-005,
2.483066666666667E+009,-1.158243903773837E-004,-2.410706656519324E-005,-8.044738206081092E-005,1.506403641542420E-004,
2.483100000000000E+009,-5.613201574306004E-005,-9.337280062027276E-006,-1.596360380062833E-005,-2.724016121646855E-005,
2.483133333333334E+009,-1.638800167711452E-004,-9.381581662637473E-007,-1.634083164390177E-004,-1.248815078724874E-005,
2.483166666666667E+009,-1.160026731668040E-004,-7.215527875814587E-005,-3.742091939784586E-005,-9.603080252418295E-005,
2.483200000000000E+009,-1.076974076568149E-004,-2.243279777758289E-005,-8.996399628813379E-006,4.558135697152466E-005,
2.483233333333334E+009,-1.002688586595468E-004,-1.185479268315248E-004,-8.672236435813829E-005,6.527731602545828E-005,
2.483266666666667E+009,-1.350461971014738E-004,5.209081427892670E-005,-9.286766726290807E-005,-7.520757208112627E-005,
2.483300000000000E+009,1.094674098567339E-005,1.397461710439529E-005,-8.669016824569553E-005,2.959512812594767E-006,
2.483333333333334E+009,-5.808288187836297E-005,1.842809251684230E-005,-8.336077735293657E-005,3.625326644396409E-005,
2.483366666666667E+009,2.981791567435721E-006,3.047441714443266E-005,-1.268671330763027E-004,4.131727109779604E-005,
2.483400000000000E+009,-1.582041440997273E-004,2.831029996741563E-005,-4.551774691208266E-005,8.884473936632276E-005,
2.483433333333334E+009,-1.255454262718558E-004,3.902388198184781E-005,-3.481154271867126E-005,-5.053613676864188E-006,
2.483466666666667E+009,-9.245754336006939E-005,-5.066731318947859E-005,-7.773617107886821E-005,4.007587449450512E-006,
2.483500000000000E+009,1.212349525303580E-005,9.408257938048337E-006,-1.051767685567029E-004,9.186574607156217E-005,
2.483533333333334E+009,-2.399060940661002E-005,8.931595220929012E-005,-1.705517061054707E-004,-1.675616513239220E-004,
2.483566666666667E+009,1.371625876345206E-005,3.380133421160281E-005,-2.952234353870153E-005,3.144079164485447E-005,
2.483600000000000E+009,-9.092984691960737E-005,-1.167282898677513E-004,-1.830113324103877E-004,6.880882574478164E-005,
2.483633333333334E+009,2.393672184552997E-005,6.490701343864203E-005,-1.256618415936828E-004,3.183232547598891E-005,
2.483666666666667E+009,-1.213764044223353E-004,-1.555764465592802E-004,-6.989026587689295E-005,5.720778062823229E-006,
2.483700000000000E+009,-6.356630910886452E-005,4.381349936011247E-005,-3.878842835547403E-005,6.323906563920900E-005,
2.483733333333334E+009,-1.681489811744541E-004,-3.366316377650946E-005,-2.125272148987278E-004,3.046957317565102E-005,
2.483766666666667E+009,-1.406391675118357E-004,-1.039816706907004E-004,-1.052994048222899E-005,1.231872374773957E-005,
2.483800000000000E+009,-6.933002441655844E-005,3.868655937822041E-007,-1.014583467622288E-004,-2.932264214905445E-005,
2.483833333333334E+009,-1.777824650162074E-006,3.307392034912482E-005,-1.801205871743150E-005,4.173157140030526E-005,
2.483866666666667E+009,-1.093879109248519E-004,-8.785114914644510E-005,-2.186397432524245E-005,5.641012467094697E-005,
2.483900000000000E+009,7.232877578644548E-006,-2.922886596934404E-005,6.359968665492488E-006,-7.503665983676910E-005,
2.483933333333334E+009,-6.803868018323556E-005,8.378816710319370E-005,-1.907764271891210E-005,-1.133200157710235E-006,
2.483966666666667E+009,-2.097645337926224E-004,1.399905886501074E-005,-6.296032370300964E-005,4.334743425715715E-005,
2.484000000000000E+009,-9.768318705027923E-005,-1.487273984821513E-004,-1.483054802520201E-004,1.159549137810245E-004,
2.484033333333334E+009,-2.454890818626154E-005,1.974914193851873E-004,2.810615660564508E-005,1.806282489269506E-005,
2.484066666666667E+009,-1.600020041223615E-004,3.132833370500521E-008,-1.703137240838260E-004,4.193847053102218E-005,
2.484100000000000E+009,-9.520139428786933E-005,-1.610398430784699E-005,-4.172869012109004E-005,1.134607373387553E-004,
2.484133333333334E+009,-8.145785250235349E-005,-1.898114646792237E-006,4.255916064721532E-005,-1.358484441880137E-004,
2.484166666666667E+009,-2.126601611962542E-004,-8.984968008007854E-005,-7.763796747894958E-005,-3.447643757681362E-005,
2.484200000000000E+009,-7.219653343781829E-005,2.744308403634932E-005,-7.826845831004903E-006,9.672142914496362E-005,
2.484233333333334E+009,-1.303449389524758E-004,-9.841762221185491E-005,-9.122827032115310E-005,4.728223575511947E-005,
2.484266666666667E+009,2.986957952089142E-005,-3.102778282482177E-005,-1.227283210027963E-004,-1.491042785346508E-004,
2.484300000000000E+009,-1.134055928559974E-004,-4.329303556005471E-005,-1.556859206175432E-004,-4.397823067847639E-005,
2.484333333333334E+009,4.855632869293913E-005,1.635407897992991E-005,-5.685946234734729E-005,3.915346678695642E-005,
2.484366666666667E+009,-5.331392094376497E-005,7.564090628875420E-005,-5.765930109191686E-005,-3.856993498629890E-005,
2.484400000000000E+009,-3.541696423781104E-005,-1.413427089573816E-004,-4.287386400392279E-005,1.486344353907043E-005,
2.484433333333334E+009,-7.145741983549669E-005,-2.564570422691759E-006,-6.295159982983023E-005,2.269121796416584E-005,
2.484466666666667E+009,-1.821692421799526E-004,-2.389003202551976E-005,-2.117819385603070E-004,-3.231117443647236E-005,
2.484500000000000E+009,-5.575878458330408E-005,4.292180892662145E-005,-1.550686829432380E-005,6.718991699017352E-006,
2.484533333333334E+009,7.305354665732011E-005,9.648469858802855E-005,-1.388102682540193E-004,2.257102096336894E-006,
2.484566666666667E+009,-1.625714139663614E-005,8.878613152774051E-005,-7.310787623282522E-005,4.948201967636123E-005,
2.484600000000000E+009,7.665184966754168E-005,-4.063814776600339E-005,-3.375111191417091E-005,-7.294229726539925E-005,
2.484633333333334E+009,-6.728542939526960E-005,6.493495220638579E-006,-1.307274214923382E-004,1.212525530718267E-004,
2.484666666666667E+009,-5.006167339161038E-005,-1.184349093819037E-004,-3.416446270421147E-005,-5.053590484749293E-006,
2.484700000000000E+009,-1.214437725138851E-004,1.637804962228984E-005,-1.318930299021304E-004,-1.109140212065540E-004,
2.484733333333334E+009,-3.220248981961049E-005,1.367260701954365E-004,1.918529278555070E-006,3.055263732676394E-005,
2.484766666666667E+009,5.939458424109034E-005,8.530263585271314E-005,-5.315045928000473E-005,-4.242077193339355E-005,
2.484800000000000E+009,-5.171723387320526E-005,-3.544015635270625E-005,-6.448048952734098E-005,1.476405886933208E-004,
2.484833333333334E+009,-4.053395605296828E-005,2.594209945527837E-005,-4.331373202148825E-005,-4.090518996235915E-005,
2.484866666666667E+009,-1.552961912238970E-004,3.223874955438077E-005,-9.735795174492523E-005,-6.943744665477425E-005,
2.484900000000000E+009,-7.634270878043026E-005,-3.188947448506951E-005,-7.327288767555729E-005,5.284149210638134E-006,
2.484933333333334E+009,-2.656849028426223E-005,1.463716444050078E-006,-6.871002551633865E-005,4.669689587899484E-005,
2.484966666666667E+009,7.857566743041389E-006,7.307725900318474E-005,-3.712147872647620E-006,7.729434582870454E-005,
2.485000000000000E+009,-2.459525603626389E-005,5.391309059632476E-006,-4.171859472990036E-005,-1.871503263828345E-005,
2.485033333333334E+009,-6.910374941071495E-005,3.021381598955486E-005,-1.033512671710923E-004,3.821766949840821E-005,
2.485066666666667E+009,-4.705095307144802E-006,4.758149225381203E-005,-7.323789031943306E-005,-5.963242074358277E-005,
2.485100000000000E+009,8.639103180030361E-005,-3.129082688246854E-005,-3.452417877269909E-005,3.280131568317302E-005,
2.485133333333334E+009,-2.030100440606475E-004,-3.106677104369737E-005,-1.491983421146870E-004,7.662432471988723E-005,
2.485166666666667E+009,3.999059845227748E-005,5.888460873393342E-005,5.487653106683865E-005,-8.274779975181446E-005,
2.485200000000000E+009,2.525798299757298E-005,-4.380229438538663E-005,-1.157714632427087E-005,2.108819717250299E-005,
2.485233333333334E+009,-1.734629768179730E-004,4.883755173068494E-005,-9.780756954569370E-005,-1.602772972546518E-004,
2.485266666666667E+009,-1.619470458535943E-005,-8.447124127997086E-005,-9.499422594672069E-005,-8.408836583839729E-005,
2.485300000000000E+009,5.295588925946504E-005,7.623800047440454E-005,-1.089505894924514E-004,-6.456931714637904E-006,
2.485333333333334E+009,-6.594355363631621E-005,4.582784094964154E-005,-6.270442827371880E-005,-1.438269009668147E-005,
2.485366666666667E+009,-1.071085061994381E-004,1.758859289111570E-004,-1.585701393196359E-004,-6.507157377200201E-005,
2.485400000000000E+009,-2.472246160323266E-005,4.057630940224044E-005,-1.052438674378209E-004,-4.578864536597394E-005,
2.485433333333334E+009,-1.754624463501386E-005,1.410962868249044E-004,-1.749817602103576E-005,2.930564915004652E-005,
2.485466666666667E+009,-5.601034354185686E-005,4.050129791721702E-005,-1.078528002835810E-004,2.136122748197522E-005,
2.485500000000000E+009,-1.707088449620642E-005,1.431288837920874E-004,1.511019218014553E-005,6.304846465354785E-005,
2.485533333333334E+009,-8.200170123018324E-005,-3.040542651433498E-005,-1.896877984108869E-005,2.431425855320413E-005,
2.485566666666667E+009,-5.094716107123531E-005,-1.339240116067231E-004,-1.298941351706162E-004,1.216326272697188E-004,
2.485600000000000E+009,-1.141862230724655E-004,2.194058652094100E-006,-5.084225995233282E-005,1.476744510000572E-004,
2.485633333333334E+009,-6.220786599442363E-005,3.082964030909352E-005,-6.508687511086464E-005,1.645980228204280E-004,
2.485666666666667E+009,-8.150417124852538E-005,-1.394352420902578E-005,-2.976418763864785E-004,1.307225647906307E-005,
2.485700000000000E+009,-4.967847053194419E-005,-3.028793071280234E-005,-4.128791624680162E-005,1.376321688439930E-005,
2.485733333333334E+009,-2.673452545423061E-004,-2.382245656917803E-005,-4.530794103629887E-005,4.045308287459193E-006,
2.485766666666667E+009,-7.379116141237319E-005,1.097823842428625E-004,-1.086072225007229E-004,8.415344927925617E-005,
2.485800000000000E+009,-5.000601595384069E-005,1.263498270418495E-004,-1.835984730860218E-004,1.743665925459936E-004,
2.485833333333334E+009,-3.704380287672393E-005,1.176678415504284E-004,7.683875992370304E-006,4.881648783339188E-005,
2.485866666666667E+009,-1.414126309100539E-004,-4.004628135589883E-005,-2.155580878024921E-004,8.892634650692344E-005,
2.485900000000000E+009,-8.017867367016152E-005,1.144536145147868E-004,-1.080458314390853E-004,3.185266177752055E-005,
2.485933333333334E+009,-5.824997060699388E-005,1.250208442797884E-004,-1.192676063510589E-005,-2.328495065739844E-005,
2.485966666666667E+009,-1.112824684241787E-004,2.635536839079578E-005,-8.463222911814228E-005,-9.878133278107271E-005,
2.486000000000000E+009,-4.985194391338155E-005,5.263995262794197E-005,-8.538754627807066E-005,1.597454102011398E-004,
2.486033333333334E+009,9.605339982954320E-006,3.266158091719262E-005,-2.300789346918464E-004,8.399003854719922E-005,
2.486066666666667E+009,-8.210674423025921E-005,1.430231009180716E-006,3.950933358254360E-009,2.793023486447055E-005,
2.486100000000000E+009,-9.118811431108043E-005,7.564372208435088E-005,-9.167984535451978E-005,1.825873041525483E-004,
2.486133333333334E+009,-3.625107274274342E-005,1.952380807779264E-005,-1.360460300929844E-004,-6.257461791392416E-005,
2.486166666666667E+009,-2.635859164001886E-005,4.470201747608371E-005,-1.571859174873680E-004,4.681897917180322E-005,
2.486200000000000E+009,-1.068948768079281E-004,6.267426215345040E-006,-5.813650204800069E-006,1.134042104240507E-004,
2.486233333333334E+009,-1.289441570406780E-004,5.276242154650390E-005,-6.955751450732350E-005,6.164026126498357E-005,
2.486266666666667E+009,-7.371373794740066E-005,9.176589810522273E-005,-7.671785715501756E-005,5.564380626310594E-005,
2.486300000000000E+009,-5.565019819187000E-005,3.957939406973310E-005,-2.619435836095363E-004,5.877645162399858E-005,
2.486333333333334E+009,5.428574695542920E-006,1.500042853876948E-004,-4.915396857541055E-005,9.281647362513468E-005,
2.486366666666667E+009,3.836944233626127E-005,-1.232608701684512E-005,-5.171704469830729E-005,2.535280145821162E-005,
2.486400000000000E+009,-1.061862712958828E-004,6.132845737738535E-005,-1.194249125546776E-004,5.515882367035374E-005,
2.486433333333334E+009,3.211298826499842E-005,2.148489293176681E-004,-4.978258948540315E-005,-2.519510599086061E-005,
2.486466666666667E+009,-5.678727393387817E-005,4.350063591118669E-006,1.334933676844230E-005,1.217094977619126E-004,
2.486500000000000E+009,-1.047320038196631E-004,1.058674970408902E-004,-3.770423063542694E-005,4.941077349940315E-005,
2.486533333333334E+009,-5.827121276524849E-005,1.762521133059636E-004,-5.429462544270791E-005,-1.719509600661695E-005,
2.486566666666667E+009,-1.613656968402211E-005,6.380448667187011E-006,-2.936973032774404E-005,1.219430760102114E-005,
2.486600000000000E+009,-1.192174095194787E-004,6.578603642992675E-005,-3.251717134844512E-005,-1.298759980272735E-005,
2.486633333333334E+009,-1.961161324288696E-004,5.516916280612350E-005,-7.625875150552020E-005,1.448114780941978E-004,
2.486666666666667E+009,-1.009522529784590E-004,4.605675712809898E-005,2.998523268615827E-005,1.672957114351448E-005,
2.486700000000000E+009,-4.790427192347124E-005,1.576112117618322E-004,-4.449481275514700E-005,-1.149034287664108E-004,
2.486733333333334E+009,-6.021964964020299E-006,1.960140943992883E-004,-4.972799433744513E-005,-1.447794238629285E-005,
2.486766666666667E+009,-6.233242311282083E-005,1.191763003589585E-004,-4.592363984556869E-005,4.613900091499090E-005,
2.486800000000000E+009,-1.488539710408077E-004,4.409666871652007E-005,-9.469646465731785E-005,1.029202758218162E-004,
2.486833333333334E+009,-9.612180292606354E-005,2.098725190080586E-006,-1.521792910352815E-005,4.400096077006310E-005,
2.486866666666667E+009,4.713124872068875E-005,1.414131693309173E-004,-6.930410017957911E-005,3.042778553208336E-005,
2.486900000000000E+009,-3.238499630242586E-005,1.642333518248051E-004,-2.337805381102953E-005,1.041865398292430E-004,
2.486933333333334E+009,-6.257163477130234E-005,-1.100160807254724E-004,-1.190380571642891E-004,-1.104025977838319E-005,
2.486966666666667E+009,3.347831079736352E-005,-1.495054857514333E-005,-1.060973518178798E-004,5.116112879477441E-005,
2.487000000000000E+009,2.424458398309071E-005,2.682217541405407E-007,3.507379369693808E-005,4.360242746770382E-005,
2.487033333333334E+009,-2.001980647037271E-005,2.398530923528597E-004,-8.865103882271797E-005,1.125466442317702E-004,
2.487066666666667E+009,-1.640493428567424E-004,1.187962698168121E-004,-9.289305307902396E-005,4.019832340418361E-005,
2.487100000000000E+009,1.178077923214005E-006,2.120667631970719E-004,-3.407901022001170E-005,1.800879690563306E-004,
2.487133333333334E+009,-5.593148307525553E-005,8.553583757020533E-005,-2.196518908021972E-004,7.053252193145454E-005,
2.487166666666667E+009,5.464309651870281E-005,-2.392756414337782E-006,5.735949889640324E-005,1.954950275830925E-004,
2.487200000000000E+009,-8.121042810671497E-006,1.323761825915426E-004,-1.510096335550770E-004,9.447758202441037E-005,
2.487233333333334E+009,-1.264913880731911E-004,3.050019222428091E-005,-1.485374959884211E-004,5.317772593116388E-005,
2.487266666666667E+009,-3.094591374974698E-005,-8.755674934946001E-005,-7.016363815637305E-005,9.042102465173230E-005,
2.487300000000000E+009,2.241260517621413E-005,2.134980750270188E-004,-1.232087524840608E-004,3.525800275383517E-005,
2.487333333333334E+009,3.237691998947412E-005,-4.516078661254142E-006,-6.536144064739347E-005,4.901545980828814E-005,
2.487366666666667E+009,-1.598193630343303E-004,7.528573769377545E-005,-8.503819117322564E-005,1.481014187447727E-004,
2.487400000000000E+009,-9.427902114111930E-005,2.423732221359387E-004,-1.037820220517460E-005,6.460816803155467E-005,
2.487433333333334E+009,-8.209603402065113E-005,-1.727129642858927E-006,-7.783879846101627E-005,6.094347554608248E-005,
2.487466666666667E+009,-2.501629387552384E-005,7.470078708138317E-005,9.502787179371808E-007,9.421393042430282E-005,
2.487500000000000E+009,-2.493062856956385E-005,2.524323099351022E-005,-4.838694439968094E-005,6.045682312105782E-005,
2.487533333333334E+009,-1.155943464254960E-004,1.286817860091105E-004,-7.824894419172779E-005,-3.206777910236269E-005,
2.487566666666667E+009,-9.600511839380488E-005,1.602509437361732E-004,-2.773868618533015E-005,2.246456097054761E-005,
2.487600000000000E+009,-9.104804485104978E-005,9.451255755266175E-005,-7.997092325240374E-005,8.923358109313995E-005,
2.487633333333334E+009,-1.553016481921077E-004,-3.650187136372551E-005,-7.155125058488920E-005,8.778833944234066E-006,
2.487666666666667E+009,1.025755700538866E-004,1.692299265414476E-004,-3.764625580515713E-005,3.553695569280535E-005,
2.487700000000000E+009,-6.676911289105192E-005,1.871461863629520E-004,9.337056326330639E-006,1.127339273807593E-004,
2.487733333333334E+009,-1.081737209460698E-004,7.816393917892128E-005,-6.628606934100390E-005,1.125054841395468E-004,
2.487766666666667E+009,-4.959402212989517E-005,3.110845136689022E-005,-2.466857040417381E-005,-1.059461646946147E-005,
2.487800000000000E+009,4.390446702018380E-005,5.159840384294512E-006,-4.898755651083775E-005,-2.643879452080000E-005,
2.487833333333334E+009,-6.518263398902491E-005,-1.184077045763843E-004,-1.400570326950401E-004,-9.149433753918856E-005,
2.487866666666667E+009,-8.531780622433871E-005,6.546957138198195E-006,9.590213267074432E-006,4.198644455755130E-005,
2.487900000000000E+009,-1.451552525395528E-004,1.815705036278814E-004,-9.950985258910805E-005,8.790113497525454E-005,
2.487933333333334E+009,-1.109954246203415E-004,1.058201960404404E-004,-7.100459333742037E-005,-2.322341424587648E-005,
2.487966666666667E+009,3.870649379678071E-006,4.162578261457384E-005,-9.139625763054937E-005,1.239747361978516E-004,
2.488000000000000E+009,-7.874672155594453E-005,9.887538908515126E-005,-8.441894897259772E-005,1.631499035283923E-004,
2.488033333333334E+009,-3.402814400033094E-005,2.357483172090724E-004,-1.589949242770672E-004,9.424139716429636E-005,
2.488066666666667E+009,6.070912422728725E-005,7.078698399709538E-005,-3.432160883676261E-005,1.743338216328993E-004,
2.488100000000000E+009,-1.572119799675420E-005,9.412119834451005E-005,-1.084940449800342E-004,6.309654418146238E-005,
2.488133333333334E+009,-1.389742537867278E-004,1.298461847909493E-005,3.080214810324833E-005,1.405655493726954E-004,
2.488166666666667E+009,2.592928467493039E-005,1.942545168276411E-005,-3.149279291392304E-005,1.349362428300083E-004,
2.488200000000000E+009,-5.302264980855398E-005,1.766680652508512E-004,-7.341068703681231E-005,2.203592885052785E-004,
2.488233333333334E+009,-1.233259263244690E-005,1.012301072478294E-004,4.973607065039687E-005,1.119413936976343E-004,
2.488266666666667E+009,-1.876509486464784E-005,1.106656345655210E-004,-8.138675912050530E-005,-1.909015736600850E-005,
2.488300000000000E+009,-7.059991185087711E-005,3.587348328437656E-005,-7.736277621006593E-005,1.715483085718006E-005,
2.488333333333334E+009,-1.062421961250948E-005,2.195757406298071E-004,-1.417394378222525E-004,4.305382026359439E-005,
2.488366666666667E+009,2.443358243908733E-005,2.941424645541702E-005,-6.604522786801681E-005,5.087915633339435E-005,
2.488400000000000E+009,-1.566686114529148E-004,3.041877425857820E-005,-1.118457803386264E-004,-5.008637344872113E-007,
2.488433333333334E+009,9.297967153543141E-006,1.176022124127485E-004,-9.767512528924272E-005,1.305724290432409E-004,
2.488466666666667E+009,4.165428981650621E-005,4.097700002603233E-005,-1.047101977746934E-005,9.735755884321407E-005,
2.488500000000000E+009,-1.377358712488785E-004,4.820425601792522E-005,-1.279894495382905E-004,8.993443771032617E-005,
2.488533333333334E+009,1.429174244549358E-005,1.302371238125488E-004,-4.910471761832014E-005,-1.298907045566011E-005,
2.488566666666667E+009,-3.223575913580135E-005,1.399101165588945E-004,3.472917524049990E-005,-3.063629492316977E-006,
2.488600000000000E+009,1.267068000743166E-004,-1.788264512470050E-006,-4.202349373372272E-005,7.985768024809659E-005,
2.488633333333334E+009,-5.095843152957968E-005,1.189024478662759E-004,7.130557060008869E-005,8.301461639348418E-005,
2.488666666666667E+009,-3.322138945804909E-005,4.611341137206182E-005,-1.687183539615944E-004,-4.924245513393544E-005,
2.488700000000000E+009,6.513220432680100E-005,2.490659535396844E-004,-3.664409450720996E-005,4.807204732060200E-006,
2.488733333333334E+009,7.507778354920447E-005,7.169789023464546E-005,-5.327217513695359E-005,1.719818537821993E-004,
2.488766666666667E+009,-2.047079033218324E-005,3.374807783984579E-005,1.460422936361283E-005,-1.658152177697048E-005,
2.488800000000000E+009,-1.321937888860703E-004,1.474845485063270E-004,-3.641730654635467E-005,1.045316457748413E-004,
2.488833333333334E+009,-1.077017623174470E-005,1.294398971367627E-004,-8.923132554627955E-005,7.533033931395039E-005,
2.488866666666667E+009,8.208989129343536E-006,-8.831003469822463E-006,-6.013867277943064E-006,-7.548120629508048E-005,
2.488900000000000E+009,4.061818617628887E-005,5.094071821076796E-005,1.412523670296650E-005,2.336120669497177E-004,
2.488933333333334E+009,-9.055335249286145E-005,1.488389825681225E-004,1.805542415240780E-004,5.124448216520250E-005,
2.488966666666667E+009,-9.443698945688084E-005,6.353922071866691E-005,-4.221923154545948E-005,6.695985211990774E-005,
2.489000000000000E+009,-5.433705155155622E-005,9.894584218272939E-005,5.021685137762688E-005,1.660888956394047E-004,
2.489033333333334E+009,1.592410626471974E-005,3.409038254176267E-005,-7.311271474463865E-005,6.168281834106892E-005,
2.489066666666667E+009,2.252452759421431E-005,4.872193312621675E-005,-9.759454405866563E-005,9.442493319511414E-005,
2.489100000000000E+009,7.838704914320260E-005,7.554780313512310E-005,1.085568437702023E-004,-1.198103745991830E-005,
2.489133333333334E+009,-5.652067557093687E-005,3.490150629659183E-005,-1.005131798592629E-005,-2.249965109513141E-005,
2.489166666666667E+009,-5.938269168836996E-006,-2.347125337109901E-005,5.867632717126980E-005,2.279431646456942E-004,
2.489200000000000E+009,5.224384221946821E-005,1.180827603093348E-004,-4.120070661883801E-005,1.350773818558082E-004,
2.489233333333334E+009,-1.220472768181935E-006,8.296334272017703E-005,9.387180762132630E-005,5.437254003481939E-005,
2.489266666666667E+009,-6.071062671253458E-005,2.801006485242397E-005,2.443272251184681E-006,1.177350713987835E-004,
2.489300000000000E+009,-8.296231681015343E-005,6.921542808413506E-005,-5.839592267875560E-005,4.577392246574163E-005,
2.489333333333334E+009,1.297128619626164E-004,8.875764615368098E-005,-7.283840386662632E-005,1.419966138200834E-004,
2.489366666666667E+009,-4.706116214947542E-006,-3.668946010293439E-005,-7.323841418838128E-005,6.914998084539548E-005,
2.489400000000000E+009,-7.776223355904222E-006,1.158420054707676E-004,2.082587161567062E-005,3.065279815928079E-005,
2.489433333333334E+009,-3.188170376233757E-005,8.470708417007700E-005,-9.558389137964696E-005,9.026302723214030E-005,
2.489466666666667E+009,-3.774784636334516E-005,1.462672080378979E-004,7.743926835246384E-005,1.259926211787388E-004,
2.489500000000000E+009,-2.544482049415819E-005,1.647676836000755E-004,7.821999474799668E-007,1.056805849657394E-004,
2.489533333333334E+009,1.114385850087274E-005,2.352391493332107E-005,-5.821680315420963E-005,1.785222593753133E-005,
2.489566666666667E+009,3.843121885438450E-005,9.266962297260761E-005,-6.119059980846942E-005,1.902842341223732E-004,
2.489600000000000E+009,5.385044278227724E-005,5.466823131428100E-005,-6.697625940432772E-005,8.268692181445658E-005,
2.489633333333334E+009,3.787216201089905E-006,-1.105849423765903E-005,-2.970288187498227E-005,8.122319559333846E-005,
2.489666666666667E+009,-2.755087052719318E-006,1.318514259764925E-004,-1.470707356929779E-004,1.205732914968394E-004,
2.489700000000000E+009,1.080003858078271E-004,5.840648009325378E-005,6.883993046358228E-005,1.181964180432260E-004,
2.489733333333334E+009,3.194987220922485E-005,1.055456232279539E-004,2.466598198225256E-005,1.034717570291832E-004,
2.489766666666667E+009,6.863040471216664E-005,3.195607132511213E-005,4.556520798359998E-005,5.546326428884640E-005,
2.489800000000000E+009,-7.864625513320789E-005,-2.706300983845722E-005,-2.202481300628278E-005,3.700785964610986E-005,
2.489833333333334E+009,6.561823829542846E-005,1.890144485514611E-004,7.266976899700239E-005,4.336602614785079E-007,
2.489866666666667E+009,-1.609184801054653E-005,1.234136434504762E-004,9.868817141978070E-005,1.622850249987096E-004,
2.489900000000000E+009,5.020930620958097E-005,1.314221299253404E-004,1.343764743069187E-004,3.680273221107200E-005,
2.489933333333334E+009,-1.086581614799798E-004,1.549003354739398E-004,-1.066327968146652E-004,2.111496723955497E-004,
2.489966666666667E+009,1.037148686009459E-004,1.444772642571479E-004,7.397255103569478E-005,1.529067376395688E-004,
2.490000000000000E+009,3.900094270647969E-006,4.291365985409357E-005,-6.999818288022652E-005,1.218656907440163E-004,
2.490033333333334E+009,-4.962354796589352E-005,1.148509545600973E-004,1.172854463220574E-004,9.022563608596101E-005,
2.490066666666667E+009,6.836818101874087E-006,-6.600579945370555E-005,7.287093467311934E-006,1.003645229502581E-004,
2.490100000000000E+009,-3.313331399112940E-005,1.090009245672263E-004,-8.953231372288428E-006,8.849916775943711E-005,
2.490133333333334E+009,2.363783278269693E-005,1.227941247634590E-004,1.859129770309664E-005,1.572390028741211E-004,
2.490166666666667E+009,1.265799073735252E-004,-2.368594778090483E-006,-8.839182555675507E-005,9.062953904503956E-005,
2.490200000000000E+009,-6.421345915441634E-006,1.454407174605876E-004,7.267638920893660E-006,3.056483183172531E-005,
2.490233333333334E+009,8.408477879129350E-005,-1.430305201211013E-005,-7.236070814542472E-005,-2.555937135184649E-005,
2.490266666666667E+009,-2.631403367558960E-005,1.685816678218544E-004,-2.755804052867461E-005,1.846718514570966E-004,
2.490300000000000E+009,-4.457689283299260E-005,3.411644502193667E-005,8.635046106064692E-005,1.145542919402942E-004,
2.490333333333334E+009,-3.818076220341027E-005,6.617773033212870E-005,5.999209315632470E-005,-4.828532473766245E-005,
2.490366666666667E+009,1.366803098790115E-005,2.499397669453174E-004,-7.605800055898726E-005,1.665018789935857E-004,
2.490400000000000E+009,1.371029065921903E-005,5.547927139559761E-005,-3.777889287448488E-005,-3.873683454003185E-006,
2.490433333333334E+009,5.308393519953825E-005,8.413393516093493E-005,-4.154783528065309E-005,4.463945515453816E-005,
2.490466666666667E+009,4.852694473811425E-005,1.579790550749749E-004,7.107709825504571E-005,1.675096136750653E-004,
2.490500000000000E+009,-1.147586954175495E-004,7.298280979739502E-005,-1.201352715725079E-004,8.406080451095477E-005,
2.490533333333334E+009,1.361137256026268E-004,1.466539833927527E-004,-1.702480367384851E-004,3.796060627792031E-005,
2.490566666666667E+009,1.576085742271971E-005,7.960047514643520E-005,-4.591551260091364E-005,7.937900227261707E-005,
2.490600000000000E+009,1.397494543198263E-005,6.423663580790162E-005,7.854891009628773E-005,3.695227132993750E-005,
2.490633333333334E+009,4.323901805491914E-007,-8.470844477415085E-006,5.246940781944431E-005,-3.536739257015142E-008,
2.490666666666667E+009,7.540192018495873E-005,-6.371430208673701E-005,2.706718987610657E-005,5.292055357131176E-005,
2.490700000000000E+009,1.237042888533324E-004,1.214276271639392E-004,1.081761874957010E-004,1.863623328972608E-004,
2.490733333333334E+009,2.984135971928481E-005,7.585891580674797E-005,-1.853478715929668E-005,2.943106846942101E-005,
2.490766666666667E+009,3.334716166136786E-005,-4.421816265676171E-005,-6.833955558249727E-005,-5.834352486999705E-005,
2.490800000000000E+009,-8.283374882012140E-006,1.260201770492131E-005,8.212387911044061E-005,5.672897532349452E-005,
2.490833333333334E+009,1.464577849219495E-006,1.998714142246172E-004,-5.330165095074335E-006,1.019079063553363E-004,
2.490866666666667E+009,9.563640924170613E-005,1.547031570225954E-004,-2.396682248217985E-005,1.664781739236787E-004,
2.490900000000000E+009,3.315133653813973E-005,6.100836981204338E-005,4.637582969735377E-005,6.856373511254787E-005,
2.490933333333334E+009,2.998883610416669E-005,1.624431934033055E-005,4.099963553017005E-005,9.174462320515886E-006,
2.490966666666667E+009,5.451665128930472E-005,2.828603282978293E-005,1.044436430674978E-005,7.565384294139221E-005,
2.491000000000000E+009,-2.443835001031403E-005,1.182857449748553E-004,7.839989848434925E-005,-1.133619207394077E-005,
2.491033333333334E+009,3.722881956491619E-005,1.433581201126799E-004,-6.910138472449035E-005,1.421124761691317E-004,
2.491066666666667E+009,5.655958830175223E-006,1.244519080501050E-004,-9.950056846719235E-005,8.468420128338039E-005,
2.491100000000000E+009,-5.200031591812149E-005,1.060693175531924E-004,-5.105735908728093E-005,4.374117270344868E-005,
2.491133333333334E+009,-6.311867036856711E-005,2.459040115354583E-005,7.894843292888254E-005,4.617990998667665E-005,
2.491166666666667E+009,4.494221866480075E-005,1.102071837522090E-004,4.573772093863227E-005,1.835491857491434E-004,
2.491200000000000E+009,8.576163236284629E-005,4.322347376728430E-005,2.614741606521420E-005,6.983292405493558E-005,
2.491233333333334E+009,3.753396413230803E-006,2.535248931962997E-004,6.875990220578387E-005,1.648657344048843E-004,
2.491266666666667E+009,4.563371112453751E-005,8.679013262735680E-005,-1.966674426512327E-005,2.117103285854682E-004,
2.491300000000000E+009,4.465870370040648E-005,9.605491504771635E-005,9.963597403839231E-005,1.848204119596630E-004,
2.491333333333334E+009,7.153186015784740E-005,-4.989625813323073E-005,-3.118563836324029E-005,6.281193782342598E-005,
2.491366666666667E+009,2.733320570769138E-006,1.202028579427861E-004,4.610000178217888E-005,2.856830360542517E-005,
2.491400000000000E+009,-4.564950722851791E-005,9.314088856626768E-006,-2.223173760285135E-005,2.247990778414533E-004,
2.491433333333334E+009,3.496187855489552E-005,1.064784592017531E-004,1.140954627771862E-004,1.675358362263069E-004,
2.491466666666667E+009,2.882515218516346E-006,2.193585532950237E-005,4.958399586030282E-005,7.183815796452109E-006,
2.491500000000000E+009,-1.441287313355133E-004,6.226063123904169E-005,1.115434406528948E-005,-4.226784949423745E-005,
2.491533333333334E+009,4.234181687934324E-005,1.191620394820347E-004,9.981814218917862E-005,3.041766831302084E-005,
2.491566666666667E+009,9.300146302848589E-006,1.833240967243910E-004,5.751923526986502E-005,3.486619971226901E-005,
2.491600000000000E+009,-2.029817187576555E-005,1.770959061104804E-004,2.911900628532749E-005,1.832147972891107E-004,
2.491633333333334E+009,6.553791899932548E-005,7.939653733046725E-005,-5.652803156408481E-005,1.889968007162679E-005,
2.491666666666667E+009,-5.546360625885427E-005,1.903578231576830E-004,7.367968646576628E-005,-8.163006714312360E-005,
2.491700000000000E+009,6.175164162414148E-005,1.302074961131439E-004,1.080693400581367E-004,3.529995956341736E-005,
2.491733333333334E+009,2.863599547708873E-005,2.139793359674513E-004,1.161969430540921E-005,5.881502875126898E-005,
2.491766666666667E+009,2.812229286064394E-005,1.111756228056038E-005,4.286569310352206E-005,-1.064599709934555E-004,
2.491800000000000E+009,1.355996937491000E-004,4.915369572700001E-006,5.046377282269532E-006,9.027436317410320E-005,
2.491833333333334E+009,-2.328526079509175E-006,1.381849288009107E-004,-1.413509380654432E-005,1.543045800644904E-004,
2.491866666666667E+009,1.256164687220007E-004,1.133387777372263E-004,-2.512056016712450E-005,3.939947782782838E-005,
2.491900000000000E+009,-1.504363899584860E-005,1.248469970960286E-006,2.129271024386981E-006,1.657865359447897E-004,
2.491933333333334E+009,1.296941336477175E-004,4.702306614490226E-005,1.589571729709860E-005,5.315840826369822E-005,
2.491966666666667E+009,-3.180058774887584E-005,4.067455847689416E-006,7.300835022761021E-006,8.249861275544390E-005,
2.492000000000000E+009,-1.209182373713702E-004,6.356643280014396E-005,9.764965216163546E-005,-5.176923878025264E-005,
2.492033333333334E+009,5.926813173573464E-005,1.033915250445716E-004,4.909711788059212E-005,2.409475564491004E-005,
2.492066666666667E+009,1.028341284836642E-004,1.691057113930583E-004,1.551651221234351E-004,2.751592182903551E-005,
2.492100000000000E+009,2.906385088863317E-005,1.007073806249537E-004,3.684983676066622E-005,1.329186197835952E-004,
2.492133333333334E+009,2.507543540559709E-004,1.829360408009961E-004,-8.675431308802217E-005,1.014892768580467E-004,
2.492166666666667E+009,-1.399112534272717E-006,9.562524064676836E-005,1.463805238017812E-004,1.320961309829727E-004,
2.492200000000000E+009,1.401656627422199E-004,4.568119493342238E-006,1.210676709888503E-004,-4.558004366117530E-005,
2.492233333333334E+009,1.565376587677747E-004,4.023551446152851E-005,6.436581315938383E-005,2.410062443232164E-004,
2.492266666666667E+009,3.733786434167996E-005,1.092683087335900E-004,-2.839557600964326E-005,-2.882395165215712E-005,
2.492300000000000E+009,7.657636160729453E-005,1.611309708096087E-004,1.043357624439523E-004,1.095634943339974E-004,
2.492333333333334E+009,-3.943356568925083E-005,2.045637811534107E-004,7.701061986153945E-005,-7.580948295071721E-005,
2.492366666666667E+009,3.987433228758164E-005,3.749726374735474E-006,2.860424865502864E-005,-5.375421824282967E-005,
2.492400000000000E+009,7.294023089343682E-005,7.316232222365215E-005,1.101564557757229E-004,1.556928909849376E-004,
2.492433333333334E+009,-2.316314930794761E-005,8.959344268077985E-005,-2.977678377646953E-005,1.162207172455965E-005,
2.492466666666667E+009,1.444029185222462E-004,1.117164938477799E-004,1.730887597659603E-004,6.089088492444716E-005,
2.492500000000000E+009,1.183387939818203E-004,1.224308798555285E-004,7.795520650688559E-005,6.094562195357867E-005,
2.492533333333334E+009,6.045340705895796E-005,8.518607501173392E-005,-8.486861588608008E-006,9.808140021050349E-005,
2.492566666666667E+009,-3.973347702412866E-005,-1.093906103051268E-004,1.216955661220709E-005,9.140069596469402E-005,
2.492600000000000E+009,7.845719665056095E-005,1.980493398150429E-004,-7.703313167439774E-005,1.453482545912266E-004,
2.492633333333334E+009,2.141502045560628E-005,-8.086922753136605E-005,1.558944059070200E-004,-3.304649362689816E-005,
2.492666666666667E+009,1.962279202416539E-004,-3.811391798080877E-005,-3.677179483929649E-005,2.297208411619067E-004,
2.492700000000000E+009,1.041534633259289E-004,5.079299444332719E-005,8.117350807879120E-005,8.766822429606691E-005,
2.492733333333334E+009,-1.126916249631904E-004,1.173932614619844E-004,5.077415335108526E-005,-6.064236367819831E-005,
2.492766666666667E+009,9.632255387259647E-005,2.179743205488194E-005,5.215783312451094E-005,3.696599378599785E-005,
2.492800000000000E+009,5.132286241860129E-005,-4.953144161845557E-005,5.819688158226199E-005,1.009607658488676E-004,
2.492833333333334E+009,7.998933870112523E-005,1.220632693730295E-004,9.361396951135248E-005,1.693621161393821E-004,
2.492866666666667E+009,1.806674990803003E-004,1.275519753107801E-004,-8.407644054386765E-005,6.567393575096503E-005,
2.492900000000000E+009,-4.650784831028432E-006,-1.645307293074438E-006,8.204605546779931E-005,2.475334076734725E-005,
2.492933333333334E+009,1.072550585377030E-004,6.864413444418460E-005,9.551184484735131E-005,-1.204536056320649E-005,
2.492966666666667E+009,-1.714932841423433E-005,7.911175634944812E-005,1.160045576398261E-004,-3.326220394228585E-006,
2.493000000000000E+009,-2.071356539090630E-005,6.147471140138805E-005,-1.106348554458236E-005,6.289564043981955E-005,
2.493033333333334E+009,-2.302238863194361E-005,8.441067620879039E-005,3.911927342414856E-005,9.587613021722063E-006,
2.493066666666667E+009,-2.913789330705185E-006,4.471949432627298E-005,1.431985874660313E-004,-5.279270772007294E-005,
2.493100000000000E+009,1.209881811519153E-004,1.398726599290967E-004,1.552422036183998E-004,7.468668627552688E-005,
2.493133333333334E+009,1.854247057053726E-005,1.160691390396096E-004,1.920821159728803E-005,8.376599726034328E-005,
2.493166666666667E+009,-1.906756187963765E-005,-5.135275569045916E-005,-1.195409349747933E-004,1.417041639797390E-004,
2.493200000000000E+009,-5.944114309386350E-005,2.148090243281331E-005,1.377590251649963E-005,1.230781199410558E-004,
2.493233333333334E+009,6.941449828445911E-005,1.408489042660222E-004,6.988009408814833E-005,-3.212279125364148E-006,
2.493266666666667E+009,7.366984937107191E-005,-4.971085581928492E-005,4.840942710870877E-005,6.974620191613212E-005,
2.493300000000000E+009,-7.926297257654369E-005,1.260160934180021E-004,1.459211343899369E-004,-8.021279063541442E-005,
2.493333333333334E+009,1.597094233147800E-004,6.244866381166503E-005,2.722532190091442E-005,1.104406401282176E-004,
2.493366666666667E+009,1.240039709955454E-004,5.647758007398807E-005,1.325624907622114E-004,4.125907071284019E-005,
2.493400000000000E+009,9.394507651450113E-005,7.862895290600136E-005,2.566208786447533E-005,8.027132571442053E-005,
2.493433333333334E+009,3.763202403206378E-005,1.510175789007917E-004,1.396146544720978E-004,4.112544047529809E-005,
2.493466666666667E+009,1.830192777561024E-004,-1.908809827000368E-005,2.434493035252672E-005,1.994690974242985E-004,
2.493500000000000E+009,9.477556886849925E-005,3.822386861429550E-005,-2.513633080525324E-005,1.690999633865431E-004,
2.493533333333334E+009,1.655773085076362E-004,-8.386435365537182E-005,1.897746551549062E-004,9.445392788620666E-005,
2.493566666666667E+009,-9.768884046934545E-005,-1.696254003036302E-005,7.532772087870399E-006,-6.435334216803312E-005,
2.493600000000000E+009,3.373007984919241E-006,7.050780550343916E-005,4.741187512991019E-005,3.832164293271489E-005,
2.493633333333334E+009,1.724351750453934E-004,-5.308597974362783E-005,8.739379154576454E-006,4.149507367401384E-005,
2.493666666666667E+009,1.743349821481388E-005,8.819185313768685E-005,2.056017838185653E-004,1.051151120918803E-004,
2.493700000000000E+009,1.438206618331606E-005,5.389257057686336E-005,8.421204256592318E-005,8.067863382166252E-005,
2.493733333333334E+009,1.701536675682291E-004,3.053034333788673E-006,5.891904947930016E-005,-7.192042539827526E-005,
2.493766666666667E+009,6.696292257402092E-005,-3.997646672360133E-006,1.207797176903114E-004,-3.836048927041702E-005,
2.493800000000000E+009,4.958535646437667E-005,-2.330310053366702E-005,2.165758487535641E-004,4.138257645536214E-005,
2.493833333333334E+009,8.427641660091467E-006,2.821896850946359E-005,3.549223401932977E-005,1.189238610095345E-004,
2.493866666666667E+009,1.654796687944327E-005,-2.198039692302700E-005,8.158868877217174E-005,1.418013271177188E-004,
2.493900000000000E+009,9.935966227203608E-005,-3.224621877961909E-006,1.355096756014973E-004,9.353838686365634E-005,
2.493933333333334E+009,2.786227378237527E-005,2.633341500768438E-005,5.811130449728807E-006,1.320238993685052E-006,
2.493966666666667E+009,7.783083128742874E-005,-3.380822818144225E-005,6.648252747254446E-005,8.496827649651095E-005,
2.494000000000000E+009,5.473885539686307E-005,3.533871858962812E-005,1.434824225725606E-004,1.168271337519400E-004,
2.494033333333334E+009,7.162661495385692E-005,6.729668530169874E-005,-4.592417099047452E-006,1.397210326103959E-005,
2.494066666666667E+009,9.099045564653352E-005,-1.460523799323710E-005,2.068750036414713E-004,1.208298199344426E-004,
2.494100000000000E+009,6.710318120894954E-005,-2.056050288956612E-005,-5.156945553608239E-005,7.593441114295274E-005,
2.494133333333334E+009,2.046264125965536E-004,7.639265095349401E-005,1.760827144607902E-004,7.924485544208437E-005,
2.494166666666667E+009,2.721826058404986E-005,9.071500971913338E-005,-4.081545921508223E-005,-8.350347343366593E-006,
2.494200000000000E+009,8.798141061561182E-005,8.480352698825300E-005,2.194010812672786E-005,2.645920176291838E-005,
2.494233333333334E+009,1.259536365978420E-004,1.620535767870024E-004,3.027204002137296E-005,6.463951285695657E-005,
2.494266666666667E+009,4.435627852217294E-005,4.474060187931173E-005,4.032045580970589E-006,4.434499714989215E-006,
2.494300000000000E+009,-6.410656351363286E-005,-5.306244565872476E-005,5.576282637775876E-005,3.873243258567527E-005,
2.494333333333334E+009,6.216081237653270E-005,1.498688070569187E-004,-2.372601011302322E-005,1.460244093323126E-004,
2.494366666666667E+009,1.688912743702531E-004,-1.189145132229896E-005,1.609454775461927E-004,-3.277045834693126E-005,
2.494400000000000E+009,9.631843568058685E-005,1.091672384063713E-004,4.968744178768247E-005,3.300285607110709E-005,
2.494433333333334E+009,4.951216396875680E-005,-9.886235056910664E-005,2.396294148638845E-004,5.613600296783261E-005,
2.494466666666667E+009,1.433797006029636E-004,-6.622130968025886E-006,-1.264916681975592E-005,9.767238225322217E-005,
2.494500000000000E+009,9.438740380574018E-005,5.040363248554058E-005,6.988768291193992E-005,9.938937728293240E-005,
2.494533333333334E+009,-1.666979369474575E-004,2.212491153841256E-006,5.479502362959465E-008,1.481806157244137E-005,
2.494566666666667E+009,1.596050569787622E-004,4.756756243295968E-005,5.723399590351619E-005,6.696015771012753E-005,
2.494600000000000E+009,2.120305289281532E-004,-1.045897151925601E-004,6.185929669300094E-005,3.770845069084317E-005,
2.494633333333334E+009,1.425041409675032E-004,1.549179869471118E-004,1.075657419278286E-004,9.340194083051756E-005,
2.494666666666667E+009,9.562334162183106E-005,2.522656814107904E-006,-7.852088856452610E-006,-4.477392212720588E-005,
2.494700000000000E+009,3.819574703811668E-005,-3.709151860675775E-005,1.495832402724773E-004,-4.672796421800740E-005,
2.494733333333334E+009,-5.138132473803125E-005,1.647546014282852E-004,1.790203968994319E-004,3.966603981098160E-005,
2.494766666666667E+009,-9.967290679924190E-005,1.590408101037610E-005,4.767383870785125E-005,1.758610233082436E-005,
2.494800000000000E+009,2.381966805842239E-005,-6.239431968424469E-006,1.399179600412026E-004,7.007984095253050E-006,
2.494833333333334E+009,1.320188748650253E-004,-3.245215702918358E-005,1.290765649173409E-004,5.120076821185648E-005,
2.494866666666667E+009,-1.668403456278611E-005,8.524939767085016E-005,1.451982643629890E-005,5.756458631367423E-005,
2.494900000000000E+009,3.128331081825309E-005,5.326630343915895E-005,8.021008397918195E-005,5.979840716463514E-005,
2.494933333333334E+009,1.042459916789085E-005,5.366733603295870E-005,6.384895823430270E-005,-2.346711880818475E-005,
2.494966666666667E+009,1.762083702487871E-004,-9.215961654263083E-006,1.215077645611018E-004,2.969998422486242E-005,
2.495000000000000E+009,1.572122346260585E-005,2.326326284673996E-005,2.045190485659987E-004,3.330296749481931E-005,
2.495033333333334E+009,2.105645035044290E-005,-5.148954369360581E-005,1.181860134238377E-004,6.246338307391852E-005,
2.495066666666667E+009,1.377312437398359E-004,-1.378739252686501E-004,-3.702022877405398E-005,4.801105751539581E-005,
2.495100000000000E+009,-7.202452252386138E-005,1.220551494043320E-004,8.451876055914909E-005,-1.734983197820839E-005,
2.495133333333334E+009,4.694220115197823E-005,9.719710214994848E-005,1.249852502951399E-004,3.294629277661443E-005,
2.495166666666667E+009,2.045455767074600E-004,-7.184492278611288E-005,1.425934751750901E-004,4.440887641976588E-005,
2.495200000000000E+009,7.670880586374551E-005,-8.447525033261627E-005,1.297301496379077E-004,-1.051401486620307E-004,
2.495233333333334E+009,9.848204354057089E-005,7.114776235539466E-005,1.228097389684990E-004,-5.632769534713589E-005,
2.495266666666667E+009,1.769017835613340E-004,-5.549224169953959E-006,1.539623190183193E-004,1.894606248242781E-005,
2.495300000000000E+009,1.215715092257597E-004,3.256808486185037E-005,4.813166378880851E-005,-1.660657471802551E-005,
2.495333333333334E+009,-5.982885340927169E-005,-6.253860919969156E-005,6.822207797085866E-005,-1.116098064812832E-005,
2.495366666666667E+009,2.381657104706392E-004,-5.240248356130905E-005,-6.307557487161830E-005,1.215751308336621E-005,
2.495400000000000E+009,1.131168173742481E-004,6.760324140486773E-006,6.862231384729967E-005,9.522286563878879E-005,
2.495433333333334E+009,9.436922846361995E-005,-2.503395080566406E-006,1.504330884927185E-005,-4.542025635601021E-005,
2.495466666666667E+009,2.539129854994826E-005,4.931127477902919E-005,1.082538874470629E-004,8.921459811972454E-005,
2.495500000000000E+009,9.433412196813151E-005,-2.089524423354305E-005,1.110322191379964E-004,1.243819278897718E-004,
2.495533333333334E+009,1.669800985837355E-004,-1.134396079578437E-004,9.416507964488119E-005,6.038542051101103E-005,
2.495566666666667E+009,5.990718636894599E-005,1.258440606761724E-004,1.129322481574491E-004,-7.832906703697518E-006,
2.495600000000000E+009,1.158721424872056E-004,5.298051837598905E-005,6.761395343346521E-005,-2.290636803081725E-005,
2.495633333333334E+009,1.776698081812356E-005,-4.722354788100347E-005,8.315291051985696E-005,8.443200931651518E-005,
2.495666666666667E+009,8.742890349822119E-005,1.207860914291814E-004,1.108211945393123E-004,6.472740642493591E-005,
2.495700000000000E+009,1.375468418700621E-004,-5.156650149729103E-005,-3.723363079188857E-006,-7.179837848525494E-005,
2.495733333333334E+009,-1.287363284063758E-005,-5.323965524439700E-005,1.671043573878706E-004,-7.192313933046535E-005,
2.495766666666667E+009,3.114462379016914E-005,-3.279000156908296E-005,-5.044299905421212E-005,-1.031131032505073E-004,
2.495800000000000E+009,8.839210931910202E-005,-1.553249603603035E-005,1.110887824324891E-004,1.224813750013709E-004,
2.495833333333334E+009,8.451512985629961E-005,1.338223664788529E-004,2.099629637086764E-005,-7.533610914833844E-005,
2.495866666666667E+009,1.099893852369860E-004,-2.151725675503258E-005,-2.298830804647878E-005,2.936618102467037E-006,
2.495900000000000E+009,1.503791136201471E-004,1.028998085530475E-004,8.719821198610589E-005,5.064844572189031E-006,
2.495933333333334E+009,2.035466059169266E-005,-1.070384314516559E-004,-3.387025935808197E-005,-1.004228324745782E-004,
2.495966666666667E+009,1.129336596932262E-004,-4.656854457607551E-007,3.613202716223896E-005,9.270953887607902E-005,
2.496000000000000E+009,9.666251571616158E-005,-9.512180440651719E-006,8.041939145186916E-005,7.740287401247770E-005,
2.496033333333334E+009,5.494948709383607E-005,1.134791091317311E-004,1.047047335305251E-004,7.580238889204338E-005,
2.496066666666667E+009,8.345117385033518E-005,5.337204129318707E-005,5.401545422500931E-005,-2.062883868347853E-005,
2.496100000000000E+009,7.936990004964173E-005,7.190235919551924E-005,8.448727021459490E-005,-4.622638880391605E-005,
2.496133333333334E+009,3.245949483243749E-005,4.367449218989350E-005,3.513503543217666E-005,5.278558091958985E-005,
2.496166666666667E+009,-1.337537923973287E-005,5.197346035856754E-005,4.535284824669361E-005,2.036377736658324E-005,
2.496200000000000E+009,2.120139288308565E-005,-2.213715379184578E-005,2.473104686941952E-004,6.123280763858929E-005,
2.496233333333334E+009,6.729927554260939E-005,-4.734285175800324E-005,7.607582665514201E-005,6.618927727686241E-005,
2.496266666666667E+009,2.591858356026933E-005,6.336912338156253E-005,1.002400604193099E-004,5.094607331557199E-006,
2.496300000000000E+009,8.066009468166158E-005,6.627352377108764E-006,1.697757834335789E-004,8.691621042089537E-005,
2.496333333333334E+009,1.005591475404799E-004,-3.984929571743123E-005,7.881398050813004E-005,1.222575228894129E-004,
2.496366666666667E+009,-4.991972673451528E-005,1.119271655625198E-005,5.754443918704055E-006,4.865457231062464E-005,
2.496400000000000E+009,1.651309867156670E-004,2.345384200452827E-005,2.114343515131623E-004,-1.018381008179858E-004,
2.496433333333334E+009,1.829625689424574E-004,-4.219906259095296E-006,1.936920889420435E-004,-4.204211290925741E-005,
2.496466666666667E+009,9.912570385495201E-005,2.686312836885918E-005,4.939350765198469E-005,-2.748314182099421E-005,
2.496500000000000E+009,2.579408646852244E-005,4.298998101148754E-005,8.250180690083653E-005,-4.400747570798558E-007,
2.496533333333334E+009,-3.402133370400406E-005,2.941039565484971E-005,2.000612403207924E-005,4.512655505095609E-005,
2.496566666666667E+009,1.513852330390364E-004,8.937543316278607E-005,5.426321877166629E-005,6.961802864680067E-005,
2.496600000000000E+009,-7.132635346351890E-006,4.938594429404475E-005,1.951293961610645E-004,1.751595118548721E-005,
2.496633333333334E+009,1.259804703295231E-004,-8.349130075657740E-005,-1.531267002974346E-006,2.571327422629111E-005,
2.496666666666667E+009,1.197511301143095E-004,-1.027703983709216E-004,-8.632957360532600E-006,-4.444574005901814E-005,
2.496700000000000E+009,1.017769973259419E-004,-4.152854671701789E-006,6.127077540440951E-006,-7.538134377682582E-005,
2.496733333333334E+009,8.118534606182948E-005,1.290191867155954E-004,1.019317278405652E-004,1.040227434714325E-004,
2.496766666666667E+009,1.565205457154661E-005,-3.603090226533823E-005,-7.793504482833669E-005,-6.867173215141520E-005,
2.496800000000000E+009,7.890304550528526E-005,-8.746144158067182E-005,1.091181038646027E-004,2.784030039038044E-005,
2.496833333333334E+009,1.561789395054802E-004,-3.832580546259123E-007,1.924867246998474E-004,-7.615303184138611E-005,
2.496866666666667E+009,7.043697405606508E-005,9.662804950494319E-005,2.556871550041251E-005,9.222463268088177E-005,
2.496900000000000E+009,2.266101910208818E-005,-9.126596705755219E-005,5.991004218230955E-005,-1.303345343330875E-004,
2.496933333333334E+009,4.358850856078789E-005,-9.821871208259836E-005,1.213126379298046E-004,4.741286466014572E-005,
2.496966666666667E+009,-5.163320747669786E-005,8.432587492279708E-005,2.906134614022449E-005,-4.616392106981948E-005,
2.497000000000000E+009,1.394710125168786E-004,6.689457950415090E-005,-2.263133683300111E-005,-7.769831427140161E-005,
2.497033333333334E+009,9.424992458662018E-005,-3.406216274015605E-005,8.964440348790959E-005,-5.048988168709911E-005,
2.497066666666667E+009,1.527536805951968E-004,1.006668971967883E-004,5.230649912846275E-005,1.663498551351950E-005,
2.497100000000000E+009,2.209546655649319E-004,9.660092473495752E-006,1.318712893407792E-004,-4.353600525064394E-005,
2.497133333333334E+009,1.078426794265397E-004,-3.242861930630170E-005,1.307240654568886E-005,7.535341865150258E-005,
2.497166666666667E+009,1.197104211314581E-005,1.018151033349568E-005,5.996710024191998E-005,-7.606187864439562E-005,
2.497200000000000E+009,1.227349639520980E-005,1.469014532631263E-004,7.795060082571581E-005,-9.360714466311038E-005,
2.497233333333334E+009,1.398385647917166E-004,-4.729076681542210E-005,2.255538565805182E-004,1.213754658238031E-004,
2.497266666666667E+009,9.966430661734194E-005,4.557811917038634E-005,4.227026875014417E-005,4.719385106000118E-005,
2.497300000000000E+009,2.323991247976665E-005,1.516283664386720E-004,1.313157990807667E-004,9.339584357803688E-005,
2.497333333333334E+009,1.074984247679822E-004,-7.163221016526222E-005,1.376110685669119E-005,3.015603397216182E-005,
2.497366666666667E+009,6.928110087756068E-005,3.182085129083134E-005,5.087305908091366E-005,4.390660615172237E-005,
2.497400000000000E+009,4.810808968613856E-005,-2.060856240859721E-005,1.165420326287858E-005,-8.624179827165790E-006,
2.497433333333334E+009,6.374886288540438E-005,-1.835064613260329E-004,1.341630413662642E-004,5.006835999665782E-005,
2.497466666666667E+009,7.641924639756326E-007,1.268261985387653E-004,1.729727082420141E-004,3.959758760174736E-005,
2.497500000000000E+009,-2.089410008920822E-005,-1.765432534739375E-004,6.036360719008371E-005,3.891013329848647E-005,
2.497533333333334E+009,1.068781875801506E-005,-1.566466380609199E-005,1.691138750175014E-004,2.408002001175191E-005,
2.497566666666667E+009,1.081900481949560E-004,-2.947424400190357E-005,1.862846547737718E-004,-1.284268455492565E-005,
2.497600000000000E+009,1.438899635104463E-004,-1.292689412366599E-004,6.088429290684871E-005,-1.193952557514422E-004,
2.497633333333334E+009,7.798215665388852E-005,5.660483657266013E-005,1.143939807661809E-004,-2.329670496692415E-005,
2.497666666666667E+009,1.014472072711214E-004,-5.106087701278739E-005,1.930046892084647E-005,-1.200023471028544E-004,
2.497700000000000E+009,4.152893961872906E-005,3.735770224011503E-005,1.181780753540807E-004,9.661771764513105E-005,
2.497733333333334E+009,8.048298695939593E-006,1.829583879953134E-007,9.319937089458108E-005,-3.656662374851294E-005,
2.497766666666667E+009,8.160098514053971E-005,4.307102062739432E-005,-7.328103492909577E-006,-5.503870488610119E-005,
2.497800000000000E+009,1.604259014129639E-004,-7.959783397382125E-005,1.126610077335499E-004,-1.122539561038138E-005,
2.497833333333334E+009,3.309059684397653E-005,-2.780924842227250E-005,1.516520424047485E-004,2.414024322661135E-007,
2.497866666666667E+009,1.858211762737483E-004,7.977481436682865E-005,1.241895515704528E-004,-3.489468508632854E-005,
2.497900000000000E+009,6.685452535748482E-005,1.003540182864526E-005,-4.511545193963684E-005,6.847037002444267E-005,
2.497933333333334E+009,1.610961189726368E-004,-5.132407022756524E-005,-5.974414307274856E-005,-9.870115900412202E-005,
2.497966666666667E+009,5.448074261948932E-006,1.745306690281723E-005,1.605562720214948E-004,-6.662857049377635E-005,
2.498000000000000E+009,1.174305652966723E-004,3.403071968932636E-005,-5.972894723527134E-005,-6.259277142817155E-005,
2.498033333333334E+009,1.510698784841225E-004,-1.427813112968579E-004,2.315383790119086E-005,-2.324986780877225E-005,
2.498066666666667E+009,-6.796901743655326E-006,-7.255395030369982E-005,7.579407247249037E-005,-4.551245729089715E-005,
2.498100000000000E+009,4.163276389590465E-005,5.834827970829792E-005,5.869054439244792E-005,-4.477902257349342E-005,
2.498133333333334E+009,5.621457239612937E-005,-1.099019282264635E-004,2.328341361135244E-005,5.253026029095054E-005,
2.498166666666667E+009,3.083326009800658E-005,5.119965862832032E-006,2.693978021852672E-004,5.136618710821495E-005,
2.498200000000000E+009,8.228587830672041E-005,-1.123836773331277E-004,5.926029189140536E-005,6.132833368610591E-005,
2.498233333333334E+009,1.547061547171325E-004,-5.600237500402727E-007,-2.208000114478637E-005,-7.368093065451831E-005,
2.498266666666667E+009,2.448547820677050E-005,-5.641131792799570E-005,1.073249150067568E-004,1.694920683803503E-005,
2.498300000000000E+009,9.822872380027548E-005,8.470935426885262E-006,1.785327331162989E-004,-8.838814392220229E-005,
2.498333333333334E+009,4.188999082543887E-005,-1.192775016534142E-004,3.074382038903423E-005,1.689564487605821E-005,
2.498366666666667E+009,4.169210296822712E-005,-1.422447821823880E-004,1.140616222983226E-004,7.041422941256315E-005,
2.498400000000000E+009,5.417358624981716E-005,-2.675500036275480E-005,5.354113454814069E-005,1.343902404187247E-004,
2.498433333333334E+009,-8.827655619825237E-006,-1.497456833021715E-004,6.726507126586512E-005,8.386904482904356E-006,
2.498466666666667E+009,4.942732994095422E-005,-1.227001775987446E-004,8.854844054440036E-005,-4.159185482421890E-005,
2.498500000000000E+009,1.452169817639515E-004,8.184470789274201E-005,5.474192585097626E-005,-5.834552939631976E-005,
2.498533333333334E+009,8.754601003602147E-005,-5.083037467557006E-005,2.139098651241511E-004,-3.451286829658784E-005,
2.498566666666667E+009,1.219415062223561E-004,4.150907261646353E-005,1.053391606546938E-004,3.167951581417583E-005,
2.498600000000000E+009,1.236312527908012E-004,3.966870644944720E-005,1.389355020364747E-004,-3.777138044824824E-005,
2.498633333333334E+009,1.571929024066776E-004,1.880156560218893E-005,1.425938535248861E-005,-3.555742296157405E-005,
2.498666666666667E+009,4.338053258834407E-005,2.974295239255298E-005,9.594325092621148E-005,-1.276003749808297E-004,
2.498700000000000E+009,3.579419626476010E-006,-2.718405085033737E-005,1.551411114633083E-004,-7.013799040578306E-005,
2.498733333333334E+009,2.152689994545654E-004,-9.230634168488905E-005,-1.632836392673198E-005,-2.300939377164468E-005,
2.498766666666667E+009,1.067336561391130E-004,-1.040493807522580E-004,1.125723138102330E-004,2.582522211014293E-005,
2.498800000000000E+009,3.953665873268619E-005,-1.806167347240262E-005,-1.566204446135089E-005,-7.185123831732199E-005,
2.498833333333334E+009,7.354200351983309E-005,1.387835654895753E-004,1.448786315449979E-005,-2.103806036757305E-004,
2.498866666666667E+009,7.582754915347323E-005,-1.711442600935698E-004,-7.511716103181243E-005,-6.678599311271682E-005,
2.498900000000000E+009,1.428843734174734E-005,4.623524000635371E-005,2.549980126786977E-004,-2.138090057997033E-004,
2.498933333333334E+009,8.181727025657892E-005,-5.925872756051831E-005,-4.619499668478966E-005,-5.152992525836453E-005,
2.498966666666667E+009,8.592257654527202E-005,-1.333451473328751E-005,1.387192169204354E-004,-1.040278730215505E-004,
2.499000000000000E+009,5.600333224720089E-006,-4.590493335854262E-005,9.961998875951394E-005,-8.367081318283454E-005,
2.499033333333334E+009,8.346653339685872E-005,-1.535842311568558E-004,2.142115363312769E-006,-1.192046111100353E-004,
2.499066666666667E+009,6.505806231871247E-005,-1.287282939301804E-004,6.776850932510570E-005,-1.923125455505215E-005,
2.499100000000000E+009,1.135872953454964E-004,-2.892451084335335E-005,4.730513683171012E-005,-4.361341052572243E-005,
2.499133333333334E+009,1.209887386721675E-006,-1.564812191645615E-005,1.867670216597617E-004,-6.879803549963981E-005,
2.499166666666667E+009,6.291976023931056E-005,-1.253402151633054E-004,2.099759003613144E-004,-3.142857894999906E-005,
2.499200000000000E+009,1.308471928496147E-005,-5.388150020735338E-005,3.223662133677863E-005,4.165546124568209E-005,
2.499233333333334E+009,-5.237669392954558E-005,-1.468102709623054E-004,-4.569262819131836E-005,-6.043244138709270E-005,
2.499266666666667E+009,1.936796033987775E-004,7.112070306902751E-005,-1.705836439214181E-005,-4.587739022099413E-005,
2.499300000000000E+009,1.150177340605296E-004,-7.639122486580163E-005,8.216961578000337E-005,-1.240675046574324E-004,
2.499333333333334E+009,-3.476431629678700E-006,-1.533333415864036E-004,1.624678552616388E-004,2.218781673946069E-006,
2.499366666666667E+009,2.428620246064384E-005,-3.957250009989366E-005,6.377678801072761E-005,6.096515789977275E-005,
2.499400000000000E+009,3.608301267377101E-005,-1.369856036035344E-004,-2.696114643185865E-005,-3.070136153837666E-005,
2.499433333333334E+009,-4.523929601418786E-005,-4.482837903196923E-005,5.990197314531542E-005,-8.967050234787166E-005,
2.499466666666667E+009,6.779965588066261E-006,-2.292576100444421E-004,1.912908337544650E-004,-1.752104290062562E-004,
2.499500000000000E+009,3.593241490307264E-005,-9.038704592967406E-005,-1.525031166238478E-005,-1.220755530084716E-005,
2.499533333333334E+009,8.161277946783230E-005,3.354758882778697E-005,8.498171519022435E-005,-5.705930743715726E-005,
2.499566666666667E+009,8.150260691763833E-005,5.178618084755726E-005,9.514705743640661E-005,1.156299622380175E-004,
2.499600000000000E+009,-4.423750942805782E-005,-1.553831389173865E-004,9.230791329173371E-005,-4.194026405457407E-005,
2.499633333333334E+009,-5.822240382258315E-006,-2.318069018656388E-004,1.345256896456704E-004,-1.890624989755452E-004,
2.499666666666667E+009,1.380966423312202E-004,-4.479475683183409E-005,-6.865215982543305E-005,-4.319261643104255E-005,
2.499700000000000E+009,1.607589656487107E-004,-8.406362030655146E-005,2.610854280646890E-004,-5.911486368859187E-005,
2.499733333333334E+009,-2.402751852059737E-005,-4.268585325917229E-005,2.233471168437973E-004,-5.244985732133500E-005,
2.499766666666667E+009,3.619185372372158E-005,-1.847480416472536E-005,-3.050331542908680E-005,-2.848184067261173E-006,
2.499800000000000E+009,-4.941331280861050E-005,-3.816084426944144E-005,1.725214679026976E-004,3.177251346642152E-005,
2.499833333333334E+009,-4.073003219673410E-005,-2.031743933912367E-004,1.202601852128282E-004,-1.210764457937330E-005,
2.499866666666667E+009,4.229413025313988E-005,-1.961447997018695E-004,1.482130319345743E-004,-5.929207691224292E-005,
2.499900000000000E+009,1.034386077662930E-004,-4.532020830083638E-005,5.832537863170728E-005,1.358091139991302E-005,
2.499933333333334E+009,6.515035784104839E-005,2.674749703146517E-005,7.443470167345367E-006,2.983700142067391E-005,
2.499966666666667E+009,8.775620517553762E-005,-6.911929085617885E-005,1.058722991729155E-004,-2.018098166445270E-004,
2.500000000000000E+009,1.461195060983300E-004,-1.473593001719564E-004,1.376319996779785E-004,-1.541146921226755E-004,
