% Version 1.00
%
%freq[Hz];re:Trc1_S21;im:Trc1_S21;re:Trc2_S12;im:Trc2_S12;
2.480000000000000E+009,-3.157761966576800E-005,-5.433147634903435E-006,-2.001651009777561E-004,-4.250912752468139E-005,
2.480033333333334E+009,-1.341342722298577E-004,-8.109943155432120E-005,-1.807279913919047E-004,-1.636868692003191E-004,
2.480066666666667E+009,-1.588124869158492E-004,-1.134001940954477E-004,-4.106402047909796E-005,-8.954424265539274E-005,
2.480100000000000E+009,-3.127417221548967E-005,-2.237429953311221E-006,-2.786593722703401E-005,-5.736999082728289E-005,
2.480133333333334E+009,2.126825165760238E-005,-1.126470760937082E-005,-1.583924313308671E-004,-8.548556070309132E-005,
2.480166666666667E+009,-1.931498263729736E-004,-1.303603057749569E-004,1.308932951360475E-006,9.648128616390750E-005,
2.480200000000000E+009,-1.893964072223753E-004,-3.437296982156113E-005,-1.341468014288694E-004,-8.355960744665936E-005,
2.480233333333334E+009,-6.938616570550948E-005,-1.639151159906760E-004,-1.010989217320457E-004,-1.668235199758783E-004,
2.480266666666667E+009,-3.850790380965918E-005,-9.678422793513164E-005,-5.277660238789395E-005,5.472096381708980E-005,
2.480300000000000E+009,-8.945550507633016E-005,-3.248348730267026E-005,-2.137648261850700E-004,-9.617956675356254E-005,
2.480333333333334E+009,-1.216781602124684E-004,-1.289907086174935E-004,-6.071591997169890E-005,1.025827259582002E-005,
2.480366666666667E+009,-4.230372724123299E-005,-1.140131425927393E-004,-1.383005874231458E-004,-9.391181811224669E-005,
2.480400000000000E+009,-9.303342812927440E-005,-6.046240741852671E-006,-7.620793621754274E-005,3.457750062807463E-005,
2.480433333333334E+009,-2.402076788712293E-004,-9.065425547305495E-005,-1.577805087435991E-004,-1.293505192734301E-006,
2.480466666666667E+009,-3.883578028762713E-005,6.958778976695612E-005,-1.413365971529856E-004,-9.591800335329026E-005,
2.480500000000000E+009,-1.374105977447471E-005,2.066075467155315E-005,-1.532143069198355E-004,-1.280225296795834E-005,
2.480533333333334E+009,-1.057122426573187E-004,1.717933810141403E-005,-9.520674211671576E-005,-1.087253040168434E-004,
2.480566666666667E+009,-4.246451862854883E-005,-5.081550989416428E-005,1.618396709091030E-005,1.921272632898763E-005,
2.480600000000000E+009,-3.677274798974395E-005,-2.369166031712666E-004,3.020758231286891E-005,-7.660686969757080E-005,
2.480633333333334E+009,-9.888569911709055E-005,-4.833342609344982E-005,-7.915314927231520E-005,1.542755853733979E-005,
2.480666666666667E+009,-1.028520637191832E-004,-1.154353376477957E-004,1.076670378097333E-005,-3.035662120964844E-005,
2.480700000000000E+009,-2.111341746058315E-004,-9.530731040285900E-005,-7.456015737261623E-005,-6.008618584019132E-006,
2.480733333333334E+009,-3.575309165171348E-005,-8.158129639923573E-005,-2.985450373671483E-005,-1.013588116620667E-004,
2.480766666666667E+009,-1.146477661677636E-004,-2.506889904907439E-005,-1.601543335709721E-004,-7.761693268548697E-005,
2.480800000000000E+009,-1.043880638462724E-005,-1.330796512775123E-004,-5.355743996915408E-005,-7.917689799796790E-005,
2.480833333333334E+009,-9.744411727297120E-006,6.182640208862722E-005,-1.801935286493972E-004,2.095210766128730E-005,
2.480866666666667E+009,1.997847175516654E-005,5.871748362551443E-005,-1.371190446661785E-004,-4.134021583013237E-005,
2.480900000000000E+009,-1.146920403698459E-004,-2.636960380186793E-005,1.802104816306382E-005,-3.967749580624513E-005,
2.480933333333334E+009,-2.692289672268089E-005,3.466033740551211E-005,-4.049998551636236E-006,-4.472500950214453E-005,
2.480966666666667E+009,-2.400149696768494E-006,-3.886578269884922E-005,-1.312575914198533E-004,-8.365387475350872E-005,
2.481000000000000E+009,-2.383635437581688E-004,-1.158514569397084E-004,-9.402256546309218E-005,-9.262072126148269E-005,
2.481033333333334E+009,-5.856611096533015E-005,2.458923700032756E-005,-2.596440208435524E-005,-5.514789518201724E-005,
2.481066666666667E+009,-7.082764932420105E-005,-7.047502731438726E-005,-1.483976957388222E-004,2.730308551690541E-006,
2.481100000000000E+009,-7.794539124006406E-005,-1.480719220126048E-004,-4.662144056055695E-005,-2.512208993721288E-005,
2.481133333333334E+009,-4.012710633105598E-005,3.265494888182730E-005,-1.092669044737704E-004,1.009239349514246E-005,
2.481166666666667E+009,-2.528711047489196E-005,-1.446435344405472E-004,-1.612264604773372E-004,2.712040259211790E-005,
2.481200000000000E+009,-1.253629598068073E-004,6.959278107387945E-005,-6.329777988867136E-006,-2.271996163472068E-005,
2.481233333333334E+009,-1.272302761208266E-004,1.822699778131209E-005,-2.154879621230066E-005,-3.772188938455656E-005,
2.481266666666667E+009,-1.460487692384049E-004,8.200385491363704E-005,-9.710570157039911E-005,-1.249603665200993E-004,
2.481300000000000E+009,-6.218538328539580E-005,3.857098272419535E-005,7.925867248559371E-005,-1.325304765487090E-004,
2.481333333333334E+009,-1.174825083580799E-004,8.235327550210059E-005,-9.855160169536248E-005,-6.479244621004909E-005,
2.481366666666667E+009,-6.933476834092289E-005,-4.610233372659423E-005,-4.190743857179768E-005,1.046220131684095E-004,
2.481400000000000E+009,-1.238100958289579E-004,4.737298240797827E-006,-8.483140118187293E-005,-1.026681184157496E-005,
2.481433333333334E+009,-6.865378236398101E-005,2.486131052137353E-005,-1.431957061868161E-004,4.339559745858423E-005,
2.481466666666667E+009,-4.108020584681071E-005,7.909789565019310E-005,-1.052636798704043E-004,-2.437082184769679E-005,
2.481500000000000E+009,-1.877421163953841E-004,-7.527745765401050E-005,-3.160859341733158E-005,-1.477930054534227E-004,
2.481533333333334E+009,-1.747088681440800E-004,-3.635926623246633E-005,-1.441945205442607E-004,-6.470735388575122E-005,
2.481566666666667E+009,-2.315955862286501E-005,2.886078073061071E-005,-5.808069909107871E-005,-1.154887140728533E-004,
2.481600000000000E+009,-1.313776738243178E-004,-4.892658762400970E-005,3.297366129118018E-005,-6.067362483008765E-005,
2.481633333333334E+009,-8.473089110339060E-005,7.022386853350326E-005,-6.438407581299543E-005,3.519898382364772E-005,
2.481666666666667E+009,-7.377249858109281E-005,3.997425301349722E-005,-5.691767000826076E-005,4.737735707749380E-006,
2.481700000000000E+009,-1.457512407796457E-004,-4.768847793457098E-005,-2.436259455862455E-005,1.231937058037147E-004,
2.481733333333334E+009,-4.235618325765245E-005,-8.694236021256074E-005,7.956003537401557E-005,-7.498935883631930E-005,
2.481766666666667E+009,-7.907869439804927E-005,1.456655081710778E-005,-1.019604314933531E-004,3.779971302719787E-005,
2.481800000000000E+009,-1.674926897976548E-004,2.650072747201193E-005,1.455844812880969E-005,-1.242499856743962E-004,
2.481833333333334E+009,2.669477362360340E-005,-7.052537694107741E-005,-1.366798242088407E-004,-5.406126365414821E-005,
2.481866666666667E+009,-1.194094365928322E-004,1.423967478331178E-005,1.041956638800912E-004,-8.741849160287529E-005,
2.481900000000000E+009,-1.590253814356402E-004,-6.254230538615957E-005,-1.296868285862729E-004,-7.571075548185036E-005,
2.481933333333334E+009,-7.369874947471544E-005,-9.639022209739778E-006,-1.753617252688855E-004,1.085046897060238E-004,
2.481966666666667E+009,-1.188462556456216E-004,6.495224079117179E-005,-8.751792483963072E-005,-8.077749953372404E-005,
2.482000000000000E+009,-3.654669490060769E-005,-4.757470014737919E-005,-8.894515485735610E-005,-3.184804154443555E-005,
2.482033333333334E+009,-3.060686503886245E-005,1.483641826780513E-004,-7.912813453003764E-005,4.615700891008601E-005,
2.482066666666667E+009,-1.804187377274502E-005,-1.131315075326711E-004,-4.658842954086140E-005,1.559564116178080E-004,
2.482100000000000E+009,-4.301057197153568E-005,-2.997541923832614E-005,-3.239640864194371E-005,7.223523425636813E-005,
2.482133333333334E+009,-1.111307028622832E-005,4.890698983217590E-005,-1.081834780052304E-004,2.527723881939892E-005,
2.482166666666667E+009,-1.452408760087565E-004,5.883483754587360E-005,-1.096675259759650E-005,-1.006638121907599E-004,
2.482200000000000E+009,-8.655914280097932E-005,-1.863443139882293E-005,-2.215271670138463E-004,-5.078630420030095E-005,
2.482233333333334E+009,-6.405026942957193E-005,5.999222048558295E-005,-4.301044100429863E-005,-9.655602298153099E-006,
2.482266666666667E+009,-1.008726394502446E-004,-4.335217818152160E-005,4.598166185587616E-007,-1.070484286174178E-004,
2.482300000000000E+009,-1.091147805709625E-005,-1.260054705198854E-004,-7.578290387755260E-005,2.466208798068692E-006,
2.482333333333334E+009,-1.072771847248077E-004,-2.746509198914282E-005,1.073326620826265E-005,-3.093060877290554E-005,
2.482366666666667E+009,-1.352605431748088E-005,-3.060362723772414E-005,8.949892799137160E-005,9.058815339813009E-005,
2.482400000000000E+009,-1.329197402810678E-004,1.284847967326641E-004,-3.141387060168199E-005,2.503073665138800E-005,
2.482433333333334E+009,-1.293535169679672E-004,-1.193683929159306E-004,5.905796570004895E-005,-4.891098797088489E-005,
2.482466666666667E+009,1.278284162253840E-005,-1.140666427090764E-004,-9.644552483223379E-005,2.425015850349155E-007,
2.482500000000000E+009,7.668370380997658E-005,5.680518734152429E-005,6.379242404364049E-005,-4.483412340050563E-005,
2.482533333333334E+009,1.277580122405198E-005,3.403139271540567E-005,-1.610742619959638E-004,-5.257856537355110E-005,
2.482566666666667E+009,-1.034026208799332E-004,-2.170073821616825E-005,-8.147818880388513E-005,2.751849251581007E-006,
2.482600000000000E+009,-1.671658828854561E-004,5.703169335902203E-006,2.348704765609000E-005,6.402775034075603E-005,
2.482633333333334E+009,-4.286737384973094E-005,6.621147349505918E-006,-3.922539326595143E-005,4.851944322581403E-005,
2.482666666666667E+009,-4.949527283315547E-005,1.534156908746809E-004,-1.244107843376696E-004,-8.015914318093564E-006,
2.482700000000000E+009,6.350323383230716E-005,-1.257444237126038E-004,-1.812222471926361E-004,4.378500671009533E-005,
2.482733333333334E+009,-1.384888018947095E-004,6.300141831161454E-005,-1.456770769436844E-005,-4.717894262284972E-005,
2.482766666666667E+009,-3.235773874621373E-006,8.148680353770033E-005,-1.704964961390942E-004,-3.004965219588485E-005,
2.482800000000000E+009,-4.691425783676095E-005,3.812432169070235E-006,-3.688615834107623E-005,1.366491924272850E-004,
2.482833333333334E+009,-2.339298080187291E-004,3.369758360349806E-006,-3.673069841170218E-006,2.265356488351245E-005,
2.482866666666667E+009,-7.550507871201262E-005,5.571353904088028E-005,-1.194916985696182E-004,8.015603816602379E-005,
2.482900000000000E+009,-1.474924356443808E-004,7.465554062946467E-006,1.469942526455270E-005,-1.727031531117973E-006,
2.482933333333334E+009,-1.118054642574862E-004,9.531052637612447E-005,-5.434380727820098E-005,-7.024730439297855E-005,
2.482966666666667E+009,-3.839469718514010E-005,-6.551532715093344E-005,-1.428372488589957E-004,-3.404863673495129E-005,
2.483000000000000E+009,8.886632713256404E-005,6.263120303628966E-005,-3.743350316653960E-005,4.999022166884970E-006,
2.483033333333334E+009,-7.215311779873446E-005,-5.424724076874554E-005,-1.185134533443488E-004,1.799974415916950E-004,
2.483066666666667E+009,-5.814407631987706E-005,2.004866291827057E-005,-1.347449142485857E-004,-3.403122536838055E-005,
2.483100000000000E+009,-1.286435963265831E-005,-3.614582601585425E-005,-2.103575934597757E-005,7.672998617636040E-005,
2.483133333333334E+009,3.851410292554647E-005,-7.191474287537858E-005,-2.004232010222040E-005,3.988182015746133E-006,
2.483166666666667E+009,-1.088165663531981E-004,-2.236276050098240E-004,-1.127814175561070E-004,3.130822005914524E-005,
2.483200000000000E+009,-2.052694035228342E-004,-1.795235584722832E-005,-5.491874981089495E-005,-1.528660391159065E-006,
2.483233333333334E+009,-1.059422647813335E-004,-8.320000051753596E-005,-1.249864290002734E-004,-3.191081850673072E-005,
2.483266666666667E+009,1.030021849146579E-006,6.535021384479478E-005,-1.245954917976633E-004,-3.662089875433594E-005,
2.483300000000000E+009,-2.242670780105982E-005,-1.429299300070852E-004,-1.097217391361482E-004,6.025198672432452E-005,
2.483333333333334E+009,-1.256399846170098E-004,-2.851821227523033E-005,-5.745964517700486E-005,2.862049223040231E-005,
2.483366666666667E+009,-2.420424425508827E-005,7.439502951456234E-005,-1.023287040879950E-004,3.389305857126601E-005,
2.483400000000000E+009,-2.370436559431255E-004,-2.611389754747506E-005,-1.014106237562373E-005,9.470067016081885E-005,
2.483433333333334E+009,9.675990440882742E-005,-4.143558271607617E-006,-3.780104816542007E-005,5.826474080095068E-005,
2.483466666666667E+009,-5.363278978620656E-005,-3.250486406614073E-005,4.143074693274684E-005,-6.088404552428983E-005,
2.483500000000000E+009,-9.695174230728298E-005,3.189538256265223E-005,-4.901734791928902E-005,2.717444658628665E-005,
2.483533333333334E+009,-7.298907439690083E-005,-8.667913789395243E-005,-1.177036683657207E-004,1.244727286575653E-006,
2.483566666666667E+009,-1.308690116275102E-004,-9.654795576352626E-005,-8.301461639348418E-005,-3.489910159260035E-005,
2.483600000000000E+009,-3.825176463578828E-005,-1.467625338591461E-006,-8.677536243340001E-005,-1.628302743483800E-005,
2.483633333333334E+009,-1.242358575836988E-005,5.372401210479438E-005,-1.768742731655948E-005,-3.079990347032435E-005,
2.483666666666667E+009,-4.224880831316114E-005,2.047143971140031E-005,-2.620133273012471E-005,-5.153789243195206E-005,
2.483700000000000E+009,-3.631843355833553E-005,3.692198879434727E-005,-2.631862298585475E-005,-1.066138502210379E-004,
2.483733333333334E+009,3.850177381536923E-005,-4.814969088329235E-006,-8.452998736174777E-005,1.083624920283910E-005,
2.483766666666667E+009,-5.402313763624989E-005,4.203051503282040E-005,-5.683108247467317E-005,4.287467891117558E-005,
2.483800000000000E+009,-1.904680393636227E-004,-6.477457645814866E-005,-2.834951374097727E-005,-1.638224057387561E-004,
2.483833333333334E+009,-4.039777559228241E-005,-9.484220936428756E-005,-1.261371944565326E-004,-2.548462543927599E-005,
2.483866666666667E+009,-5.156146289664321E-005,4.399362296680920E-005,-1.499407808296382E-004,3.380817724973895E-005,
2.483900000000000E+009,-8.875703497324139E-005,-2.777357258310076E-005,-6.142385245766491E-005,-3.579020267352462E-005,
2.483933333333334E+009,-2.095662493957207E-004,7.498289778595790E-005,-1.310481457039714E-004,-4.780077506438829E-005,
2.483966666666667E+009,-8.998368139145896E-005,4.083567182533443E-005,-1.158941668109037E-004,7.546263805124909E-005,
2.484000000000000E+009,9.556078293826431E-005,-1.548386935610324E-004,-1.626006851438433E-004,-1.608308957656846E-004,
2.484033333333334E+009,-7.640094554517418E-005,1.171126768895192E-005,-1.208538233186118E-004,4.787669968209229E-005,
2.484066666666667E+009,-8.237245492637157E-005,6.579816727025900E-006,-4.747360435430892E-005,-5.426174902822822E-005,
2.484100000000000E+009,-1.122369503718801E-004,-6.474313704529777E-005,-1.722934102872387E-004,4.583370537147857E-005,
2.484133333333334E+009,-3.643706440925598E-005,-1.787638757377863E-004,-6.945329369045794E-005,4.104484105482698E-005,
2.484166666666667E+009,-5.574702299782075E-005,4.678587356465869E-005,-7.919984636828303E-005,8.949812763603404E-005,
2.484200000000000E+009,-1.774212869349867E-004,-1.131145618273877E-004,-6.525255594169721E-005,3.819191260845400E-005,
2.484233333333334E+009,-4.764215555042028E-005,-1.182605410576798E-004,-1.426780072506517E-004,1.133076293626800E-004,
2.484266666666667E+009,3.979792381869629E-005,8.953467840910889E-006,-1.134219346567988E-004,-5.723020876757801E-005,
2.484300000000000E+009,-3.310807733214460E-005,-8.123387669911608E-005,-6.982992636039853E-005,3.603582445066422E-005,
2.484333333333334E+009,-1.061016300809570E-004,7.486896356567740E-005,1.496647837484488E-005,8.122545114019886E-005,
2.484366666666667E+009,-1.333394611719996E-004,-1.311025789618725E-005,-1.022223004838452E-004,1.554360096633900E-005,
2.484400000000000E+009,-5.813114694319665E-005,-3.262986137997359E-005,-8.723817154532298E-005,6.577773547178367E-006,
2.484433333333334E+009,-2.974244671349879E-005,4.769156021211529E-006,-2.384988620178774E-004,-2.986795152537525E-006,
2.484466666666667E+009,4.007287316198926E-006,-1.992976285691839E-005,-1.274151290999726E-004,4.514089232543483E-005,
2.484500000000000E+009,3.296556997156586E-006,-5.774354940513149E-005,-5.556661199079827E-005,1.982641697395593E-005,
2.484533333333334E+009,-1.532876558485441E-005,1.405566581524909E-005,-6.021322769811377E-005,8.601308218203485E-005,
2.484566666666667E+009,-5.311156564857811E-005,2.312320793862455E-005,-1.310298393946141E-004,2.027173104579561E-005,
2.484600000000000E+009,1.134311219175288E-006,5.178039373276988E-006,-4.222475763526745E-005,1.530210138298571E-004,
2.484633333333334E+009,-9.145426156464964E-005,6.860990106360987E-005,-1.564074482303113E-004,-1.141603570431471E-004,
2.484666666666667E+009,-6.550362741108984E-005,1.407715317327529E-004,-8.168251952156425E-005,-3.243809260311537E-005,
2.484700000000000E+009,-7.852479029679671E-005,-1.518978115200298E-005,-1.418565661879256E-004,5.690383841283619E-005,
2.484733333333334E+009,-1.409875258104876E-004,4.055823228554800E-005,2.647299515956547E-005,1.099150395020843E-004,
2.484766666666667E+009,-1.641184207983315E-004,-8.196534326998517E-005,-8.157665433827788E-005,2.796311127895024E-005,
2.484800000000000E+009,-1.949515717569739E-005,6.111157290433766E-006,-9.521215542918071E-005,1.468811678932980E-004,
2.484833333333334E+009,-1.210614864248782E-004,-2.182816160711809E-006,-4.228614216117421E-006,-9.292180038755760E-006,
2.484866666666667E+009,-2.155428956029937E-004,1.646947930566967E-005,1.649292789807078E-005,3.986117735621519E-005,
2.484900000000000E+009,-1.002343124127947E-004,-1.017653848975897E-004,-7.683035073569045E-005,-9.676914487499744E-006,
2.484933333333334E+009,-1.854268884926569E-005,-1.211583912663627E-005,-1.588554878253490E-004,6.628622941207141E-005,
2.484966666666667E+009,4.765579069498926E-005,1.107767166104168E-004,-1.164163622888736E-004,-2.299975449204794E-006,
2.485000000000000E+009,-1.272559020435438E-004,7.121331145754084E-005,-6.304778071353212E-005,4.298480780562386E-005,
2.485033333333334E+009,-1.029499617288820E-004,-3.125430157524534E-005,-1.145532805821858E-004,2.163629505957943E-005,
2.485066666666667E+009,-5.611278538708575E-005,1.224949228344485E-004,-3.383474177098833E-005,8.242775948019698E-005,
2.485100000000000E+009,-2.398006472503766E-005,1.983536785701290E-004,-9.719380614114925E-005,-2.399639015493449E-005,
2.485133333333334E+009,-1.078676214092411E-004,-7.879955228418112E-005,-1.339089358225465E-004,1.532823262095917E-005,
2.485166666666667E+009,-5.364563185139559E-005,6.200132338562980E-005,-4.700598219642416E-005,-1.514180185040459E-004,
2.485200000000000E+009,3.624657892942196E-006,-2.142476296285167E-005,2.655735079315491E-005,1.115467398449255E-006,
2.485233333333334E+009,-6.040317020961084E-005,9.416598913958296E-005,-2.119795681210235E-005,-8.524419536115602E-005,
2.485266666666667E+009,-5.572375084739178E-005,1.137043909693603E-005,4.730961154564284E-005,1.374931707687210E-005,
2.485300000000000E+009,-6.871230289107189E-005,-4.970367808709852E-005,-1.645044685574248E-004,-1.193658245028928E-004,
2.485333333333334E+009,5.443463305709884E-005,-4.884457666776143E-005,7.739512511761859E-005,8.102586434688419E-006,
2.485366666666667E+009,-1.984156733669806E-005,-9.372017302666791E-006,-1.156401995103806E-004,-3.760708932531998E-005,
2.485400000000000E+009,6.461306475102902E-005,4.666237146011554E-006,5.970654092379846E-005,1.360608730465174E-004,
2.485433333333334E+009,7.175462997111026E-006,-9.818150283535942E-005,2.162580676667858E-005,1.348988298559561E-004,
2.485466666666667E+009,-1.133102268795483E-004,-8.532210631528869E-005,-3.505476706777699E-005,2.489281177986413E-005,
2.485500000000000E+009,-4.911284850095399E-005,2.146907536371145E-005,-1.214636067743413E-004,1.146132854046300E-004,
2.485533333333334E+009,-9.984155622078106E-005,8.136458200169727E-005,-5.504596265382133E-005,1.013857836369425E-004,
2.485566666666667E+009,-2.064409272861667E-005,-8.049572352319956E-005,2.298802655786858E-006,6.705654232064262E-005,
2.485600000000000E+009,-8.313370926771313E-005,-7.476658356608823E-005,-6.628648407058790E-005,-1.371140970150009E-004,
2.485633333333334E+009,-1.082304588635452E-004,8.363426604773849E-005,3.062692121602595E-005,1.482148309150944E-005,
2.485666666666667E+009,-1.839065807871521E-004,3.723115878528915E-005,-9.473552927374840E-005,1.757219724822789E-004,
2.485700000000000E+009,-5.616775888483971E-005,-6.015226972522214E-005,-2.833146754710469E-005,-2.244868301204406E-005,
2.485733333333334E+009,-5.983300434309058E-005,-9.896385745378211E-005,3.859404387185350E-005,8.486601291224361E-005,
2.485766666666667E+009,-1.485120446886867E-004,1.368327502859756E-005,-5.633516775560565E-005,5.428930671769194E-005,
2.485800000000000E+009,-1.249035994987935E-004,4.975456249667332E-005,-8.130143396556377E-005,1.794739000615664E-005,
2.485833333333334E+009,-1.508122659288347E-004,-5.342059012036771E-005,-8.967898611444980E-005,4.328296563471668E-005,
2.485866666666667E+009,6.771666085114703E-005,1.172618503915146E-004,-2.365652471780777E-005,1.137759172706865E-004,
2.485900000000000E+009,-6.259400834096596E-005,-8.385677210753784E-005,-4.462650394998491E-006,1.655788037169259E-005,
2.485933333333334E+009,-8.442225953331217E-005,1.327339987255982E-006,-4.113393151783384E-005,4.820723188458942E-005,
2.485966666666667E+009,-5.233493720879778E-005,-8.355744398613751E-007,-9.607119136489928E-005,6.325849972199649E-005,
2.486000000000000E+009,7.487814582418650E-005,-2.847609175660182E-005,-1.128511212300509E-004,8.716174488654360E-005,
2.486033333333334E+009,-5.840115045430139E-005,7.687838660785928E-006,1.747947862895671E-005,1.081054506357759E-004,
2.486066666666667E+009,-9.028107888298109E-005,-6.844609742984176E-005,-4.939247810398229E-005,1.000030606519431E-004,
2.486100000000000E+009,-1.717342092888430E-004,1.169704992207699E-004,4.528376302914694E-005,2.840278102667071E-005,
2.486133333333334E+009,-1.315906119998545E-004,-1.017171671264805E-004,-8.405817061429843E-005,4.153944246354513E-005,
2.486166666666667E+009,-4.310442454880104E-005,7.742737943772227E-005,9.947244507202413E-006,7.872307833167724E-006,
2.486200000000000E+009,-6.119118188507855E-005,-7.678736437810585E-005,1.324073218711419E-005,-8.751626592129469E-005,
2.486233333333334E+009,-1.531279704067856E-004,-1.120251326938160E-004,-5.025775681133382E-005,7.313339301617816E-005,
2.486266666666667E+009,-5.190817682887428E-005,1.336923596682027E-004,-5.138068081578240E-005,6.334455974865705E-006,
2.486300000000000E+009,-9.335526556242257E-005,2.411031164228916E-005,-7.560660742456093E-005,1.040453935274854E-004,
2.486333333333334E+009,-6.639862112933770E-005,-1.266601902898401E-004,-1.004271907731891E-004,6.786987069062889E-005,
2.486366666666667E+009,-8.371358489966951E-006,6.882873094582465E-006,-1.677823747741059E-004,-9.085582860279828E-005,
2.486400000000000E+009,-7.972824823809788E-005,-2.049062459263951E-005,-1.192774743685732E-005,6.114740244811401E-005,
2.486433333333334E+009,-1.497854682384059E-004,2.715927075769287E-005,-7.513235323131084E-005,1.737260608933866E-004,
2.486466666666667E+009,3.342138734296896E-005,-5.896996663068421E-005,-4.785722194355913E-005,5.929066173848696E-005,
2.486500000000000E+009,-2.985641367558856E-005,4.364589040051214E-005,-1.471941068302840E-004,6.745810969732702E-005,
2.486533333333334E+009,5.712138954550028E-005,-2.105604107782710E-005,-1.075386026059277E-004,1.277727860724554E-004,
2.486566666666667E+009,-6.196964386617765E-005,-4.195763540337794E-005,-3.836693940684199E-005,-2.782187038974371E-005,
2.486600000000000E+009,5.143861199030653E-005,1.298865536227822E-004,-1.143554036389105E-004,1.643744762986898E-004,
2.486633333333334E+009,8.243992488132790E-005,-3.792390270973556E-005,2.967689397337381E-005,5.345818499336019E-005,
2.486666666666667E+009,3.432254015933722E-005,9.078335278900340E-005,-3.708690928760916E-005,9.421704453416169E-005,
2.486700000000000E+009,-9.683411917649210E-005,-4.077193443663418E-005,8.080573024926707E-006,1.465243840357289E-004,
2.486733333333334E+009,-1.180133476736955E-004,1.518996868981049E-004,-7.747575000394136E-005,5.529523696168326E-005,
2.486766666666667E+009,-4.650947448681109E-005,-1.912328662001528E-005,-1.302557848248398E-005,2.746936479525175E-005,
2.486800000000000E+009,-9.222030348610133E-005,2.056679295492359E-005,3.452499731793068E-005,3.186098547303118E-005,
2.486833333333334E+009,-8.995099051389843E-005,3.341517003718764E-005,8.897916268324480E-005,2.923284228018019E-005,
2.486866666666667E+009,-1.076364787877537E-004,9.274054900743067E-005,-2.017748047364876E-004,3.516883225529455E-005,
2.486900000000000E+009,-1.576332433614880E-004,1.400114069838310E-005,9.988267265725881E-005,1.693793601589277E-004,
2.486933333333334E+009,-2.748516999417916E-005,-3.326339356135577E-005,-3.459808340267045E-006,-7.591088069602847E-005,
2.486966666666667E+009,-9.968355243472615E-007,-9.897583368001506E-005,-2.190272425650619E-005,-1.111222954932600E-004,
2.487000000000000E+009,-8.455388160655275E-005,6.667529669357464E-005,-1.470879215048626E-004,-3.983831629739143E-005,
2.487033333333334E+009,2.527250398998149E-005,4.025580346933566E-005,5.542492726817727E-005,-4.895227903034538E-005,
2.487066666666667E+009,-5.281419726088643E-005,7.048599218251184E-005,-1.465306559111923E-004,7.548777648480609E-005,
2.487100000000000E+009,-6.180847412906587E-005,1.007177124847658E-004,2.560880238888785E-005,5.509504626388662E-005,
2.487133333333334E+009,-1.088501012418419E-004,2.500935806892812E-005,-4.142474426771514E-005,9.655806934460998E-005,
2.487166666666667E+009,-1.271883666049689E-004,5.992273599986220E-006,-8.903189154807478E-005,3.721838947967626E-005,
2.487200000000000E+009,-3.197748083039187E-005,-5.825141852255911E-005,-8.840804366627708E-005,7.459695916622877E-005,
2.487233333333334E+009,-3.353583224452450E-006,6.414395465981215E-005,-1.166517904493958E-004,1.973387770703994E-005,
2.487266666666667E+009,1.517307682661340E-004,-1.581745891598985E-005,-1.024414596031420E-004,8.878586959326640E-005,
2.487300000000000E+009,-6.108328670961782E-005,1.166162765002810E-004,1.837751915445551E-005,7.906792598078027E-005,
2.487333333333334E+009,1.228141741194122E-006,6.215130997588858E-005,-1.175942234112881E-004,2.849348129529972E-005,
2.487366666666667E+009,2.482703166606370E-005,-1.825228173402138E-005,-9.876878175418824E-005,1.499683421570808E-004,
2.487400000000000E+009,-1.122063549701124E-004,1.028078404488042E-004,1.394510491081746E-005,1.405478251399472E-004,
2.487433333333334E+009,-6.218889757292345E-005,1.164048881037161E-004,-3.504549385979772E-005,7.657038804609329E-005,
2.487466666666667E+009,3.743963679880835E-005,5.736483217333444E-005,-1.106829677155474E-005,9.734719060361385E-005,
2.487500000000000E+009,-3.110910256509669E-005,8.503340359311551E-005,-5.448612137115561E-005,7.930133142508566E-005,
2.487533333333334E+009,-4.550998710328713E-005,4.503699892666191E-005,-1.644498115638271E-004,1.003983561531641E-004,
2.487566666666667E+009,-1.527410349808633E-004,5.265051731839776E-005,-6.384205335052684E-006,1.975466147996485E-004,
2.487600000000000E+009,2.200270864705090E-005,1.228818728122860E-004,2.689587017812301E-005,-3.227622437407263E-005,
2.487633333333334E+009,-6.016778934281319E-005,-2.814089384628460E-005,-5.579346179729328E-005,6.277354259509593E-005,
2.487666666666667E+009,3.052339525311254E-005,7.705914322286844E-005,2.185485391237307E-005,-7.726856711087748E-005,
2.487700000000000E+009,-7.726152398390696E-005,7.751876546535641E-005,-2.460742689436302E-005,8.909534517442808E-005,
2.487733333333334E+009,1.919235728564672E-006,4.664053267333657E-005,-6.670986476819962E-005,1.603026321390644E-004,
2.487766666666667E+009,-6.465867772931233E-005,1.450990239391103E-004,-1.274714304599911E-004,-1.109920231101569E-005,
2.487800000000000E+009,-5.280468758428469E-005,1.285899634240195E-004,1.107889602280920E-006,1.433805446140468E-004,
2.487833333333334E+009,7.359970913967118E-005,4.999795419280417E-005,-9.803460125112906E-005,1.686129835434258E-004,
2.487866666666667E+009,-8.529246406396851E-005,1.641682174522430E-004,-4.880333654000424E-005,9.938626317307353E-005,
2.487900000000000E+009,1.860523479990661E-005,1.688450865913183E-004,-1.328362559434027E-004,9.902377496473491E-005,
2.487933333333334E+009,-1.287828054046258E-004,1.577500370331109E-004,4.819963214686140E-005,-2.383299033681396E-005,
2.487966666666667E+009,-1.028929455060279E-005,3.904617187799886E-005,1.346320004813606E-005,1.115266204578802E-004,
2.488000000000000E+009,-1.627258898224682E-004,3.535571886459366E-005,-5.494191282195970E-005,9.873123053694144E-005,
2.488033333333334E+009,-9.732775652082637E-005,1.732882265059743E-005,-5.797767880721949E-005,1.286710466956720E-004,
2.488066666666667E+009,6.365419540088624E-005,2.726582715695258E-005,3.195612589479424E-005,1.332163228653371E-004,
2.488100000000000E+009,-1.421410997863859E-004,1.531664456706494E-004,-5.048451839684276E-006,8.330093987751752E-005,
2.488133333333334E+009,-9.122311166720465E-005,2.189484221162275E-004,-7.241336425067857E-005,-4.846371302846819E-005,
2.488166666666667E+009,5.111448990646750E-005,1.145530986832455E-004,-1.511175796622410E-004,5.406871423474513E-005,
2.488200000000000E+009,1.373030972899869E-004,1.043645606841892E-004,9.629787200537976E-006,1.814526476664469E-004,
2.488233333333334E+009,5.734296064474620E-005,7.454209116986021E-005,-9.539980237605050E-005,3.562496931408532E-005,
2.488266666666667E+009,8.214765693992376E-005,-1.325141238339711E-005,-3.903268589056097E-005,9.071317617781460E-005,
2.488300000000000E+009,-5.656426765199285E-006,1.295686670346186E-004,-1.767178946465720E-005,1.497722987551242E-004,
2.488333333333334E+009,-4.420421464601532E-005,-3.376297900103964E-005,4.132168396608904E-005,1.613156541679928E-006,
2.488366666666667E+009,-5.591952503891662E-005,1.446921378374100E-004,-4.343548880569870E-006,1.379875757265836E-004,
2.488400000000000E+009,-1.012357752188109E-004,-6.547263183165342E-005,-4.074809476151131E-005,1.232376962434501E-004,
2.488433333333334E+009,-9.131411934504286E-005,-1.870071864686906E-004,-1.132186007453129E-004,1.118864893214777E-004,
2.488466666666667E+009,-1.000405027298257E-004,1.095723491744138E-004,-1.046635770762805E-005,1.176329169538803E-004,
2.488500000000000E+009,7.561271104350453E-006,1.151507749455050E-004,-6.633283192059025E-005,1.001130804070272E-004,
2.488533333333334E+009,-8.368663657165598E-006,-5.771874202764593E-005,4.622192136594094E-005,4.288033233024180E-005,
2.488566666666667E+009,-3.393661972950213E-005,1.242808502865955E-004,-4.995330891688354E-005,1.931527222041041E-004,
2.488600000000000E+009,-1.321351446676999E-004,9.184733789879829E-005,-8.722369238967076E-005,1.697388652246445E-004,
2.488633333333334E+009,-2.355689730393351E-006,7.993991312105209E-005,-2.758836853899993E-005,1.951379272213671E-005,
2.488666666666667E+009,-8.746836829232052E-005,-3.586192178772762E-006,-2.555904393375386E-005,1.169277747976594E-004,
2.488700000000000E+009,-5.657959627569653E-005,-3.873323294101283E-006,8.539733971701935E-005,2.876576581911650E-005,
2.488733333333334E+009,-1.195680088130757E-004,9.207579410031030E-007,-5.508089452632703E-005,8.981573773780838E-005,
2.488766666666667E+009,2.559541644586716E-005,1.124406917369925E-004,-3.729067611857317E-005,1.750692608766258E-004,
2.488800000000000E+009,7.810677925590426E-005,5.739108746638522E-005,4.932981391903013E-005,5.153596430318430E-005,
2.488833333333334E+009,-1.014185909298249E-004,1.724054527585395E-005,-4.295566031942144E-005,1.399809989379719E-004,
2.488866666666667E+009,3.115145591436885E-005,8.582599548390135E-005,-1.335494198428933E-005,3.747555092559196E-005,
2.488900000000000E+009,6.865768227726221E-005,-2.811604645103216E-005,-5.140481516718864E-005,8.642116154078394E-005,
2.488933333333334E+009,6.142488928162493E-006,-4.406788866617717E-005,8.825818076729775E-005,5.985441748634912E-005,
2.488966666666667E+009,-2.713703906920273E-006,5.082809730083682E-005,5.025017526349984E-005,1.785513450158760E-004,
2.489000000000000E+009,7.509518582082819E-006,-4.587035800796002E-005,2.523829243727960E-005,7.855285366531462E-005,
2.489033333333334E+009,-2.165595469705295E-005,1.283142337342724E-004,-1.206498345709406E-004,1.895754976430908E-004,
2.489066666666667E+009,6.416624091798440E-005,7.998506771400571E-005,4.311758675612509E-005,-1.580281241331250E-005,
2.489100000000000E+009,3.596533861127682E-005,1.222234714077786E-004,-1.344117208645912E-005,2.044471621047705E-004,
2.489133333333334E+009,-1.146522045019083E-004,1.793122501112521E-004,1.061400180333294E-004,7.632917549926788E-005,
2.489166666666667E+009,3.170116178807803E-005,9.343159035779536E-005,1.334570606559282E-005,8.696728036738932E-005,
2.489200000000000E+009,4.366478606243618E-005,1.086179399862886E-004,-5.015728311263956E-005,7.455088780261576E-005,
2.489233333333334E+009,5.810995935462415E-005,4.702275327872485E-005,-9.569344547344372E-005,1.928655983647332E-004,
2.489266666666667E+009,8.987625187728554E-005,-1.411424909747439E-005,8.151291694957763E-005,-5.461047840071842E-005,
2.489300000000000E+009,-2.428555126243737E-005,3.257734642829746E-004,4.360526509117335E-005,9.082987526198849E-005,
2.489333333333334E+009,-2.430959830235224E-005,1.495350170443999E-005,-6.881992158014327E-005,1.426503422408132E-005,
2.489366666666667E+009,9.222666267305613E-005,1.252449001185596E-004,1.801432517822832E-005,3.936474968213588E-006,
2.489400000000000E+009,-1.612382475286722E-004,6.949084490770474E-005,9.036797564476728E-005,1.351586106466129E-004,
2.489433333333334E+009,-2.436531940475106E-005,3.206892142770812E-005,-5.972474173177034E-005,1.269844942726195E-004,
2.489466666666667E+009,-6.776724330848083E-005,4.683628503698856E-005,-1.624586911930237E-005,5.337010588846169E-005,
2.489500000000000E+009,-4.780006202054210E-005,-1.057988902175566E-005,-1.270992943318561E-004,6.587820098502562E-005,
2.489533333333334E+009,-6.119737372500822E-005,1.037965485011227E-004,5.512779898708686E-005,1.230367779498920E-004,
2.489566666666667E+009,-4.412751877680421E-005,3.057142021134496E-005,1.227598258992657E-004,1.482867664890364E-004,
2.489600000000000E+009,-1.980606430151966E-005,-1.084278483176604E-005,7.320553413592279E-005,5.443688132800162E-005,
2.489633333333334E+009,9.841800783760846E-005,8.870896999724209E-005,1.112293975893408E-004,2.131669680238701E-005,
2.489666666666667E+009,-7.917971379356459E-005,3.770691910176538E-005,2.826690069923643E-005,-2.517368739063386E-005,
2.489700000000000E+009,-2.933768701041117E-005,4.307095150579698E-005,1.227770117111504E-004,1.041573923430406E-004,
2.489733333333334E+009,2.195130218751729E-005,2.709208056330681E-004,-1.191574992844835E-004,5.036640868638642E-005,
2.489766666666667E+009,3.756907972274348E-005,4.775510387844406E-005,4.154967882641358E-006,1.202267958433367E-004,
2.489800000000000E+009,-1.732174314383883E-005,3.262016616645269E-005,-1.660441375861410E-005,1.370633435726631E-005,
2.489833333333334E+009,5.964382944512181E-005,1.186522640637122E-004,-1.547208012198098E-005,1.102079258998856E-004,
2.489866666666667E+009,5.343487373465905E-006,9.710578888189048E-005,8.743445505388081E-005,6.477716669905931E-005,
2.489900000000000E+009,8.686921501066536E-005,-3.701550303958356E-005,2.075837837764993E-004,1.080024958355352E-004,
2.489933333333334E+009,5.656016946886666E-005,4.050398274557665E-005,7.445235678460449E-005,1.410668573953444E-005,
2.489966666666667E+009,-2.066976958303712E-005,4.637959500541911E-005,-8.954874647315592E-005,2.145091857528314E-004,
2.490000000000000E+009,-1.706648799881805E-005,5.978986155241728E-005,5.395058906287886E-005,1.703429443296045E-004,
2.490033333333334E+009,-1.416023769706953E-005,7.116607594070956E-005,-2.785071592370514E-005,8.161774894688278E-005,
2.490066666666667E+009,-3.190757706761360E-005,1.940567453857511E-004,1.475339558965061E-006,1.123120891861618E-004,
2.490100000000000E+009,-4.334352342993952E-005,6.370319169946015E-005,7.223086868179962E-005,-7.482754881493747E-005,
2.490133333333334E+009,7.014535367488861E-005,1.660522975726053E-004,-9.356723603559658E-005,-4.189674655208364E-005,
2.490166666666667E+009,-6.675913027720526E-005,-7.194154477474513E-006,-5.156505358172581E-005,4.959555735695176E-005,
2.490200000000000E+009,-1.696030085440725E-004,1.681047870079055E-004,9.321580364485271E-006,3.035865847778041E-005,
2.490233333333334E+009,8.834417531033978E-005,1.489414426032454E-004,8.740121302253101E-006,1.574600464664400E-004,
2.490266666666667E+009,-1.345850178040564E-004,9.733669867273420E-005,-7.993267354322597E-005,1.668935874477029E-004,
2.490300000000000E+009,-1.081223090295680E-004,9.497057180851698E-005,-7.082827505655587E-005,5.304005753714591E-005,
2.490333333333334E+009,-1.943946153915022E-005,9.547545778332278E-005,-9.241262887371704E-006,5.393756873672828E-005,
2.490366666666667E+009,-4.758638624480227E-006,1.114072874770500E-004,-9.374231012770906E-006,8.626515045762062E-005,
2.490400000000000E+009,6.228595884749666E-005,2.455352805554867E-004,8.694983080204111E-006,1.572152395965532E-004,
2.490433333333334E+009,-1.736867998261005E-004,1.015257876133546E-004,-2.202729774580803E-005,1.107021489588078E-006,
2.490466666666667E+009,4.608139715855941E-005,1.713751844363287E-004,-3.020772419404239E-005,8.771003194851801E-005,
2.490500000000000E+009,1.227675966219977E-004,1.810667454265058E-004,-1.217128010466695E-005,8.029315358726308E-005,
2.490533333333334E+009,-8.085283479886130E-005,8.878139487933368E-005,1.470221613999456E-004,1.474526652600616E-004,
2.490566666666667E+009,-2.131688779627439E-005,8.628545037936419E-005,-1.193508796859533E-005,6.116376425779890E-006,
2.490600000000000E+009,-6.059863153495826E-006,5.116457396070473E-005,-2.200840390287340E-005,-1.150894718193740E-006,
2.490633333333334E+009,-4.514726606430486E-005,2.744781886576675E-005,-6.413264782167971E-005,1.418654428562149E-004,
2.490666666666667E+009,8.834581967676058E-005,1.114910410251468E-004,3.996052328147925E-005,9.154971485259011E-005,
2.490700000000000E+009,1.222190912812948E-004,1.289307692786679E-004,-3.713803380378522E-005,2.394087459833827E-005,
2.490733333333334E+009,-1.497143093729392E-004,1.594805871718563E-005,1.233843067893758E-004,1.261596044059843E-004,
2.490766666666667E+009,-1.928996352944523E-004,1.805997890187427E-004,4.405802246765234E-005,2.109983033733442E-004,
2.490800000000000E+009,-1.539622462587431E-005,2.381202357355505E-004,-5.553211303777061E-005,1.844265352701768E-004,
2.490833333333334E+009,-5.905510079173837E-006,1.374420244246721E-004,-3.877130802720785E-005,1.930075086420402E-004,
2.490866666666667E+009,6.890222721267492E-005,1.624415453989059E-004,-7.428486424032599E-005,6.059715087758377E-005,
2.490900000000000E+009,4.145092589169508E-006,1.903558732010424E-004,6.539744208566845E-005,1.025450765155256E-004,
2.490933333333334E+009,5.248114121059189E-006,3.996315717813559E-005,2.001063403440639E-004,1.845338701969013E-004,
2.490966666666667E+009,-2.366531589359511E-005,1.591562468092889E-004,3.264056067564525E-005,-2.233470513601787E-005,
2.491000000000000E+009,-7.999777881195769E-005,1.889369195851032E-005,4.092837480129674E-005,4.105722837266512E-005,
2.491033333333334E+009,5.659235466737300E-005,1.249154302058742E-004,-4.169289240962826E-005,1.025783931254409E-004,
2.491066666666667E+009,-7.479290161427343E-006,1.606658915989101E-004,-2.977313306473661E-005,9.154628787655383E-005,
2.491100000000000E+009,9.804043656913564E-005,2.976694122480694E-005,1.393010315950960E-004,5.730772318202071E-005,
2.491133333333334E+009,2.828945616784040E-005,5.832051101606339E-005,-1.017537942971103E-004,2.280828812217806E-005,
2.491166666666667E+009,-3.153999568894506E-005,1.309976232732879E-005,8.920110849430785E-005,7.514122989960015E-005,
2.491200000000000E+009,-8.301214984385297E-005,1.445343223167583E-004,2.028561902989168E-005,1.644761214265600E-004,
2.491233333333334E+009,1.288571911572944E-005,3.509707676130347E-005,1.188260853268730E-006,8.589534991187975E-005,
2.491266666666667E+009,2.096666867146269E-004,-1.519572288088966E-005,-2.777304189294227E-006,2.135262184310705E-005,
2.491300000000000E+009,-9.347378181701060E-006,8.535040979040787E-005,4.959758007316850E-005,6.876062980154529E-005,
2.491333333333334E+009,5.312986468197778E-005,8.490581967635080E-005,-1.185153996630106E-005,1.991553835978266E-005,
2.491366666666667E+009,4.043806256959215E-005,7.813178854121361E-006,3.736442886292934E-005,6.865480827400461E-005,
2.491400000000000E+009,-2.014063466049265E-005,1.162547850981355E-004,4.806839569937438E-005,2.036837540799752E-004,
2.491433333333334E+009,4.477742186281830E-005,-6.233021395019023E-006,-7.774361620249692E-006,9.746100113261491E-005,
2.491466666666667E+009,-8.120525308186188E-005,1.866797247203067E-004,-8.658962906338275E-005,4.986604471923783E-005,
2.491500000000000E+009,2.824898547260091E-005,1.107503521780018E-005,-9.964591299649328E-005,8.350380812771618E-005,
2.491533333333334E+009,-1.577265538799111E-005,5.535969830816612E-005,-1.467859256081283E-004,4.999159864382818E-005,
2.491566666666667E+009,1.257428230019286E-004,-1.112485824705800E-005,6.257229688344523E-005,1.318517897743732E-004,
2.491600000000000E+009,5.746677197748795E-005,9.154430881608278E-005,-7.928324339445680E-005,3.458173159742728E-005,
2.491633333333334E+009,-4.577451545628719E-005,1.444338558940217E-004,8.857515058480203E-005,1.265339378733188E-004,
2.491666666666667E+009,1.331184612354264E-004,7.506789188482799E-006,-5.160306500329170E-006,3.537593511282466E-005,
2.491700000000000E+009,4.931666626362130E-005,7.678243127884343E-005,1.010247506201267E-004,1.480273494962603E-004,
2.491733333333334E+009,1.317370915785432E-004,1.090319710783660E-004,-4.666680979426019E-005,1.332511601503938E-004,
2.491766666666667E+009,7.919346535345540E-005,3.345144796185195E-005,5.532319119083695E-005,1.261516299564391E-004,
2.491800000000000E+009,4.883050132775679E-005,1.888760016299784E-004,1.045231238094857E-005,-8.336971222888678E-005,
2.491833333333334E+009,-1.283420569961891E-004,1.949470897670835E-004,1.530640292912722E-004,2.158693860110361E-005,
2.491866666666667E+009,-7.926930993562564E-005,1.030745479511097E-004,1.001117561827414E-004,4.451408312888816E-005,
2.491900000000000E+009,6.523169577121735E-005,1.747695641824976E-004,-5.355945177143440E-006,1.024144003167749E-004,
2.491933333333334E+009,5.200649684411474E-005,1.631367485970259E-004,-5.525445521925576E-005,-6.209628190845251E-005,
2.491966666666667E+009,3.390752317500301E-005,8.228628576034680E-005,4.594146230374463E-005,1.240268611581996E-004,
2.492000000000000E+009,6.000776011205744E-006,1.003898723865859E-004,3.228252899134532E-005,2.533133083488792E-004,
2.492033333333334E+009,4.984062252333388E-005,4.099690340808593E-005,7.251498027471826E-005,1.226123567903414E-004,
2.492066666666667E+009,-5.311777567840181E-005,-5.029055682825856E-005,-2.774733911792282E-005,3.176361860823818E-005,
2.492100000000000E+009,1.324999029748142E-004,7.473257574019954E-005,-6.894765192555497E-006,-1.650867488933727E-006,
2.492133333333334E+009,4.327606075094082E-005,2.513611252652481E-005,-4.114609328098595E-005,8.953552605817094E-005,
2.492166666666667E+009,1.358874123980058E-005,-6.842959555797279E-005,1.829747197916731E-004,1.511374721303582E-004,
2.492200000000000E+009,-2.052666241070256E-005,1.352903200313449E-004,-2.665061219886411E-005,6.256313645280898E-005,
2.492233333333334E+009,-7.759469735901803E-005,1.708880445221439E-004,2.071159315164550E-006,1.324290678894613E-005,
2.492266666666667E+009,4.997156065655872E-005,8.224429620895535E-005,2.961004065582529E-005,-7.544592790509341E-006,
2.492300000000000E+009,9.882676386041567E-005,5.975567546556704E-005,-2.754240267677233E-005,-3.560900950105861E-005,
2.492333333333334E+009,9.339666576124728E-005,5.443714326247573E-005,1.035831519402564E-004,3.581829150789417E-005,
2.492366666666667E+009,1.274899550480768E-004,8.590229117544368E-005,1.317172282142565E-004,-8.005405834410340E-005,
2.492400000000000E+009,7.664791155548301E-006,8.787056140135974E-005,1.363460469292477E-004,1.334708213107660E-004,
2.492433333333334E+009,1.710717187961564E-004,4.100239311810583E-005,1.710011420072988E-004,2.396589115960524E-005,
2.492466666666667E+009,-3.170620402670465E-005,6.201105134095997E-005,-3.266032308602007E-006,2.416648021608125E-005,
2.492500000000000E+009,1.532733003841713E-004,1.546689454698935E-004,8.256715955212712E-005,-2.329885137442034E-005,
2.492533333333334E+009,1.630920160096139E-004,1.633784122532234E-004,7.443787239935773E-007,5.727894313167781E-005,
2.492566666666667E+009,2.619139559101313E-005,1.234505907632411E-004,9.186823444906622E-005,-1.325065841228934E-005,
2.492600000000000E+009,-2.669012928890879E-006,9.308450535172597E-005,5.325016536517069E-005,1.153814664576203E-004,
2.492633333333334E+009,1.164538043667562E-004,-6.945861241547391E-005,5.608992432826199E-005,4.976719719707035E-005,
2.492666666666667E+009,5.547846012632363E-005,1.015205416479148E-004,4.915925455861725E-005,1.330552040599287E-004,
2.492700000000000E+009,6.566694355569780E-005,3.278792064520530E-006,5.911483458476141E-005,-3.630351784522645E-005,
2.492733333333334E+009,-7.248915790114552E-005,6.487913196906447E-005,3.897203714586794E-005,1.264454622287303E-004,
2.492766666666667E+009,1.290165964746848E-004,-3.721055691130459E-005,1.440513296984136E-004,3.836317409877665E-005,
2.492800000000000E+009,2.298650069860742E-004,8.274093852378428E-005,1.322687894571573E-004,1.256543473573402E-004,
2.492833333333334E+009,4.010905104223639E-005,6.840137211838737E-005,-9.155357474810444E-006,5.807960042147897E-005,
2.492866666666667E+009,1.195553195429966E-004,1.604996650712565E-004,1.017408067127690E-004,6.331154145300388E-005,
2.492900000000000E+009,6.746629514964297E-005,7.061650194373215E-006,8.591142250224948E-005,-8.073204662650824E-005,
2.492933333333334E+009,-7.855481089791283E-005,1.180955659947358E-004,6.295755883911625E-005,4.987197371519869E-006,
2.492966666666667E+009,-5.494080687640235E-005,1.412971469108015E-004,5.760116255260073E-005,1.519937068223953E-004,
2.493000000000000E+009,-9.987562953028828E-005,-1.518319095339393E-005,5.978736589895561E-005,2.186473720939830E-004,
2.493033333333334E+009,-8.633582910988480E-005,1.856986491475254E-004,7.359583833022043E-005,6.378576654242352E-005,
2.493066666666667E+009,9.825781307881698E-005,1.503239327576011E-004,1.115816558012739E-004,-1.116579805966467E-004,
2.493100000000000E+009,2.950580892502330E-006,-2.717919414862990E-005,7.057964103296399E-005,6.761262920917943E-005,
2.493133333333334E+009,3.953971463488415E-005,8.273143612314016E-005,2.582027627795469E-005,9.800682892091572E-005,
2.493166666666667E+009,5.297489769873209E-005,9.996959124691784E-005,6.544140342157334E-005,4.850781624554656E-005,
2.493200000000000E+009,2.859399501176085E-005,-3.712164470925927E-005,1.274059322895482E-004,2.699182186916005E-005,
2.493233333333334E+009,1.735643600113690E-004,-3.312786429887638E-005,1.321511808782816E-004,1.202607600134797E-004,
2.493266666666667E+009,6.732094334438443E-005,-4.218941103317775E-005,8.594943210482597E-005,-1.064766183844768E-005,
2.493300000000000E+009,8.942739077610895E-005,5.999631684971973E-005,6.870656943647191E-005,-3.955516604037257E-006,
2.493333333333334E+009,3.188006758136908E-006,1.277779228985310E-004,1.328806974925101E-004,-2.199724576712470E-006,
2.493366666666667E+009,-4.351549432612956E-005,1.657533284742385E-004,1.254176895599812E-004,1.688534539425746E-004,
2.493400000000000E+009,1.671552308835089E-004,-1.064927346305922E-004,3.026906961167697E-005,-1.506217540736543E-005,
2.493433333333334E+009,3.801122147706337E-005,6.798969843657687E-005,4.783594704349525E-005,1.268666383111849E-004,
2.493466666666667E+009,-5.082875941297971E-005,-1.750397132127546E-005,5.307152605382726E-005,1.291868538828567E-004,
2.493500000000000E+009,-1.644606818445027E-004,1.317430287599564E-004,1.543548132758588E-004,4.491555955610238E-005,
2.493533333333334E+009,7.367807847913355E-005,1.362746843369678E-004,1.704472815617919E-004,1.671955396886915E-005,
2.493566666666667E+009,1.111588208004832E-004,1.942580856848508E-004,-2.724266232689843E-005,6.825711170677096E-005,
2.493600000000000E+009,4.355052806204185E-005,2.398190190433525E-005,1.974428596440703E-004,1.527297572465614E-004,
2.493633333333334E+009,4.905792229692452E-005,-1.322812750004232E-005,1.458061797166010E-005,9.204516391037032E-005,
2.493666666666667E+009,1.224969892064109E-004,1.610045001143590E-005,6.452376692323014E-005,8.212262764573097E-005,
2.493700000000000E+009,1.592304615769535E-004,1.111366073018871E-004,3.146856670355192E-006,8.973381773103029E-005,
2.493733333333334E+009,-1.075298860087059E-005,5.440861423267052E-005,4.552242899080738E-005,-8.416524906351697E-006,
2.493766666666667E+009,-4.511937277129619E-006,1.666123898758087E-005,-5.498304017237388E-005,1.192689887830056E-004,
2.493800000000000E+009,1.216974305862095E-005,5.472091652336530E-005,5.011002212995663E-005,8.667876500112470E-006,
2.493833333333334E+009,2.994864189531654E-005,6.605988892260939E-005,2.940015838248655E-005,1.109037912101485E-004,
2.493866666666667E+009,5.423617039923556E-005,1.198585596284829E-005,1.355437852907926E-004,4.616033402271569E-005,
2.493900000000000E+009,-7.470530363207217E-006,6.409194611478597E-005,1.256728573935106E-004,8.068492752499878E-005,
2.493933333333334E+009,3.569341788534075E-005,9.271738963434473E-005,3.411321813473478E-005,1.367654040222988E-004,
2.493966666666667E+009,1.570996246300638E-004,5.431479075923562E-005,1.280122087337077E-004,4.942747182212770E-005,
2.494000000000000E+009,1.769918308127672E-004,9.348272578790784E-005,-6.564009527210146E-005,9.688605496194214E-005,
2.494033333333334E+009,1.976221828954294E-004,-4.409596294863150E-005,1.790386013453826E-004,2.499937363609206E-005,
2.494066666666667E+009,-1.629799407965038E-005,1.291236912948079E-005,9.698158828541637E-005,1.120510205510072E-004,
2.494100000000000E+009,1.065216711140238E-004,-9.917464194586501E-005,5.567865082412027E-005,-3.868371277349070E-005,
2.494133333333334E+009,1.260845456272364E-004,1.229612680617720E-004,-2.167053025914356E-005,8.661379979457706E-005,
2.494166666666667E+009,3.943414412788115E-005,4.458053808775730E-005,8.087135211098939E-005,5.191070522414520E-005,
2.494200000000000E+009,2.177986898459494E-004,6.885857146698982E-005,-6.781873526051641E-005,-1.310372608713806E-004,
2.494233333333334E+009,1.248721819138154E-004,8.369105489691719E-005,9.514042176306248E-005,2.493949068593793E-005,
2.494266666666667E+009,1.151625838247128E-004,4.092968447366729E-005,1.719360443530604E-004,4.988638829672709E-005,
2.494300000000000E+009,4.278819687897340E-006,1.922524097608402E-005,-4.816209911950864E-005,1.386582298437133E-004,
2.494333333333334E+009,-1.119569242291618E-005,-5.111368227517232E-005,1.024158773361705E-004,2.165345722460188E-005,
2.494366666666667E+009,8.410419468418695E-006,-1.765234810591210E-005,6.454818503698334E-005,2.640884849824943E-005,
2.494400000000000E+009,-3.716952414833941E-005,9.053769463207573E-005,1.746280468069017E-004,7.309645297937095E-005,
2.494433333333334E+009,1.117372448788956E-004,1.114256083383225E-004,-5.652158506563865E-006,-5.360715658753179E-005,
2.494466666666667E+009,2.191971725551412E-004,8.762326615396887E-006,1.604099234100431E-004,3.389587072888389E-005,
2.494500000000000E+009,6.578531611012295E-005,1.008188555715606E-004,4.531131708063185E-005,1.418515603290871E-004,
2.494533333333334E+009,5.261474871076644E-005,-1.051205254043452E-005,1.094377803383395E-004,-1.320761475653853E-005,
2.494566666666667E+009,1.118397449317854E-005,-9.679016329755541E-006,-1.693535068625351E-006,2.210077946074307E-005,
2.494600000000000E+009,1.057067929650657E-004,-2.676615440577734E-005,9.820987179409713E-005,1.078712448361330E-004,
2.494633333333334E+009,3.060239760088734E-005,-6.863557064207271E-005,4.784877455676906E-005,6.040406515239738E-005,
2.494666666666667E+009,1.436883030692115E-004,4.701616489910521E-005,-6.916694019309944E-006,6.168528489070013E-005,
2.494700000000000E+009,1.043515221681446E-004,2.196479545091279E-005,-6.962957854739216E-007,1.164017448900268E-004,
2.494733333333334E+009,1.682836737018079E-004,8.622449968243018E-005,3.861876757582650E-005,1.152619370259345E-004,
2.494766666666667E+009,-2.955904528789688E-005,1.369639940094203E-004,1.422616624040529E-004,-4.357166108093225E-005,
2.494800000000000E+009,2.289918484166265E-004,-1.249732667929493E-005,1.370383106404916E-004,2.726918137341272E-005,
2.494833333333334E+009,-6.499039591290057E-005,-1.588603336131200E-004,3.256713534938172E-005,7.160129462135956E-005,
2.494866666666667E+009,-4.582349720294587E-005,4.290212018531747E-005,1.622692943783477E-004,3.856503462884575E-005,
2.494900000000000E+009,-6.942111212993041E-005,1.306548365391791E-004,1.162094340543263E-004,1.098695793189108E-005,
2.494933333333334E+009,1.511209411546588E-004,3.573526191757992E-005,5.553952360060066E-005,2.211488390457816E-005,
2.494966666666667E+009,1.507429842604324E-004,-7.013083813944832E-005,7.685950549785048E-005,3.503884727251716E-005,
2.495000000000000E+009,1.076337593985954E-005,1.261431066268415E-006,8.034279017010704E-005,9.376755770063028E-005,
2.495033333333334E+009,-5.774226883659139E-005,-1.787309593055397E-004,1.305660407524556E-004,-3.599230331019498E-005,
2.495066666666667E+009,1.693739905022085E-004,-4.439922122401185E-006,-7.665297016501427E-005,4.279760833014734E-005,
2.495100000000000E+009,1.950274017872289E-004,-4.133258357796876E-007,1.708103081909940E-004,4.685743624577299E-005,
2.495133333333334E+009,1.896220346679911E-004,-2.999362732225563E-005,-8.303835784317926E-006,7.291161455214024E-005,
2.495166666666667E+009,3.203726373612881E-005,7.675070082768798E-005,1.247198997589294E-005,7.446807285305113E-005,
2.495200000000000E+009,1.723859604680911E-004,-8.587093179812655E-005,8.693468407727778E-005,1.325563789578155E-004,
2.495233333333334E+009,5.312049324857071E-006,6.410830246750265E-005,3.097895751125179E-005,-2.130982011294691E-006,
2.495266666666667E+009,2.412483736407012E-004,7.210417243186384E-005,1.956369233084843E-004,-4.847383024753071E-005,
2.495300000000000E+009,1.989404845517129E-004,-2.121074430760928E-005,-4.662373976316303E-005,1.008177969197277E-005,
2.495333333333334E+009,7.335375994443893E-005,4.234712832840160E-005,7.981625822139904E-005,2.309669253008906E-005,
2.495366666666667E+009,-4.124064071220346E-005,9.409899939782918E-005,2.130625216523185E-004,-7.442417427228065E-006,
2.495400000000000E+009,8.011511090444401E-005,1.826877087296452E-005,1.151947726611979E-004,2.031303120020311E-005,
2.495433333333334E+009,2.421484168735333E-005,-3.739490421139635E-005,9.514310659142211E-005,-2.845867493306287E-005,
2.495466666666667E+009,1.476093893870711E-004,8.559671550756320E-005,-4.511687620833982E-006,1.115614213631488E-004,
2.495500000000000E+009,1.328860817011446E-004,6.449675856856629E-005,7.463645306415856E-005,3.365926386322826E-005,
2.495533333333334E+009,-2.287071583850775E-005,6.005474278936163E-005,5.370122016756795E-005,-1.157905935542658E-004,
2.495566666666667E+009,1.147457514889538E-004,9.549501555738971E-005,1.147961447713897E-004,-1.622817653696984E-004,
2.495600000000000E+009,6.937588477740064E-005,3.155166996293701E-005,6.974086136324331E-005,-4.127849388169125E-005,
2.495633333333334E+009,1.160264801001176E-004,8.881957910489291E-005,1.604785356903449E-004,3.075281347264536E-005,
2.495666666666667E+009,2.167694765375927E-004,-2.374369978497271E-005,1.550305605633184E-004,2.182735806854907E-005,
2.495700000000000E+009,1.196699085994624E-004,9.040784061653540E-005,2.712379455260816E-006,-4.689472461905098E-006,
2.495733333333334E+009,-1.654524203331675E-005,5.621764648822136E-005,5.822793173138052E-005,-4.238639667164534E-005,
2.495766666666667E+009,6.964212661841884E-005,9.790879994397983E-005,1.259203272638843E-004,6.920906889718026E-005,
2.495800000000000E+009,8.162966696545482E-005,-9.507429786026478E-005,-3.424926399020478E-005,9.873584349406883E-005,
2.495833333333334E+009,2.052297641057521E-004,9.150875848717988E-005,-2.514379411877599E-005,1.120361266657710E-004,
2.495866666666667E+009,1.700092616374604E-005,7.917579932836816E-005,6.342498090816662E-005,-2.325244531675708E-005,
2.495900000000000E+009,2.453121487633325E-005,-5.637946378556080E-005,5.237648656475358E-005,6.411083450075239E-005,
2.495933333333334E+009,2.123386911989655E-005,-9.687062993180007E-005,1.568811567267403E-004,-1.051060171448626E-004,
2.495966666666667E+009,9.732123726280406E-005,5.032200351706706E-005,-1.563847581564914E-005,8.806618279777467E-005,
2.496000000000000E+009,2.000814856728539E-004,-3.065263808821328E-005,9.026985208038241E-005,-7.170347089413554E-005,
2.496033333333334E+009,7.336281851166859E-005,1.254878443432972E-004,5.572286681854166E-005,5.066001540399157E-005,
2.496066666666667E+009,8.430507295997813E-005,1.089062279788777E-004,7.707229087827727E-005,-4.062444713781588E-005,
2.496100000000000E+009,8.305910159833729E-005,1.221310230903328E-004,1.182763808174059E-004,6.879588181618601E-005,
2.496133333333334E+009,-6.446152110584080E-005,-4.490680294111371E-005,1.744045002851635E-004,9.977336594602093E-005,
2.496166666666667E+009,3.408549673622474E-005,4.037357575725764E-005,1.247207255801186E-004,2.589525320217945E-005,
2.496200000000000E+009,1.366580836474896E-004,-1.706736657069996E-004,7.782175089232624E-005,1.249822962563485E-004,
2.496233333333334E+009,1.008487961371429E-004,1.132808538386598E-004,8.424430416198447E-005,-7.719908171566203E-005,
2.496266666666667E+009,1.649569639994297E-005,-3.729451782419346E-005,7.764882320770994E-005,1.591196451045107E-005,
2.496300000000000E+009,7.474832091247663E-005,4.674073352362029E-005,8.053640340222046E-005,4.444857950147707E-006,
2.496333333333334E+009,1.603284326847643E-004,-4.859755426878110E-005,-9.771838085725904E-005,1.352027466055006E-004,
2.496366666666667E+009,-1.851943306974135E-005,2.000311542360578E-005,2.519167319405824E-004,1.094135441235267E-004,
2.496400000000000E+009,1.123720358009450E-005,-4.724073733086698E-005,1.436765069229296E-005,-1.817692973418161E-004,
2.496433333333334E+009,1.632693310966715E-004,-1.332215324509889E-004,6.755415233783424E-005,-9.479832806391642E-005,
2.496466666666667E+009,3.766186273423955E-005,-1.106474883272313E-004,-7.300807919818908E-005,3.089230813202448E-005,
2.496500000000000E+009,1.701367145869881E-004,2.062316343653947E-005,-2.087078974000178E-005,-1.279322168556973E-005,
2.496533333333334E+009,1.928633428178728E-004,-9.586558007868007E-005,1.761868188623339E-004,8.685058128321543E-005,
2.496566666666667E+009,-4.732299203169532E-005,-7.167963485699147E-005,6.592998397536576E-005,6.639445200562477E-005,
2.496600000000000E+009,-1.268413507204969E-005,6.237505203898763E-006,1.128840958699584E-004,-6.550717080244795E-005,
2.496633333333334E+009,1.300977164646611E-004,9.962936746887863E-005,1.813863054849207E-004,9.788104216568172E-005,
2.496666666666667E+009,4.255276508047245E-005,4.337580321589485E-005,-1.444205554435030E-005,-3.679010842461139E-005,
2.496700000000000E+009,1.382566406391561E-004,-9.791649063117802E-005,9.932088869391009E-005,1.244527957169339E-004,
2.496733333333334E+009,1.839076430769637E-004,-7.781864405842498E-005,-2.296989623573609E-005,6.856098480056971E-006,
2.496766666666667E+009,1.823162019718438E-004,-1.008610415738076E-004,2.393534668954089E-004,-2.217117616964970E-005,
2.496800000000000E+009,3.559867400326766E-005,-4.728221392724663E-005,2.116557006957009E-004,-6.129559187684208E-005,
2.496833333333334E+009,8.523001451976597E-005,-9.627131657907739E-005,1.231932110385969E-004,4.209463077131659E-005,
2.496866666666667E+009,1.073128660209477E-004,-8.507996972184628E-005,1.946089032571763E-004,-7.170275239332113E-006,
2.496900000000000E+009,4.237788016325794E-005,-1.055967823049286E-005,1.902473741210997E-004,6.325566937448457E-005,
2.496933333333334E+009,1.582024415256456E-004,-2.023432352871168E-005,1.928604906424880E-004,-3.111282057943754E-005,
2.496966666666667E+009,9.579438483342528E-006,1.188102542073466E-004,9.766601579030976E-005,1.336893910774961E-005,
2.497000000000000E+009,1.738520950311795E-004,-3.101038964814507E-005,6.344149369397201E-006,2.526647585909814E-005,
2.497033333333334E+009,8.898992382455617E-005,-1.344724005321041E-004,6.084994311095215E-005,-8.655952115077525E-006,
2.497066666666667E+009,9.905805200105533E-005,-3.820837082457729E-005,3.621086216298863E-005,-8.173308742698282E-005,
2.497100000000000E+009,-2.808998215186875E-005,-6.029688393027755E-006,1.071335063898005E-004,7.781255590089131E-006,
2.497133333333334E+009,5.523034633370116E-005,-2.948283281511976E-006,7.445606752298772E-005,-5.111444625072181E-005,
2.497166666666667E+009,9.301843965658918E-005,-1.394323189742863E-004,1.550147717352957E-004,-2.218866211478598E-005,
2.497200000000000E+009,1.815475407056510E-004,-1.006818201858550E-004,8.926814916776493E-005,4.308582720113918E-005,
2.497233333333334E+009,1.217764147440903E-004,-1.049706843332388E-004,9.407518518855795E-005,-3.513876436045393E-005,
2.497266666666667E+009,1.232722715940327E-004,7.450256089214236E-005,-2.560543907748070E-005,-4.811600319953868E-006,
2.497300000000000E+009,-1.961541966011282E-005,-1.815085415728390E-004,1.120089509640820E-004,-1.304077431996120E-005,
2.497333333333334E+009,-2.296145612490363E-005,-1.971959500224330E-005,1.083186798496172E-004,-1.315069425800175E-006,
2.497366666666667E+009,3.484382614260539E-005,-7.298341370187700E-005,6.151847628643736E-006,1.221244601765648E-004,
2.497400000000000E+009,5.305120794218965E-005,7.126235141186044E-005,7.271168578881770E-005,9.772933844942600E-005,
2.497433333333334E+009,-1.224314110004343E-005,-6.911629316164181E-005,7.450627890648320E-005,8.528224134352058E-005,
2.497466666666667E+009,4.157969669904560E-005,-9.701557428343222E-005,1.434414152754471E-004,1.153920675278641E-004,
2.497500000000000E+009,1.037282490869984E-004,2.166489866795018E-005,4.591021570377052E-005,-4.502780939219520E-005,
2.497533333333334E+009,-8.452038855466526E-006,-8.972408249974251E-005,1.371356484014541E-004,3.952710176235996E-005,
2.497566666666667E+009,5.552348739001900E-005,3.904130790033378E-005,1.633249485166743E-004,1.138569768954767E-005,
2.497600000000000E+009,1.899139169836417E-004,4.422617712407373E-005,1.090213409042917E-004,-3.374626248842105E-005,
2.497633333333334E+009,1.065967080648989E-004,-2.697822674235795E-005,9.397679241374135E-005,-1.613329950487241E-004,
2.497666666666667E+009,1.634684012969956E-004,4.958748468197882E-005,7.301188452402130E-005,-9.676576883066446E-005,
2.497700000000000E+009,1.286269107367843E-004,8.361706022697035E-006,1.518010685686022E-004,7.348378130700439E-005,
2.497733333333334E+009,8.145758329192177E-005,-6.215027678990737E-005,-2.402874997642357E-005,6.067083086236380E-005,
2.497766666666667E+009,1.429798139724881E-004,-7.736319093964994E-005,3.828077387879603E-005,-1.772991140569502E-006,
2.497800000000000E+009,1.423860376235098E-004,-1.303388708038256E-004,9.765772119862959E-005,-9.884219616651535E-005,
2.497833333333334E+009,1.462226355215535E-004,-1.280067772313487E-005,1.330653176410124E-004,-9.968985978048295E-005,
2.497866666666667E+009,5.236433571553789E-005,-7.746613118797541E-005,1.721335574984551E-004,3.605136589612812E-005,
2.497900000000000E+009,1.608329184819013E-004,-6.280549132497981E-005,3.536839358275756E-005,1.782710933184717E-005,
2.497933333333334E+009,-3.810329508269206E-005,-9.738787048263475E-005,1.223827857756987E-004,3.527981971274130E-005,
2.497966666666667E+009,-1.380402522954682E-006,6.016293627908453E-005,4.476829417399131E-006,8.052881639741827E-006,
2.498000000000000E+009,1.414231519447640E-004,2.039997889369261E-005,-8.750693268666510E-006,-1.062922601704486E-004,
2.498033333333334E+009,4.869632903137244E-006,2.873575249395799E-005,1.473787997383624E-004,-8.735971641726792E-005,
2.498066666666667E+009,2.825866431521718E-005,-1.310583320446312E-004,1.747355854604393E-004,-3.094237399636768E-005,
2.498100000000000E+009,3.545219442457892E-005,-7.677519170101732E-005,1.159591374744196E-005,2.939694604719989E-005,
2.498133333333334E+009,1.119525331887417E-004,-5.567580228671432E-005,8.056653314270079E-005,7.366284989984706E-005,
2.498166666666667E+009,1.346941426163539E-004,-3.298664523754269E-006,5.931140913162381E-005,-2.967592627101112E-005,
2.498200000000000E+009,-3.909344741259702E-005,7.410127000184730E-005,-1.506707667431328E-005,-1.491384027758613E-004,
2.498233333333334E+009,2.477278030710295E-005,-2.452537046337966E-005,1.168792223324999E-004,-1.144588604802266E-004,
2.498266666666667E+009,1.542824902571738E-004,5.560699719353579E-006,-4.968249413650483E-005,-1.285845792153850E-004,
2.498300000000000E+009,1.983501570066437E-004,-8.453199552604929E-005,-2.745396159298252E-005,4.333931428845972E-005,
2.498333333333334E+009,7.182011177064851E-005,-3.939282032661140E-005,2.234362364106346E-005,-1.239132689079270E-004,
2.498366666666667E+009,3.641171133494936E-005,-9.324237180408090E-005,4.465808524400927E-005,-2.354186472075526E-005,
2.498400000000000E+009,1.081596055882983E-004,-1.008743201964535E-004,-5.447728199214907E-006,-9.429751662537456E-005,
2.498433333333334E+009,1.038511254591867E-004,-3.767381349462085E-005,8.170423097908497E-005,-5.025467544328421E-005,
2.498466666666667E+009,-7.607006409671158E-006,-7.059313793433830E-005,4.837426604353823E-005,-6.865963223390281E-005,
2.498500000000000E+009,5.835141564602964E-005,5.187203714740463E-005,7.572640606667846E-005,-3.766588270082139E-005,
2.498533333333334E+009,1.093098762794398E-004,8.357047772733495E-005,5.846164640388452E-005,-5.369638893171214E-005,
2.498566666666667E+009,1.550964952912182E-004,-1.099768778658472E-004,-8.347577022504993E-006,-2.879380372178275E-005,
2.498600000000000E+009,7.706743053859100E-005,-1.208148241857998E-004,6.707747525069863E-005,-6.025675702403532E-006,
2.498633333333334E+009,5.831783710164018E-005,-9.429722558706999E-005,9.304800187237561E-005,-2.648231929924805E-005,
2.498666666666667E+009,5.326944301486947E-005,-4.573972182697617E-005,1.235113595612347E-004,2.744310950220097E-005,
2.498700000000000E+009,1.050819919328205E-004,-7.695181557210162E-005,3.949709935113788E-005,-5.498661266756244E-006,
2.498733333333334E+009,8.349646668648347E-005,-1.640928239794448E-004,7.125722186174244E-005,-2.852113357221242E-005,
2.498766666666667E+009,6.963147461647168E-005,3.314972855150700E-005,7.928027480375022E-005,2.924155705841258E-005,
2.498800000000000E+009,2.178296563215554E-004,9.055448026629165E-005,6.956141442060471E-005,-1.698166161077097E-004,
2.498833333333334E+009,1.637472014408559E-004,-1.930909347720444E-004,1.135987986344844E-004,-2.149897482013330E-004,
2.498866666666667E+009,2.008254668908194E-004,7.654125511180610E-005,1.087174750864506E-004,2.515879350539763E-005,
2.498900000000000E+009,-3.373736035428010E-005,-1.061525836121291E-004,-1.672086909820791E-006,3.095188003499061E-005,
2.498933333333334E+009,3.185274545103312E-005,-6.562174530699849E-005,1.580680509505328E-005,-3.582604040275328E-005,
2.498966666666667E+009,4.390503454487771E-005,-9.387288446305320E-005,6.145940278656781E-005,-7.499768253182992E-005,
2.499000000000000E+009,1.538405340397731E-004,-3.539793397067115E-005,8.881809480953962E-005,-4.435248411027715E-005,
2.499033333333334E+009,2.938596298918128E-005,-1.455135934520513E-004,9.061826131073758E-005,1.602449628990144E-006,
2.499066666666667E+009,1.919954520417377E-004,1.155236968770623E-004,1.144199050031602E-004,-1.194303913507611E-004,
2.499100000000000E+009,1.962775859283283E-004,1.234400988323614E-004,8.063337008934468E-005,-2.304218105564360E-005,
2.499133333333334E+009,3.508400550344959E-005,-2.797947854560334E-005,1.290498767048121E-004,-9.343833517050371E-005,
2.499166666666667E+009,6.038120409357362E-005,-1.012085704132915E-004,1.175827928818762E-004,-3.988390380982310E-005,
2.499200000000000E+009,8.033792255446315E-005,-4.471106512937695E-005,1.598652597749606E-004,8.774022717261687E-005,
2.499233333333334E+009,5.562998921959661E-005,-6.109850801294670E-005,8.126195461954922E-005,-1.048464328050613E-004,
2.499266666666667E+009,3.257961725466885E-005,9.023741586133838E-005,4.924880340695381E-005,-1.225837477250025E-004,
2.499300000000000E+009,4.941504084854387E-005,-1.758620055625215E-004,-7.250751514220610E-005,-9.005767060443759E-005,
2.499333333333334E+009,2.046542504103854E-004,-3.367216413607821E-005,1.493554154876620E-004,-3.608344923122786E-005,
2.499366666666667E+009,5.509741095011123E-005,-1.185013752547093E-005,4.743960016639903E-005,-1.691878132987768E-004,
2.499400000000000E+009,-7.098056084942073E-005,3.614481465774588E-005,-1.225792075274512E-004,-1.646661257836968E-004,
2.499433333333334E+009,1.006232123472728E-004,-6.204639066709206E-005,4.352574615040794E-005,6.785925506846979E-005,
2.499466666666667E+009,8.799491479294375E-005,-1.399486500304192E-004,-8.609544188686868E-009,-6.383169238688424E-005,
2.499500000000000E+009,1.027177768264664E-005,3.690228550112806E-005,1.058196139638312E-004,-1.265225000679493E-004,
2.499533333333334E+009,8.016960782697424E-005,-6.527725781779736E-005,1.776223216438666E-004,-6.658127676928416E-005,
2.499566666666667E+009,3.272488538641483E-005,-6.459462747443467E-005,-2.766900797723793E-005,-1.010167761705816E-004,
2.499600000000000E+009,1.247779000550509E-004,5.102505747345276E-005,-1.401447752868990E-005,-6.719151133438572E-005,
2.499633333333334E+009,-4.412404086906463E-005,-6.407651380868629E-005,8.071678894339129E-005,1.441177846572828E-005,
2.499666666666667E+009,8.437765063717961E-005,9.616708848625422E-005,1.159111125161871E-004,-7.132544851629064E-005,
2.499700000000000E+009,1.620648690732196E-004,6.926511559868231E-005,7.450324483215809E-005,1.198547579406295E-005,
2.499733333333334E+009,1.213343348354101E-004,7.187685696408153E-005,6.614070298383012E-005,-1.423022622475401E-004,
2.499766666666667E+009,-3.069118611165322E-005,-2.413059119135141E-004,6.152402056613937E-005,-1.255517418030649E-004,
2.499800000000000E+009,6.759932875866070E-005,-1.044489763444290E-004,4.798392546945252E-005,-7.335227564908564E-005,
2.499833333333334E+009,-1.376114369122661E-006,-1.889402628876269E-004,1.106547206290998E-004,-9.893068636301905E-005,
2.499866666666667E+009,1.937898487085477E-004,-5.653739572153427E-005,1.070028374670073E-004,-6.986289372434840E-005,
2.499900000000000E+009,2.915461845987011E-005,-6.810300692450255E-005,6.775271231163060E-006,-1.034270608215593E-004,
2.499933333333334E+009,8.191378583433107E-005,-4.392096525407396E-005,1.196746416098904E-005,-4.688561602961272E-005,
2.499966666666667E+009,1.298920833505690E-004,-1.214513395098038E-005,1.506312401033938E-006,-2.469839273544494E-005,
2.500000000000000E+009,2.242216578451917E-005,-1.174606950371526E-004,9.660311479819939E-005,-1.361640897812322E-005,
