% Version 1.00
%
%freq[Hz];re:Trc1_S21;im:Trc1_S21;re:Trc2_S12;im:Trc2_S12;
2.480000000000000E+009,-1.104266120819375E-004,7.896187162259594E-005,-7.090326107572764E-005,5.720490662497468E-006,
2.480033333333334E+009,-1.544857659609988E-004,5.858996155438945E-005,-2.097467404382769E-005,-5.285323641146533E-005,
2.480066666666667E+009,-1.004312725854106E-004,-1.185873697977513E-004,-1.149507079389878E-005,-9.110246901400387E-005,
2.480100000000000E+009,-1.508725981693715E-004,2.814625986502506E-005,-6.279435910983011E-005,-1.148196315625683E-004,
2.480133333333334E+009,-1.237923861481249E-004,-2.592906821519136E-005,-9.938010043697432E-005,-1.455016899853945E-004,
2.480166666666667E+009,-4.355054988991469E-005,-2.467213780619204E-004,-5.341829091776162E-005,-7.494951569242403E-005,
2.480200000000000E+009,-1.093245882657357E-004,-1.073807652574033E-004,-3.430506694712676E-006,-6.064154877094552E-005,
2.480233333333334E+009,-1.414083671988919E-004,-9.078784933080897E-005,7.002207894402091E-006,-1.222382934429334E-006,
2.480266666666667E+009,-8.873287151800469E-005,-6.059597581042908E-005,-6.731630128342658E-005,-5.324793528416194E-005,
2.480300000000000E+009,-8.412767056142911E-005,-5.435853381641209E-005,-9.972970292437822E-005,-7.601467473250523E-007,
2.480333333333334E+009,-1.559414231451228E-004,2.986851905006915E-005,-1.670411147642881E-004,-1.588218583492562E-004,
2.480366666666667E+009,-2.330389361304697E-005,-1.374454441247508E-004,7.021974397503072E-006,-9.754152415553108E-006,
2.480400000000000E+009,6.856628169771284E-005,-1.243821316165850E-004,-1.032340660458431E-004,-2.764238706731703E-005,
2.480433333333334E+009,1.398138283548178E-005,-3.132885467493907E-005,-1.072978629963473E-004,-1.243825536221266E-004,
2.480466666666667E+009,-1.178351085400209E-004,9.164417861029506E-006,-1.398758322466165E-004,-2.245344512630254E-005,
2.480500000000000E+009,-1.342444447800517E-004,-7.342583103309153E-006,-1.908964477479458E-004,8.555067324778065E-006,
2.480533333333334E+009,-3.342555601193453E-006,-1.015198649838567E-004,-4.392672053654678E-005,1.029360282700509E-004,
2.480566666666667E+009,-1.431375858373940E-004,-8.727600652491674E-005,-1.269752392545342E-004,-2.821274574671406E-005,
2.480600000000000E+009,-2.376221964368597E-004,-3.694345286930911E-005,-8.272242121165618E-005,-1.845891820266843E-004,
2.480633333333334E+009,-1.277446699532447E-005,1.682454603724182E-004,-1.377999578835443E-004,-1.833473215810955E-004,
2.480666666666667E+009,-1.045519384206273E-004,-8.097895624814555E-005,-6.656775804003701E-005,-6.453928654082120E-005,
2.480700000000000E+009,-1.153267658082768E-004,-2.617953396111261E-005,2.989313361467794E-005,2.584387584647629E-005,
2.480733333333334E+009,-1.532073365524411E-004,-1.251144858542830E-004,-8.907775190891698E-005,-1.016763417283073E-004,
2.480766666666667E+009,-7.722437294432893E-005,5.111585414852016E-005,-7.135333726182580E-005,-1.468093687435612E-004,
2.480800000000000E+009,-2.352462843191461E-006,-1.355013296233665E-006,-1.586069556651637E-004,-2.901965854107402E-005,
2.480833333333334E+009,-7.925642421469092E-005,8.040797183639370E-006,-1.992894685827196E-004,-7.622046723554377E-006,
2.480866666666667E+009,-1.022081705741584E-004,-2.308676084794570E-005,-5.586335828411393E-005,-2.214517007814720E-004,
2.480900000000000E+009,-1.485488610342145E-004,-4.433062713360414E-005,-8.566626638639718E-005,-9.977602167055011E-005,
2.480933333333334E+009,-1.821774494601414E-004,1.249631054633937E-006,-3.112192280241288E-005,6.601032509934157E-005,
2.480966666666667E+009,-1.218807574332459E-005,-9.709004370961338E-005,-8.784232340985909E-005,-7.130437006708235E-005,
2.481000000000000E+009,-1.559817319503054E-004,9.891742229228839E-005,-6.033376121195033E-005,-1.118407308240421E-004,
2.481033333333334E+009,-1.669438352109864E-004,-8.197274837584700E-006,-7.107567216735333E-005,-2.222016883024480E-005,
2.481066666666667E+009,-1.724362373352051E-004,-9.060322918230668E-005,-1.093144019250758E-004,5.093223444418982E-005,
2.481100000000000E+009,-1.061934017343447E-004,-1.414309954270721E-004,2.427672734484077E-005,-2.960796336992644E-005,
2.481133333333334E+009,-6.670217408100143E-005,-1.349365047644824E-004,-1.736487320158631E-004,-3.402971924515441E-005,
2.481166666666667E+009,-6.083729385863990E-005,2.836393286997918E-005,-2.344875866810980E-007,-1.149961462942883E-004,
2.481200000000000E+009,-1.482883963035420E-004,7.877079769968987E-005,8.522259304299951E-005,-1.035455497913063E-004,
2.481233333333334E+009,-1.344128831988201E-004,-8.126969078148250E-006,-9.438426786800847E-005,6.605073394894134E-006,
2.481266666666667E+009,-1.293891982641071E-004,-1.092363818315789E-004,-2.413700276520103E-004,8.301253546960652E-005,
2.481300000000000E+009,-2.277896710438654E-004,2.841069726855494E-005,-6.115069845691323E-005,3.740574538824149E-005,
2.481333333333334E+009,-1.307095408265013E-005,-9.403934382135049E-005,-7.374952110694721E-005,-5.228283771430142E-005,
2.481366666666667E+009,-5.552680886466987E-005,-7.756205013720319E-005,-4.363834523246624E-005,6.305996066657826E-005,
2.481400000000000E+009,5.512279585673241E-006,-1.271230867132545E-004,-2.047467860393226E-004,-6.145836960058659E-005,
2.481433333333334E+009,3.537859083735384E-005,-1.040592451317934E-005,-5.673239502357319E-005,4.705112587544136E-005,
2.481466666666667E+009,1.091944341169437E-005,2.432811379549094E-005,-1.125876951846294E-004,8.771261491347104E-005,
2.481500000000000E+009,1.600141331437044E-005,2.582695924502332E-005,-3.830699370155344E-006,-3.231858136132360E-005,
2.481533333333334E+009,-5.414456609287299E-005,1.372976203128928E-005,-1.088097560568713E-004,1.213628347613849E-004,
2.481566666666667E+009,-3.328555976622738E-005,-7.779529551044107E-005,-9.168362885247916E-005,1.931062251969706E-005,
2.481600000000000E+009,-2.582371962489560E-005,8.155027899192646E-005,-2.371435111854225E-004,-1.179036480607465E-004,
2.481633333333334E+009,-1.394644059473649E-004,6.063701948733069E-005,-9.324096026830375E-005,1.063762392732315E-004,
2.481666666666667E+009,-9.252220479538664E-005,-4.146605715504848E-005,-1.312122039962560E-004,-2.633142503327690E-005,
2.481700000000000E+009,6.122719059931114E-005,2.490778570063412E-005,-6.370989285642281E-005,-2.695537295949180E-005,
2.481733333333334E+009,1.628618520044256E-005,-7.668100442970172E-005,-6.620383646804839E-005,-1.905263275148172E-006,
2.481766666666667E+009,-1.778958103386685E-004,-1.595865433046129E-005,-1.368079829262570E-004,-6.074561679270119E-005,
2.481800000000000E+009,1.063779563992284E-005,6.641605978074949E-006,-1.152495678979904E-005,-1.074785686796531E-004,
2.481833333333334E+009,-3.492692485451698E-005,1.937286651809700E-005,-5.888347732252441E-005,1.482762763771461E-005,
2.481866666666667E+009,-4.619757601176389E-005,-3.770149851334281E-005,-1.096011474146508E-004,-9.556450822856277E-005,
2.481900000000000E+009,-4.024845111416653E-005,-9.138452878687531E-005,-6.360974657582119E-005,3.535626819939353E-005,
2.481933333333334E+009,-6.695465708617121E-005,1.310765765083488E-005,-1.927844277815893E-004,-4.503012860368472E-006,
2.481966666666667E+009,4.230168713093008E-007,-8.859112131176516E-005,2.847659743565600E-005,-5.802501982543618E-005,
2.482000000000000E+009,-1.474101009080187E-004,-1.202384592033923E-004,-1.023780278046615E-004,-3.622701478889212E-005,
2.482033333333334E+009,-3.211597504559904E-005,3.214932803530246E-005,-2.126507752109319E-004,4.526430348050781E-005,
2.482066666666667E+009,-3.349998678459087E-006,7.613339403178543E-005,-1.510144793428481E-004,7.469363481504843E-005,
2.482100000000000E+009,-4.073317541042343E-005,-1.715809230518062E-005,-3.356083470862359E-005,2.116249379469082E-005,
2.482133333333334E+009,-1.720735308481380E-004,-2.091745955112856E-005,-8.277382585220039E-005,6.962756742723286E-005,
2.482166666666667E+009,-1.827227970352396E-004,1.804279017960653E-004,-2.206280478276312E-004,-1.343289331998676E-004,
2.482200000000000E+009,-2.594889519969001E-005,-5.383891675592167E-006,8.293157407024410E-006,-8.898322994355112E-005,
2.482233333333334E+009,-5.533371222554706E-005,-9.511478310741950E-006,4.097140117664821E-005,5.962022623862140E-005,
2.482266666666667E+009,-1.297044072998688E-004,1.017263275571168E-005,-1.479484781157225E-004,-6.590587145183235E-005,
2.482300000000000E+009,8.651919779367745E-005,-2.838667569449171E-005,2.446934672661882E-007,4.521648952504620E-005,
2.482333333333334E+009,-1.374993007630110E-004,3.993064819951542E-005,-1.929612626554444E-004,-1.918332600325812E-006,
2.482366666666667E+009,-1.085782860172913E-004,-1.421561319148168E-004,6.443546590162441E-005,-2.587142080301419E-005,
2.482400000000000E+009,-6.656225741608068E-005,9.971545659936965E-005,-1.481850049458444E-004,-2.482329909980763E-005,
2.482433333333334E+009,-6.512501568067819E-005,-8.017486106837168E-005,-1.373709383187816E-004,5.138498454471119E-005,
2.482466666666667E+009,-1.607124868314713E-004,-6.644781387876719E-005,-1.208103276439942E-004,-8.321053610416129E-005,
2.482500000000000E+009,-2.619520637381356E-005,4.594939673552290E-005,5.468004019348882E-005,2.526293656046619E-006,
2.482533333333334E+009,-1.235450326930732E-004,-1.371969210595125E-005,-1.853444409789518E-004,-1.039633643813431E-004,
2.482566666666667E+009,-1.163046108558774E-004,1.824693172238767E-004,-1.271635264856741E-004,9.895459697872866E-006,
2.482600000000000E+009,-8.041482942644507E-005,3.367952740518376E-005,-1.375789288431406E-004,-6.460057193180546E-006,
2.482633333333334E+009,-6.351902993628755E-005,-1.061793136614142E-005,-2.201075549237430E-004,1.545666309539229E-004,
2.482666666666667E+009,-7.899255433585495E-005,4.552657992462628E-005,-3.671177546493709E-005,-2.995363138325047E-005,
2.482700000000000E+009,-3.768105671042576E-005,-3.088775338255800E-005,4.210695624351502E-005,-3.861118966597132E-005,
2.482733333333334E+009,-6.588020187336952E-005,6.447342457249761E-005,-5.940383925917558E-005,-6.517684232676402E-005,
2.482766666666667E+009,-1.713795973046217E-005,-1.205359149025753E-004,-1.914234453579411E-004,-1.541719143460796E-006,
2.482800000000000E+009,-1.070510770659894E-004,8.713157876627520E-005,-1.187565867439844E-004,-1.591778709553182E-005,
2.482833333333334E+009,-1.081497430277523E-005,7.854142154428701E-007,-1.077426204574294E-004,1.840377226471901E-004,
2.482866666666667E+009,-1.712159428279847E-005,-4.749860090669245E-005,-3.886260674335063E-005,-7.440278568537906E-005,
2.482900000000000E+009,-1.066347176674753E-004,-3.232048766221851E-005,-4.541768066701479E-005,-6.289001612458378E-005,
2.482933333333334E+009,1.765541856002528E-005,-5.810792572447099E-005,-1.512914168415591E-004,-1.139280243478424E-006,
2.482966666666667E+009,2.874629535654094E-005,-4.215906665194780E-005,-1.312136009801179E-004,1.275838149012998E-004,
2.483000000000000E+009,1.233521106769331E-005,1.660702764638700E-005,1.135927050199825E-005,-5.832371971337125E-005,
2.483033333333334E+009,3.354693717483315E-006,7.103945972630754E-005,-5.149566277395934E-005,-4.464957601157948E-005,
2.483066666666667E+009,-1.312456151936203E-005,-1.236526877619326E-004,-6.881048466311768E-005,4.244165029376745E-005,
2.483100000000000E+009,-1.266901381313801E-004,-1.356422435492277E-004,-7.009237015154213E-005,-1.343571930192411E-004,
2.483133333333334E+009,-8.978028927231208E-005,-3.490034941933118E-005,-1.504653482697904E-005,2.444921665301081E-005,
2.483166666666667E+009,-1.077027554856613E-004,-4.246838216204196E-005,1.102992882806575E-005,-1.434736259398051E-005,
2.483200000000000E+009,-1.475737226428464E-004,-1.672395774221513E-005,-1.977993233595043E-004,8.808243001112714E-005,
2.483233333333334E+009,-1.125182971009053E-004,-6.172915163915604E-005,-5.391683953348547E-005,-1.142060791607946E-004,
2.483266666666667E+009,-1.729748328216374E-004,-1.172854754258879E-004,-5.021332617616281E-005,1.393947604810819E-004,
2.483300000000000E+009,-2.093844814226031E-004,9.987500379793346E-005,-8.040122338570654E-005,7.530685979872942E-005,
2.483333333333334E+009,-7.578940130770207E-005,6.910456431796774E-005,4.948898094880860E-006,-1.571390021126717E-004,
2.483366666666667E+009,-4.972697206540033E-005,-7.777944847475737E-005,-9.886643965728581E-005,2.241428518345856E-007,
2.483400000000000E+009,2.207094439654611E-005,6.389676127582789E-005,-7.123625982785597E-005,1.364520576316863E-004,
2.483433333333334E+009,6.635108729824424E-005,1.887487742351368E-004,-1.459414779674262E-004,-9.224077803082764E-005,
2.483466666666667E+009,6.100090831751004E-005,-7.566693238914013E-005,6.356689118547365E-005,-4.075896868016571E-005,
2.483500000000000E+009,-6.107833905844018E-005,-9.282724931836128E-005,2.303612563991919E-005,-1.754563345457427E-005,
2.483533333333334E+009,-1.816506410250440E-004,-8.667018846608698E-005,-3.359630500199273E-005,1.006951788440347E-004,
2.483566666666667E+009,-1.192601121147163E-005,6.635747558902949E-005,-6.886077608214691E-005,-9.097152360482141E-005,
2.483600000000000E+009,-1.143679328379221E-004,8.452766633126885E-005,-1.458743936382234E-004,-1.633977808523923E-005,
2.483633333333334E+009,-1.210715854540467E-004,2.600507832539734E-005,-1.032019790727645E-004,-1.650343256187625E-005,
2.483666666666667E+009,-2.616677375044674E-005,3.931836909032427E-005,5.181602682569064E-005,5.251630864222534E-005,
2.483700000000000E+009,-3.909801671397872E-005,-3.485564229777083E-005,-1.056970140780322E-004,-6.470910739153624E-005,
2.483733333333334E+009,-2.163926983484998E-004,6.840435844424064E-007,-1.903910451801494E-004,1.966457784874365E-005,
2.483766666666667E+009,-9.903922182274982E-005,-8.672862895764411E-005,-9.645807585911825E-005,-5.987952317809686E-005,
2.483800000000000E+009,-3.758623279281892E-005,5.834885814692825E-005,-9.557804878568277E-005,5.753470395575278E-005,
2.483833333333334E+009,-9.009637869894505E-005,-3.814903539023362E-005,-9.007853077491745E-005,-5.701631016563624E-005,
2.483866666666667E+009,-5.605486512649804E-005,1.162042899522930E-004,-1.655685482546687E-004,-1.195503427879885E-004,
2.483900000000000E+009,-1.607166777830571E-004,-7.387323876173468E-006,-1.491357252234593E-004,-4.561032255878672E-005,
2.483933333333334E+009,-2.314828634553123E-005,-1.781851169653237E-004,-1.699375861790031E-004,-8.623843314126134E-005,
2.483966666666667E+009,1.352256003883667E-005,-5.082627467345446E-005,1.527452354821435E-006,8.626579801784828E-005,
2.484000000000000E+009,-8.698269812157378E-005,3.863767051370814E-005,-1.135861930379178E-005,-5.206169953453355E-005,
2.484033333333334E+009,-4.718864511232823E-005,-5.942955976934172E-005,1.966250238183420E-005,-4.126319254282862E-006,
2.484066666666667E+009,-6.099311940488406E-005,7.063759312586626E-006,-1.435133308405057E-004,2.071931339742150E-005,
2.484100000000000E+009,-6.563611532328650E-005,-1.196393350255676E-005,5.589582724496722E-005,6.827450761193177E-006,
2.484133333333334E+009,-5.689133831765503E-005,6.300982931861654E-005,-1.291536318603903E-004,7.765464397380129E-005,
2.484166666666667E+009,7.579277280456154E-006,-1.068777273758315E-004,-1.393136190017685E-004,-1.063215895555913E-004,
2.484200000000000E+009,-7.772769458824769E-005,-8.709148096386343E-005,-9.730667807161808E-005,-2.344602398807183E-005,
2.484233333333334E+009,-6.900482549099252E-005,-3.110470788669772E-005,-7.657922105863690E-005,2.896977275668178E-005,
2.484266666666667E+009,-8.550695929443464E-005,5.816179327666760E-005,-1.402381312800571E-004,-3.110862962785177E-005,
2.484300000000000E+009,-7.908116094768047E-005,7.765804912196472E-005,3.103404742432758E-005,-2.273735481139738E-005,
2.484333333333334E+009,-4.247039760230109E-005,2.102035359712318E-004,-9.658421186031774E-005,-1.069831050699577E-004,
2.484366666666667E+009,-1.227236316481140E-005,3.876451955875382E-005,-5.502110070665367E-005,-5.569973291130737E-005,
2.484400000000000E+009,-1.456543486710871E-005,-2.735621637839358E-005,-8.155547402566299E-005,3.860930519294925E-005,
2.484433333333334E+009,4.945444015902467E-005,5.923800563323312E-005,-3.735876089194790E-005,-1.354709092993289E-004,
2.484466666666667E+009,-9.551121183903888E-005,4.423695645527914E-005,-1.158207742264494E-004,7.300808647414669E-005,
2.484500000000000E+009,-1.067242264980450E-004,1.652099854254630E-005,-1.208414687425830E-004,1.512702328909654E-005,
2.484533333333334E+009,-1.658473192946985E-004,5.757392136729322E-005,-1.041743889800273E-004,-9.785321708477568E-006,
2.484566666666667E+009,-7.149219072744018E-006,-7.308663043659180E-005,3.818048207904212E-005,1.527637214167044E-004,
2.484600000000000E+009,-4.333027754910290E-005,1.070188682206208E-005,-1.039304988807999E-004,-1.455229539715219E-005,
2.484633333333334E+009,-9.253932512365282E-005,-1.125669859902700E-005,-3.466403722995892E-005,-7.796569843776524E-005,
2.484666666666667E+009,-2.016753714997321E-004,1.023123259074055E-004,-6.772886263206601E-005,-1.861170167103410E-004,
2.484700000000000E+009,-7.618084055138752E-005,-1.770417725310836E-006,6.117968041507993E-006,-4.280771918274695E-006,
2.484733333333334E+009,-8.061865810304880E-005,-2.852143370546401E-005,-1.753963078954257E-005,3.182709770044312E-005,
2.484766666666667E+009,-3.209221467841417E-004,2.158440329367295E-004,-1.257852854905650E-004,8.676863217260689E-005,
2.484800000000000E+009,-4.733890091301873E-005,-7.176541839726269E-005,-7.181119872257114E-005,-2.315765414095949E-006,
2.484833333333334E+009,-8.180060103768483E-005,-6.815519736846909E-005,-2.250482430099510E-005,6.048858995200135E-005,
2.484866666666667E+009,-1.168497619801201E-004,-9.280983067583293E-005,-3.287451545475051E-005,1.600641917320900E-005,
2.484900000000000E+009,-1.223869330715388E-004,1.699871791061014E-004,-9.791717457119376E-005,8.277951565105468E-006,
2.484933333333334E+009,-4.504367825575173E-005,-5.004132617614232E-005,-6.437558113248088E-006,-8.263405470643193E-005,
2.484966666666667E+009,-7.418490713462234E-005,4.832514605368488E-005,-2.766831312328577E-005,3.819369885604829E-005,
2.485000000000000E+009,-1.347982324659824E-004,1.104731418308802E-004,-9.189427510136738E-005,3.921005918527953E-005,
2.485033333333334E+009,-1.292810338782147E-004,-1.018929324345663E-004,-9.880399011308327E-005,-8.700489706825465E-005,
2.485066666666667E+009,4.179634197498672E-005,1.404212089255452E-004,-1.429558960808208E-005,6.383071740856394E-005,
2.485100000000000E+009,-1.632411112950649E-005,-3.157146420562640E-005,-9.922532626660541E-005,-5.194971163291484E-005,
2.485133333333334E+009,-1.060107460943982E-004,1.785658969311044E-005,-1.631630293559283E-004,-1.006220099952770E-005,
2.485166666666667E+009,-4.033382083434844E-006,-6.817476241849363E-005,-2.676685289770830E-005,3.902292519342154E-005,
2.485200000000000E+009,-9.501683962298557E-005,-3.436241968302056E-005,-4.916739999316633E-005,6.079369268263690E-005,
2.485233333333334E+009,-2.878797567973379E-005,-1.008061917673331E-005,-2.115705283358693E-004,-7.208625174826011E-005,
2.485266666666667E+009,-1.571592147229239E-004,-8.382456144317985E-006,-1.216213277075440E-004,-4.320828156778589E-005,
2.485300000000000E+009,-8.252294719568454E-006,2.505771990399808E-004,-1.017382310237736E-004,1.448375041945837E-005,
2.485333333333334E+009,-9.021630103234202E-005,-4.096649354323745E-005,-2.611784439068288E-004,-4.378841538255074E-007,
2.485366666666667E+009,-8.005773270269856E-005,3.291723260190338E-005,-9.506526839686558E-005,-7.058441406115890E-005,
2.485400000000000E+009,-1.253896625712514E-004,2.848295116564259E-005,-7.992183236638084E-005,5.738713184655353E-007,
2.485433333333334E+009,-1.328591024503112E-004,-6.675543409073725E-005,-1.023064578475896E-005,3.986196679761633E-005,
2.485466666666667E+009,-8.915181388147175E-005,6.827389006502926E-005,-1.078142813639715E-004,-9.290414891438559E-005,
2.485500000000000E+009,-1.081579648598563E-005,6.265909178182483E-005,-4.324945621192455E-005,1.486501714680344E-004,
2.485533333333334E+009,-2.105653111357242E-004,-1.310325897065923E-004,-2.122749538102653E-005,-3.748703602468595E-005,
2.485566666666667E+009,-1.104658877011389E-004,-3.472159369266592E-005,-5.823773608426563E-005,-3.142001878586598E-005,
2.485600000000000E+009,-2.029573988693301E-005,-7.848430686863139E-005,-8.920374966692179E-005,-5.812217932543717E-005,
2.485633333333334E+009,-1.035436289384961E-004,8.443582919426262E-005,5.781568688689731E-005,1.108655851567164E-004,
2.485666666666667E+009,-2.001926332013682E-004,5.967210745438933E-005,-1.796610449673608E-004,-2.125070523106842E-006,
2.485700000000000E+009,4.863050889980514E-006,-1.956541200343054E-005,-1.186701410915703E-005,9.612786379875615E-005,
2.485733333333334E+009,2.780186150630470E-006,3.111570913461037E-005,-1.054456806741655E-004,2.005668502533808E-004,
2.485766666666667E+009,-1.945454132510349E-004,-1.191998399008298E-005,-1.113998660002835E-004,-3.554320574039593E-005,
2.485800000000000E+009,-2.464602948748507E-005,5.002422312827548E-006,-1.330890809185803E-004,6.065210982342251E-005,
2.485833333333334E+009,-2.411155874142423E-004,1.067327466444112E-004,-4.638186146621592E-005,1.433571560482960E-005,
2.485866666666667E+009,1.622380978005822E-006,3.543802449712530E-005,-6.445276085287333E-005,-1.083400456991512E-005,
2.485900000000000E+009,-7.217854727059603E-005,6.068058064556681E-005,-4.694566996477079E-006,6.024787126079900E-006,
2.485933333333334E+009,-4.682374128606170E-005,-9.812115604290739E-005,4.581095708999783E-005,-3.356196657477994E-006,
2.485966666666667E+009,-1.064749158103950E-004,1.767151843523607E-004,2.682640479179099E-005,2.381719468758092E-006,
2.486000000000000E+009,-1.153820849140175E-004,8.095759767456912E-006,-4.679155972553417E-005,-6.945789937162772E-005,
2.486033333333334E+009,-1.729048235574737E-004,7.311768422368914E-005,-7.718627603026107E-005,-7.536890916526318E-005,
2.486066666666667E+009,-1.400038017891347E-004,5.019768650527112E-005,3.017566632479429E-005,1.791909744497389E-005,
2.486100000000000E+009,-1.566515566082671E-004,8.019595952646341E-006,-4.081640872755088E-005,1.592789340065792E-004,
2.486133333333334E+009,-1.277217525057495E-004,-5.015646456740797E-005,3.211173316230997E-005,-1.398635795339942E-004,
2.486166666666667E+009,-1.305136247538030E-004,1.257997246284504E-005,-1.126263523474336E-004,4.898786210105754E-005,
2.486200000000000E+009,-7.771728996885940E-005,1.750685914885253E-004,-3.653499152278528E-005,-3.742871194845066E-005,
2.486233333333334E+009,-6.857799598947167E-005,8.506411541020498E-005,-8.387235720874742E-005,7.907049439381808E-005,
2.486266666666667E+009,-5.275326839182526E-005,9.788996067072731E-007,6.117243174230680E-005,6.403884526662296E-006,
2.486300000000000E+009,-4.159556192462333E-005,5.444772978080437E-005,-6.268329161684960E-005,1.571502616570797E-005,
2.486333333333334E+009,4.707568223238923E-005,-1.006245156531804E-006,-1.363169722026214E-004,-3.394220584596042E-006,
2.486366666666667E+009,-1.394572318531573E-004,2.184728655265644E-004,-7.291280053323135E-005,1.985822200367693E-005,
2.486400000000000E+009,-1.312270615017042E-004,4.774004992214032E-005,5.667794175678864E-005,5.108095501782373E-005,
2.486433333333334E+009,-2.652472358022351E-005,1.497073208156508E-005,-8.376020559808239E-005,9.840640268521383E-005,
2.486466666666667E+009,-8.224322664318606E-005,-1.993612204387318E-005,-6.822069553891197E-005,1.141711836680770E-004,
2.486500000000000E+009,-9.415784006705508E-005,1.062457813532092E-004,3.409077544347383E-005,9.840929124038667E-006,
2.486533333333334E+009,-4.238817564328201E-005,5.099905683891848E-005,-9.500743180979043E-005,4.716913099400699E-005,
2.486566666666667E+009,-1.393349084537476E-004,-2.511260390747339E-005,3.201838626409881E-005,7.032688154140487E-005,
2.486600000000000E+009,-4.576520950649865E-005,1.539636577945203E-004,-1.046413381118327E-004,1.524717390566366E-005,
2.486633333333334E+009,-4.327072019805200E-005,1.240447891177610E-004,-1.173283599200659E-004,-1.866122488536348E-006,
2.486666666666667E+009,-1.058869311236776E-004,8.364710083696991E-006,2.559895983722527E-005,6.872504309285432E-005,
2.486700000000000E+009,6.418823431886267E-006,-6.274753104662523E-005,7.556152559118345E-005,1.191687406389974E-004,
2.486733333333334E+009,3.829237175523303E-005,2.821617454173975E-005,-8.435044583166018E-005,4.514468309935182E-005,
2.486766666666667E+009,2.474636312399525E-005,-2.544746348576155E-005,2.641969877004158E-005,9.420162677997723E-005,
2.486800000000000E+009,-5.045802390668541E-005,1.191344927065074E-004,-6.336880323942751E-005,1.287276245420799E-005,
2.486833333333334E+009,-6.689825386274606E-005,-3.417303742025979E-005,-5.353824235498905E-005,2.651504928508075E-006,
2.486866666666667E+009,-2.114462113240734E-004,1.521276590210619E-005,-1.166470683529042E-004,1.141140310210176E-004,
2.486900000000000E+009,-1.032647996908054E-004,1.803991617634893E-004,-1.528782449895516E-004,8.384202374145389E-005,
2.486933333333334E+009,-6.592426871065982E-006,4.187421291135252E-005,-8.165606413967907E-005,1.298670304095140E-005,
2.486966666666667E+009,-2.054115975624882E-005,-5.489416253112722E-006,-5.634886838379316E-005,1.214439253089950E-004,
2.487000000000000E+009,-2.326081994397100E-005,6.199066410772502E-005,-2.074669828289188E-005,6.190143903950229E-005,
2.487033333333334E+009,-4.331981472205371E-006,6.417706026695669E-005,-6.661943916697055E-005,1.343897602055222E-004,
2.487066666666667E+009,-1.031015999615192E-004,-7.082463707774878E-005,-7.262539293151349E-005,-4.138613439863548E-005,
2.487100000000000E+009,-6.505633064080030E-005,3.797437602770515E-005,-1.032696236507036E-004,-2.791443512251135E-005,
2.487133333333334E+009,-4.548335709841922E-005,2.202558607677929E-005,-8.115592936519533E-005,-8.623125177109614E-005,
2.487166666666667E+009,2.197301910200622E-005,-3.065499549848028E-005,-1.037829642882571E-004,9.744192357175052E-005,
2.487200000000000E+009,-1.166963920695707E-004,8.694656571606174E-005,-8.263476775027812E-005,7.477807230316103E-005,
2.487233333333334E+009,-7.712747174082324E-005,8.998418343253434E-005,-7.367203215835616E-005,1.414064317941666E-004,
2.487266666666667E+009,-8.040711691137403E-005,2.047417547146324E-005,-5.578681884799153E-005,7.956906483741477E-005,
2.487300000000000E+009,3.021448173967656E-005,3.592775829019956E-005,-5.557059193961322E-005,8.116140088532120E-005,
2.487333333333334E+009,4.438871837919578E-005,9.621040953788906E-005,1.243445876752958E-004,1.023318473016843E-004,
2.487366666666667E+009,-3.470726951491088E-004,-2.672506707313005E-005,-8.424816769547761E-005,1.779307967808563E-005,
2.487400000000000E+009,-1.004106707114261E-005,1.547765423310921E-004,-2.944863410903054E-007,8.826902922010049E-005,
2.487433333333334E+009,2.600566040200647E-005,4.281059955246747E-005,-3.535000723786652E-005,3.485831985017285E-005,
2.487466666666667E+009,-5.925385630689561E-005,4.771035946760094E-006,7.115729385986924E-005,-3.175469828420319E-005,
2.487500000000000E+009,-5.607746061286889E-005,2.030674077104777E-004,4.939498830935918E-005,2.275352926517371E-005,
2.487533333333334E+009,-4.557345528155565E-005,1.630853512324393E-004,2.722131466725841E-005,2.813108731061220E-004,
2.487566666666667E+009,-1.638246467337012E-004,6.812364517827518E-006,2.989011227327865E-005,1.799903257051483E-004,
2.487600000000000E+009,-1.416137638443615E-005,1.605786819709465E-004,-7.462315261363983E-005,1.233144721481949E-004,
2.487633333333334E+009,-9.703745308797807E-005,6.279288936639205E-005,-1.631872291909531E-004,8.720467303646728E-005,
2.487666666666667E+009,6.995155126787722E-005,7.604982965858653E-005,-1.742798194754869E-004,9.118983143707737E-005,
2.487700000000000E+009,-6.758929521311075E-005,1.001154814730398E-004,-1.160625542979688E-004,-4.233954314258881E-005,
2.487733333333334E+009,-8.193832763936371E-005,1.128269504988566E-004,1.790276110114064E-005,1.153382108896039E-004,
2.487766666666667E+009,-1.868261642812286E-005,1.677918407949619E-005,-1.053012674674392E-004,6.308269075816497E-005,
2.487800000000000E+009,5.041289477958344E-005,-5.644329212373123E-005,-3.096582440775819E-005,9.734299965202808E-005,
2.487833333333334E+009,2.658940684341360E-005,1.078850837075152E-004,-1.183925851364620E-004,1.373084378428757E-004,
2.487866666666667E+009,3.540406396496110E-005,1.768784422893077E-004,4.090944912604755E-006,1.155461868620478E-004,
2.487900000000000E+009,1.192533272842411E-005,4.202991112833843E-005,3.662077460830915E-006,-1.320360115641961E-005,
2.487933333333334E+009,-2.107230830006301E-004,5.809572758153081E-005,2.591153679531999E-005,1.215403972310014E-004,
2.487966666666667E+009,1.321318904956570E-005,1.217410535900854E-004,-4.852428901358508E-005,8.269520185422152E-005,
2.488000000000000E+009,-2.001282518904191E-005,-1.982480898732320E-005,-4.228012039675377E-005,8.648300718050450E-005,
2.488033333333334E+009,-1.279889838770032E-004,1.975326085812412E-005,-9.810816118260846E-005,1.128049188992009E-004,
2.488066666666667E+009,9.878718992695212E-005,1.911689614644274E-004,-1.223178405780345E-004,1.121016321121715E-004,
2.488100000000000E+009,-7.160467066569254E-005,1.448489092581440E-005,6.674585893051699E-005,9.186853276332840E-006,
2.488133333333334E+009,-8.777366747381166E-005,8.156825788319111E-005,-4.311335578677245E-005,1.833458663895726E-004,
2.488166666666667E+009,-3.694404949783348E-005,1.095628758776002E-004,-2.432981091260444E-005,1.493845320510445E-005,
2.488200000000000E+009,-1.200069164042361E-005,2.231373364338651E-004,-8.241214527515695E-005,1.806207728805021E-004,
2.488233333333334E+009,9.198964107781649E-005,1.535315241198987E-004,-4.164129495620728E-005,1.840808909037150E-005,
2.488266666666667E+009,-1.093744649551809E-004,1.258861157111824E-004,1.062885530700441E-005,7.483105582650751E-005,
2.488300000000000E+009,8.831903687678278E-005,5.003167098038830E-005,2.481615956639871E-005,1.531504385638982E-004,
2.488333333333334E+009,-5.108489494887181E-005,2.011733340623323E-005,-3.468888826319017E-005,8.251416875282303E-005,
2.488366666666667E+009,-6.404209125321358E-005,-3.126887168036774E-005,-6.982449849601835E-005,1.346966892015189E-004,
2.488400000000000E+009,-6.209591902006650E-006,5.248225352261215E-005,-1.705893919279333E-005,1.220670947077451E-005,
2.488433333333334E+009,4.126114072278142E-005,1.215731244883500E-004,-9.642701479606330E-005,1.089728684746660E-004,
2.488466666666667E+009,1.114781553042121E-004,7.799374725436792E-005,2.150140244339127E-005,-1.383603666909039E-004,
2.488500000000000E+009,-6.540874164784327E-005,1.419481850462034E-004,-5.184625479159877E-005,1.841046905610710E-004,
2.488533333333334E+009,2.888986091420520E-005,-7.825783541193232E-005,-3.990731420344673E-005,3.109304452664219E-005,
2.488566666666667E+009,5.502506974153221E-005,2.746097379713319E-005,-8.341061038663611E-005,1.663764705881476E-004,
2.488600000000000E+009,-1.038530899677426E-004,1.623359130462632E-004,-1.255609677173197E-004,1.383041671942920E-004,
2.488633333333334E+009,-2.159365430998150E-005,5.226378561928868E-005,-3.073819971177727E-005,9.246867557521910E-005,
2.488666666666667E+009,-9.389661136083305E-005,1.346933131571859E-004,6.021712397341617E-005,1.150990647147410E-004,
2.488700000000000E+009,-6.464804027928039E-005,2.586653572507203E-004,-6.600961205549538E-005,7.675486995140091E-005,
2.488733333333334E+009,-1.840773802541662E-005,1.027767139021307E-004,-7.625750731676817E-005,-1.009817333397223E-005,
2.488766666666667E+009,-6.909328658366576E-005,1.036244502756745E-004,-1.185539149446413E-004,5.122045331518166E-005,
2.488800000000000E+009,-1.760110026225448E-004,1.623403368284926E-004,-2.268689968332183E-005,-6.886268238304183E-005,
2.488833333333334E+009,-3.652974919532426E-005,4.099042780580930E-005,-4.019384869025089E-005,1.842283018049784E-005,
2.488866666666667E+009,-3.667841156129725E-005,1.355297863483429E-004,-4.036693280795589E-005,6.484542973339558E-005,
2.488900000000000E+009,-1.692921068752185E-005,2.930273767560720E-004,9.035687253344804E-005,2.129146305378526E-004,
2.488933333333334E+009,-9.775422950042412E-005,4.446360617293976E-005,-6.394886440830305E-005,1.148107621702366E-004,
2.488966666666667E+009,1.148953597294167E-004,-3.488989023026079E-005,2.062598650809377E-005,1.468366535846144E-004,
2.489000000000000E+009,2.251326441182755E-005,2.596360536699649E-005,2.541028334235307E-005,1.102912283386104E-004,
2.489033333333334E+009,-1.068529818439856E-004,8.484708087053150E-005,4.531949161901139E-005,1.219026089529507E-004,
2.489066666666667E+009,-3.411201396374963E-005,2.635155578900594E-005,-6.912985554663464E-005,1.625612931093201E-004,
2.489100000000000E+009,-7.798588194418699E-005,1.061193979694508E-004,-1.645521660975646E-005,1.413182326359674E-004,
2.489133333333334E+009,-5.091867024020758E-006,-2.963061524496879E-005,-7.291236397577450E-005,-1.121996137953829E-005,
2.489166666666667E+009,-5.924920696998015E-005,2.830840276146773E-005,3.892229142365977E-005,5.075652006780729E-005,
2.489200000000000E+009,-2.475201199558796E-006,5.890046668355353E-005,-6.289562588790432E-005,2.390606823610142E-005,
2.489233333333334E+009,-5.601448719971813E-005,1.501463411841542E-004,7.937652844702825E-005,6.044380279490724E-005,
2.489266666666667E+009,4.828543751500547E-005,7.234764780150726E-005,-1.168070230050944E-005,5.358129783417098E-005,
2.489300000000000E+009,4.662235369323753E-005,1.063402578438399E-005,-8.652098767925054E-005,-5.681013499270193E-005,
2.489333333333334E+009,-5.856710049556568E-005,1.079630528693087E-004,-1.054170134011656E-004,3.597277100197971E-005,
2.489366666666667E+009,-1.447422528144671E-005,2.062632265733555E-004,6.079367813072167E-005,2.455524372635409E-005,
2.489400000000000E+009,-1.549918124510441E-005,8.796242036623880E-005,3.488711081445217E-005,-2.626069999678293E-006,
2.489433333333334E+009,1.235975505551323E-004,1.905209064716473E-004,-9.765315917320550E-005,1.246379251824692E-004,
2.489466666666667E+009,-1.314663677476347E-004,7.795411511324346E-005,9.687474630482029E-006,6.314952042885125E-005,
2.489500000000000E+009,-5.385900658438914E-005,8.109237387543544E-005,6.102464976720512E-005,4.702774458564818E-005,
2.489533333333334E+009,-1.261991710634902E-004,1.149733652709983E-004,1.025837191264145E-004,2.451119325996842E-005,
2.489566666666667E+009,9.238628263119608E-005,4.297790655982681E-005,-6.333675264613703E-005,1.041420764522627E-004,
2.489600000000000E+009,-4.701437865151092E-005,6.588017276953906E-005,-1.277850060432684E-006,1.249169436050579E-004,
2.489633333333334E+009,9.877623233478516E-005,1.457393373129889E-004,1.650385820539668E-005,1.436984748579562E-004,
2.489666666666667E+009,4.534058825811371E-005,1.349680969724432E-004,5.481936386786401E-005,5.497990059666336E-005,
2.489700000000000E+009,4.025159796583466E-005,5.285249426378869E-005,-5.011258326703683E-005,1.351977971353335E-006,
2.489733333333334E+009,-6.770859909011051E-005,4.530564910965040E-005,9.051705274032429E-005,1.000468764686957E-004,
2.489766666666667E+009,7.128193101380020E-005,1.541675155749545E-004,2.740892887231894E-005,2.286993367306422E-005,
2.489800000000000E+009,2.511320599296596E-005,1.827934647735674E-005,1.057416448020376E-004,2.400283301540185E-005,
2.489833333333334E+009,2.703499376366381E-005,1.351313549093902E-004,4.009607891930500E-006,1.136451392085291E-004,
2.489866666666667E+009,5.612793756881729E-005,7.049906707834452E-005,1.385477953590453E-004,1.694819729891606E-005,
2.489900000000000E+009,1.595824433024973E-004,1.479114689573180E-005,-1.846080886025447E-005,7.405726501019672E-005,
2.489933333333334E+009,-7.342037133639678E-005,9.764359856490046E-005,9.441984002478421E-005,7.746114533802029E-006,
2.489966666666667E+009,-3.413158265175298E-005,2.385732659604400E-005,1.518402496003546E-005,2.751576721493620E-005,
2.490000000000000E+009,2.030862378887832E-005,-5.839768618898233E-006,5.739029802498408E-005,4.960423757438548E-005,
2.490033333333334E+009,-6.361886335071176E-005,7.555016054539010E-005,8.468984015053138E-005,4.119258301216178E-005,
2.490066666666667E+009,-9.365600999444723E-005,1.114798869821243E-004,7.506048859795556E-005,5.646927820635028E-005,
2.490100000000000E+009,1.485468092141673E-004,1.782612525857985E-004,5.451243850984611E-005,1.047111218213104E-004,
2.490133333333334E+009,1.517526980023831E-004,1.239228295162320E-004,-1.653739309404045E-005,8.712062845006585E-005,
2.490166666666667E+009,-4.558436557999812E-005,1.860120210039895E-005,9.385049452248495E-006,1.188528112834320E-004,
2.490200000000000E+009,2.738868170126807E-005,1.997181680053473E-004,-9.264868276659399E-005,5.769840572611429E-005,
2.490233333333334E+009,-1.178900492959656E-004,4.984827319276519E-005,-4.428770625963807E-005,1.173096825368702E-004,
2.490266666666667E+009,1.202365310746245E-004,1.550496963318437E-004,9.683975076768547E-005,1.181403331429465E-005,
2.490300000000000E+009,6.262644456000999E-005,9.463843161938712E-005,3.341890533192782E-006,1.802904007490724E-004,
2.490333333333334E+009,9.408847108716145E-005,1.110532903112471E-004,1.168701783171855E-004,-8.643764886073768E-006,
2.490366666666667E+009,5.615504505840363E-006,3.140009357593954E-005,-6.490720988949761E-005,1.657399261603132E-004,
2.490400000000000E+009,-5.947043246123940E-005,1.669458142714575E-004,4.244670344633050E-005,9.603851503925398E-005,
2.490433333333334E+009,6.228988786460832E-005,1.178216916741803E-004,3.305699283373542E-005,8.123861334752291E-005,
2.490466666666667E+009,-3.774392098421231E-005,1.653058825468179E-005,4.603642446454614E-005,-4.835202344111167E-005,
2.490500000000000E+009,-7.865137740736827E-005,1.189721078844741E-004,-1.321435847785324E-004,4.311911470722407E-005,
2.490533333333334E+009,3.017770177393686E-005,9.944180055754259E-005,-4.909975905320607E-005,8.705986692802981E-005,
2.490566666666667E+009,5.120580681250431E-005,6.132949783932418E-005,-5.724456855205062E-007,7.222105341497809E-005,
2.490600000000000E+009,2.297829450981226E-005,1.530292647657916E-004,-5.859529846929945E-005,-3.922667019651271E-006,
2.490633333333334E+009,-3.201533763785847E-005,8.425549458479509E-005,-9.404426964465529E-005,2.061568957287818E-004,
2.490666666666667E+009,-7.978985195222776E-006,1.635895205254201E-005,-4.688196713686921E-005,-3.513193587423302E-005,
2.490700000000000E+009,-8.630129013909027E-005,-2.889909228542820E-005,7.407314842566848E-005,4.955796248395927E-005,
2.490733333333334E+009,-4.645937588065863E-005,2.114577000611462E-005,-2.008639603445772E-005,1.770516537362710E-004,
2.490766666666667E+009,5.199342558626086E-005,2.534861778258346E-005,-1.873937799246050E-005,4.609443931258284E-005,
2.490800000000000E+009,7.944049866637215E-005,1.609010155334545E-006,6.388081965269521E-005,6.195692549226806E-005,
2.490833333333334E+009,6.282256072154269E-005,-2.791412725855480E-006,1.046475590555929E-004,1.863062498159707E-004,
2.490866666666667E+009,-2.915440927608870E-005,1.032987493090332E-004,8.303605136461556E-005,1.493964664405212E-004,
2.490900000000000E+009,-3.494172779028304E-005,1.373374252580106E-004,1.367517052131007E-005,-8.877167419996113E-005,
2.490933333333334E+009,-1.089588840841316E-004,-4.925559187540785E-005,2.079587466141675E-005,1.765669148880988E-004,
2.490966666666667E+009,6.158984615467489E-005,-5.985565076116473E-005,5.542660801438615E-006,1.068528436007910E-004,
2.491000000000000E+009,-1.237893866345985E-005,-2.549527198425494E-005,-1.046643956215121E-004,6.740128446836025E-005,
2.491033333333334E+009,1.138452862505801E-004,8.768268889980391E-005,-1.013683286146261E-004,1.082049420801923E-004,
2.491066666666667E+009,1.413242807757342E-005,6.970472441025777E-006,8.057851118792314E-006,1.481088256696239E-004,
2.491100000000000E+009,1.144322959589772E-005,7.814414857421070E-005,2.976414725708310E-005,-7.265305157488911E-007,
2.491133333333334E+009,1.000945194391534E-004,-5.483686618390493E-005,1.209689435199834E-004,1.781507307896391E-004,
2.491166666666667E+009,3.832252696156502E-005,8.833594620227814E-005,1.954462823050562E-005,7.716358231846243E-005,
2.491200000000000E+009,6.186322571011260E-005,1.394743303535506E-004,9.844505257206038E-005,1.249332854058594E-004,
2.491233333333334E+009,1.329015212832019E-004,-1.501330370956566E-005,-4.170311876805499E-005,9.959025192074478E-005,
2.491266666666667E+009,-3.541986370692030E-005,7.054902380332351E-005,1.071603692253120E-004,1.883970107883215E-004,
2.491300000000000E+009,-3.990731420344673E-005,1.445745874661952E-004,2.627804133226164E-005,8.034515485633165E-005,
2.491333333333334E+009,7.234278018586338E-005,7.565112900920212E-005,4.672295835916884E-005,1.382428017677739E-004,
2.491366666666667E+009,7.644520519534126E-005,1.863115758169442E-004,1.114013793994673E-004,8.783311204751954E-005,
2.491400000000000E+009,-5.947695171926171E-006,1.195340664708056E-004,3.117653614026494E-005,-1.929487189045176E-005,
2.491433333333334E+009,-8.806002733763307E-005,1.325874036410824E-004,6.627703896810999E-006,2.268138450745028E-005,
2.491466666666667E+009,3.692567042890005E-005,-3.753057171707042E-005,1.604283352207858E-005,1.740391307976097E-004,
2.491500000000000E+009,5.823466199217364E-005,-2.061415762000252E-005,1.534132898086682E-004,1.614632492419332E-005,
2.491533333333334E+009,4.434530274011195E-005,1.344730408163741E-004,1.096673586289398E-004,8.513560715073254E-006,
2.491566666666667E+009,-4.566527422866784E-005,1.269217755179852E-004,-1.513684765086509E-005,7.769305375404656E-005,
2.491600000000000E+009,7.141577043512370E-006,2.137130832124967E-005,3.347416350152344E-005,1.020928830257617E-004,
2.491633333333334E+009,-5.103103831061162E-005,9.661686635809019E-005,6.195104651851580E-005,9.029897046275437E-005,
2.491666666666667E+009,6.791296618757770E-005,-1.846065242716577E-005,1.552601461298764E-004,-1.524158415122656E-005,
2.491700000000000E+009,5.133638842380606E-005,-2.472773667250294E-005,8.950225310400128E-005,7.012249989202246E-005,
2.491733333333334E+009,4.329086732468568E-005,9.513338591204956E-005,-3.536412350513274E-006,2.356558979954571E-004,
2.491766666666667E+009,3.334737994009629E-005,2.377578493906185E-005,2.817383028741460E-005,1.571575376146939E-005,
2.491800000000000E+009,4.269692362868227E-005,1.981635978154372E-005,6.611947173951194E-005,-1.157481256086612E-005,
2.491833333333334E+009,8.382952364627272E-005,8.682290354045108E-005,1.766729983501136E-004,4.420718687470071E-005,
2.491866666666667E+009,1.787996006896719E-004,1.383480994263664E-004,1.342513423878700E-004,-1.229022700499627E-006,
2.491900000000000E+009,8.441988029517233E-005,5.435449202195741E-005,3.464118708507158E-005,6.151838169898838E-005,
2.491933333333334E+009,2.010501193581149E-004,-3.535293217282742E-005,7.737251507933252E-006,-1.805941064958461E-005,
2.491966666666667E+009,-1.882722608570475E-005,3.330814433866181E-005,-1.138262741733342E-004,4.896550308330916E-005,
2.492000000000000E+009,5.853044785908423E-005,1.679459528531879E-004,2.510228114260826E-006,1.823866332415491E-004,
2.492033333333334E+009,-2.787108314805664E-005,8.728042303118855E-005,-2.986914296343457E-005,3.635611210484058E-005,
2.492066666666667E+009,-2.980719000333920E-005,5.083302676212043E-005,-2.227180266345386E-005,1.189431059174240E-004,
2.492100000000000E+009,-2.179402508772910E-005,6.223977106856182E-005,-1.010785417747684E-004,6.280944944592193E-005,
2.492133333333334E+009,-1.122211979236454E-004,9.624330414226279E-005,5.313223664416000E-005,6.397775109689974E-007,
2.492166666666667E+009,1.816633266571444E-005,5.405273896030849E-006,-7.235957127704751E-006,1.566516584716737E-004,
2.492200000000000E+009,-3.021447264472954E-005,9.928672079695389E-005,4.823086783289909E-005,-9.629683518141974E-006,
2.492233333333334E+009,5.430603050626814E-005,-3.133190693915822E-005,4.945245382259600E-005,-1.211497510666959E-005,
2.492266666666667E+009,7.750360964564607E-006,-7.958337664604187E-005,-3.248169377911836E-005,2.960755045933183E-005,
2.492300000000000E+009,6.231408042367548E-005,1.585427235113457E-004,1.874861118267290E-005,-2.444278106850106E-005,
2.492333333333334E+009,8.007110591279343E-005,1.079202047549188E-004,7.701051799813286E-005,8.828564750729129E-005,
2.492366666666667E+009,8.769122359808534E-005,1.809507230063900E-004,1.824929677241016E-005,2.198927859353717E-006,
2.492400000000000E+009,1.498426136095077E-004,1.853720314102247E-004,2.552701334934682E-005,-3.064589327550493E-005,
2.492433333333334E+009,-1.122753237723373E-004,8.549704944016412E-005,1.442261127522215E-004,1.824434184527490E-005,
2.492466666666667E+009,1.627259625820443E-004,1.880659401649609E-004,-1.382672326144530E-005,9.451431105844677E-005,
2.492500000000000E+009,-2.168664195778547E-006,9.659644274506718E-005,6.817415123805404E-005,1.470529514335794E-005,
2.492533333333334E+009,7.667835598113015E-005,8.829154103295878E-005,5.879812670173124E-005,9.373999637318775E-005,
2.492566666666667E+009,1.289999345317483E-004,-4.892871947959065E-005,9.623315418139100E-005,7.403068593703210E-005,
2.492600000000000E+009,-2.929893707914744E-005,1.181530824396759E-004,6.780369585612789E-005,1.081230657291599E-004,
2.492633333333334E+009,-5.624169716611505E-005,-6.816487439209595E-005,1.006051243166439E-004,5.741753557231277E-005,
2.492666666666667E+009,1.720272484817542E-005,5.616337148239836E-005,1.055954271578230E-004,1.159345192718320E-004,
2.492700000000000E+009,9.614621376385912E-005,1.142017499660142E-004,-9.783093992155045E-005,9.983791096601635E-005,
2.492733333333334E+009,7.112877938197926E-005,8.668058580951765E-005,1.455604506190866E-004,7.669905608054251E-005,
2.492766666666667E+009,-7.253323565237224E-005,1.496378354204353E-005,-6.201496580615640E-005,2.683426464500371E-005,
2.492800000000000E+009,1.116675921366550E-004,2.504071453586221E-004,-1.211574126500636E-004,8.465503924526274E-005,
2.492833333333334E+009,2.442560216877610E-004,2.378651988692582E-004,2.095005766022950E-004,-1.101705129258335E-004,
2.492866666666667E+009,9.929222142091021E-005,-4.602889748639427E-005,-8.153358066920191E-005,2.255829895148054E-005,
2.492900000000000E+009,4.654217627830803E-005,1.097055283025838E-004,1.294373359996826E-004,7.413783896481618E-005,
2.492933333333334E+009,1.517473720014095E-004,1.491018774686381E-004,5.659002636093646E-005,4.315355181461200E-005,
2.492966666666667E+009,9.647578553995118E-005,1.290393993258476E-004,-1.149421495938441E-005,1.031531137414277E-004,
2.493000000000000E+009,6.775958172511309E-005,1.353412517346442E-004,1.411713892593980E-004,-5.391486411099322E-005,
2.493033333333334E+009,-1.078743371181190E-004,5.977285036351532E-005,3.748662857105956E-005,1.155158461187966E-004,
2.493066666666667E+009,1.588632148923352E-004,-3.720864333445206E-005,1.210578848258592E-004,-1.676279862294905E-005,
2.493100000000000E+009,2.879564817703795E-006,1.083238839783007E-005,1.294957473874092E-004,1.034076922223903E-004,
2.493133333333334E+009,6.641733489232138E-005,2.181150739488658E-005,1.551226741867140E-004,4.532442108029500E-005,
2.493166666666667E+009,4.845989678869955E-005,3.027507227670867E-005,5.697267260984518E-005,1.305569749092683E-004,
2.493200000000000E+009,-3.437557825236581E-005,9.768466406967491E-005,-3.688791593958740E-006,1.018191978801042E-004,
2.493233333333334E+009,5.308261097525246E-005,-1.978985528694466E-005,-7.739964348729700E-005,1.786433131201193E-005,
2.493266666666667E+009,1.687572512309998E-004,1.987095747608692E-004,1.992544457607437E-005,1.160960164270364E-004,
2.493300000000000E+009,8.126275133690797E-006,6.344062421703711E-005,1.047326441039331E-004,-4.701305806520395E-005,
2.493333333333334E+009,-1.678660628385842E-004,2.109084016410634E-004,7.646982703590766E-005,3.966119766118936E-005,
2.493366666666667E+009,1.529823493910953E-004,5.427864016382955E-005,-1.673415863479022E-005,5.039349707658403E-005,
2.493400000000000E+009,1.767354115145281E-005,1.050863866112195E-004,1.274612441193312E-004,6.568325625266880E-005,
2.493433333333334E+009,8.468091255053878E-005,1.065187025233172E-004,1.322308817179874E-004,9.843399311648682E-005,
2.493466666666667E+009,6.787357415305451E-005,5.006590436096303E-005,6.217003829078749E-005,1.484492095187306E-004,
2.493500000000000E+009,3.559021570254117E-005,1.773187432263512E-005,6.688312714686617E-005,-2.714275979087688E-006,
2.493533333333334E+009,6.976123404456303E-005,-7.880847988417372E-006,7.549762085545808E-005,1.875570160336793E-004,
2.493566666666667E+009,-6.223241507541388E-005,-8.145770698320121E-005,-7.743496826151386E-005,1.173876371467486E-004,
2.493600000000000E+009,-1.142802284448408E-005,6.306915565801319E-006,2.131725341314450E-004,7.526145782321692E-005,
2.493633333333334E+009,5.396731648943387E-005,6.494337867479771E-005,1.123722199736221E-006,1.500225480413064E-004,
2.493666666666667E+009,2.074774056382012E-005,8.307302778121084E-005,4.970407098880969E-005,2.220489695901051E-004,
2.493700000000000E+009,-3.420959546929225E-005,1.271778601221740E-004,4.799301677849144E-005,2.050604052783456E-005,
2.493733333333334E+009,-2.123262129316572E-005,4.384320345707238E-005,-4.963982064509764E-005,4.753436587634496E-005,
2.493766666666667E+009,7.903733785497025E-005,7.370092498604208E-005,1.201984414365143E-004,1.551963214296848E-004,
2.493800000000000E+009,-5.045125726610422E-005,8.448307926300913E-005,-4.155831265961751E-005,2.697982154131751E-006,
2.493833333333334E+009,8.602741581853479E-005,1.051896615535952E-004,1.975035411305726E-005,8.010904275579378E-005,
2.493866666666667E+009,8.307244570460171E-005,-2.408715045021381E-005,1.220750564243645E-004,3.964126153732650E-005,
2.493900000000000E+009,-6.777034286642447E-005,8.269696081697475E-006,-3.276456845924258E-005,9.502749162493274E-005,
2.493933333333334E+009,-4.979037839802913E-005,2.552398836996872E-005,-3.666023303594557E-006,-4.884195732302032E-005,
2.493966666666667E+009,1.118639847845770E-004,1.501675433246419E-004,7.393026317004114E-005,7.130907033570111E-005,
2.494000000000000E+009,-6.525037406390766E-006,-8.577682456234470E-005,-2.392112037341576E-005,1.103213776332268E-006,
2.494033333333334E+009,-7.005796942394227E-005,5.605732803815045E-005,1.130089294747450E-004,-4.415076182340272E-005,
2.494066666666667E+009,5.285975203150883E-005,-2.367518573009875E-005,3.866487168124877E-005,5.989599594613537E-005,
2.494100000000000E+009,7.126534910639748E-005,-2.847787072823849E-005,-7.006711530266330E-005,3.471120362519287E-005,
2.494133333333334E+009,3.877093331539072E-005,1.148610899690539E-004,1.110061202780344E-004,-6.393775402102619E-005,
2.494166666666667E+009,4.833557613892481E-005,1.491225411882624E-004,3.706308780238032E-005,-5.506982779479586E-005,
2.494200000000000E+009,1.653010076552164E-005,4.404430001159199E-005,1.539459481136873E-004,1.121989698731341E-004,
2.494233333333334E+009,3.273473703302443E-005,-2.380269143031910E-005,4.651010021916591E-005,1.134103513322771E-004,
2.494266666666667E+009,1.945922667800915E-005,-9.495372796664015E-005,4.267201802576892E-005,3.375139203853905E-005,
2.494300000000000E+009,4.927222835249268E-005,5.150659944774816E-006,1.403921341989189E-004,2.854480499081546E-006,
2.494333333333334E+009,1.300028234254569E-004,1.071101723937318E-005,6.108069646870717E-005,4.341664316598326E-005,
2.494366666666667E+009,1.392616250086576E-004,-3.156602906528860E-005,5.825532207381912E-005,-6.300875156739494E-006,
2.494400000000000E+009,1.283450837945566E-004,1.312635722570121E-004,1.951406193256844E-005,3.355965236551128E-005,
2.494433333333334E+009,6.646093970630318E-005,-4.023132714792155E-005,6.316605868050829E-005,1.484035237808712E-006,
2.494466666666667E+009,1.697541738394648E-004,1.565898564876989E-004,-2.853835030691698E-005,-6.338347884593532E-005,
2.494500000000000E+009,1.686827454250306E-004,4.662928768084385E-005,1.097146814572625E-004,6.421102625608910E-006,
2.494533333333334E+009,2.277370185765903E-005,-4.524455653154291E-005,4.203640855848789E-005,3.362258212291636E-005,
2.494566666666667E+009,5.346856778487563E-005,2.058842364931479E-004,1.749620059854351E-005,4.912517761113122E-005,
2.494600000000000E+009,9.990445687435567E-005,1.052311126841232E-004,3.084630225203000E-005,-1.032254749588901E-005,
2.494633333333334E+009,6.133013812359422E-005,9.313569898949936E-005,4.209715916658752E-005,1.153744306066074E-004,
2.494666666666667E+009,4.252431972417980E-005,-1.336561854259344E-005,3.289494998170994E-005,9.753898484632373E-005,
2.494700000000000E+009,3.964156348956749E-005,1.241560530615971E-004,4.498453563428484E-005,-6.691773887723684E-005,
2.494733333333334E+009,5.364407115848735E-005,3.348145037307404E-005,1.464948436478153E-004,9.215735190082341E-005,
2.494766666666667E+009,7.405005453620106E-005,-5.517080353456549E-005,9.138894529314712E-005,-4.469359919312410E-005,
2.494800000000000E+009,-3.921744792023674E-005,-1.708243507891893E-005,6.944802589714527E-005,1.467424735892564E-004,
2.494833333333334E+009,1.705093745840713E-004,-1.200453425553860E-005,-4.076340337633155E-005,-6.001968358759768E-005,
2.494866666666667E+009,9.800008410820738E-005,-1.987704490602482E-005,8.306574454763904E-005,-6.799385300837457E-005,
2.494900000000000E+009,2.652914263308048E-004,8.344920206582174E-005,1.332985266344622E-004,3.358985122758895E-005,
2.494933333333334E+009,2.388081193203107E-004,-2.137494266207796E-005,-1.706065231701359E-004,4.901593638351187E-005,
2.494966666666667E+009,1.081799127859995E-004,-1.223260551341809E-005,9.619541378924623E-005,1.948400604305789E-004,
2.495000000000000E+009,1.191246774396859E-004,6.970648973947391E-005,4.361141691333614E-005,1.707754418021068E-004,
2.495033333333334E+009,4.657095632865094E-005,-8.290887490147725E-005,-2.810766090988182E-005,4.175918002147228E-005,
2.495066666666667E+009,1.029016784741543E-004,-3.632806328823790E-005,4.686186457547592E-006,3.929845115635544E-005,
2.495100000000000E+009,1.142090914072469E-004,2.760247298283503E-005,-7.410975376842544E-005,-6.746288272552192E-005,
2.495133333333334E+009,9.118152229348198E-005,1.204081345349550E-004,-2.288516952830833E-005,-6.822153954999521E-005,
2.495166666666667E+009,4.509600694291294E-005,1.199547259602696E-004,1.147782386397012E-004,1.821549667511135E-004,
2.495200000000000E+009,5.426938878372312E-005,9.487001079833135E-005,9.677534399088472E-005,3.648761776275933E-005,
2.495233333333334E+009,1.232960930792615E-004,2.016286161961034E-004,9.299729572376236E-005,3.984007344115526E-005,
2.495266666666667E+009,-2.101603422488552E-005,8.430043635598850E-006,8.935076948546339E-006,5.058572241978254E-006,
2.495300000000000E+009,-1.233872808370506E-006,4.858705506194383E-005,1.170057439594530E-004,7.253720013977727E-006,
2.495333333333334E+009,8.702236664248630E-005,-1.932958366523963E-005,1.202007770189084E-004,-1.315635890932754E-004,
2.495366666666667E+009,-3.510774331516586E-005,3.064871270908043E-005,-9.666992809798103E-006,-8.410398004343733E-005,
2.495400000000000E+009,9.263043466489762E-005,-2.415904054942075E-005,1.202751591335982E-004,3.454845864325762E-005,
2.495433333333334E+009,-2.387467611697502E-005,7.188045128714293E-005,1.426462113158777E-004,-1.149197396443924E-005,
2.495466666666667E+009,6.148701504571363E-005,7.649540930287913E-005,2.669217610673513E-005,7.030217966530472E-005,
2.495500000000000E+009,2.206966746598482E-004,9.135881668953516E-007,1.971149904420599E-004,7.602053665323183E-005,
2.495533333333334E+009,1.282248122151941E-004,3.217212361050770E-005,1.276637922273949E-004,7.794699195073918E-005,
2.495566666666667E+009,9.898856660583988E-005,7.486194226657972E-005,7.027328683761880E-005,7.609123713336885E-005,
2.495600000000000E+009,1.210088521474972E-004,-3.570672220121196E-007,8.576909021940082E-005,1.017068207147531E-004,
2.495633333333334E+009,1.303926110267639E-004,-1.158974009740632E-005,8.771525608608499E-005,6.810446939198300E-005,
2.495666666666667E+009,1.318523718509823E-004,1.704578608041629E-004,-3.730853495653719E-005,2.123749436577782E-004,
2.495700000000000E+009,1.518507633591071E-004,8.028863521758467E-005,9.906983177643269E-005,1.120653814723482E-005,
2.495733333333334E+009,9.528963710181415E-005,-1.628264581086114E-004,9.979932656278834E-005,-4.824304050998762E-005,
2.495766666666667E+009,1.588754821568728E-004,1.482977950217901E-005,7.730202923994511E-005,1.611207153473515E-005,
2.495800000000000E+009,8.017443178687245E-005,6.182694050949067E-005,5.427463111118414E-005,2.564143142080866E-005,
2.495833333333334E+009,1.587185688549653E-004,7.592951533297310E-006,4.330933370511048E-005,1.401269109919667E-004,
2.495866666666667E+009,9.455777762923390E-005,6.493988621514291E-005,1.149748495663516E-004,-8.852832252159715E-005,
2.495900000000000E+009,-1.968712604139000E-005,-5.337859329301864E-005,2.065840271825437E-005,1.148136434494518E-004,
2.495933333333334E+009,3.532148548401892E-005,-1.322948664892465E-004,-1.740771222102922E-005,1.772992982296273E-005,
2.495966666666667E+009,6.820639828220010E-005,1.150955140474252E-004,5.513865471584722E-005,1.348546902590897E-005,
2.496000000000000E+009,1.129070878960192E-004,4.845189323532395E-005,9.838533878792077E-005,-5.944621989328880E-006,
2.496033333333334E+009,1.689180862740614E-005,8.904850255930796E-005,1.152599434135482E-004,1.172212432720698E-005,
2.496066666666667E+009,3.835017196252011E-005,-5.456698545458494E-006,-4.016416278318502E-005,-7.828974048607051E-005,
2.496100000000000E+009,1.390148245263845E-004,-3.390515121282078E-005,4.693552182288840E-005,-3.256593845435418E-005,
2.496133333333334E+009,1.752242969814688E-004,8.826571865938604E-005,2.392339811194688E-004,1.006010497803800E-004,
2.496166666666667E+009,4.328869545133784E-005,2.415442759229336E-005,1.520823116152315E-005,-6.274686893448234E-005,
2.496200000000000E+009,1.083509851014242E-004,-1.266397448489443E-004,1.084207106032409E-004,-7.769951480440795E-005,
2.496233333333334E+009,1.760846498655155E-004,-4.524759060586803E-005,4.276891559129581E-006,-3.859347998513840E-005,
2.496266666666667E+009,1.518291537649930E-004,1.090246514650062E-004,3.505149288685061E-005,-1.952337152033579E-005,
2.496300000000000E+009,3.648132042144425E-005,-1.037308611557819E-004,1.589273888384923E-004,-2.375662188569550E-005,
2.496333333333334E+009,2.220708483946510E-005,2.095239142363425E-005,1.313376560574397E-004,-8.014714694581926E-005,
2.496366666666667E+009,1.300006988458335E-004,-1.127982686739415E-004,5.676706496160477E-005,1.114816332119517E-004,
2.496400000000000E+009,9.505759226158261E-005,1.178030724986456E-004,1.386774383718148E-004,8.920034451875836E-005,
2.496433333333334E+009,5.150078868609853E-005,-6.020187720423564E-005,1.834685972426087E-004,-4.251749851391651E-005,
2.496466666666667E+009,8.671484101796523E-005,4.880001142737456E-005,1.135378552135080E-004,-7.544823165517300E-005,
2.496500000000000E+009,1.035280220094137E-004,7.552170427516103E-005,1.260052376892418E-004,9.384771146869753E-006,
2.496533333333334E+009,1.070685757440515E-004,4.528205317910761E-005,-2.949037479993422E-005,5.902517295908183E-005,
2.496566666666667E+009,9.715089254314080E-005,-5.844225233886391E-005,1.152544973592740E-005,-6.958825451874873E-006,
2.496600000000000E+009,1.043978554662317E-004,-2.092451359203551E-005,1.200807128043380E-005,1.001646596705541E-004,
2.496633333333334E+009,3.353176361997612E-005,-6.068300990591524E-006,4.156555587542243E-005,-8.438898657914251E-005,
2.496666666666667E+009,2.162862365366891E-004,7.437961903633550E-005,8.043451089179143E-005,4.816938235308044E-005,
2.496700000000000E+009,9.631671855458990E-005,-8.210902160499245E-005,9.194867743644863E-006,-6.162917270557955E-005,
2.496733333333334E+009,3.774254946620204E-005,4.946878834743984E-005,4.635906952898949E-005,-4.371793329482898E-005,
2.496766666666667E+009,1.616309600649402E-004,-5.566574327531271E-005,6.108290835982189E-005,-1.317555870627984E-005,
2.496800000000000E+009,6.829515768913552E-005,-1.122695975936949E-004,1.475641183787957E-004,-4.737451308756135E-005,
2.496833333333334E+009,7.501627987949178E-005,1.917384361149743E-004,1.089523648261093E-004,-1.715884172881488E-005,
2.496866666666667E+009,-4.718599768693821E-007,-5.974465602776036E-005,7.337006536545232E-005,4.387559965834953E-005,
2.496900000000000E+009,1.063033123500645E-004,-1.430320262443274E-004,1.137535946327262E-004,-4.588550382322865E-006,
2.496933333333334E+009,9.867030894383788E-005,-1.096038886316819E-005,1.564889680594206E-004,-5.698898166883737E-005,
2.496966666666667E+009,7.517876099427667E-008,-2.461054464220069E-005,-1.156819344032556E-004,4.064423410454765E-005,
2.497000000000000E+009,1.749669463606551E-004,5.940202754572965E-005,1.848656029324047E-005,4.347967842477374E-005,
2.497033333333334E+009,1.871650601970032E-004,4.778591392096132E-005,-1.152763252321165E-005,-4.464614539756440E-005,
2.497066666666667E+009,5.605410115094855E-005,1.129428492276929E-004,-1.537997013656423E-005,-2.644779306137934E-005,
2.497100000000000E+009,1.768525107763708E-004,-1.258319680346176E-004,1.564526173751801E-004,6.973237032070756E-005,
2.497133333333334E+009,7.507653208449483E-005,2.792470240819966E-006,5.776759644504637E-005,5.768916253146017E-006,
2.497166666666667E+009,3.977490268880501E-005,1.913663982122671E-005,-6.847953386568406E-007,-5.406563104770612E-006,
2.497200000000000E+009,7.648278551641852E-005,-8.418277138844132E-005,1.378110318910331E-004,5.950707873125793E-007,
2.497233333333334E+009,7.606227154610679E-005,-4.435306436789688E-006,1.158019495051121E-005,-6.348385068122298E-005,
2.497266666666667E+009,4.065589382662438E-005,-5.070104452897795E-005,4.088220521225594E-005,7.881942292442545E-005,
2.497300000000000E+009,1.441611966583878E-004,3.265075065428391E-005,1.901099312817678E-005,-3.289001324446872E-005,
2.497333333333334E+009,2.722672434174456E-005,3.805520464084111E-005,1.484203385189176E-004,-5.687294833478518E-005,
2.497366666666667E+009,1.361517479381291E-005,-6.318054511211813E-005,5.612342647509649E-005,-1.790975147741847E-005,
2.497400000000000E+009,-2.725616832321975E-005,-1.784789783414453E-004,1.758463440637570E-005,5.643182885251008E-005,
2.497433333333334E+009,8.521044946974143E-005,-7.279903911694419E-006,3.082329931203276E-005,-8.775538299232721E-005,
2.497466666666667E+009,4.153117515670601E-006,5.167609560885467E-005,1.978458167286590E-004,-7.377233123406768E-005,
2.497500000000000E+009,2.146002661902458E-004,6.556952575920150E-005,9.079254959942773E-005,-4.111097950953990E-005,
2.497533333333334E+009,1.186606896226294E-004,-2.914348988269921E-005,1.576329668750987E-004,-3.053469527003472E-006,
2.497566666666667E+009,1.518909120932221E-004,-1.378024626319530E-005,1.097900894819759E-004,-7.221595296869054E-005,
2.497600000000000E+009,9.895625407807529E-005,8.253852138295770E-005,2.146697806892917E-005,-8.407940185861662E-005,
2.497633333333334E+009,1.247741602128372E-004,7.020940392976627E-005,1.440065534552559E-004,-1.374995008518454E-005,
2.497666666666667E+009,-6.669887966381793E-007,2.399936965957750E-005,8.788638660917059E-005,-2.795899308694061E-005,
2.497700000000000E+009,1.571982429595664E-004,-4.489819912123494E-005,4.008442192571238E-005,-1.297162816626951E-004,
2.497733333333334E+009,6.033244426362217E-005,7.350762462010607E-005,1.100478475564160E-004,1.592580883880146E-005,
2.497766666666667E+009,1.012474822346121E-004,6.269446748774499E-005,3.267261490691453E-005,1.483851083321497E-004,
2.497800000000000E+009,7.301798177650198E-005,-2.102467442455236E-005,4.443464786163531E-005,-4.934615208185278E-005,
2.497833333333334E+009,2.130587972715148E-006,-5.520226113731042E-005,1.852989080362022E-004,4.673854709835723E-005,
2.497866666666667E+009,1.727282942738384E-004,-6.104718340793625E-005,6.914894765941426E-005,-9.293806942878291E-005,
2.497900000000000E+009,8.462186087854207E-005,-4.364029518910684E-005,1.240452256752178E-004,-8.094210352282971E-005,
2.497933333333334E+009,-2.908556598413270E-005,4.504548269324005E-005,8.319125481648371E-005,-1.643197174416855E-004,
2.497966666666667E+009,1.109539298340678E-004,5.383775351219811E-005,1.202612475026399E-005,-8.805464312899858E-005,
2.498000000000000E+009,5.000341479899362E-005,-9.601822966942564E-005,9.414364467374980E-005,-7.169138552853838E-005,
2.498033333333334E+009,1.434216246707365E-004,-7.441540219588205E-005,1.781299215508625E-004,-6.937497528269887E-005,
2.498066666666667E+009,6.702577957184985E-005,-8.015544881345704E-005,2.032364864135161E-005,-8.678433368913829E-005,
2.498100000000000E+009,7.963750249473378E-005,8.399724174523726E-005,1.899538328871131E-004,3.282419129391201E-005,
2.498133333333334E+009,2.027060399996117E-004,8.143299055518583E-005,1.361074100714177E-005,-4.388505112729035E-005,
2.498166666666667E+009,1.728328061290085E-004,-1.729843497741967E-004,8.123460429487750E-005,1.194090800709091E-004,
2.498200000000000E+009,1.802205515559763E-004,-9.940964082488790E-005,6.850463250884786E-005,4.119681307201972E-006,
2.498233333333334E+009,2.315195843038964E-006,-6.975153519306332E-005,6.996438605710864E-005,-1.656882886891253E-005,
2.498266666666667E+009,6.473142548202304E-006,-1.066464101313613E-004,1.034201704896987E-004,-1.451728348911274E-005,
2.498300000000000E+009,6.389150803443044E-005,9.284570114687085E-005,5.694968422176316E-006,-1.700783323030919E-004,
2.498333333333334E+009,2.196746063418686E-004,-5.147225601831451E-005,1.048864432959817E-004,-7.868976354075130E-006,
2.498366666666667E+009,1.603534910827875E-004,-1.888850420073140E-005,1.235224044648930E-004,-6.398433470167220E-005,
2.498400000000000E+009,1.764647022355348E-004,5.512112329597585E-005,1.260631834156811E-004,7.202062874966941E-007,
2.498433333333334E+009,1.710508513497189E-004,2.186277561122552E-005,1.555054768687114E-004,-4.458975308807567E-005,
2.498466666666667E+009,2.192758547607809E-004,3.613575972849503E-005,1.418866886524484E-004,-1.948796125361696E-004,
2.498500000000000E+009,-6.929120718268678E-005,-9.805649460759014E-005,1.192408526549116E-004,-3.073143716392224E-006,
2.498533333333334E+009,2.754924389591906E-005,-1.200732440338470E-004,-1.983534093596973E-005,-4.832212198380148E-006,
2.498566666666667E+009,7.936156180221587E-005,-1.090426449081861E-004,3.755094439839013E-005,-1.201165723614395E-004,
2.498600000000000E+009,-3.849064887617715E-005,-5.165183392819017E-005,2.022543048951775E-004,-3.978265795012703E-006,
2.498633333333334E+009,1.609299652045593E-004,-1.467803522245958E-004,-6.851328362245113E-005,-1.202774183184374E-005,
2.498666666666667E+009,1.862412464106455E-004,4.120730227441527E-005,-1.244302111444995E-004,-6.870902871014550E-005,
2.498700000000000E+009,4.493732194532640E-005,-8.765627717366442E-005,1.870548148872331E-004,-2.249705721624196E-004,
2.498733333333334E+009,9.674372995505109E-005,-5.993256127112545E-005,8.496871305396780E-005,1.052729021466803E-005,
2.498766666666667E+009,1.550655724713579E-004,-2.259684551972896E-004,3.985797593486495E-005,-8.163924212567508E-005,
2.498800000000000E+009,5.743107249145396E-005,-7.322258625208633E-006,5.578403215622529E-005,-8.828174941299949E-006,
2.498833333333334E+009,5.756022437708452E-005,-4.917108890367672E-005,1.680786044744309E-005,6.401156133506447E-005,
2.498866666666667E+009,-1.046078978106380E-004,-1.600238465471193E-005,1.319869511462457E-006,-1.402969792252407E-004,
2.498900000000000E+009,5.400088775786571E-005,-3.551654299371876E-005,1.644602707528975E-005,2.338657759537455E-005,
2.498933333333334E+009,1.667972974246368E-004,-2.714098991418723E-005,-6.723392289131880E-005,3.632232619565912E-005,
2.498966666666667E+009,-3.184867091476917E-005,-9.400093404110521E-005,2.643705192895141E-005,-8.159945718944073E-005,
2.499000000000000E+009,6.630124698858708E-005,-1.352918625343591E-004,4.027987961308099E-005,9.606878302292898E-005,
2.499033333333334E+009,1.719854299153667E-005,5.929373583057895E-005,8.348130359081551E-005,-1.119179869419895E-004,
2.499066666666667E+009,8.128578338073567E-005,-7.038075273158029E-005,6.062390457373112E-005,8.597579039815173E-007,
2.499100000000000E+009,1.386334042763338E-004,-1.209550755447708E-004,1.375598221784458E-004,4.919566345051862E-005,
2.499133333333334E+009,1.044107193592936E-004,1.977058900592965E-006,1.592965418240055E-005,-4.788795558852144E-005,
2.499166666666667E+009,3.541010300978087E-005,-1.976748171728104E-005,-2.294697515026201E-005,-6.607715477002785E-005,
2.499200000000000E+009,-7.663990982109681E-005,-2.968256558233406E-005,7.501938671339303E-005,1.290760792471701E-005,
2.499233333333334E+009,-2.972488573504961E-006,-5.833980321767740E-005,1.209064575959928E-004,-1.357556902803481E-004,
2.499266666666667E+009,6.562135240528733E-005,4.835485378862359E-005,1.735340192681179E-004,-6.392279465217143E-005,
2.499300000000000E+009,5.309136031428352E-005,-2.440473872411531E-005,1.140899476013146E-004,6.657405901933089E-005,
2.499333333333334E+009,8.099645492620766E-005,3.517530058161356E-005,3.355016451678239E-005,-4.326551425037906E-005,
2.499366666666667E+009,-6.474977271864191E-005,-2.263513306388632E-005,-3.622938675107434E-005,-3.238175122532994E-005,
2.499400000000000E+009,4.924744644085877E-005,-4.966171763953753E-005,1.579450326971710E-004,-4.726096449303441E-005,
2.499433333333334E+009,1.252273796126247E-004,-1.506487897131592E-004,-6.492058309959248E-005,-2.468704769853503E-005,
2.499466666666667E+009,-6.646427937084809E-005,6.728548032697290E-005,2.090065027005039E-005,-9.684240649221465E-005,
2.499500000000000E+009,6.618415500270203E-005,-3.057610229006968E-005,7.056805770844221E-005,-3.620021016104147E-005,
2.499533333333334E+009,6.293519254541025E-005,-2.351617331441958E-005,-4.617807644535787E-005,-4.559624358080328E-006,
2.499566666666667E+009,1.748020586092025E-004,6.756532911822433E-006,1.167944355984218E-004,4.408078893902712E-006,
2.499600000000000E+009,1.413023128407076E-004,-9.227784175891429E-005,2.044552238658071E-004,-1.066587647073902E-004,
2.499633333333334E+009,5.997182961436920E-005,2.899487481045071E-005,1.164192071883008E-004,7.449030090356246E-005,
2.499666666666667E+009,1.528556604171172E-004,-1.198031804960920E-005,7.659701623197179E-006,-5.440063887363067E-006,
2.499700000000000E+009,2.603919347166084E-005,-1.138210791395977E-004,2.581527405709494E-005,-1.453638105886057E-004,
2.499733333333334E+009,3.516576907713898E-005,5.025573955208529E-006,1.501831138739362E-004,-1.263103767996654E-004,
2.499766666666667E+009,1.426971866749227E-004,-1.868823710537981E-005,6.500018935184926E-005,-1.451595835533226E-005,
2.499800000000000E+009,1.745053159538657E-004,3.614402521634474E-005,2.880757347156759E-005,-1.377442731609335E-005,
2.499833333333334E+009,3.902009484590963E-005,1.916355131470482E-006,-1.665436002440401E-007,-8.975585660664365E-005,
2.499866666666667E+009,1.657670509302989E-004,-1.504330721218139E-004,-2.539959677960724E-005,-9.320602111984044E-005,
2.499900000000000E+009,7.824345084372908E-005,-8.088786853477359E-005,1.052261577569880E-004,-3.267965221311897E-004,
2.499933333333334E+009,-3.236432166886516E-005,1.850398984970525E-005,1.936046828632243E-005,-5.552792208618484E-005,
2.499966666666667E+009,1.325133634964004E-004,-9.703847899800167E-005,5.969321500742808E-005,-3.987264062743634E-005,
2.500000000000000E+009,3.734461188287241E-006,-1.748296926962212E-005,9.166303789243102E-005,5.067258825874887E-005,
