% Version 1.00
%
%freq[Hz];re:Trc1_S21;im:Trc1_S21;re:Trc2_S12;im:Trc2_S12;
2.480000000000000E+009,-4.879742860794067E-003,-6.358246318995953E-003,-4.797067493200302E-003,-6.385282613337040E-003,
2.480033333333334E+009,-4.573598038405180E-003,-6.375298835337162E-003,-4.891681019216776E-003,-6.592505611479282E-003,
2.480066666666667E+009,-4.882945213466883E-003,-6.379670929163694E-003,-4.828550852835178E-003,-6.516533438116312E-003,
2.480100000000000E+009,-4.772716201841831E-003,-6.464332807809115E-003,-5.022835452109575E-003,-6.486514583230019E-003,
2.480133333333334E+009,-4.842675291001797E-003,-6.350734271109104E-003,-4.816925153136253E-003,-6.542048417031765E-003,
2.480166666666667E+009,-4.776742774993181E-003,-6.286189425736666E-003,-4.754913039505482E-003,-6.551123224198818E-003,
2.480200000000000E+009,-4.782206378877163E-003,-6.350588053464890E-003,-4.969974048435688E-003,-6.438986863940954E-003,
2.480233333333334E+009,-4.836330190300942E-003,-6.370852701365948E-003,-4.915083758533001E-003,-6.513032130897045E-003,
2.480266666666667E+009,-4.763318691402674E-003,-6.287273019552231E-003,-4.745428916066885E-003,-6.481230258941650E-003,
2.480300000000000E+009,-4.896244499832392E-003,-6.258373148739338E-003,-4.953571595251560E-003,-6.392782088369131E-003,
2.480333333333334E+009,-4.839578177779913E-003,-6.375867407768965E-003,-4.813115578144789E-003,-6.403760053217411E-003,
2.480366666666667E+009,-4.794851876795292E-003,-6.371788214892149E-003,-4.893921781331301E-003,-6.401131395250559E-003,
2.480400000000000E+009,-4.794540349394083E-003,-6.387419532984495E-003,-4.818049259483814E-003,-6.401650141924620E-003,
2.480433333333334E+009,-4.844042006880045E-003,-6.273454520851374E-003,-4.817956592887640E-003,-6.496211979538202E-003,
2.480466666666667E+009,-4.888345021754503E-003,-6.374089978635311E-003,-4.956766497343779E-003,-6.315200123935938E-003,
2.480500000000000E+009,-4.798461683094502E-003,-6.420580670237541E-003,-4.966953769326210E-003,-6.221795920282602E-003,
2.480533333333334E+009,-4.820734728127718E-003,-6.388689856976271E-003,-4.858458880335093E-003,-6.372886709868908E-003,
2.480566666666667E+009,-4.902908112853766E-003,-6.247810088098049E-003,-5.022919736802578E-003,-6.299288012087345E-003,
2.480600000000000E+009,-4.926711320877075E-003,-6.320656742900610E-003,-5.009538959711790E-003,-6.379798986017704E-003,
2.480633333333334E+009,-4.799291025847197E-003,-6.410434842109680E-003,-4.856271669268608E-003,-6.231879815459251E-003,
2.480666666666667E+009,-4.952515941113234E-003,-6.175394635647535E-003,-4.891396965831518E-003,-6.320655345916748E-003,
2.480700000000000E+009,-4.954479169100523E-003,-6.285179406404495E-003,-4.901747219264507E-003,-6.333157885819674E-003,
2.480733333333334E+009,-4.849915858358145E-003,-6.159558892250061E-003,-4.974753130227327E-003,-6.284166127443314E-003,
2.480766666666667E+009,-4.953991156071425E-003,-6.297958083450794E-003,-5.003226920962334E-003,-6.265256553888321E-003,
2.480800000000000E+009,-4.780266899615526E-003,-6.193995010107756E-003,-4.942931700497866E-003,-6.192208267748356E-003,
2.480833333333334E+009,-4.904642701148987E-003,-6.219091825187206E-003,-4.947638139128685E-003,-6.307254545390606E-003,
2.480866666666667E+009,-4.938071593642235E-003,-6.238333415240049E-003,-5.064211320132017E-003,-6.249816156923771E-003,
2.480900000000000E+009,-4.861177410930395E-003,-6.249107420444489E-003,-5.058057606220245E-003,-6.234513595700264E-003,
2.480933333333334E+009,-4.850306548178196E-003,-6.179579067975283E-003,-4.967534448951483E-003,-6.238780450075865E-003,
2.480966666666667E+009,-4.861590452492237E-003,-6.211499217897654E-003,-5.065696779638529E-003,-6.156828720122576E-003,
2.481000000000000E+009,-4.930417984724045E-003,-6.070749834179878E-003,-5.097891204059124E-003,-6.279592867940664E-003,
2.481033333333334E+009,-5.026946775615215E-003,-6.128170527517796E-003,-5.051405169069767E-003,-6.234636064618826E-003,
2.481066666666667E+009,-5.020193289965391E-003,-6.104586180299521E-003,-5.212452728301287E-003,-6.183995865285397E-003,
2.481100000000000E+009,-4.992091562598944E-003,-6.027309689670801E-003,-5.082383286207914E-003,-6.125536747276783E-003,
2.481133333333334E+009,-4.875091370195150E-003,-6.144241895526648E-003,-5.024514626711607E-003,-6.072583608329296E-003,
2.481166666666667E+009,-5.008773878216744E-003,-6.185900419950485E-003,-5.255519412457943E-003,-6.174645386636257E-003,
2.481200000000000E+009,-4.848918411880732E-003,-6.081888917833567E-003,-5.262028891593218E-003,-6.189155858010054E-003,
2.481233333333334E+009,-4.992845468223095E-003,-6.042351014912128E-003,-5.016793962568045E-003,-6.082488223910332E-003,
2.481266666666667E+009,-5.073425825685263E-003,-6.060617044568062E-003,-5.065319128334522E-003,-6.137557793408632E-003,
2.481300000000000E+009,-5.096002947539091E-003,-6.127382162958384E-003,-5.114443600177765E-003,-6.049487274140120E-003,
2.481333333333334E+009,-4.998870193958283E-003,-6.329137366265059E-003,-5.150062032043934E-003,-6.052059587091208E-003,
2.481366666666667E+009,-5.053284112364054E-003,-6.044324953109026E-003,-5.146467126905918E-003,-6.154939997941256E-003,
2.481400000000000E+009,-5.171108990907669E-003,-6.007487885653973E-003,-5.107522942125797E-003,-6.064034998416901E-003,
2.481433333333334E+009,-5.034060683101416E-003,-6.147285457700491E-003,-5.076288711279631E-003,-6.011407822370529E-003,
2.481466666666667E+009,-5.025313701480627E-003,-6.065224297344685E-003,-5.163519643247128E-003,-5.983869545161724E-003,
2.481500000000000E+009,-5.233450327068567E-003,-6.092109251767397E-003,-5.135872866958380E-003,-6.031772587448359E-003,
2.481533333333334E+009,-5.069526378065348E-003,-5.964404903352261E-003,-5.157916806638241E-003,-6.019360851496458E-003,
2.481566666666667E+009,-5.112716462463141E-003,-5.876037292182446E-003,-5.248637869954109E-003,-5.941034294664860E-003,
2.481600000000000E+009,-5.303741898387671E-003,-6.056681275367737E-003,-5.209533497691155E-003,-6.015612278133631E-003,
2.481633333333334E+009,-5.131713580340147E-003,-6.096983794122934E-003,-5.246338434517384E-003,-5.863475613296032E-003,
2.481666666666667E+009,-5.071506369858980E-003,-5.744404625147581E-003,-5.340730771422386E-003,-5.922029260545969E-003,
2.481700000000000E+009,-5.161608103662729E-003,-5.838757846504450E-003,-5.252176430076361E-003,-5.888239014893770E-003,
2.481733333333334E+009,-5.163478665053845E-003,-5.940855015069246E-003,-5.208604503422976E-003,-5.955752450972796E-003,
2.481766666666667E+009,-5.189712159335613E-003,-5.808248650282621E-003,-5.296971183270216E-003,-5.807030014693737E-003,
2.481800000000000E+009,-5.050808191299439E-003,-5.765583366155624E-003,-5.194163415580988E-003,-5.906248465180397E-003,
2.481833333333334E+009,-5.154752638190985E-003,-5.816133692860603E-003,-5.192872136831284E-003,-5.871236789971590E-003,
2.481866666666667E+009,-5.363466683775187E-003,-5.819097161293030E-003,-5.344272591173649E-003,-6.001295056194067E-003,
2.481900000000000E+009,-5.211312323808670E-003,-5.806820467114449E-003,-5.358478054404259E-003,-5.873279180377722E-003,
2.481933333333334E+009,-5.269306711852551E-003,-5.747549701482058E-003,-5.384626798331738E-003,-5.788160022348166E-003,
2.481966666666667E+009,-5.232003517448902E-003,-5.959690548479557E-003,-5.264425650238991E-003,-5.961722694337368E-003,
2.482000000000000E+009,-5.320102907717228E-003,-5.790842697024345E-003,-5.263729020953178E-003,-5.777759011834860E-003,
2.482033333333334E+009,-5.387904122471809E-003,-5.938411224633455E-003,-5.345155950635672E-003,-5.899975541979075E-003,
2.482066666666667E+009,-5.211763549596071E-003,-5.805953871458769E-003,-5.319069139659405E-003,-5.756892729550600E-003,
2.482100000000000E+009,-5.284430459141731E-003,-5.922677461057901E-003,-5.329864099621773E-003,-5.782183259725571E-003,
2.482133333333334E+009,-5.329917185008526E-003,-5.876828450709581E-003,-5.367754027247429E-003,-5.766198039054871E-003,
2.482166666666667E+009,-5.259087774902582E-003,-5.697837565094233E-003,-5.323833320289850E-003,-5.791874136775732E-003,
2.482200000000000E+009,-5.309991538524628E-003,-5.721210967749357E-003,-5.340968724340200E-003,-5.868542939424515E-003,
2.482233333333334E+009,-5.215171724557877E-003,-5.678053945302963E-003,-5.271118134260178E-003,-5.684622563421726E-003,
2.482266666666667E+009,-5.211474373936653E-003,-5.829823669046164E-003,-5.466569215059280E-003,-5.802153609693050E-003,
2.482300000000000E+009,-5.398435983806849E-003,-5.662091076374054E-003,-5.306540522724390E-003,-5.711292382329702E-003,
2.482333333333334E+009,-5.355074536055327E-003,-5.761972162872553E-003,-5.436915904283524E-003,-5.773664452135563E-003,
2.482366666666667E+009,-5.286016967147589E-003,-5.700123496353626E-003,-5.532216746360064E-003,-5.714527796953917E-003,
2.482400000000000E+009,-5.378878209739924E-003,-5.753738339990377E-003,-5.416868254542351E-003,-5.614133086055517E-003,
2.482433333333334E+009,-5.426468327641487E-003,-5.745677277445793E-003,-5.343654658645392E-003,-5.522239487618208E-003,
2.482466666666667E+009,-5.473142024129629E-003,-5.653189495205879E-003,-5.405099596828222E-003,-5.602923221886158E-003,
2.482500000000000E+009,-5.465157330036163E-003,-5.574427079409361E-003,-5.544168874621391E-003,-5.528658162802458E-003,
2.482533333333334E+009,-5.304295103996992E-003,-5.523452535271645E-003,-5.453768186271191E-003,-5.661078263074160E-003,
2.482566666666667E+009,-5.330877844244242E-003,-5.801757331937552E-003,-5.566339939832687E-003,-5.680214148014784E-003,
2.482600000000000E+009,-5.390531383454800E-003,-5.541295278817415E-003,-5.435016471892595E-003,-5.574970506131649E-003,
2.482633333333334E+009,-5.443240050226450E-003,-5.537336692214012E-003,-5.534875206649303E-003,-5.481707863509655E-003,
2.482666666666667E+009,-5.354115273803473E-003,-5.553717724978924E-003,-5.480110179632902E-003,-5.446874536573887E-003,
2.482700000000000E+009,-5.314754322171211E-003,-5.490583367645741E-003,-5.563196726143360E-003,-5.536335054785013E-003,
2.482733333333334E+009,-5.483161658048630E-003,-5.543722771108151E-003,-5.572429858148098E-003,-5.536709446460009E-003,
2.482766666666667E+009,-5.391283892095089E-003,-5.432560574263334E-003,-5.418563727289438E-003,-5.646075122058392E-003,
2.482800000000000E+009,-5.429604556411505E-003,-5.570982582867146E-003,-5.535598844289780E-003,-5.496444646269083E-003,
2.482833333333334E+009,-5.486976820975542E-003,-5.496829748153687E-003,-5.462830886244774E-003,-5.436768755316734E-003,
2.482866666666667E+009,-5.394672043621540E-003,-5.369660444557667E-003,-5.355017725378275E-003,-5.375304259359837E-003,
2.482900000000000E+009,-5.511231720447540E-003,-5.435149651020765E-003,-5.540868267416954E-003,-5.382886622101069E-003,
2.482933333333334E+009,-5.391994025558233E-003,-5.316029302775860E-003,-5.594644229859114E-003,-5.394872743636370E-003,
2.482966666666667E+009,-5.526553373783827E-003,-5.345845595002174E-003,-5.456530023366213E-003,-5.382352042943239E-003,
2.483000000000000E+009,-5.412963218986988E-003,-5.419350229203701E-003,-5.546402651816607E-003,-5.369000602513552E-003,
2.483033333333334E+009,-5.609743762761354E-003,-5.365417338907719E-003,-5.603491328656673E-003,-5.261688958853483E-003,
2.483066666666667E+009,-5.575604736804962E-003,-5.534824915230274E-003,-5.523269996047020E-003,-5.356959067285061E-003,
2.483100000000000E+009,-5.358389113098383E-003,-5.316641647368670E-003,-5.528349895030260E-003,-5.287188570946455E-003,
2.483133333333334E+009,-5.667958874255419E-003,-5.142060108482838E-003,-5.589152220636606E-003,-5.230434238910675E-003,
2.483166666666667E+009,-5.533083807677031E-003,-5.241275299340487E-003,-5.604928825050592E-003,-5.139128305017948E-003,
2.483200000000000E+009,-5.582815501838923E-003,-5.203317850828171E-003,-5.708978045731783E-003,-5.134065635502338E-003,
2.483233333333334E+009,-5.552316550165415E-003,-5.141007713973522E-003,-5.701532587409020E-003,-5.173834972083569E-003,
2.483266666666667E+009,-5.713768303394318E-003,-5.093712359666824E-003,-5.672998260706663E-003,-5.122273229062557E-003,
2.483300000000000E+009,-5.647180601954460E-003,-5.279400385916233E-003,-5.438120570033789E-003,-5.175656173378229E-003,
2.483333333333334E+009,-5.603387486189604E-003,-4.963936284184456E-003,-5.581305362284184E-003,-5.152210127562285E-003,
2.483366666666667E+009,-5.654104519635439E-003,-5.179353523999453E-003,-5.715089850127697E-003,-5.075499415397644E-003,
2.483400000000000E+009,-5.669116973876953E-003,-5.099359434098005E-003,-5.788829643279314E-003,-5.145979113876820E-003,
2.483433333333334E+009,-5.654223263263702E-003,-5.082792602479458E-003,-5.771109368652105E-003,-5.041037220507860E-003,
2.483466666666667E+009,-5.617905408143997E-003,-5.340340547263622E-003,-5.616951733827591E-003,-5.239842459559441E-003,
2.483500000000000E+009,-5.649975035339594E-003,-5.224476568400860E-003,-5.647425074130297E-003,-5.164434202015400E-003,
2.483533333333334E+009,-5.647032056003809E-003,-5.077927373349667E-003,-5.732019897550345E-003,-5.016666371375322E-003,
2.483566666666667E+009,-5.743494257330895E-003,-5.008374806493521E-003,-5.736753344535828E-003,-5.060382187366486E-003,
2.483600000000000E+009,-5.565233528614044E-003,-5.069790873676539E-003,-5.682953633368015E-003,-5.117823835462332E-003,
2.483633333333334E+009,-5.602947436273098E-003,-5.090659484267235E-003,-5.660699680447578E-003,-5.093910731375217E-003,
2.483666666666667E+009,-5.804031621664763E-003,-4.930527880787849E-003,-5.787878762930632E-003,-5.023708101361990E-003,
2.483700000000000E+009,-5.693560000509024E-003,-4.887886811047792E-003,-5.744961090385914E-003,-4.960435442626476E-003,
2.483733333333334E+009,-5.733193363994360E-003,-5.007850471884012E-003,-5.669059231877327E-003,-4.987605847418308E-003,
2.483766666666667E+009,-5.721254274249077E-003,-5.197190213948488E-003,-5.817404948174954E-003,-5.012189969420433E-003,
2.483800000000000E+009,-5.641795694828033E-003,-4.961326252669096E-003,-5.814175587147474E-003,-4.933115560561419E-003,
2.483833333333334E+009,-5.721729248762131E-003,-5.015293136239052E-003,-5.674090702086687E-003,-4.978854209184647E-003,
2.483866666666667E+009,-5.761228036135435E-003,-4.800246097147465E-003,-5.867496598511934E-003,-4.981624893844128E-003,
2.483900000000000E+009,-5.772095639258623E-003,-4.685212858021259E-003,-5.714887287467718E-003,-4.838648252189159E-003,
2.483933333333334E+009,-5.677283741533756E-003,-4.847213625907898E-003,-5.859294906258583E-003,-4.793761763721705E-003,
2.483966666666667E+009,-5.607008468359709E-003,-4.874778911471367E-003,-5.751888267695904E-003,-4.793804138898850E-003,
2.484000000000000E+009,-5.790619179606438E-003,-4.947442095726728E-003,-5.632158368825913E-003,-4.633134230971336E-003,
2.484033333333334E+009,-5.787749309092760E-003,-4.701904021203518E-003,-5.771059542894363E-003,-4.834448453038931E-003,
2.484066666666667E+009,-5.692153703421354E-003,-4.684433806687594E-003,-5.844411440193653E-003,-4.770562052726746E-003,
2.484100000000000E+009,-5.763012915849686E-003,-4.640095867216587E-003,-5.760734435170889E-003,-4.780697636306286E-003,
2.484133333333334E+009,-5.779557861387730E-003,-4.689220339059830E-003,-5.772173404693604E-003,-4.685780499130487E-003,
2.484166666666667E+009,-5.856537260115147E-003,-4.764358513057232E-003,-5.861302837729454E-003,-4.654250573366880E-003,
2.484200000000000E+009,-5.746942944824696E-003,-4.565224982798100E-003,-5.826601758599281E-003,-4.666608758270741E-003,
2.484233333333334E+009,-5.760063417255878E-003,-4.623063839972019E-003,-5.897080991417170E-003,-4.813812207430601E-003,
2.484266666666667E+009,-5.748246330767870E-003,-4.641487728804350E-003,-5.700284149497747E-003,-4.613420926034451E-003,
2.484300000000000E+009,-5.855588708072901E-003,-4.609644412994385E-003,-5.885092075914145E-003,-4.505285061895847E-003,
2.484333333333334E+009,-5.806681234389544E-003,-4.441987723112106E-003,-5.828256253153086E-003,-4.585223738104105E-003,
2.484366666666667E+009,-5.950904451310635E-003,-4.515115637332201E-003,-5.874792113900185E-003,-4.567042924463749E-003,
2.484400000000000E+009,-5.803924053907394E-003,-4.494104534387589E-003,-5.768372677266598E-003,-4.641470033675432E-003,
2.484433333333334E+009,-5.674909334629774E-003,-4.504227545112371E-003,-5.859971977770329E-003,-4.512419924139977E-003,
2.484466666666667E+009,-5.810133647173643E-003,-4.436606075614691E-003,-5.968925543129444E-003,-4.520742222666740E-003,
2.484500000000000E+009,-5.815032403916121E-003,-4.459004849195480E-003,-5.801619496196508E-003,-4.436634015291929E-003,
2.484533333333334E+009,-5.876974202692509E-003,-4.387218505144119E-003,-5.903910845518112E-003,-4.272175021469593E-003,
2.484566666666667E+009,-5.691371858119965E-003,-4.390143789350987E-003,-5.825778469443321E-003,-4.452241584658623E-003,
2.484600000000000E+009,-5.816549062728882E-003,-4.371253773570061E-003,-5.804792512208223E-003,-4.253223538398743E-003,
2.484633333333334E+009,-5.663535092025995E-003,-4.233418963849545E-003,-5.901141557842493E-003,-4.440186545252800E-003,
2.484666666666667E+009,-5.817095749080181E-003,-4.193435888737440E-003,-5.674544256180525E-003,-4.280300810933113E-003,
2.484700000000000E+009,-5.668957252055407E-003,-4.302575252950192E-003,-5.787093658000231E-003,-4.205018747597933E-003,
2.484733333333334E+009,-5.782348103821278E-003,-4.149805754423142E-003,-5.835418123751879E-003,-4.182428121566773E-003,
2.484766666666667E+009,-5.790113471448422E-003,-4.233034793287516E-003,-5.693678744137287E-003,-4.142479505389929E-003,
2.484800000000000E+009,-5.746443755924702E-003,-4.074138123542070E-003,-5.781762301921845E-003,-4.001514520496130E-003,
2.484833333333334E+009,-5.823228042572737E-003,-4.183661192655563E-003,-5.889899097383022E-003,-4.063461441546679E-003,
2.484866666666667E+009,-5.595309194177389E-003,-4.204817581921816E-003,-5.715060047805309E-003,-4.181504249572754E-003,
2.484900000000000E+009,-5.477610509842634E-003,-4.012799356132746E-003,-5.787112284451723E-003,-4.128433763980866E-003,
2.484933333333334E+009,-5.650389008224011E-003,-3.981376998126507E-003,-5.751775577664375E-003,-3.932643216103315E-003,
2.484966666666667E+009,-5.804989021271467E-003,-3.962378948926926E-003,-5.883373785763979E-003,-4.102022387087345E-003,
2.485000000000000E+009,-5.681757815182209E-003,-4.003754351288080E-003,-5.737666971981525E-003,-4.048844799399376E-003,
2.485033333333334E+009,-5.734172649681568E-003,-3.960409201681614E-003,-5.833020433783531E-003,-4.003352951258421E-003,
2.485066666666667E+009,-5.737432744354010E-003,-3.923809155821800E-003,-5.802141968160868E-003,-3.976971376687288E-003,
2.485100000000000E+009,-5.737186409533024E-003,-3.903198754414916E-003,-5.800069309771061E-003,-3.910696133971214E-003,
2.485133333333334E+009,-5.753180943429470E-003,-3.898180322721601E-003,-5.806623026728630E-003,-3.838479984551668E-003,
2.485166666666667E+009,-5.752750672399998E-003,-3.854979062452912E-003,-5.833043716847897E-003,-3.771532792598009E-003,
2.485200000000000E+009,-5.820965394377708E-003,-3.795025870203972E-003,-5.951544735580683E-003,-3.862174693495035E-003,
2.485233333333334E+009,-5.739159882068634E-003,-3.729832591488957E-003,-5.913665518164635E-003,-3.756188787519932E-003,
2.485266666666667E+009,-5.627822596579790E-003,-3.699308261275291E-003,-5.781892221421003E-003,-3.938301466405392E-003,
2.485300000000000E+009,-5.687109660357237E-003,-3.818944795057178E-003,-5.826726555824280E-003,-3.800980979576707E-003,
2.485333333333334E+009,-5.711137317121029E-003,-3.852072637528181E-003,-5.820797756314278E-003,-3.711095545440912E-003,
2.485366666666667E+009,-5.668670870363712E-003,-3.705489682033658E-003,-5.826873239129782E-003,-3.743692301213741E-003,
2.485400000000000E+009,-5.931083112955093E-003,-3.714717924594879E-003,-5.824935622513294E-003,-3.745088819414377E-003,
2.485433333333334E+009,-5.706355907022953E-003,-3.813801798969507E-003,-5.918984301388264E-003,-3.751079551875591E-003,
2.485466666666667E+009,-5.743172951042652E-003,-3.609981620684266E-003,-5.755370017141104E-003,-3.704934613779187E-003,
2.485500000000000E+009,-5.656602326780558E-003,-3.610049607232213E-003,-5.719779059290886E-003,-3.682189853861928E-003,
2.485533333333334E+009,-5.853721406310797E-003,-3.631920553743839E-003,-5.722357425838709E-003,-3.675049170851708E-003,
2.485566666666667E+009,-5.699308123439550E-003,-3.571011824533343E-003,-5.690508522093296E-003,-3.633963409811258E-003,
2.485600000000000E+009,-5.651378538459539E-003,-3.626511199399829E-003,-5.748071242123842E-003,-3.561247372999787E-003,
2.485633333333334E+009,-5.643611773848534E-003,-3.559184493497014E-003,-5.794849246740341E-003,-3.462986089289188E-003,
2.485666666666667E+009,-5.583378020673990E-003,-3.577185329049826E-003,-5.704602692276239E-003,-3.556249197572470E-003,
2.485700000000000E+009,-5.717204418033361E-003,-3.459510393440723E-003,-5.718107335269451E-003,-3.512054448947310E-003,
2.485733333333334E+009,-5.781279876828194E-003,-3.355427412316203E-003,-5.632204469293356E-003,-3.349655074998736E-003,
2.485766666666667E+009,-5.657321773469448E-003,-3.403467591851950E-003,-5.706628318876028E-003,-3.413647878915072E-003,
2.485800000000000E+009,-5.725999828428030E-003,-3.278214484453201E-003,-5.655192770063877E-003,-3.426866140216589E-003,
2.485833333333334E+009,-5.765943322330713E-003,-3.404373535886407E-003,-5.623403470963240E-003,-3.480527549982071E-003,
2.485866666666667E+009,-5.638019181787968E-003,-3.416571766138077E-003,-5.749940406531096E-003,-3.386653726920486E-003,
2.485900000000000E+009,-5.698176566511393E-003,-3.375509753823280E-003,-5.673203151673079E-003,-3.289111424237490E-003,
2.485933333333334E+009,-5.649046506732702E-003,-3.367372322827578E-003,-5.665814504027367E-003,-3.287973348051310E-003,
2.485966666666667E+009,-5.753940902650356E-003,-3.204317297786474E-003,-5.602365825325251E-003,-3.412606194615364E-003,
2.486000000000000E+009,-5.641944240778685E-003,-3.282372606918216E-003,-5.625610705465078E-003,-3.268006723374128E-003,
2.486033333333334E+009,-5.682323593646288E-003,-3.112001810222864E-003,-5.523213651031256E-003,-3.162556793540716E-003,
2.486066666666667E+009,-5.553321912884712E-003,-3.243076382204890E-003,-5.580990109592676E-003,-3.316126065328717E-003,
2.486100000000000E+009,-5.542779341340065E-003,-3.052423940971494E-003,-5.713380873203278E-003,-2.990243723616004E-003,
2.486133333333334E+009,-5.478025879710913E-003,-3.064975142478943E-003,-5.529259331524372E-003,-3.195206401869655E-003,
2.486166666666667E+009,-5.464327521622181E-003,-3.021110314875841E-003,-5.482973530888557E-003,-2.985416911542416E-003,
2.486200000000000E+009,-5.462849512696266E-003,-3.001277567818761E-003,-5.582824815064669E-003,-3.061512252315879E-003,
2.486233333333334E+009,-5.476522259414196E-003,-2.931150607764721E-003,-5.444848909974098E-003,-2.930199727416039E-003,
2.486266666666667E+009,-5.360635463148356E-003,-2.769109560176730E-003,-5.388509947806597E-003,-2.990443026646972E-003,
2.486300000000000E+009,-5.305366590619087E-003,-2.872675191611052E-003,-5.399918183684349E-003,-3.026215359568596E-003,
2.486333333333334E+009,-5.154004320502281E-003,-2.822139067575336E-003,-5.314197391271591E-003,-2.956936368718743E-003,
2.486366666666667E+009,-5.331346299499273E-003,-2.952897688373923E-003,-5.347506608814001E-003,-2.837634179741144E-003,
2.486400000000000E+009,-5.226576235145330E-003,-2.880064537748694E-003,-5.363119766116142E-003,-2.985043916851282E-003,
2.486433333333334E+009,-5.170270334929228E-003,-2.846190473064780E-003,-5.369346588850021E-003,-2.906271489337087E-003,
2.486466666666667E+009,-5.294765811413527E-003,-2.941439626738429E-003,-5.287493113428354E-003,-2.903748769313097E-003,
2.486500000000000E+009,-5.361368879675865E-003,-2.805470256134868E-003,-5.259088706225157E-003,-2.944226143881679E-003,
2.486533333333334E+009,-5.277428310364485E-003,-2.797546330839396E-003,-5.363994743674994E-003,-2.862154273316264E-003,
2.486566666666667E+009,-5.347641184926033E-003,-2.747212536633015E-003,-5.232114344835281E-003,-2.835388993844390E-003,
2.486600000000000E+009,-5.184036213904619E-003,-2.845732262358069E-003,-5.285133607685566E-003,-2.890377771109343E-003,
2.486633333333334E+009,-5.330151412636042E-003,-2.817522268742323E-003,-5.249955691397190E-003,-2.851732308045030E-003,
2.486666666666667E+009,-5.204958841204643E-003,-2.712201559916139E-003,-5.269699729979038E-003,-2.742245327681303E-003,
2.486700000000000E+009,-5.299028009176254E-003,-2.664072671905160E-003,-5.285664461553097E-003,-2.809606958180666E-003,
2.486733333333334E+009,-5.237292964011431E-003,-2.698607742786408E-003,-5.219827871769667E-003,-2.741770585998893E-003,
2.486766666666667E+009,-5.237608216702938E-003,-2.515093423426151E-003,-5.191833246499300E-003,-2.642763080075383E-003,
2.486800000000000E+009,-5.182494875043631E-003,-2.695165341719985E-003,-5.256365519016981E-003,-2.595977624878287E-003,
2.486833333333334E+009,-5.130415316671133E-003,-2.655055606737733E-003,-5.221974570304155E-003,-2.624603221192956E-003,
2.486866666666667E+009,-5.118702538311482E-003,-2.777165267616510E-003,-5.305202677845955E-003,-2.656077966094017E-003,
2.486900000000000E+009,-5.047300364822149E-003,-2.613230841234326E-003,-5.196953192353249E-003,-2.592917764559388E-003,
2.486933333333334E+009,-5.193514283746481E-003,-2.608898328617215E-003,-5.279211327433586E-003,-2.604909939691424E-003,
2.486966666666667E+009,-5.222238134592772E-003,-2.670082729309797E-003,-5.093692801892757E-003,-2.490911399945617E-003,
2.487000000000000E+009,-5.103252828121185E-003,-2.523942384868860E-003,-5.154390353709459E-003,-2.577810781076551E-003,
2.487033333333334E+009,-5.089590791612864E-003,-2.650161273777485E-003,-5.084627307951450E-003,-2.651819726452231E-003,
2.487066666666667E+009,-5.165046080946922E-003,-2.459678798913956E-003,-5.118597764521837E-003,-2.625946421176195E-003,
2.487100000000000E+009,-4.949147347360849E-003,-2.413538051769137E-003,-5.112057551741600E-003,-2.447881968691945E-003,
2.487133333333334E+009,-5.040139425545931E-003,-2.453656634315848E-003,-4.952700342983007E-003,-2.630550647154450E-003,
2.487166666666667E+009,-5.027375649660826E-003,-2.356860321015120E-003,-5.021985620260239E-003,-2.540803281590343E-003,
2.487200000000000E+009,-5.043838173151016E-003,-2.565832110121846E-003,-4.989914130419493E-003,-2.419919241219759E-003,
2.487233333333334E+009,-4.804358351975679E-003,-2.456885296851397E-003,-4.841794725507498E-003,-2.470194594934583E-003,
2.487266666666667E+009,-4.924737382680178E-003,-2.496314467862248E-003,-4.879429936408997E-003,-2.416104776784778E-003,
2.487300000000000E+009,-4.864154383540154E-003,-2.603032393381000E-003,-4.968698136508465E-003,-2.497218316420913E-003,
2.487333333333334E+009,-5.009348504245281E-003,-2.439512405544519E-003,-4.963288083672524E-003,-2.528002019971609E-003,
2.487366666666667E+009,-4.843918606638908E-003,-2.452346030622721E-003,-4.937526304274797E-003,-2.416333649307489E-003,
2.487400000000000E+009,-4.738595336675644E-003,-2.451708540320396E-003,-4.774787463247776E-003,-2.387147396802902E-003,
2.487433333333334E+009,-4.881741479039192E-003,-2.377214375883341E-003,-4.887957125902176E-003,-2.471201354637742E-003,
2.487466666666667E+009,-4.813374020159245E-003,-2.297199098393321E-003,-4.842894151806831E-003,-2.290985779836774E-003,
2.487500000000000E+009,-4.725063219666481E-003,-2.342515857890248E-003,-4.710808396339417E-003,-2.293841680511832E-003,
2.487533333333334E+009,-4.675867501646280E-003,-2.435957081615925E-003,-4.717729985713959E-003,-2.230359474197030E-003,
2.487566666666667E+009,-4.728680476546288E-003,-2.288690069690347E-003,-4.667298402637243E-003,-2.207945566624403E-003,
2.487600000000000E+009,-4.692093469202519E-003,-2.207160694524646E-003,-4.735074471682310E-003,-2.174030058085918E-003,
2.487633333333334E+009,-4.727400839328766E-003,-2.245137235149741E-003,-4.633525386452675E-003,-2.169281709939241E-003,
2.487666666666667E+009,-4.694236442446709E-003,-2.097679767757654E-003,-4.667189437896013E-003,-2.153240377083421E-003,
2.487700000000000E+009,-4.612850956618786E-003,-2.173907589167357E-003,-4.690713249146938E-003,-2.120293909683824E-003,
2.487733333333334E+009,-4.525220021605492E-003,-2.264036098495126E-003,-4.606754984706640E-003,-2.097405493259430E-003,
2.487766666666667E+009,-4.615242592990398E-003,-2.197770401835442E-003,-4.508932121098042E-003,-2.095806645229459E-003,
2.487800000000000E+009,-4.541232716292143E-003,-2.071046503260732E-003,-4.541903268545866E-003,-2.190821338444948E-003,
2.487833333333334E+009,-4.503577947616577E-003,-2.156789414584637E-003,-4.376116208732128E-003,-2.054993296042085E-003,
2.487866666666667E+009,-4.427082370966673E-003,-2.156737726181746E-003,-4.348946269601584E-003,-2.158115850761533E-003,
2.487900000000000E+009,-4.226654302328825E-003,-2.043694257736206E-003,-4.277188796550036E-003,-2.227414166554809E-003,
2.487933333333334E+009,-4.287382122129202E-003,-2.228025114163756E-003,-4.240659996867180E-003,-2.102209487929940E-003,
2.487966666666667E+009,-4.248355515301228E-003,-2.028330462053418E-003,-4.301235079765320E-003,-2.136355731636286E-003,
2.488000000000000E+009,-4.233301151543856E-003,-2.084520645439625E-003,-4.251379985362291E-003,-2.119024517014623E-003,
2.488033333333334E+009,-4.214817192405462E-003,-2.042394131422043E-003,-4.282626789063215E-003,-2.164203440770507E-003,
2.488066666666667E+009,-4.355978220701218E-003,-2.118082018569112E-003,-4.289854783564806E-003,-2.082093618810177E-003,
2.488100000000000E+009,-4.169936757534742E-003,-2.152568893507123E-003,-4.277768079191446E-003,-2.041051862761378E-003,
2.488133333333334E+009,-4.313623998314142E-003,-2.074931515380740E-003,-4.225441720336676E-003,-2.075583906844258E-003,
2.488166666666667E+009,-4.169707652181387E-003,-1.923797186464071E-003,-4.193221684545279E-003,-2.093209652230144E-003,
2.488200000000000E+009,-4.117102362215519E-003,-2.105794148519635E-003,-4.263185895979404E-003,-2.006447175517678E-003,
2.488233333333334E+009,-4.240024834871292E-003,-2.096274169161916E-003,-4.267876967787743E-003,-1.973314676433802E-003,
2.488266666666667E+009,-4.120676778256893E-003,-1.924523152410984E-003,-4.167443141341209E-003,-1.915334025397897E-003,
2.488300000000000E+009,-4.031574819236994E-003,-1.890802173875272E-003,-4.177499562501907E-003,-1.966738840565085E-003,
2.488333333333334E+009,-4.059202037751675E-003,-1.915137865580618E-003,-4.104460589587688E-003,-1.898034475743771E-003,
2.488366666666667E+009,-4.067131318151951E-003,-2.040005987510085E-003,-4.100416321307421E-003,-2.048236783593893E-003,
2.488400000000000E+009,-4.102136939764023E-003,-1.959714340046048E-003,-4.090657923370600E-003,-2.002757042646408E-003,
2.488433333333334E+009,-4.085703287273645E-003,-1.961600966751576E-003,-3.939738962799311E-003,-2.102402970194817E-003,
2.488466666666667E+009,-4.006343893706799E-003,-1.957687782123685E-003,-4.054856952279806E-003,-2.033055527135730E-003,
2.488500000000000E+009,-4.070568364113569E-003,-1.893434789963067E-003,-4.107291810214520E-003,-2.068356843665242E-003,
2.488533333333334E+009,-3.961051348596811E-003,-1.885202829726040E-003,-3.963852766901255E-003,-1.951992395333946E-003,
2.488566666666667E+009,-3.909796010702848E-003,-1.863847952336073E-003,-3.957010805606842E-003,-1.931810402311385E-003,
2.488600000000000E+009,-4.037285689264536E-003,-2.027893438935280E-003,-3.817949444055557E-003,-1.867082901299000E-003,
2.488633333333334E+009,-3.927466459572315E-003,-2.000967040657997E-003,-3.896996146067977E-003,-1.993328798562288E-003,
2.488666666666667E+009,-3.834520466625691E-003,-2.068584552034736E-003,-3.937625326216221E-003,-2.018867991864681E-003,
2.488700000000000E+009,-3.867678344249725E-003,-1.950011355802417E-003,-3.814315190538764E-003,-1.836288603954017E-003,
2.488733333333334E+009,-3.717929357662797E-003,-1.920409034937620E-003,-3.895389614626765E-003,-1.874057459644973E-003,
2.488766666666667E+009,-3.722157562151551E-003,-1.892428263090551E-003,-3.809439716860652E-003,-1.962221460416913E-003,
2.488800000000000E+009,-3.775853430852294E-003,-1.994294114410877E-003,-3.733544377610087E-003,-1.920630224049091E-003,
2.488833333333334E+009,-3.770485986024141E-003,-1.797018805518746E-003,-3.610737388953567E-003,-1.902955467812717E-003,
2.488866666666667E+009,-3.816977841779590E-003,-1.869889558292925E-003,-3.816335229203105E-003,-1.894058776088059E-003,
2.488900000000000E+009,-3.737088525667787E-003,-1.832266105338931E-003,-3.761238185688853E-003,-1.912496751174331E-003,
2.488933333333334E+009,-3.727128729224205E-003,-1.860833610408008E-003,-3.684561699628830E-003,-1.966287614777684E-003,
2.488966666666667E+009,-3.571484237909317E-003,-1.856994698755443E-003,-3.677193308249116E-003,-1.951559795998037E-003,
2.489000000000000E+009,-3.608839819207788E-003,-1.826205989345908E-003,-3.693011123687029E-003,-1.937994267791510E-003,
2.489033333333334E+009,-3.605338744819164E-003,-1.998745137825608E-003,-3.646383294835687E-003,-1.859960611909628E-003,
2.489066666666667E+009,-3.648653160780668E-003,-1.786814536899328E-003,-3.719631349667907E-003,-1.895697321742773E-003,
2.489100000000000E+009,-3.618215443566442E-003,-1.887254533357918E-003,-3.631327999755740E-003,-1.898164045996964E-003,
2.489133333333334E+009,-3.430803539231420E-003,-1.911125960759819E-003,-3.545622806996107E-003,-1.912547275424004E-003,
2.489166666666667E+009,-3.425017930567265E-003,-1.844985410571098E-003,-3.539324738085270E-003,-1.826937426812947E-003,
2.489200000000000E+009,-3.344615455716848E-003,-1.919405884109438E-003,-3.543850267305970E-003,-1.888689817860723E-003,
2.489233333333334E+009,-3.365475917235017E-003,-1.795823802240193E-003,-3.415335901081562E-003,-1.949298544786871E-003,
2.489266666666667E+009,-3.534993855282664E-003,-1.860807300545275E-003,-3.438742831349373E-003,-1.936058280989528E-003,
2.489300000000000E+009,-3.240860067307949E-003,-1.748462556861341E-003,-3.521913429722190E-003,-1.863748650066555E-003,
2.489333333333334E+009,-3.274137154221535E-003,-1.919391797855496E-003,-3.298696130514145E-003,-2.065114909783006E-003,
2.489366666666667E+009,-3.325610654428601E-003,-1.798767480067909E-003,-3.278442658483982E-003,-1.866663573309779E-003,
2.489400000000000E+009,-3.296865150332451E-003,-1.909004407934845E-003,-3.266380866989493E-003,-2.022017259150744E-003,
2.489433333333334E+009,-3.158093895763159E-003,-1.906622666865587E-003,-3.134466009214521E-003,-2.079228404909372E-003,
2.489466666666667E+009,-3.102419665083289E-003,-1.959854271262884E-003,-3.210024209693074E-003,-2.032207790762186E-003,
2.489500000000000E+009,-3.096567234024406E-003,-1.877621514722705E-003,-3.048799000680447E-003,-1.964377006515861E-003,
2.489533333333334E+009,-3.251464571803808E-003,-1.958603737875819E-003,-3.234377363696694E-003,-2.101591788232327E-003,
2.489566666666667E+009,-3.104357980191708E-003,-1.939756679348648E-003,-3.237480996176601E-003,-1.848117215558887E-003,
2.489600000000000E+009,-3.008044091984630E-003,-1.972516765818000E-003,-3.227585460990667E-003,-2.079678932204843E-003,
2.489633333333334E+009,-3.046568250283599E-003,-1.993359299376607E-003,-3.083474235609174E-003,-1.990053337067366E-003,
2.489666666666667E+009,-3.037395654246211E-003,-1.908532343804836E-003,-3.172444412484765E-003,-1.880391035228968E-003,
2.489700000000000E+009,-3.110497724264860E-003,-2.008609939366579E-003,-3.061202820390463E-003,-2.069896552711725E-003,
2.489733333333334E+009,-2.901169005781412E-003,-1.980181550607085E-003,-3.123370464891195E-003,-2.058149781078100E-003,
2.489766666666667E+009,-2.967562526464462E-003,-2.065602689981461E-003,-3.148811170831323E-003,-1.943267299793661E-003,
2.489800000000000E+009,-3.014026442542672E-003,-1.892771688289940E-003,-3.122453344985843E-003,-1.847339211963117E-003,
2.489833333333334E+009,-3.020999720320106E-003,-1.978783868253231E-003,-2.967914799228311E-003,-1.994180027395487E-003,
2.489866666666667E+009,-3.091228427365422E-003,-1.978627406060696E-003,-3.024349920451641E-003,-1.926125492900610E-003,
2.489900000000000E+009,-2.821722300723195E-003,-1.843524980358779E-003,-2.952545648440719E-003,-1.885544741526246E-003,
2.489933333333334E+009,-3.021826036274433E-003,-1.933613908477128E-003,-2.952892566099763E-003,-1.968015916645527E-003,
2.489966666666667E+009,-2.988261636346579E-003,-1.957045635208488E-003,-2.915011020377278E-003,-1.866565202362835E-003,
2.490000000000000E+009,-2.991273766383529E-003,-2.008190844208002E-003,-2.897408558055759E-003,-2.023299457505345E-003,
2.490033333333334E+009,-2.926788758486509E-003,-1.867075567133725E-003,-2.924917731434107E-003,-2.079196739941835E-003,
2.490066666666667E+009,-2.856610575690866E-003,-1.932252664119005E-003,-2.897845581173897E-003,-1.924542593769729E-003,
2.490100000000000E+009,-2.945255022495985E-003,-1.893019536510110E-003,-2.831066725775600E-003,-2.004868350923061E-003,
2.490133333333334E+009,-2.862559165805578E-003,-1.932921470142901E-003,-2.964324783533812E-003,-1.990826334804297E-003,
2.490166666666667E+009,-2.806149888783693E-003,-1.927013741806150E-003,-2.886835020035505E-003,-2.028152113780379E-003,
2.490200000000000E+009,-2.866248833015561E-003,-2.122372156009078E-003,-2.855380298569799E-003,-1.940755289979279E-003,
2.490233333333334E+009,-2.858091145753861E-003,-2.103484468534589E-003,-2.850254764780402E-003,-1.899229944683611E-003,
2.490266666666667E+009,-2.720842836424708E-003,-2.049858681857586E-003,-2.756095025688410E-003,-1.940164365805686E-003,
2.490300000000000E+009,-2.899299608543515E-003,-2.125159371644259E-003,-2.797134919092059E-003,-2.056434284895659E-003,
2.490333333333334E+009,-2.713116584345698E-003,-1.839864067733288E-003,-2.741711214184761E-003,-1.950322650372982E-003,
2.490366666666667E+009,-2.840396482497454E-003,-2.071531489491463E-003,-2.775884000584483E-003,-1.989633776247501E-003,
2.490400000000000E+009,-2.745338017120957E-003,-1.933791325427592E-003,-2.705616410821676E-003,-2.025945112109184E-003,
2.490433333333334E+009,-2.627025591209531E-003,-2.066375687718391E-003,-2.624494489282370E-003,-2.042821142822504E-003,
2.490466666666667E+009,-2.660956699401140E-003,-1.937854103744030E-003,-2.727424493059516E-003,-1.975127262994647E-003,
2.490500000000000E+009,-2.767803845927119E-003,-2.082617953419685E-003,-2.764531178399921E-003,-2.010948956012726E-003,
2.490533333333334E+009,-2.599671948701143E-003,-1.942618284374476E-003,-2.619950100779533E-003,-2.075140364468098E-003,
2.490566666666667E+009,-2.583809895440936E-003,-2.078819554299116E-003,-2.754519460722804E-003,-2.049952978268266E-003,
2.490600000000000E+009,-2.521359128877521E-003,-2.028400078415871E-003,-2.606283873319626E-003,-2.032000338658691E-003,
2.490633333333334E+009,-2.547300653532147E-003,-1.988829812034965E-003,-2.630448900163174E-003,-2.162424381822348E-003,
2.490666666666667E+009,-2.628025133162737E-003,-2.086220309138298E-003,-2.547618933022022E-003,-2.121998928487301E-003,
2.490700000000000E+009,-2.567624673247337E-003,-2.044402295723558E-003,-2.645863685756922E-003,-2.094101393595338E-003,
2.490733333333334E+009,-2.551307436078787E-003,-2.090839901939035E-003,-2.555719809606671E-003,-2.043707063421607E-003,
2.490766666666667E+009,-2.437509596347809E-003,-1.997777028009296E-003,-2.541979542002082E-003,-2.033296274021268E-003,
2.490800000000000E+009,-2.564020222052932E-003,-2.119378885254264E-003,-2.507925732061267E-003,-2.201041439548135E-003,
2.490833333333334E+009,-2.449718536809087E-003,-1.902493997476995E-003,-2.601338084787130E-003,-2.026912989094853E-003,
2.490866666666667E+009,-2.462741220369935E-003,-2.020235639065504E-003,-2.464892575517297E-003,-2.062079729512334E-003,
2.490900000000000E+009,-2.302088774740696E-003,-2.050995593890548E-003,-2.301284810528159E-003,-2.208265708759427E-003,
2.490933333333334E+009,-2.407854888588190E-003,-2.194497967138887E-003,-2.271238248795271E-003,-2.158746356144548E-003,
2.490966666666667E+009,-2.278404310345650E-003,-2.118120202794671E-003,-2.317979699000716E-003,-2.079636557027698E-003,
2.491000000000000E+009,-2.407011808827519E-003,-2.156875794753432E-003,-2.429656684398651E-003,-2.153426175937057E-003,
2.491033333333334E+009,-2.341784304007888E-003,-2.187702106311917E-003,-2.285649534314871E-003,-2.310594078153372E-003,
2.491066666666667E+009,-2.313028788194060E-003,-2.210756763815880E-003,-2.340951934456825E-003,-2.371309325098991E-003,
2.491100000000000E+009,-2.332902979105711E-003,-2.251645550131798E-003,-2.413583686575294E-003,-2.411508932709694E-003,
2.491133333333334E+009,-2.328888978809118E-003,-2.273198915645480E-003,-2.287603216245771E-003,-2.249104203656316E-003,
2.491166666666667E+009,-2.333285519853234E-003,-2.288240240886807E-003,-2.289764117449522E-003,-2.293488243594766E-003,
2.491200000000000E+009,-2.261357614770532E-003,-2.321166219189763E-003,-2.169637940824032E-003,-2.256489358842373E-003,
2.491233333333334E+009,-2.241062233224511E-003,-2.343204803764820E-003,-2.259946195408702E-003,-2.318463753908873E-003,
2.491266666666667E+009,-2.182434545829892E-003,-2.245330484583974E-003,-2.155211288481951E-003,-2.161889802664518E-003,
2.491300000000000E+009,-2.232750644907355E-003,-2.236807951703668E-003,-2.143596997484565E-003,-2.161538926884532E-003,
2.491333333333334E+009,-2.201494062319398E-003,-2.315010642632842E-003,-2.327760448679328E-003,-2.177747199311853E-003,
2.491366666666667E+009,-2.105834661051631E-003,-2.240616129711270E-003,-2.156174043193460E-003,-2.234909217804670E-003,
2.491400000000000E+009,-2.131514949724078E-003,-2.244473900645971E-003,-2.200827235355973E-003,-2.256650710478425E-003,
2.491433333333334E+009,-2.312569878995419E-003,-2.234839368611574E-003,-2.207753248512745E-003,-2.217705594375730E-003,
2.491466666666667E+009,-2.212380059063435E-003,-2.304036170244217E-003,-2.175691071897745E-003,-2.262602094560862E-003,
2.491500000000000E+009,-2.149704843759537E-003,-2.208910416811705E-003,-2.230109181255102E-003,-2.131109824404120E-003,
2.491533333333334E+009,-2.116770017892122E-003,-2.218012697994709E-003,-2.146284561604261E-003,-2.325431210920215E-003,
2.491566666666667E+009,-2.099443925544620E-003,-1.992326928302646E-003,-2.070200629532337E-003,-2.242256654426456E-003,
2.491600000000000E+009,-2.091243397444487E-003,-2.279011299833655E-003,-2.114119473844767E-003,-2.241212641820312E-003,
2.491633333333334E+009,-2.152822678908706E-003,-2.206298522651196E-003,-2.111454727128148E-003,-2.242133719846606E-003,
2.491666666666667E+009,-2.103975741192699E-003,-2.144956495612860E-003,-1.988521078601480E-003,-2.223083516582847E-003,
2.491700000000000E+009,-2.020616084337235E-003,-2.257092390209436E-003,-1.924376818351448E-003,-2.333841985091567E-003,
2.491733333333334E+009,-2.046746667474508E-003,-2.222096314653754E-003,-2.139152260497212E-003,-2.247702796012163E-003,
2.491766666666667E+009,-2.086767926812172E-003,-2.276227110996842E-003,-2.102200407534838E-003,-2.289712894707918E-003,
2.491800000000000E+009,-2.014066092669964E-003,-2.289678202942014E-003,-2.039615297690034E-003,-2.343091648072004E-003,
2.491833333333334E+009,-2.047878690063953E-003,-2.347512869164348E-003,-1.942792325280607E-003,-2.284436952322722E-003,
2.491866666666667E+009,-1.990536460652947E-003,-2.238835906609893E-003,-2.076420933008194E-003,-2.169584855437279E-003,
2.491900000000000E+009,-1.940186368301511E-003,-2.351289615035057E-003,-1.944354618899524E-003,-2.169498708099127E-003,
2.491933333333334E+009,-1.998413586989045E-003,-2.385718282312155E-003,-1.957289408892393E-003,-2.277893014252186E-003,
2.491966666666667E+009,-2.067605732008815E-003,-2.274280181154609E-003,-1.863722223788500E-003,-2.413565060123801E-003,
2.492000000000000E+009,-1.848976477049291E-003,-2.288560383021832E-003,-1.868582679890096E-003,-2.308362862095237E-003,
2.492033333333334E+009,-1.858111005276442E-003,-2.355269854888320E-003,-1.909334212541580E-003,-2.342499326914549E-003,
2.492066666666667E+009,-1.903328928165138E-003,-2.201962517574430E-003,-1.919973059557378E-003,-2.266997005790472E-003,
2.492100000000000E+009,-1.869160565547645E-003,-2.363630337640643E-003,-1.972133060917258E-003,-2.267914125695825E-003,
2.492133333333334E+009,-1.735706347972155E-003,-2.442988567054272E-003,-1.772001734934747E-003,-2.356305718421936E-003,
2.492166666666667E+009,-1.819330733269453E-003,-2.310204552486539E-003,-1.895620254799724E-003,-2.270858269184828E-003,
2.492200000000000E+009,-1.734434161335230E-003,-2.205484779551625E-003,-1.843428937718272E-003,-2.310296520590782E-003,
2.492233333333334E+009,-1.784610212780535E-003,-2.342778490856290E-003,-1.933694584295154E-003,-2.368356334045529E-003,
2.492266666666667E+009,-1.783106592483819E-003,-2.306513953953981E-003,-1.865889877080917E-003,-2.304002642631531E-003,
2.492300000000000E+009,-1.846584142185748E-003,-2.366330474615097E-003,-1.787692890502513E-003,-2.412300556898117E-003,
2.492333333333334E+009,-1.866574515588582E-003,-2.310476498678327E-003,-1.647756434977055E-003,-2.416376722976565E-003,
2.492366666666667E+009,-1.823347527533770E-003,-2.342956373468041E-003,-1.791467308066785E-003,-2.409529406577349E-003,
2.492400000000000E+009,-1.705342554487288E-003,-2.256122883409262E-003,-1.792991301044822E-003,-2.290623262524605E-003,
2.492433333333334E+009,-1.655243453569710E-003,-2.458824310451746E-003,-1.557115116156638E-003,-2.378327539190650E-003,
2.492466666666667E+009,-1.724325236864388E-003,-2.453026128932834E-003,-1.631072140298784E-003,-2.348642796278000E-003,
2.492500000000000E+009,-1.651905593462288E-003,-2.398182870820165E-003,-1.678214175626636E-003,-2.352799754589796E-003,
2.492533333333334E+009,-1.637296751141548E-003,-2.413296140730381E-003,-1.734225428663194E-003,-2.513708081096411E-003,
2.492566666666667E+009,-1.624695025384426E-003,-2.599449828267098E-003,-1.624502241611481E-003,-2.600164618343115E-003,
2.492600000000000E+009,-1.560545410029590E-003,-2.383757149800658E-003,-1.664204872213304E-003,-2.490276237949729E-003,
2.492633333333334E+009,-1.540669007226825E-003,-2.371477661654353E-003,-1.712712692096829E-003,-2.446629106998444E-003,
2.492666666666667E+009,-1.550832414068282E-003,-2.546288073062897E-003,-1.495853182859719E-003,-2.542036818340421E-003,
2.492700000000000E+009,-1.578800030983985E-003,-2.575654769316316E-003,-1.591710373759270E-003,-2.282103523612022E-003,
2.492733333333334E+009,-1.577110379002988E-003,-2.529859310016036E-003,-1.631299848668277E-003,-2.621290972456336E-003,
2.492766666666667E+009,-1.584260608069599E-003,-2.550862031057477E-003,-1.632181811146438E-003,-2.541924593970180E-003,
2.492800000000000E+009,-1.624964061193168E-003,-2.519500674679875E-003,-1.485885586589575E-003,-2.429328626021743E-003,
2.492833333333334E+009,-1.458519021980465E-003,-2.623515902087092E-003,-1.541272155009210E-003,-2.524408977478743E-003,
2.492866666666667E+009,-1.403347472660244E-003,-2.344756154343486E-003,-1.483761006966233E-003,-2.616099314764142E-003,
2.492900000000000E+009,-1.511598005890846E-003,-2.526610391214490E-003,-1.468204893171787E-003,-2.487130928784609E-003,
2.492933333333334E+009,-1.486092689447105E-003,-2.557598985731602E-003,-1.601455616764724E-003,-2.522327937185764E-003,
2.492966666666667E+009,-1.500692684203386E-003,-2.514498541131616E-003,-1.401851070113480E-003,-2.534655854105949E-003,
2.493000000000000E+009,-1.209927606396377E-003,-2.505727810785174E-003,-1.462138257920742E-003,-2.423351164907217E-003,
2.493033333333334E+009,-1.394821214489639E-003,-2.404462546110153E-003,-1.528724213130772E-003,-2.518002875149250E-003,
2.493066666666667E+009,-1.486885244958103E-003,-2.591586438938975E-003,-1.471840310841799E-003,-2.531487727537751E-003,
2.493100000000000E+009,-1.341304392553866E-003,-2.619415754452348E-003,-1.432988210581243E-003,-2.532460493966937E-003,
2.493133333333334E+009,-1.314005232416093E-003,-2.642450621351600E-003,-1.404198468662798E-003,-2.454503439366818E-003,
2.493166666666667E+009,-1.338243251666427E-003,-2.467453246936202E-003,-1.444997498765588E-003,-2.511710859835148E-003,
2.493200000000000E+009,-1.347760204225779E-003,-2.417769748717547E-003,-1.330883475020528E-003,-2.578053856268525E-003,
2.493233333333334E+009,-1.383845927193761E-003,-2.636130433529615E-003,-1.447511371225119E-003,-2.564759459346533E-003,
2.493266666666667E+009,-1.261754776351154E-003,-2.785284072160721E-003,-1.380220870487392E-003,-2.603859407827258E-003,
2.493300000000000E+009,-1.337924273684621E-003,-2.586236223578453E-003,-1.418290194123983E-003,-2.593616256490350E-003,
2.493333333333334E+009,-1.257875235751271E-003,-2.418709918856621E-003,-1.357736182399094E-003,-2.650123788043857E-003,
2.493366666666667E+009,-1.309587387368083E-003,-2.546456409618259E-003,-1.337595400400460E-003,-2.464953111484647E-003,
2.493400000000000E+009,-1.205700333230197E-003,-2.508715493604541E-003,-1.270141918212175E-003,-2.529947552829981E-003,
2.493433333333334E+009,-1.312876236625016E-003,-2.611886942759156E-003,-1.307117403484881E-003,-2.545546973124147E-003,
2.493466666666667E+009,-1.459766877815127E-003,-2.558183157816529E-003,-1.217988319694996E-003,-2.431106520816684E-003,
2.493500000000000E+009,-1.209487440064549E-003,-2.633029595017433E-003,-1.282962737604976E-003,-2.577012637630105E-003,
2.493533333333334E+009,-1.171063166111708E-003,-2.661898033693433E-003,-1.273963134735823E-003,-2.656860975548625E-003,
2.493566666666667E+009,-1.200196216814220E-003,-2.647246932610869E-003,-1.164914807304740E-003,-2.712851157411933E-003,
2.493600000000000E+009,-1.191792543977499E-003,-2.698441036045551E-003,-1.141652814112604E-003,-2.676637144759297E-003,
2.493633333333334E+009,-1.232380745932460E-003,-2.526831813156605E-003,-1.153139746747911E-003,-2.669598674401641E-003,
2.493666666666667E+009,-1.224441104568541E-003,-2.680343575775623E-003,-1.063169213011861E-003,-2.689388114959002E-003,
2.493700000000000E+009,-1.038482296280563E-003,-2.692206995561719E-003,-1.244953600689769E-003,-2.674343064427376E-003,
2.493733333333334E+009,-1.075957552529872E-003,-2.586488611996174E-003,-1.078260131180286E-003,-2.677585463970900E-003,
2.493766666666667E+009,-1.011712360195816E-003,-2.654722426086664E-003,-1.074661617167294E-003,-2.732616150751710E-003,
2.493800000000000E+009,-1.067137694917619E-003,-2.661505946889520E-003,-1.026394311338663E-003,-2.677439013496041E-003,
2.493833333333334E+009,-9.740903624333441E-004,-2.696673385798931E-003,-1.057750661857426E-003,-2.716678427532315E-003,
2.493866666666667E+009,-1.084983232431114E-003,-2.575104590505362E-003,-1.045152777805924E-003,-2.680650446563959E-003,
2.493900000000000E+009,-1.049697399139404E-003,-2.798432251438499E-003,-1.114182872697711E-003,-2.748998580500484E-003,
2.493933333333334E+009,-9.646620019339025E-004,-2.812221413478255E-003,-9.641820797696710E-004,-2.676145406439900E-003,
2.493966666666667E+009,-9.389987681061029E-004,-2.700520446524024E-003,-8.643326582387090E-004,-2.834885613992810E-003,
2.494000000000000E+009,-9.457775740884244E-004,-2.863257890567184E-003,-9.775618091225624E-004,-2.693069167435169E-003,
2.494033333333334E+009,-1.099211978726089E-003,-2.804618561640382E-003,-9.710444719530642E-004,-2.839634427800775E-003,
2.494066666666667E+009,-9.675843175500631E-004,-2.745930105447769E-003,-9.371905471198261E-004,-2.716105431318283E-003,
2.494100000000000E+009,-8.768220432102680E-004,-2.846143441274762E-003,-9.606765233911574E-004,-2.752535743638873E-003,
2.494133333333334E+009,-7.499548955820501E-004,-2.822199370712042E-003,-8.821358205750585E-004,-2.929609734565020E-003,
2.494166666666667E+009,-7.915808237157762E-004,-2.834957558661699E-003,-8.448390290141106E-004,-2.912266179919243E-003,
2.494200000000000E+009,-9.042798774316907E-004,-3.023516386747360E-003,-9.285339037887752E-004,-2.932321280241013E-003,
2.494233333333334E+009,-8.964744047261775E-004,-3.010844811797142E-003,-8.519164402969182E-004,-3.011327004060149E-003,
2.494266666666667E+009,-9.250353905372322E-004,-2.829540986567736E-003,-8.993553929030895E-004,-2.899870043620467E-003,
2.494300000000000E+009,-9.164627990685403E-004,-3.057816764339805E-003,-9.440798312425613E-004,-3.006025217473507E-003,
2.494333333333334E+009,-7.026367820799351E-004,-2.954864874482155E-003,-6.620944477617741E-004,-2.909542061388493E-003,
2.494366666666667E+009,-7.698360714130104E-004,-3.058885456994176E-003,-8.000419475138187E-004,-3.061793278902769E-003,
2.494400000000000E+009,-7.848403183743358E-004,-3.050154307857156E-003,-8.112582727335393E-004,-2.912388183176518E-003,
2.494433333333334E+009,-7.507099653594196E-004,-2.953343791887164E-003,-6.968145607970655E-004,-2.956325188279152E-003,
2.494466666666667E+009,-7.141850655898452E-004,-2.993987407535315E-003,-6.563063361681998E-004,-2.981115365400910E-003,
2.494500000000000E+009,-5.918152746744454E-004,-2.879517385736108E-003,-6.916623678989708E-004,-2.916008001193404E-003,
2.494533333333334E+009,-5.475410143844783E-004,-2.864037174731493E-003,-6.930257077328861E-004,-2.921460429206491E-003,
2.494566666666667E+009,-7.799626328051090E-004,-3.095815656706691E-003,-5.990546196699143E-004,-2.958951517939568E-003,
2.494600000000000E+009,-6.684693507850170E-004,-2.866572700440884E-003,-6.525246426463127E-004,-2.909417031332851E-003,
2.494633333333334E+009,-5.640325834974647E-004,-2.921593142673373E-003,-6.349323666654527E-004,-3.138093277812004E-003,
2.494666666666667E+009,-5.757371545769274E-004,-3.006031038239598E-003,-6.867330521345139E-004,-2.934547141194344E-003,
2.494700000000000E+009,-6.078101578168571E-004,-2.937070792540908E-003,-5.665786447934806E-004,-2.938431687653065E-003,
2.494733333333334E+009,-5.561385187320411E-004,-2.981686033308506E-003,-5.882628029212356E-004,-2.976530697196722E-003,
2.494766666666667E+009,-5.513972137123346E-004,-3.095543943345547E-003,-4.928339039906859E-004,-3.039906034246087E-003,
2.494800000000000E+009,-5.220567109063268E-004,-3.044243436306715E-003,-4.431226989254355E-004,-3.018417861312628E-003,
2.494833333333334E+009,-5.316987517289817E-004,-3.172119380906224E-003,-4.692710353992879E-004,-3.146845847368240E-003,
2.494866666666667E+009,-4.934613825753331E-004,-3.015931695699692E-003,-4.696237156167626E-004,-2.986749634146690E-003,
2.494900000000000E+009,-3.817555843852460E-004,-3.045049263164401E-003,-4.369291709735990E-004,-3.137039951980114E-003,
2.494933333333334E+009,-6.130856927484274E-004,-3.046644851565361E-003,-3.487209323793650E-004,-3.085935022681952E-003,
2.494966666666667E+009,-3.809624176938087E-004,-3.082746407017112E-003,-3.573072317522019E-004,-3.133498132228851E-003,
2.495000000000000E+009,-3.670211008284241E-004,-3.152989316731691E-003,-5.324240773916245E-004,-3.263995749875903E-003,
2.495033333333334E+009,-5.151623045094311E-004,-3.177463542670012E-003,-4.391598631627858E-004,-3.097037784755230E-003,
2.495066666666667E+009,-3.363051509950310E-004,-3.151427954435349E-003,-3.553055867087096E-004,-3.226520493626595E-003,
2.495100000000000E+009,-4.674950323533267E-004,-3.129815682768822E-003,-4.310897493269295E-004,-3.126846859231591E-003,
2.495133333333334E+009,-1.614982465980575E-004,-3.162586595863104E-003,-2.543807495385408E-004,-3.171286778524518E-003,
2.495166666666667E+009,-2.858840161934495E-004,-3.195206169039011E-003,-3.387072647456080E-004,-3.321117488667369E-003,
2.495200000000000E+009,-1.760867598932236E-004,-3.297461196780205E-003,-2.708450192585588E-004,-3.329177852720022E-003,
2.495233333333334E+009,-3.275116614531726E-004,-3.090823534876108E-003,-3.740020620170981E-004,-3.323672572150827E-003,
2.495266666666667E+009,-3.093031409662217E-004,-3.212234238162637E-003,-3.649196878541261E-004,-3.322827629745007E-003,
2.495300000000000E+009,-2.402684622211382E-004,-3.316926537081599E-003,-3.433457459323108E-004,-3.327141515910626E-003,
2.495333333333334E+009,-2.404534316156060E-004,-3.362014424055815E-003,-2.479383547324687E-004,-3.383968258276582E-003,
2.495366666666667E+009,-3.146336821373552E-004,-3.400714136660099E-003,-1.015948146232404E-004,-3.466621739789844E-003,
2.495400000000000E+009,-1.659758563619107E-004,-3.351869527250528E-003,-3.332927881274372E-004,-3.466130932793021E-003,
2.495433333333334E+009,-1.221876445924863E-004,-3.313526976853609E-003,-1.968060387298465E-004,-3.259272547438741E-003,
2.495466666666667E+009,-1.672629732638598E-004,-3.363103372976184E-003,-1.276213733945042E-004,-3.457136219367385E-003,
2.495500000000000E+009,-1.903968804981560E-004,-3.560930024832487E-003,-1.279919233638793E-004,-3.506710520014167E-003,
2.495533333333334E+009,-1.927908742800355E-004,-3.397026564925909E-003,-8.302117203129455E-005,-3.369915764778853E-003,
2.495566666666667E+009,2.395461342530325E-005,-3.548569278791547E-003,-1.452686701668426E-004,-3.408800344914198E-003,
2.495600000000000E+009,-1.314157852903009E-004,-3.467999864369631E-003,-1.114028200390749E-004,-3.491109469905496E-003,
2.495633333333334E+009,-8.596546831540763E-005,-3.473437158390880E-003,-1.115140403271653E-004,-3.514682641252875E-003,
2.495666666666667E+009,-1.085858311853372E-004,-3.505741944536567E-003,-5.031506225350313E-005,-3.557724412530661E-003,
2.495700000000000E+009,-1.443633227609098E-004,-3.576199989765883E-003,-8.426218846580014E-005,-3.629720536991954E-003,
2.495733333333334E+009,2.151849184883758E-005,-3.535456024110317E-003,-4.369041562313214E-006,-3.636573906987906E-003,
2.495766666666667E+009,-7.587676373077557E-005,-3.514542244374752E-003,-1.350657403236255E-004,-3.619174240157008E-003,
2.495800000000000E+009,-5.577882984653115E-005,-3.793671028688550E-003,-1.081124937627465E-004,-3.843172919005156E-003,
2.495833333333334E+009,1.735495061438996E-005,-3.663399256765842E-003,-9.298913209931925E-005,-3.741670167073607E-003,
2.495866666666667E+009,-1.029367340379395E-004,-3.724808571860194E-003,6.161574128782377E-005,-3.798859426751733E-003,
2.495900000000000E+009,1.439183397451416E-004,-3.776299534365535E-003,1.105901174014434E-004,-3.749156137928367E-003,
2.495933333333334E+009,3.905523044522852E-005,-3.737531136721373E-003,7.716103573329747E-005,-3.648466663435102E-003,
2.495966666666667E+009,1.108177912101382E-005,-3.675509709864855E-003,6.034706166246906E-005,-3.734251251444221E-003,
2.496000000000000E+009,1.225987361976877E-004,-3.698344342410564E-003,2.862543988157995E-005,-3.688388969749212E-003,
2.496033333333334E+009,-5.867269646842033E-005,-3.745893714949489E-003,7.694186933804303E-005,-3.728157142177224E-003,
2.496066666666667E+009,2.049631439149380E-004,-3.807816887274385E-003,9.778957610251382E-005,-3.898830153048039E-003,
2.496100000000000E+009,1.965524133993313E-004,-3.757515456527472E-003,1.608450984349474E-004,-3.883500117808580E-003,
2.496133333333334E+009,9.747186413733289E-005,-3.774365643039346E-003,2.465750148985535E-004,-3.910618368536234E-003,
2.496166666666667E+009,1.865631347754970E-004,-3.870371496304870E-003,1.224050793098286E-004,-3.769326722249389E-003,
2.496200000000000E+009,1.878679759101942E-004,-3.824350889772177E-003,5.173279714654200E-005,-3.848542459309101E-003,
2.496233333333334E+009,2.721324563026428E-004,-4.007985349744558E-003,3.452526580076665E-004,-3.836326301097870E-003,
2.496266666666667E+009,1.611402403796092E-004,-3.960637841373682E-003,1.977796055143699E-004,-3.808437613770366E-003,
2.496300000000000E+009,3.419560671318322E-004,-3.944054711610079E-003,3.311877080705017E-004,-3.829711116850376E-003,
2.496333333333334E+009,1.464442175347358E-004,-3.946748096495867E-003,2.615859557408840E-004,-3.894837806001306E-003,
2.496366666666667E+009,2.411465975455940E-004,-3.977627027779818E-003,1.151535034296103E-004,-3.977024927735329E-003,
2.496400000000000E+009,4.006609087809920E-004,-3.924004733562470E-003,3.682111855596304E-004,-4.010697361081839E-003,
2.496433333333334E+009,2.145401231246069E-004,-3.995099104940891E-003,3.302262339275330E-004,-3.998558502644301E-003,
2.496466666666667E+009,1.877781323855743E-004,-4.091376904398203E-003,2.870698808692396E-004,-4.173198249191046E-003,
2.496500000000000E+009,3.816999378614128E-004,-4.109023138880730E-003,3.549149259924889E-004,-4.134286660701037E-003,
2.496533333333334E+009,4.584648122545332E-004,-4.065948538482189E-003,4.196090449113399E-004,-4.031881224364042E-003,
2.496566666666667E+009,3.891281085088849E-004,-4.018448758870363E-003,4.496908513829112E-004,-4.048117436468601E-003,
2.496600000000000E+009,3.186612157151103E-004,-4.062677267938852E-003,3.566739906091243E-004,-4.192464984953404E-003,
2.496633333333334E+009,4.248516343068332E-004,-4.205484408885241E-003,4.124393453821540E-004,-4.037682432681322E-003,
2.496666666666667E+009,4.660504346247762E-004,-4.107441753149033E-003,4.511802981141955E-004,-4.207923077046871E-003,
2.496700000000000E+009,3.927703364752233E-004,-4.175213165581226E-003,4.258105182088912E-004,-4.273944068700075E-003,
2.496733333333334E+009,3.709737211465836E-004,-4.249793943017721E-003,3.643176169134677E-004,-4.170524887740612E-003,
2.496766666666667E+009,4.353793628979474E-004,-4.120779689401388E-003,3.620414063334465E-004,-4.292787518352270E-003,
2.496800000000000E+009,4.373244883026928E-004,-4.277238156646490E-003,4.094878095202148E-004,-4.322370048612356E-003,
2.496833333333334E+009,6.420944118872285E-004,-4.265157505869865E-003,5.313411238603294E-004,-4.280449822545052E-003,
2.496866666666667E+009,4.558519285637885E-004,-4.344361834228039E-003,4.930957802571356E-004,-4.336580634117127E-003,
2.496900000000000E+009,6.479510338976979E-004,-4.323130473494530E-003,5.057881353422999E-004,-4.413844551891089E-003,
2.496933333333334E+009,5.341655923984945E-004,-4.415352828800678E-003,5.070597981102765E-004,-4.371038638055325E-003,
2.496966666666667E+009,6.353241042234004E-004,-4.308284725993872E-003,6.601185305044055E-004,-4.600544460117817E-003,
2.497000000000000E+009,5.816957564093173E-004,-4.477409645915031E-003,4.759408184327185E-004,-4.626523703336716E-003,
2.497033333333334E+009,5.531864007934928E-004,-4.483055789023638E-003,4.960042424499989E-004,-4.544970579445362E-003,
2.497066666666667E+009,6.663444219157100E-004,-4.576879553496838E-003,3.684158727992326E-004,-4.649714566767216E-003,
2.497100000000000E+009,6.755164358764887E-004,-4.638827871531248E-003,5.627909558825195E-004,-4.565110895782709E-003,
2.497133333333334E+009,5.176597624085844E-004,-4.757824819535017E-003,5.889280000701547E-004,-4.702945239841938E-003,
2.497166666666667E+009,4.694093076977879E-004,-4.678732249885798E-003,5.608088104054332E-004,-4.769375082105398E-003,
2.497200000000000E+009,4.971236921846867E-004,-4.712642170488834E-003,5.155213875696063E-004,-4.810473416000605E-003,
2.497233333333334E+009,7.467736722901464E-004,-4.669699817895889E-003,6.084447377361357E-004,-4.698437172919512E-003,
2.497266666666667E+009,7.119046058505774E-004,-4.802833776921034E-003,6.498139700852335E-004,-4.890035837888718E-003,
2.497300000000000E+009,6.058077560737729E-004,-4.781498108059168E-003,5.985581083223224E-004,-4.898684099316597E-003,
2.497333333333334E+009,6.161043420433998E-004,-5.033610854297876E-003,5.137410480529070E-004,-5.006751976907253E-003,
2.497366666666667E+009,5.217225407250226E-004,-4.963740706443787E-003,4.993600887246430E-004,-5.027069244533777E-003,
2.497400000000000E+009,6.123381317593157E-004,-4.922728519886732E-003,6.043097237125039E-004,-5.004818085581064E-003,
2.497433333333334E+009,5.526517634280026E-004,-5.011839326471090E-003,5.569979548454285E-004,-5.074503831565380E-003,
2.497466666666667E+009,5.313668516464531E-004,-4.999627824872732E-003,4.253422957845032E-004,-4.987286869436503E-003,
2.497500000000000E+009,6.088063819333911E-004,-4.975791089236736E-003,7.180339889600873E-004,-5.132073536515236E-003,
2.497533333333334E+009,7.471288554370403E-004,-5.104328040033579E-003,6.985635845921934E-004,-5.306119564920664E-003,
2.497566666666667E+009,7.430089754052460E-004,-5.059012211859226E-003,7.171097677201033E-004,-5.089511163532734E-003,
2.497600000000000E+009,5.666801007464528E-004,-5.171624943614006E-003,8.201396558433771E-004,-5.228933412581682E-003,
2.497633333333334E+009,7.794747361913323E-004,-5.205014254897833E-003,6.204586243256927E-004,-5.266462918370962E-003,
2.497666666666667E+009,7.353166001848877E-004,-5.205991677939892E-003,7.313290261663497E-004,-5.145895760506392E-003,
2.497700000000000E+009,8.599016000516713E-004,-5.087417084723711E-003,7.053694571368396E-004,-5.166431423276663E-003,
2.497733333333334E+009,7.412239792756736E-004,-5.173775833100081E-003,9.069617954082787E-004,-5.287371110171080E-003,
2.497766666666667E+009,6.697518983855844E-004,-5.174813792109489E-003,6.280656671151519E-004,-5.339009221643210E-003,
2.497800000000000E+009,6.980870384722948E-004,-5.311510525643826E-003,6.897035054862499E-004,-5.353404209017754E-003,
2.497833333333334E+009,7.509560091421008E-004,-5.322448909282684E-003,8.441869285888970E-004,-5.344596225768328E-003,
2.497866666666667E+009,9.051612578332424E-004,-5.462385714054108E-003,8.064271532930434E-004,-5.387882236391306E-003,
2.497900000000000E+009,6.991465343162417E-004,-5.329666659235954E-003,9.120331378653646E-004,-5.403290502727032E-003,
2.497933333333334E+009,8.119718404486775E-004,-5.368954967707396E-003,7.136845379136503E-004,-5.578945390880108E-003,
2.497966666666667E+009,8.108586189337075E-004,-5.487522576004267E-003,8.254720014519990E-004,-5.452348850667477E-003,
2.498000000000000E+009,8.232003892771900E-004,-5.496486090123653E-003,8.217379800044000E-004,-5.420016124844551E-003,
2.498033333333334E+009,7.046870305202901E-004,-5.575258750468493E-003,7.804690976627171E-004,-5.628224462270737E-003,
2.498066666666667E+009,7.699099951423705E-004,-5.643344949930906E-003,8.737280149944127E-004,-5.604212637990713E-003,
2.498100000000000E+009,7.546491688117385E-004,-5.423374939709902E-003,7.940111681818962E-004,-5.648534279316664E-003,
2.498133333333334E+009,9.315615170635283E-004,-5.417029839009047E-003,7.571227033622563E-004,-5.631719250231981E-003,
2.498166666666667E+009,8.648920920677483E-004,-5.555683746933937E-003,9.397505782544613E-004,-5.726629402488470E-003,
2.498200000000000E+009,7.240241393446922E-004,-5.730422213673592E-003,8.818035130389035E-004,-5.639334209263325E-003,
2.498233333333334E+009,8.775799651630223E-004,-5.747975315898657E-003,7.708613411523402E-004,-5.759020801633596E-003,
2.498266666666667E+009,6.786775193177164E-004,-5.673774983733892E-003,8.389003342017531E-004,-5.800985731184483E-003,
2.498300000000000E+009,9.328814921900630E-004,-5.857373587787151E-003,8.350710850208998E-004,-5.958097986876965E-003,
2.498333333333334E+009,9.008785127662122E-004,-5.847955122590065E-003,8.915999205783010E-004,-5.790872499346733E-003,
2.498366666666667E+009,8.751550340093672E-004,-5.864063743501902E-003,8.309329277835786E-004,-5.884310230612755E-003,
2.498400000000000E+009,7.455235463567078E-004,-5.835523363202810E-003,8.798166527412832E-004,-6.021723151206970E-003,
2.498433333333334E+009,8.002705872058868E-004,-5.868015810847282E-003,8.173539536073804E-004,-5.911588668823242E-003,
2.498466666666667E+009,9.769493481144309E-004,-6.015777122229338E-003,8.209701045416296E-004,-6.105790846049786E-003,
2.498500000000000E+009,8.827381534501910E-004,-6.018126849085093E-003,7.381433970294893E-004,-6.054338533431292E-003,
2.498533333333334E+009,6.650962750427425E-004,-6.055821198970079E-003,7.166883442550898E-004,-6.166823208332062E-003,
2.498566666666667E+009,7.926843827590346E-004,-6.076658144593239E-003,8.687421213835478E-004,-6.183295976370573E-003,
2.498600000000000E+009,9.500032174400985E-004,-6.164390128105879E-003,7.970374426804483E-004,-6.223012227565050E-003,
2.498633333333334E+009,8.154761162586510E-004,-6.242758128792048E-003,8.980736602097750E-004,-6.126966793090105E-003,
2.498666666666667E+009,9.302784455940127E-004,-6.379254162311554E-003,8.001571404747665E-004,-6.326214410364628E-003,
2.498700000000000E+009,7.975829648785293E-004,-6.269122008234263E-003,8.044023416005075E-004,-6.300009321421385E-003,
2.498733333333334E+009,7.943076197989285E-004,-6.284453440457583E-003,9.502501343376935E-004,-6.424870342016220E-003,
2.498766666666667E+009,8.180522709153593E-004,-6.483450531959534E-003,7.398004527203739E-004,-6.439961027354002E-003,
2.498800000000000E+009,9.500551386736333E-004,-6.376132834702730E-003,7.969612488523126E-004,-6.507860030978918E-003,
2.498833333333334E+009,8.673433912917972E-004,-6.615200545638800E-003,8.443808765150607E-004,-6.547499448060989E-003,
2.498866666666667E+009,7.157663349062204E-004,-6.484460085630417E-003,7.368460646830499E-004,-6.629962474107742E-003,
2.498900000000000E+009,6.966441287659109E-004,-6.629501003772020E-003,6.444493774324656E-004,-6.744496524333954E-003,
2.498933333333334E+009,6.401328719221056E-004,-6.700757425278425E-003,6.204211385920644E-004,-6.735148839652538E-003,
2.498966666666667E+009,5.856567295268178E-004,-6.654736585915089E-003,5.469675525091589E-004,-6.748351734131575E-003,
2.499000000000000E+009,5.890072789043188E-004,-6.775172892957926E-003,5.413847393356264E-004,-6.847979035228491E-003,
2.499033333333334E+009,6.119615864008665E-004,-6.777082569897175E-003,6.015605176798999E-004,-6.861950736492872E-003,
2.499066666666667E+009,7.128936704248190E-004,-6.800825241953135E-003,6.143497303128243E-004,-6.889679003506899E-003,
2.499100000000000E+009,6.537587032653391E-004,-6.703893188387156E-003,5.571989458985627E-004,-6.884595844894648E-003,
2.499133333333334E+009,5.817241617478430E-004,-6.941237021237612E-003,6.106583168730140E-004,-6.900215055793524E-003,
2.499166666666667E+009,7.370936218649149E-004,-6.990745197981596E-003,5.930874031037092E-004,-6.893622688949108E-003,
2.499200000000000E+009,6.338515668176115E-004,-6.917505059391260E-003,5.937118548899889E-004,-6.991785485297442E-003,
2.499233333333334E+009,6.445923936553299E-004,-7.070755586028099E-003,7.452892023138702E-004,-6.981408689171076E-003,
2.499266666666667E+009,6.754371570423245E-004,-7.016714196652174E-003,6.066448404453695E-004,-7.148852106183767E-003,
2.499300000000000E+009,6.974943098612130E-004,-7.069505751132965E-003,7.352006505243480E-004,-7.154116407036781E-003,
2.499333333333334E+009,6.240938091650605E-004,-7.073314394801855E-003,5.860155797563493E-004,-7.107897661626339E-003,
2.499366666666667E+009,8.068308234214783E-004,-6.984014064073563E-003,5.741075729019940E-004,-7.141788024455309E-003,
2.499400000000000E+009,6.725463899783790E-004,-7.099416572600603E-003,6.310823955573142E-004,-7.220966275781393E-003,
2.499433333333334E+009,6.196790491230786E-004,-7.089645136147738E-003,6.299396045506001E-004,-7.207741495221853E-003,
2.499466666666667E+009,6.493054097518325E-004,-7.258078549057245E-003,5.237646400928497E-004,-7.269798312336206E-003,
2.499500000000000E+009,7.391872932203114E-004,-7.158995140343905E-003,6.129737594164908E-004,-7.323780097067356E-003,
2.499533333333334E+009,6.221141666173935E-004,-7.233310490846634E-003,5.830825539305806E-004,-7.407957687973976E-003,
2.499566666666667E+009,5.759871564805508E-004,-7.229321170598269E-003,6.383541622199118E-004,-7.364190183579922E-003,
2.499600000000000E+009,6.116902222856879E-004,-7.397013250738382E-003,6.061426829546690E-004,-7.452281191945076E-003,
2.499633333333334E+009,6.367902969941497E-004,-7.412346079945564E-003,5.342848016880453E-004,-7.362982258200645E-003,
2.499666666666667E+009,5.806758999824524E-004,-7.537644822150469E-003,4.997118376195431E-004,-7.490473333746195E-003,
2.499700000000000E+009,4.868635151069611E-004,-7.551868911832571E-003,4.384644562378526E-004,-7.667479570955038E-003,
2.499733333333334E+009,5.838563083671033E-004,-7.520472630858421E-003,6.216256879270077E-004,-7.589336950331926E-003,
2.499766666666667E+009,5.661259056068957E-004,-7.479202933609486E-003,5.837955977767706E-004,-7.667315192520618E-003,
2.499800000000000E+009,4.585081187542528E-004,-7.677678484469652E-003,3.677137428894639E-004,-7.681735791265965E-003,
2.499833333333334E+009,4.460217896848917E-004,-7.574007380753756E-003,5.553268711082637E-004,-7.685326505452395E-003,
2.499866666666667E+009,5.779865314252675E-004,-7.720398716628552E-003,4.448353720363230E-004,-7.833903655409813E-003,
2.499900000000000E+009,5.250233225524426E-004,-7.675851695239544E-003,3.773311327677220E-004,-7.882857695221901E-003,
2.499933333333334E+009,4.529975121840835E-004,-7.841750048100948E-003,4.613056662492454E-004,-7.770003285259008E-003,
2.499966666666667E+009,4.274892562534660E-004,-7.829215377569199E-003,4.090163274668157E-004,-7.893017493188381E-003,
2.500000000000000E+009,3.696492640301585E-004,-7.833388634026051E-003,4.097117052879185E-004,-7.892987690865994E-003,
