% Version 1.00
%
%freq[Hz];re:Trc1_S21;im:Trc1_S21;re:Trc2_S12;im:Trc2_S12;
2.480000000000000E+009,-4.953696392476559E-003,-6.411754526197910E-003,-4.785626195371151E-003,-6.525686476379633E-003,
2.480033333333334E+009,-4.901446402072907E-003,-6.330577656626701E-003,-4.751034080982208E-003,-6.327257491648197E-003,
2.480066666666667E+009,-4.752677865326405E-003,-6.242414470762014E-003,-4.737146198749542E-003,-6.462569814175367E-003,
2.480100000000000E+009,-4.859181120991707E-003,-6.393053103238344E-003,-4.748011473566294E-003,-6.570036057382822E-003,
2.480133333333334E+009,-4.814942833036184E-003,-6.537226960062981E-003,-4.857815802097321E-003,-6.456185597926378E-003,
2.480166666666667E+009,-4.693852737545967E-003,-6.424630992114544E-003,-4.848596174269915E-003,-6.667052861303091E-003,
2.480200000000000E+009,-4.916145931929350E-003,-6.435384973883629E-003,-4.859409295022488E-003,-6.425550207495689E-003,
2.480233333333334E+009,-4.880632273852825E-003,-6.357499398291111E-003,-4.896000027656555E-003,-6.414122413843870E-003,
2.480266666666667E+009,-4.929473157972097E-003,-6.475861184298992E-003,-4.865721333771944E-003,-6.462506484240294E-003,
2.480300000000000E+009,-4.850426223129034E-003,-6.567934062331915E-003,-4.946854896843433E-003,-6.531604565680027E-003,
2.480333333333334E+009,-4.741085693240166E-003,-6.352092605084181E-003,-4.858815111219883E-003,-6.422976963222027E-003,
2.480366666666667E+009,-4.846692550927401E-003,-6.255274172872305E-003,-4.709836095571518E-003,-6.438578013330698E-003,
2.480400000000000E+009,-4.905008245259523E-003,-6.463926285505295E-003,-4.788254387676716E-003,-6.311345845460892E-003,
2.480433333333334E+009,-4.882712382823229E-003,-6.573644001036882E-003,-4.944383632391691E-003,-6.445889361202717E-003,
2.480466666666667E+009,-4.713675472885370E-003,-6.392789538949728E-003,-4.842740949243307E-003,-6.281182635575533E-003,
2.480500000000000E+009,-4.759812261909246E-003,-6.172230467200279E-003,-4.929612390697002E-003,-6.459774449467659E-003,
2.480533333333334E+009,-4.727678373456001E-003,-6.385670509189367E-003,-4.947045817971230E-003,-6.441207602620125E-003,
2.480566666666667E+009,-4.805803764611483E-003,-6.468867883086205E-003,-4.980145487934351E-003,-6.375149358063936E-003,
2.480600000000000E+009,-4.908681381493807E-003,-6.275315769016743E-003,-4.922484979033470E-003,-6.377354264259338E-003,
2.480633333333334E+009,-4.773107822984457E-003,-6.242866162210703E-003,-4.884518682956696E-003,-6.116993725299835E-003,
2.480666666666667E+009,-4.958549514412880E-003,-6.241694092750549E-003,-4.970097914338112E-003,-6.354985758662224E-003,
2.480700000000000E+009,-4.858765751123428E-003,-6.312314886599779E-003,-4.975717514753342E-003,-6.364704575389624E-003,
2.480733333333334E+009,-4.876861814409494E-003,-6.272213067859411E-003,-4.920106846839190E-003,-6.358596030622721E-003,
2.480766666666667E+009,-5.001497920602560E-003,-6.142672616988421E-003,-4.958800505846739E-003,-6.286608520895243E-003,
2.480800000000000E+009,-4.908403847366571E-003,-6.243399810045958E-003,-4.925455432385206E-003,-6.251707207411528E-003,
2.480833333333334E+009,-4.827581811696291E-003,-6.133236922323704E-003,-4.944093525409699E-003,-6.245432421565056E-003,
2.480866666666667E+009,-4.912389907985926E-003,-6.188025232404470E-003,-4.974510986357927E-003,-6.268943659961224E-003,
2.480900000000000E+009,-4.973367322236300E-003,-6.270265206694603E-003,-5.108221899718046E-003,-6.192001979798079E-003,
2.480933333333334E+009,-4.946664907038212E-003,-6.197284907102585E-003,-5.005616229027510E-003,-6.250185891985893E-003,
2.480966666666667E+009,-4.954588133841753E-003,-6.259226705878973E-003,-5.093219224363565E-003,-6.117944605648518E-003,
2.481000000000000E+009,-4.878914449363947E-003,-6.213262677192688E-003,-5.053982604295015E-003,-6.232299841940403E-003,
2.481033333333334E+009,-4.962452687323093E-003,-6.222436204552651E-003,-4.998905584216118E-003,-6.168275605887175E-003,
2.481066666666667E+009,-4.962371662259102E-003,-6.059298291802406E-003,-5.008844658732414E-003,-6.241795606911182E-003,
2.481100000000000E+009,-4.891960415989161E-003,-5.987658165395260E-003,-4.985950421541929E-003,-6.131097674369812E-003,
2.481133333333334E+009,-4.996878094971180E-003,-6.044883746653795E-003,-5.123003851622343E-003,-6.094568409025669E-003,
2.481166666666667E+009,-5.010436289012432E-003,-6.035201251506805E-003,-5.118445493280888E-003,-6.102717947214842E-003,
2.481200000000000E+009,-4.946875385940075E-003,-6.014646030962467E-003,-5.140838678926230E-003,-6.149693857878447E-003,
2.481233333333334E+009,-5.021483637392521E-003,-6.093574687838554E-003,-5.164253991097212E-003,-5.997703410685062E-003,
2.481266666666667E+009,-5.010032560676336E-003,-6.097744684666395E-003,-5.072746425867081E-003,-6.057970225811005E-003,
2.481300000000000E+009,-4.950252361595631E-003,-6.212561391294003E-003,-5.129171069711447E-003,-6.125130690634251E-003,
2.481333333333334E+009,-5.027016159147024E-003,-6.124814972281456E-003,-5.043559242039919E-003,-5.990527104586363E-003,
2.481366666666667E+009,-4.967625718563795E-003,-5.960466805845499E-003,-5.159537773579359E-003,-6.127924658358097E-003,
2.481400000000000E+009,-5.074814893305302E-003,-5.995276849716902E-003,-5.226526875048876E-003,-6.073586177080870E-003,
2.481433333333334E+009,-5.163657944649458E-003,-6.044620648026466E-003,-5.230963695794344E-003,-5.933366715908051E-003,
2.481466666666667E+009,-4.993319511413574E-003,-6.049546878784895E-003,-5.201380234211683E-003,-6.024166010320187E-003,
2.481500000000000E+009,-5.001294892281294E-003,-6.049965973943472E-003,-5.244067870080471E-003,-6.054641678929329E-003,
2.481533333333334E+009,-5.161042790859938E-003,-6.032975856214762E-003,-5.268882494419813E-003,-5.953292828053236E-003,
2.481566666666667E+009,-5.120837595313788E-003,-5.957088898867369E-003,-5.083663389086723E-003,-5.957608111202717E-003,
2.481600000000000E+009,-5.109705962240696E-003,-6.026731338351965E-003,-5.079398397356272E-003,-5.808795802295208E-003,
2.481633333333334E+009,-5.119604524224997E-003,-6.144903134554625E-003,-5.116605665534735E-003,-5.959170404821634E-003,
2.481666666666667E+009,-5.107505246996880E-003,-5.841102451086044E-003,-5.241272971034050E-003,-5.927454680204392E-003,
2.481700000000000E+009,-5.091172177344561E-003,-5.955806467682123E-003,-5.308156833052635E-003,-6.055061705410481E-003,
2.481733333333334E+009,-5.268164910376072E-003,-5.867686122655869E-003,-5.179812200367451E-003,-5.847932305186987E-003,
2.481766666666667E+009,-5.121290683746338E-003,-5.913975648581982E-003,-5.208778195083141E-003,-5.787578411400318E-003,
2.481800000000000E+009,-5.154821090400219E-003,-5.977642722427845E-003,-5.223809275776148E-003,-5.881472956389189E-003,
2.481833333333334E+009,-5.157392006367445E-003,-5.800132174044848E-003,-5.271259695291519E-003,-5.882906261831522E-003,
2.481866666666667E+009,-5.172025877982378E-003,-5.867265164852142E-003,-5.306759383529425E-003,-5.729255732148886E-003,
2.481900000000000E+009,-5.150225944817066E-003,-5.687394645065069E-003,-5.344621371477842E-003,-5.751168821007013E-003,
2.481933333333334E+009,-5.134544335305691E-003,-5.815255921334028E-003,-5.363784264773130E-003,-5.800271406769753E-003,
2.481966666666667E+009,-5.255887284874916E-003,-5.829953588545322E-003,-5.383418407291174E-003,-5.860625300556421E-003,
2.482000000000000E+009,-5.346783436834812E-003,-5.868969950824976E-003,-5.331051535904408E-003,-5.689293146133423E-003,
2.482033333333334E+009,-5.338884890079498E-003,-5.847979802638292E-003,-5.306894890964031E-003,-5.831742659211159E-003,
2.482066666666667E+009,-5.141827277839184E-003,-5.668127443641424E-003,-5.404327996075153E-003,-5.797143094241619E-003,
2.482100000000000E+009,-5.229965783655644E-003,-5.696925800293684E-003,-5.332180764526129E-003,-5.856418516486883E-003,
2.482133333333334E+009,-5.309440195560455E-003,-5.690142512321472E-003,-5.417591426521540E-003,-5.964193958789110E-003,
2.482166666666667E+009,-5.412588361650705E-003,-5.853463895618916E-003,-5.423555150628090E-003,-5.819370504468679E-003,
2.482200000000000E+009,-5.368327256292105E-003,-5.861887242645025E-003,-5.348348990082741E-003,-5.743243265897036E-003,
2.482233333333334E+009,-5.265275016427040E-003,-5.803137551993132E-003,-5.276657640933991E-003,-5.719434935599566E-003,
2.482266666666667E+009,-5.248425528407097E-003,-5.754452664405108E-003,-5.322606768459082E-003,-5.727792624384165E-003,
2.482300000000000E+009,-5.318186711519957E-003,-5.750563461333513E-003,-5.378818139433861E-003,-5.701329093426466E-003,
2.482333333333334E+009,-5.316321272403002E-003,-5.582244601100683E-003,-5.315114278346300E-003,-5.682361777871847E-003,
2.482366666666667E+009,-5.314774345606566E-003,-5.831010639667511E-003,-5.552758462727070E-003,-5.621221847832203E-003,
2.482400000000000E+009,-5.418941378593445E-003,-5.761261563748121E-003,-5.485634785145521E-003,-5.600636359304190E-003,
2.482433333333334E+009,-5.399824120104313E-003,-5.576290190219879E-003,-5.413126666098833E-003,-5.733657162636519E-003,
2.482466666666667E+009,-5.519269965589047E-003,-5.622638855129480E-003,-5.325829610228539E-003,-5.646765232086182E-003,
2.482500000000000E+009,-5.431305151432753E-003,-5.679367110133171E-003,-5.380978807806969E-003,-5.606549326330423E-003,
2.482533333333334E+009,-5.365821067243815E-003,-5.734574515372515E-003,-5.467524752020836E-003,-5.610213615000248E-003,
2.482566666666667E+009,-5.291897337883711E-003,-5.662200972437859E-003,-5.451537203043699E-003,-5.562750622630119E-003,
2.482600000000000E+009,-5.359463859349489E-003,-5.477431230247021E-003,-5.600836127996445E-003,-5.562360398471355E-003,
2.482633333333334E+009,-5.473630968481302E-003,-5.494546610862017E-003,-5.478933919221163E-003,-5.626782309263945E-003,
2.482666666666667E+009,-5.504022818058729E-003,-5.668293684720993E-003,-5.473828874528408E-003,-5.586184095591307E-003,
2.482700000000000E+009,-5.357829388231039E-003,-5.544764455407858E-003,-5.532217677682638E-003,-5.589114502072334E-003,
2.482733333333334E+009,-5.456285085529089E-003,-5.449996329843998E-003,-5.517600569874048E-003,-5.600612610578537E-003,
2.482766666666667E+009,-5.460317712277174E-003,-5.643417593091726E-003,-5.457668099552393E-003,-5.601358134299517E-003,
2.482800000000000E+009,-5.444803740829229E-003,-5.711868871003389E-003,-5.613544955849648E-003,-5.485384725034237E-003,
2.482833333333334E+009,-5.557281896471977E-003,-5.438153166323900E-003,-5.546233616769314E-003,-5.415944382548332E-003,
2.482866666666667E+009,-5.484360270202160E-003,-5.440764129161835E-003,-5.602265242487192E-003,-5.366999655961990E-003,
2.482900000000000E+009,-5.269600544124842E-003,-5.399887915700674E-003,-5.585289560258389E-003,-5.409031175076962E-003,
2.482933333333334E+009,-5.521413870155811E-003,-5.394896026700735E-003,-5.535150878131390E-003,-5.339479073882103E-003,
2.482966666666667E+009,-5.470949225127697E-003,-5.332462023943663E-003,-5.400157999247313E-003,-5.385309923440218E-003,
2.483000000000000E+009,-5.511783994734287E-003,-5.347281694412231E-003,-5.503553431481123E-003,-5.334893241524696E-003,
2.483033333333334E+009,-5.428757984191179E-003,-5.364213138818741E-003,-5.616417154669762E-003,-5.372341256588697E-003,
2.483066666666667E+009,-5.614479072391987E-003,-5.332278553396463E-003,-5.563697777688503E-003,-5.242610350251198E-003,
2.483100000000000E+009,-5.513496696949005E-003,-5.273449234664440E-003,-5.601651500910521E-003,-5.183237139135599E-003,
2.483133333333334E+009,-5.441303364932537E-003,-5.234039388597012E-003,-5.679337307810783E-003,-5.252498202025890E-003,
2.483166666666667E+009,-5.622982978820801E-003,-5.192913115024567E-003,-5.490698385983706E-003,-5.157575942575932E-003,
2.483200000000000E+009,-5.563816986978054E-003,-5.348915699869394E-003,-5.594092886894941E-003,-5.046179983764887E-003,
2.483233333333334E+009,-5.515542346984148E-003,-5.190415307879448E-003,-5.572665482759476E-003,-5.189504474401474E-003,
2.483266666666667E+009,-5.627234466373920E-003,-5.485941190272570E-003,-5.605482961982489E-003,-5.129715427756310E-003,
2.483300000000000E+009,-5.527460016310215E-003,-5.234512500464916E-003,-5.790867377072573E-003,-5.153027363121510E-003,
2.483333333333334E+009,-5.642029456794262E-003,-5.204790737479925E-003,-5.659223534166813E-003,-5.042588338255882E-003,
2.483366666666667E+009,-5.650498438626528E-003,-5.128177814185619E-003,-5.716529674828053E-003,-5.120104644447565E-003,
2.483400000000000E+009,-5.565177649259567E-003,-5.194686353206635E-003,-5.623450968414545E-003,-5.090701859444380E-003,
2.483433333333334E+009,-5.398498382419348E-003,-4.989816341549158E-003,-5.620392505079508E-003,-5.114300642162561E-003,
2.483466666666667E+009,-5.674257874488831E-003,-5.014512222260237E-003,-5.670956801623106E-003,-5.170777440071106E-003,
2.483500000000000E+009,-5.609449464827776E-003,-5.111112724989653E-003,-5.658122245222330E-003,-5.091720260679722E-003,
2.483533333333334E+009,-5.621002987027168E-003,-5.203534848988056E-003,-5.634070374071598E-003,-4.907920025289059E-003,
2.483566666666667E+009,-5.614428780972958E-003,-5.014040041714907E-003,-5.602178163826466E-003,-4.975534509867430E-003,
2.483600000000000E+009,-5.662572104483843E-003,-5.101960152387619E-003,-5.787583068013191E-003,-5.082138814032078E-003,
2.483633333333334E+009,-5.597511772066355E-003,-5.097673740237951E-003,-5.663162097334862E-003,-5.117530003190041E-003,
2.483666666666667E+009,-5.633269902318716E-003,-4.907270427793264E-003,-5.825052037835121E-003,-4.919718485325575E-003,
2.483700000000000E+009,-5.597475450485945E-003,-5.113174673169851E-003,-5.722875706851482E-003,-5.021932534873486E-003,
2.483733333333334E+009,-5.733852740377188E-003,-5.062518175691366E-003,-5.714281927794218E-003,-5.068598780781031E-003,
2.483766666666667E+009,-5.732701160013676E-003,-4.942717496305704E-003,-5.743237212300301E-003,-5.019226577132940E-003,
2.483800000000000E+009,-5.839607212692499E-003,-4.971162416040897E-003,-5.710924044251442E-003,-4.966108594089747E-003,
2.483833333333334E+009,-5.723794456571341E-003,-4.875469952821732E-003,-5.834990646690130E-003,-4.870135337114334E-003,
2.483866666666667E+009,-5.688311066478491E-003,-5.001733545213938E-003,-5.750134587287903E-003,-4.827369004487991E-003,
2.483900000000000E+009,-5.711890757083893E-003,-4.780189599841833E-003,-5.848723929375410E-003,-4.962620325386524E-003,
2.483933333333334E+009,-5.894074682146311E-003,-4.811919759958983E-003,-5.714843515306711E-003,-4.824043717235327E-003,
2.483966666666667E+009,-5.739171523600817E-003,-4.914610181003809E-003,-5.903236102312803E-003,-4.820021335035563E-003,
2.484000000000000E+009,-5.818018224090338E-003,-4.796864930540323E-003,-5.748987197875977E-003,-4.761214833706617E-003,
2.484033333333334E+009,-5.728200543671846E-003,-4.784464836120606E-003,-5.703895352780819E-003,-4.661512561142445E-003,
2.484066666666667E+009,-5.759238265454769E-003,-4.812015220522881E-003,-5.873675458133221E-003,-4.824473988264799E-003,
2.484100000000000E+009,-5.856194533407688E-003,-4.779915791004896E-003,-5.735211540013552E-003,-4.783353768289089E-003,
2.484133333333334E+009,-5.710445344448090E-003,-4.590222612023354E-003,-5.817275494337082E-003,-4.705391358584166E-003,
2.484166666666667E+009,-5.719578824937344E-003,-4.749657586216927E-003,-5.758911836892366E-003,-4.666374996304512E-003,
2.484200000000000E+009,-5.830368027091026E-003,-4.670126363635063E-003,-5.820360500365496E-003,-4.650658462196589E-003,
2.484233333333334E+009,-5.808226298540831E-003,-4.518897738307715E-003,-5.785155575722456E-003,-4.623249638825655E-003,
2.484266666666667E+009,-5.807040259242058E-003,-4.552797414362431E-003,-5.917074158787727E-003,-4.640176892280579E-003,
2.484300000000000E+009,-5.759491119533777E-003,-4.744915291666985E-003,-5.772266536951065E-003,-4.584236070513725E-003,
2.484333333333334E+009,-5.792290437966585E-003,-4.532532766461372E-003,-5.793821997940540E-003,-4.649762064218521E-003,
2.484366666666667E+009,-5.794303957372904E-003,-4.636769182980061E-003,-5.789524409919977E-003,-4.522288218140602E-003,
2.484400000000000E+009,-5.710376892238855E-003,-4.573501646518707E-003,-5.781009327620268E-003,-4.492965992540121E-003,
2.484433333333334E+009,-5.799365695565939E-003,-4.466636572033167E-003,-5.819420330226421E-003,-4.544842522591353E-003,
2.484466666666667E+009,-5.778747145086527E-003,-4.438007250428200E-003,-5.810354370623827E-003,-4.336585756391287E-003,
2.484500000000000E+009,-5.730268079787493E-003,-4.527124110609293E-003,-5.750716198235750E-003,-4.373287316411734E-003,
2.484533333333334E+009,-5.801341496407986E-003,-4.465287551283836E-003,-5.759879481047392E-003,-4.385544452816248E-003,
2.484566666666667E+009,-5.756763275712729E-003,-4.384039901196957E-003,-5.919486749917269E-003,-4.352522082626820E-003,
2.484600000000000E+009,-5.759407300502062E-003,-4.286692943423986E-003,-5.811715032905340E-003,-4.389833193272352E-003,
2.484633333333334E+009,-5.732294172048569E-003,-4.364843945950270E-003,-5.783160217106342E-003,-4.188653081655502E-003,
2.484666666666667E+009,-5.783379543572664E-003,-4.295935388654470E-003,-5.811581388115883E-003,-4.228980280458927E-003,
2.484700000000000E+009,-5.740398541092873E-003,-4.387299064546824E-003,-5.806793924421072E-003,-4.142282065004110E-003,
2.484733333333334E+009,-5.773753393441439E-003,-4.278549458831549E-003,-5.869446322321892E-003,-4.156431183218956E-003,
2.484766666666667E+009,-5.714163184165955E-003,-4.150837194174528E-003,-5.963775794953108E-003,-4.111645743250847E-003,
2.484800000000000E+009,-5.710102617740631E-003,-3.961907234042883E-003,-5.852334666997194E-003,-4.159098491072655E-003,
2.484833333333334E+009,-5.784561391919851E-003,-4.093369934707880E-003,-5.711682140827179E-003,-4.045382607728243E-003,
2.484866666666667E+009,-5.564809311181307E-003,-4.000098444521427E-003,-5.679598543792963E-003,-4.004891030490398E-003,
2.484900000000000E+009,-5.929000210016966E-003,-4.086591769009829E-003,-5.914191249758005E-003,-4.079892765730619E-003,
2.484933333333334E+009,-5.743014626204968E-003,-4.129839595407248E-003,-5.754877347499132E-003,-3.955749794840813E-003,
2.484966666666667E+009,-5.849653389304876E-003,-3.848697058856487E-003,-5.881147924810648E-003,-4.006479401141405E-003,
2.485000000000000E+009,-5.708648357540369E-003,-3.936050925403833E-003,-5.671288352459669E-003,-3.996694460511208E-003,
2.485033333333334E+009,-5.743666086345911E-003,-3.910379484295845E-003,-5.821898579597473E-003,-4.002941772341728E-003,
2.485066666666667E+009,-5.645695608109236E-003,-3.976137842983007E-003,-5.744942463934422E-003,-3.883003955706954E-003,
2.485100000000000E+009,-5.751541350036860E-003,-3.869823878630996E-003,-5.741725675761700E-003,-4.007817711681128E-003,
2.485133333333334E+009,-5.740688182413578E-003,-3.955016378313303E-003,-5.660482216626406E-003,-4.031747113913298E-003,
2.485166666666667E+009,-5.726176314055920E-003,-3.747459733858705E-003,-5.936639383435249E-003,-3.778795711696148E-003,
2.485200000000000E+009,-5.821680650115013E-003,-3.943317104130983E-003,-5.753777921199799E-003,-3.863831982016563E-003,
2.485233333333334E+009,-5.853367038071156E-003,-3.907044418156147E-003,-5.744752008467913E-003,-3.854871029034257E-003,
2.485266666666667E+009,-5.745670292526484E-003,-3.760569496080279E-003,-5.767138209193945E-003,-3.852286841720343E-003,
2.485300000000000E+009,-5.796926561743021E-003,-3.790474496781826E-003,-5.749058909714222E-003,-3.770429408177733E-003,
2.485333333333334E+009,-5.851639434695244E-003,-3.670538077130914E-003,-5.848062224686146E-003,-3.750375472009182E-003,
2.485366666666667E+009,-5.753231700509787E-003,-3.596980823203921E-003,-5.772042088210583E-003,-3.758908016607165E-003,
2.485400000000000E+009,-5.811421200633049E-003,-3.803438507020474E-003,-5.759858060628176E-003,-3.670675214380026E-003,
2.485433333333334E+009,-5.692121572792530E-003,-3.747708862647414E-003,-5.706483498215675E-003,-3.658223198726773E-003,
2.485466666666667E+009,-5.645690485835075E-003,-3.651480656117201E-003,-5.780305247753859E-003,-3.679753048345447E-003,
2.485500000000000E+009,-5.746092181652784E-003,-3.562907222658396E-003,-5.808121059089899E-003,-3.702542744576931E-003,
2.485533333333334E+009,-5.798787809908390E-003,-3.666275879368186E-003,-5.744480993598700E-003,-3.704406088218093E-003,
2.485566666666667E+009,-5.900681018829346E-003,-3.533438080921769E-003,-5.891237873584032E-003,-3.553154412657023E-003,
2.485600000000000E+009,-5.722808651626110E-003,-3.546576714143157E-003,-5.752661731094122E-003,-3.572789952158928E-003,
2.485633333333334E+009,-5.801679566502571E-003,-3.637106157839298E-003,-5.797213874757290E-003,-3.454783931374550E-003,
2.485666666666667E+009,-5.708130542188883E-003,-3.506154054775834E-003,-5.630088504403830E-003,-3.537599230185151E-003,
2.485700000000000E+009,-5.643968470394611E-003,-3.406641539186239E-003,-5.735248792916536E-003,-3.592656459659338E-003,
2.485733333333334E+009,-5.632859189063311E-003,-3.444133559241891E-003,-5.622781347483397E-003,-3.470319556072354E-003,
2.485766666666667E+009,-5.851577501744032E-003,-3.545777406543493E-003,-5.784806795418263E-003,-3.370127407833934E-003,
2.485800000000000E+009,-5.733812227845192E-003,-3.430982818827033E-003,-5.708794575184584E-003,-3.392671002075076E-003,
2.485833333333334E+009,-5.683801136910915E-003,-3.363952506333590E-003,-5.722828209400177E-003,-3.341396106407046E-003,
2.485866666666667E+009,-5.501997657120228E-003,-3.425317350775003E-003,-5.575690418481827E-003,-3.479240229353309E-003,
2.485900000000000E+009,-5.711709614843130E-003,-3.379745176061988E-003,-5.656016059219837E-003,-3.318618983030319E-003,
2.485933333333334E+009,-5.633889697492123E-003,-3.236118238419294E-003,-5.648373626172543E-003,-3.157175611704588E-003,
2.485966666666667E+009,-5.624570418149233E-003,-3.288143780082464E-003,-5.551757290959358E-003,-3.302121534943581E-003,
2.486000000000000E+009,-5.711110308766365E-003,-3.230407834053040E-003,-5.635578650981188E-003,-3.125328570604324E-003,
2.486033333333334E+009,-5.342582706362009E-003,-2.994047710672021E-003,-5.630459170788527E-003,-3.264107042923570E-003,
2.486066666666667E+009,-5.526201333850622E-003,-3.127386327832937E-003,-5.579396616667509E-003,-3.126398660242558E-003,
2.486100000000000E+009,-5.505752749741077E-003,-3.185153240337968E-003,-5.434751976281405E-003,-3.154215868562460E-003,
2.486133333333334E+009,-5.528307519853115E-003,-3.102100687101483E-003,-5.471545737236738E-003,-3.122668014839292E-003,
2.486166666666667E+009,-5.552696064114571E-003,-3.058873815461993E-003,-5.572556052356958E-003,-3.067146288231015E-003,
2.486200000000000E+009,-5.447161383926868E-003,-2.915790770202875E-003,-5.434420891106129E-003,-2.965049119666219E-003,
2.486233333333334E+009,-5.449558608233929E-003,-3.106272779405117E-003,-5.501854699105024E-003,-2.953615272417665E-003,
2.486266666666667E+009,-5.382559727877379E-003,-3.060678951442242E-003,-5.387593060731888E-003,-2.884892979636788E-003,
2.486300000000000E+009,-5.251182243227959E-003,-3.068240359425545E-003,-5.445843096822500E-003,-3.038889728486538E-003,
2.486333333333334E+009,-5.405957810580730E-003,-2.826528856530786E-003,-5.333785898983479E-003,-2.817228902131319E-003,
2.486366666666667E+009,-5.247053224593401E-003,-2.910389099270105E-003,-5.427540745586157E-003,-3.005499718710780E-003,
2.486400000000000E+009,-5.243637133389711E-003,-2.910872222855687E-003,-5.270923022180796E-003,-3.103494876995683E-003,
2.486433333333334E+009,-5.289886612445116E-003,-2.857204061001539E-003,-5.333181470632553E-003,-2.854452002793551E-003,
2.486466666666667E+009,-5.248561035841703E-003,-2.758218673989177E-003,-5.357325542718172E-003,-2.861940069124103E-003,
2.486500000000000E+009,-5.231766961514950E-003,-2.772612730041146E-003,-5.336294881999493E-003,-2.854774473235011E-003,
2.486533333333334E+009,-5.417313426733017E-003,-2.716644434258342E-003,-5.146999377757311E-003,-2.750161336734891E-003,
2.486566666666667E+009,-5.162486340850592E-003,-2.849779557436705E-003,-5.342620424926281E-003,-2.781866351142526E-003,
2.486600000000000E+009,-5.156032741069794E-003,-2.621711464598775E-003,-5.203926004469395E-003,-2.892478834837675E-003,
2.486633333333334E+009,-5.121660418808460E-003,-2.702735597267747E-003,-5.284222308546305E-003,-2.838982036337256E-003,
2.486666666666667E+009,-5.290413741022348E-003,-2.790926257148385E-003,-5.251688882708550E-003,-2.761169802397490E-003,
2.486700000000000E+009,-5.231196060776711E-003,-2.729493426159024E-003,-5.081527866423130E-003,-2.744307974353433E-003,
2.486733333333334E+009,-5.230906419456005E-003,-2.578995656222105E-003,-5.217249039560556E-003,-2.711358712986112E-003,
2.486766666666667E+009,-5.239339079707861E-003,-2.731959568336606E-003,-5.318313837051392E-003,-2.623795531690121E-003,
2.486800000000000E+009,-5.127784330397844E-003,-2.714662812650204E-003,-5.071725696325302E-003,-2.773475367575884E-003,
2.486833333333334E+009,-5.243862047791481E-003,-2.605885732918978E-003,-5.184495355933905E-003,-2.643542364239693E-003,
2.486866666666667E+009,-5.190969444811344E-003,-2.673368668183684E-003,-5.210203584283590E-003,-2.610704163089395E-003,
2.486900000000000E+009,-5.151719320565462E-003,-2.566726645454764E-003,-5.062957759946585E-003,-2.670136047527194E-003,
2.486933333333334E+009,-5.138510838150978E-003,-2.495251595973969E-003,-5.237141624093056E-003,-2.761856652796269E-003,
2.486966666666667E+009,-5.056296940892935E-003,-2.611363772302866E-003,-5.175980739295483E-003,-2.479204442352057E-003,
2.487000000000000E+009,-5.007180385291576E-003,-2.489582868292928E-003,-5.135976709425449E-003,-2.635130425915122E-003,
2.487033333333334E+009,-4.995313007384539E-003,-2.619047882035375E-003,-5.154267419129610E-003,-2.494765678420663E-003,
2.487066666666667E+009,-5.025247577577829E-003,-2.625419991090894E-003,-5.049932282418013E-003,-2.495559863746166E-003,
2.487100000000000E+009,-5.039722658693790E-003,-2.624646993353963E-003,-5.139083135873079E-003,-2.535231877118349E-003,
2.487133333333334E+009,-4.944434855133295E-003,-2.461440861225128E-003,-5.144522059708834E-003,-2.508423989638686E-003,
2.487166666666667E+009,-4.932275973260403E-003,-2.476977417245507E-003,-4.938696511089802E-003,-2.631429350003600E-003,
2.487200000000000E+009,-5.007294937968254E-003,-2.418054034933448E-003,-4.946883302181959E-003,-2.420358825474978E-003,
2.487233333333334E+009,-4.843709990382195E-003,-2.403712365776300E-003,-5.046583246439695E-003,-2.412558533251286E-003,
2.487266666666667E+009,-5.018263123929501E-003,-2.347375033423305E-003,-4.979612305760384E-003,-2.554401056841016E-003,
2.487300000000000E+009,-4.978121723979712E-003,-2.348811365664005E-003,-4.885079339146614E-003,-2.496454631909728E-003,
2.487333333333334E+009,-4.967873916029930E-003,-2.447332488372922E-003,-4.885550588369370E-003,-2.344761276617646E-003,
2.487366666666667E+009,-4.903840366750956E-003,-2.411830238997936E-003,-4.830248653888702E-003,-2.352596493437886E-003,
2.487400000000000E+009,-4.727285355329514E-003,-2.398975659161806E-003,-4.803444724529982E-003,-2.388249849900603E-003,
2.487433333333334E+009,-4.766523372381926E-003,-2.420286182314158E-003,-4.872398450970650E-003,-2.292945981025696E-003,
2.487466666666667E+009,-4.770443309098482E-003,-2.281571971252561E-003,-4.790949635207653E-003,-2.330238698050380E-003,
2.487500000000000E+009,-4.804471042007208E-003,-2.197442110627890E-003,-4.840084351599217E-003,-2.264226088300347E-003,
2.487533333333334E+009,-4.783291835337877E-003,-2.298617968335748E-003,-4.737430252134800E-003,-2.331034746021032E-003,
2.487566666666667E+009,-4.741168580949307E-003,-2.299098530784249E-003,-4.754791967570782E-003,-2.273635705932975E-003,
2.487600000000000E+009,-4.631496500223875E-003,-2.306945389136672E-003,-4.752160515636206E-003,-2.211684826761484E-003,
2.487633333333334E+009,-4.605583846569061E-003,-2.179290167987347E-003,-4.797020927071571E-003,-2.254899125546217E-003,
2.487666666666667E+009,-4.633703734725714E-003,-2.124773804098368E-003,-4.574438091367483E-003,-2.207872690632939E-003,
2.487700000000000E+009,-4.662339109927416E-003,-2.234366023913026E-003,-4.617300815880299E-003,-2.260379726067185E-003,
2.487733333333334E+009,-4.573990590870380E-003,-2.083540661260486E-003,-4.602476954460144E-003,-2.248834352940321E-003,
2.487766666666667E+009,-4.410758148878813E-003,-2.142577897757292E-003,-4.508035723119974E-003,-2.082020975649357E-003,
2.487800000000000E+009,-4.431945271790028E-003,-2.084525302052498E-003,-4.570661578327417E-003,-2.220898400992155E-003,
2.487833333333334E+009,-4.501937888562679E-003,-2.104454906657338E-003,-4.506803583353758E-003,-2.104384824633598E-003,
2.487866666666667E+009,-4.398455843329430E-003,-2.165253506973386E-003,-4.312240052968264E-003,-2.143034245818853E-003,
2.487900000000000E+009,-4.223941825330257E-003,-2.051537157967687E-003,-4.405123181641102E-003,-2.042463049292564E-003,
2.487933333333334E+009,-4.325921647250652E-003,-2.222625538706780E-003,-4.302581772208214E-003,-2.108998363837600E-003,
2.487966666666667E+009,-4.308231640607119E-003,-1.986470073461533E-003,-4.388626664876938E-003,-2.094174968078733E-003,
2.488000000000000E+009,-4.313553683459759E-003,-2.111162524670363E-003,-4.196546506136656E-003,-2.138605341315270E-003,
2.488033333333334E+009,-4.190100822597742E-003,-2.155504422262311E-003,-4.277341999113560E-003,-2.158703282475472E-003,
2.488066666666667E+009,-4.132526461035013E-003,-2.000921173021197E-003,-4.252680577337742E-003,-2.094956114888191E-003,
2.488100000000000E+009,-4.036951810121536E-003,-2.038978505879641E-003,-4.197041038423777E-003,-2.101473277434707E-003,
2.488133333333334E+009,-4.150807857513428E-003,-2.163188997656107E-003,-4.147081635892391E-003,-1.975874882191420E-003,
2.488166666666667E+009,-4.089921712875366E-003,-2.033406170085073E-003,-4.171811044216156E-003,-2.037263941019774E-003,
2.488200000000000E+009,-4.081927239894867E-003,-2.094037830829620E-003,-4.154714290052652E-003,-1.997273880988360E-003,
2.488233333333334E+009,-4.107995424419642E-003,-1.894741435535252E-003,-4.021812696009874E-003,-2.047599991783500E-003,
2.488266666666667E+009,-4.149566870182753E-003,-2.050511771813035E-003,-4.092792514711618E-003,-1.935980049893260E-003,
2.488300000000000E+009,-4.164022859185934E-003,-2.004101406782866E-003,-4.071271046996117E-003,-2.029523486271501E-003,
2.488333333333334E+009,-3.918663598597050E-003,-1.920384005643427E-003,-4.102305509150028E-003,-1.974751707166433E-003,
2.488366666666667E+009,-4.164191428571940E-003,-2.040414139628410E-003,-4.022101406008005E-003,-1.930587226524949E-003,
2.488400000000000E+009,-4.054083023220301E-003,-1.953796250745654E-003,-4.186296835541725E-003,-2.026078058406711E-003,
2.488433333333334E+009,-3.946577198803425E-003,-1.956289168447256E-003,-4.019963089376688E-003,-1.955478219315410E-003,
2.488466666666667E+009,-3.968151286244392E-003,-1.906091347336769E-003,-4.011416342109442E-003,-1.856292830780149E-003,
2.488500000000000E+009,-3.908821847289801E-003,-1.932707265950739E-003,-4.064931534230709E-003,-2.011075848713517E-003,
2.488533333333334E+009,-3.825298044830561E-003,-2.040505642071366E-003,-3.886404447257519E-003,-1.963948598131537E-003,
2.488566666666667E+009,-3.945773933082819E-003,-1.968452939763665E-003,-3.969614859670401E-003,-1.979480730369687E-003,
2.488600000000000E+009,-4.014719277620316E-003,-1.857275958172977E-003,-3.913755062967539E-003,-1.870536012575030E-003,
2.488633333333334E+009,-3.921121358871460E-003,-1.913556829094887E-003,-4.008742980659008E-003,-1.956165535375476E-003,
2.488666666666667E+009,-3.979936242103577E-003,-2.021892461925745E-003,-3.859721822664142E-003,-1.893798587843776E-003,
2.488700000000000E+009,-3.946493379771709E-003,-1.992056379094720E-003,-3.877133131027222E-003,-1.781483413651586E-003,
2.488733333333334E+009,-3.789287060499191E-003,-2.076580189168453E-003,-3.911144565790892E-003,-1.936302869580686E-003,
2.488766666666667E+009,-3.634252119809389E-003,-1.921118819154799E-003,-3.943163901567459E-003,-1.876659225672483E-003,
2.488800000000000E+009,-3.833369584754109E-003,-1.800860161893070E-003,-3.792192321270704E-003,-1.949562574736774E-003,
2.488833333333334E+009,-3.698188811540604E-003,-1.882049837149680E-003,-3.814576426520944E-003,-1.947882003150880E-003,
2.488866666666667E+009,-3.616717411205173E-003,-1.884408062323928E-003,-3.852154593914747E-003,-1.963044051080942E-003,
2.488900000000000E+009,-3.663208568468690E-003,-2.031408715993166E-003,-3.809095360338688E-003,-1.906357007101178E-003,
2.488933333333334E+009,-3.727008588612080E-003,-1.799730351194739E-003,-3.734539728611708E-003,-1.947545562870801E-003,
2.488966666666667E+009,-3.659841837361455E-003,-1.957891276106238E-003,-3.574657021090388E-003,-1.806537038646638E-003,
2.489000000000000E+009,-3.741250373423100E-003,-1.928388490341604E-003,-3.765159752219915E-003,-1.892626984044910E-003,
2.489033333333334E+009,-3.764894325286150E-003,-1.917085493914783E-003,-3.731802338734269E-003,-1.850619912147522E-003,
2.489066666666667E+009,-3.630971303209662E-003,-1.905942335724831E-003,-3.687483025714755E-003,-1.869255793280900E-003,
2.489100000000000E+009,-3.521431004628539E-003,-1.880686613731086E-003,-3.590791020542383E-003,-2.016081241890788E-003,
2.489133333333334E+009,-3.547335276380181E-003,-1.925645279698074E-003,-3.677778411656618E-003,-1.961664063856006E-003,
2.489166666666667E+009,-3.458105493336916E-003,-1.829147804528475E-003,-3.550435416400433E-003,-1.953145489096642E-003,
2.489200000000000E+009,-3.413987345993519E-003,-1.766653149388731E-003,-3.537871874868870E-003,-2.026926027610898E-003,
2.489233333333334E+009,-3.465915564447641E-003,-1.870677340775728E-003,-3.392447018995881E-003,-1.913409330882132E-003,
2.489266666666667E+009,-3.488588146865368E-003,-1.868232851848006E-003,-3.337211906909943E-003,-1.942414557561278E-003,
2.489300000000000E+009,-3.267686581239104E-003,-1.815778319723904E-003,-3.461846150457859E-003,-1.908909762278199E-003,
2.489333333333334E+009,-3.415478626266122E-003,-1.760364393703640E-003,-3.393138526007533E-003,-1.950024277903140E-003,
2.489366666666667E+009,-3.423349233344197E-003,-1.861793687567115E-003,-3.478512866422534E-003,-1.969959354028106E-003,
2.489400000000000E+009,-3.326846519485116E-003,-1.889950595796108E-003,-3.322852076962590E-003,-1.876940834335983E-003,
2.489433333333334E+009,-3.213705960661173E-003,-1.893963664770126E-003,-3.263245103880763E-003,-1.920822774991393E-003,
2.489466666666667E+009,-3.175086108967662E-003,-1.923970645293593E-003,-3.129886463284493E-003,-1.945071504451335E-003,
2.489500000000000E+009,-3.129645949229598E-003,-2.049219096079469E-003,-3.257925854995847E-003,-1.926469150930643E-003,
2.489533333333334E+009,-3.129144432023168E-003,-1.984874252229929E-003,-3.039381233975291E-003,-2.122813370078802E-003,
2.489566666666667E+009,-2.965049818158150E-003,-1.980947330594063E-003,-3.159895073622465E-003,-2.090224763378501E-003,
2.489600000000000E+009,-3.034500870853663E-003,-2.119249664247036E-003,-3.173370379954577E-003,-2.107311971485615E-003,
2.489633333333334E+009,-3.100021509453654E-003,-2.053944161161780E-003,-3.075664862990379E-003,-1.979568740352988E-003,
2.489666666666667E+009,-3.058050991967320E-003,-2.067905617877841E-003,-3.084776690229774E-003,-2.119487617164850E-003,
2.489700000000000E+009,-3.100576344877482E-003,-2.005805494263768E-003,-3.125836839899421E-003,-2.040089573711157E-003,
2.489733333333334E+009,-3.007371677085757E-003,-2.010303083807230E-003,-2.989021595567465E-003,-2.005485817790031E-003,
2.489766666666667E+009,-3.071932820603252E-003,-1.965018687769771E-003,-2.951313275843859E-003,-1.938759232871234E-003,
2.489800000000000E+009,-2.948510926216841E-003,-1.979925436899066E-003,-3.125007729977369E-003,-1.897918875329197E-003,
2.489833333333334E+009,-3.044913988560438E-003,-1.936836750246584E-003,-2.901189029216766E-003,-1.866987789981067E-003,
2.489866666666667E+009,-2.919516526162624E-003,-1.893872395157814E-003,-3.073026658967137E-003,-1.998010324314237E-003,
2.489900000000000E+009,-3.025466343387961E-003,-2.083824016153812E-003,-3.010945161804557E-003,-1.872234395705164E-003,
2.489933333333334E+009,-3.086866810917854E-003,-1.996420091018081E-003,-2.974268747493625E-003,-2.011083532124758E-003,
2.489966666666667E+009,-2.969575813040137E-003,-1.889157341793180E-003,-3.244636347517371E-003,-1.907796016894281E-003,
2.490000000000000E+009,-3.020728938281536E-003,-1.988847972825170E-003,-2.967724576592445E-003,-2.062725834548473E-003,
2.490033333333334E+009,-2.967642620205879E-003,-1.901871291920543E-003,-2.972584683448076E-003,-2.035549608990550E-003,
2.490066666666667E+009,-2.986984327435494E-003,-1.910350867547095E-003,-2.910374896600843E-003,-2.058980753645301E-003,
2.490100000000000E+009,-2.818634500727058E-003,-2.076174132525921E-003,-2.868164330720902E-003,-1.987277297303081E-003,
2.490133333333334E+009,-2.957642544060946E-003,-1.941828173585236E-003,-2.850430086255074E-003,-2.042059088125825E-003,
2.490166666666667E+009,-2.802153816446662E-003,-2.096136333420873E-003,-2.935798373073340E-003,-2.007580129429698E-003,
2.490200000000000E+009,-2.701548160985112E-003,-2.005330054089427E-003,-2.958443714305759E-003,-2.058204030618072E-003,
2.490233333333334E+009,-2.863039029762149E-003,-2.069727052003145E-003,-2.908859867602587E-003,-1.956765772774816E-003,
2.490266666666667E+009,-2.689661458134651E-003,-2.023153239861131E-003,-2.859624102711678E-003,-1.877736300230026E-003,
2.490300000000000E+009,-2.640306949615479E-003,-1.964398194104433E-003,-2.865119138732553E-003,-2.021049847826362E-003,
2.490333333333334E+009,-2.747993217781186E-003,-2.092351205646992E-003,-2.685141982510686E-003,-1.948851859197021E-003,
2.490366666666667E+009,-2.857073443010449E-003,-2.105297520756722E-003,-2.678243909031153E-003,-2.111892681568861E-003,
2.490400000000000E+009,-2.802710281684995E-003,-2.130732173100114E-003,-2.809247933328152E-003,-2.020344836637378E-003,
2.490433333333334E+009,-2.662593498826027E-003,-1.911976141855121E-003,-2.713586436584592E-003,-1.964372117072344E-003,
2.490466666666667E+009,-2.697471762076020E-003,-2.203160431236029E-003,-2.640297636389732E-003,-1.973982201889157E-003,
2.490500000000000E+009,-2.605690853670239E-003,-1.934665371663868E-003,-2.834841841831803E-003,-1.952446182258427E-003,
2.490533333333334E+009,-2.602600492537022E-003,-2.019198844209313E-003,-2.805452095344663E-003,-2.033118624240160E-003,
2.490566666666667E+009,-2.654172480106354E-003,-2.013268647715449E-003,-2.627187408506870E-003,-1.882870099507272E-003,
2.490600000000000E+009,-2.612666692584753E-003,-1.971366349607706E-003,-2.740931930020452E-003,-2.038311911746860E-003,
2.490633333333334E+009,-2.545177936553955E-003,-1.932647195644677E-003,-2.591296099126339E-003,-2.055431483313441E-003,
2.490666666666667E+009,-2.582573564723134E-003,-2.181722316890955E-003,-2.756515517830849E-003,-2.172286622226238E-003,
2.490700000000000E+009,-2.466109814122319E-003,-2.191229257732630E-003,-2.718398813158274E-003,-2.036962658166885E-003,
2.490733333333334E+009,-2.412477741017938E-003,-2.048433991149068E-003,-2.529418095946312E-003,-2.021197462454438E-003,
2.490766666666667E+009,-2.536926418542862E-003,-2.049998380243778E-003,-2.583980793133378E-003,-1.973675098270178E-003,
2.490800000000000E+009,-2.410602290183306E-003,-2.019320148974657E-003,-2.623658161610365E-003,-2.136236988008022E-003,
2.490833333333334E+009,-2.501653973013163E-003,-2.041336381807923E-003,-2.581796376034617E-003,-2.115811221301556E-003,
2.490866666666667E+009,-2.488426165655255E-003,-2.118979347869754E-003,-2.576614962890744E-003,-2.033731900155544E-003,
2.490900000000000E+009,-2.354813041165471E-003,-2.195423701778054E-003,-2.473865635693073E-003,-2.092227106913924E-003,
2.490933333333334E+009,-2.471303567290306E-003,-2.278854371979833E-003,-2.288632793352008E-003,-2.108456334099174E-003,
2.490966666666667E+009,-2.446582075208426E-003,-2.061939798295498E-003,-2.438669092953205E-003,-2.063301159068942E-003,
2.491000000000000E+009,-2.274095546454191E-003,-2.119653392583132E-003,-2.404786879196763E-003,-2.166893798857927E-003,
2.491033333333334E+009,-2.233224455267191E-003,-2.101666759699583E-003,-2.423787722364068E-003,-2.373248338699341E-003,
2.491066666666667E+009,-2.227565040811896E-003,-2.256946405395865E-003,-2.394351409748197E-003,-2.198651200160384E-003,
2.491100000000000E+009,-2.183116506785154E-003,-2.235430758446455E-003,-2.400605008006096E-003,-2.233134815469384E-003,
2.491133333333334E+009,-2.336669480428100E-003,-2.136246999725699E-003,-2.307577757164836E-003,-2.336888806894422E-003,
2.491166666666667E+009,-2.361814258620143E-003,-2.248420612886548E-003,-2.227091230452061E-003,-2.309182193130255E-003,
2.491200000000000E+009,-2.252949168905616E-003,-2.178526716306806E-003,-2.328588161617518E-003,-2.271791221573949E-003,
2.491233333333334E+009,-2.241022186353803E-003,-2.202866831794381E-003,-2.220775233581662E-003,-2.268920885398984E-003,
2.491266666666667E+009,-2.106075873598456E-003,-2.239758847281337E-003,-2.074269810691476E-003,-2.296536462381482E-003,
2.491300000000000E+009,-2.171016065403819E-003,-2.305086469277740E-003,-2.168731065467000E-003,-2.289748750627041E-003,
2.491333333333334E+009,-2.178005641326308E-003,-2.282714238390327E-003,-2.226511714980006E-003,-2.243616851046681E-003,
2.491366666666667E+009,-2.070767339318991E-003,-2.171416301280260E-003,-2.176881302148104E-003,-2.152677159756422E-003,
2.491400000000000E+009,-2.125354716554284E-003,-2.194280270487070E-003,-2.214135136455298E-003,-2.226566430181265E-003,
2.491433333333334E+009,-2.150723477825522E-003,-2.264467999339104E-003,-2.212435472756624E-003,-2.225650474429131E-003,
2.491466666666667E+009,-2.096989192068577E-003,-2.232345286756754E-003,-2.172972075641155E-003,-2.157028298825026E-003,
2.491500000000000E+009,-2.234418643638492E-003,-2.238045679405332E-003,-2.249604323878884E-003,-2.204776974394918E-003,
2.491533333333334E+009,-2.149817766621709E-003,-2.195633482187986E-003,-2.213263651356101E-003,-2.150784712284803E-003,
2.491566666666667E+009,-2.109131542965770E-003,-2.143344841897488E-003,-2.126059262081981E-003,-2.109696855768561E-003,
2.491600000000000E+009,-2.201757160946727E-003,-2.236376982182264E-003,-2.102194121107459E-003,-2.339567523449659E-003,
2.491633333333334E+009,-1.996543956920505E-003,-2.184420824050903E-003,-2.099396893754602E-003,-2.273682039231062E-003,
2.491666666666667E+009,-2.002164721488953E-003,-2.188386162742972E-003,-2.072104951366782E-003,-2.307325601577759E-003,
2.491700000000000E+009,-1.998869003728032E-003,-2.325728069990873E-003,-2.076846547424793E-003,-2.135506831109524E-003,
2.491733333333334E+009,-1.972157275304198E-003,-2.226033480837941E-003,-2.127175452187657E-003,-2.300071297213435E-003,
2.491766666666667E+009,-2.004368230700493E-003,-2.202708739787340E-003,-2.085865242406726E-003,-2.354747848585248E-003,
2.491800000000000E+009,-1.924934214912355E-003,-2.240973291918635E-003,-1.994164893403649E-003,-2.226421842351556E-003,
2.491833333333334E+009,-1.918732305057347E-003,-2.205160912126303E-003,-1.909191370941699E-003,-2.348960610106587E-003,
2.491866666666667E+009,-2.094203373417258E-003,-2.239260356873274E-003,-1.901570823974907E-003,-2.241112524643540E-003,
2.491900000000000E+009,-2.035643672570586E-003,-2.227301476523280E-003,-2.023811452090740E-003,-2.275442006066442E-003,
2.491933333333334E+009,-1.982145709916949E-003,-2.297519939020276E-003,-1.934046740643680E-003,-2.249777782708406E-003,
2.491966666666667E+009,-1.886359765194356E-003,-2.301353029906750E-003,-1.897692214697599E-003,-2.272636862471700E-003,
2.492000000000000E+009,-1.845377963036299E-003,-2.294542733579874E-003,-1.943065668456256E-003,-2.284727757796645E-003,
2.492033333333334E+009,-2.054316923022270E-003,-2.396375872194767E-003,-1.819434110075235E-003,-2.356911078095436E-003,
2.492066666666667E+009,-1.893694978207350E-003,-2.247446682304144E-003,-1.948439166881144E-003,-2.341847633942962E-003,
2.492100000000000E+009,-1.884309691376984E-003,-2.202584873884916E-003,-1.865919213742018E-003,-2.356541343033314E-003,
2.492133333333334E+009,-1.867465907707810E-003,-2.310157753527165E-003,-1.802364713512361E-003,-2.232747152447701E-003,
2.492166666666667E+009,-1.892454572953284E-003,-2.448881510645151E-003,-1.817007665522397E-003,-2.273677149787545E-003,
2.492200000000000E+009,-1.759384525939822E-003,-2.313049742951989E-003,-1.823700265958905E-003,-2.269224962219596E-003,
2.492233333333334E+009,-1.705817878246307E-003,-2.509036101400852E-003,-1.819090801291168E-003,-2.321194391697645E-003,
2.492266666666667E+009,-1.783476793207228E-003,-2.309497678652406E-003,-1.848339918069542E-003,-2.352650277316570E-003,
2.492300000000000E+009,-1.782846869900823E-003,-2.216387307271361E-003,-1.912036095745862E-003,-2.443039324134588E-003,
2.492333333333334E+009,-1.802345504984260E-003,-2.279684878885746E-003,-1.691582729108632E-003,-2.322011860087514E-003,
2.492366666666667E+009,-1.884704804979265E-003,-2.355905016884208E-003,-1.771225244738162E-003,-2.363479230552912E-003,
2.492400000000000E+009,-1.776085700839758E-003,-2.511620987206698E-003,-1.737757003866136E-003,-2.417856827378273E-003,
2.492433333333334E+009,-1.753328251652420E-003,-2.282660920172930E-003,-1.775283832103014E-003,-2.494368236511946E-003,
2.492466666666667E+009,-1.830301946029067E-003,-2.340352861210704E-003,-1.660201814956963E-003,-2.364173764362931E-003,
2.492500000000000E+009,-1.628600992262363E-003,-2.407934283837676E-003,-1.831912086345255E-003,-2.297442872077227E-003,
2.492533333333334E+009,-1.786737935617566E-003,-2.394076669588685E-003,-1.650430611334741E-003,-2.546933013945818E-003,
2.492566666666667E+009,-1.448882045224309E-003,-2.365724882110953E-003,-1.571492059156299E-003,-2.416220027953386E-003,
2.492600000000000E+009,-1.635436201468110E-003,-2.499782247468829E-003,-1.738141989335418E-003,-2.502771792933345E-003,
2.492633333333334E+009,-1.656849053688347E-003,-2.533559687435627E-003,-1.628367463126779E-003,-2.485661301761866E-003,
2.492666666666667E+009,-1.630463171750307E-003,-2.530304482206702E-003,-1.589979045093060E-003,-2.659975783899427E-003,
2.492700000000000E+009,-1.612772350199521E-003,-2.517077140510082E-003,-1.658681780099869E-003,-2.654195530340076E-003,
2.492733333333334E+009,-1.577316317707300E-003,-2.448892919346690E-003,-1.671449164859951E-003,-2.498793415725231E-003,
2.492766666666667E+009,-1.626767334528267E-003,-2.652420895174146E-003,-1.627895631827414E-003,-2.463421551510692E-003,
2.492800000000000E+009,-1.549780019558966E-003,-2.618936588987708E-003,-1.601017545908690E-003,-2.545922761783004E-003,
2.492833333333334E+009,-1.462109386920929E-003,-2.575488528236747E-003,-1.423149486072362E-003,-2.529140328988433E-003,
2.492866666666667E+009,-1.350374892354012E-003,-2.512098755687475E-003,-1.487090950831771E-003,-2.534594153985381E-003,
2.492900000000000E+009,-1.608709339052439E-003,-2.521540038287640E-003,-1.633403124287725E-003,-2.374180359765887E-003,
2.492933333333334E+009,-1.553198788315058E-003,-2.463344251736999E-003,-1.430550706572831E-003,-2.559371758252382E-003,
2.492966666666667E+009,-1.551173278130591E-003,-2.665570704266429E-003,-1.650765538215637E-003,-2.535370644181967E-003,
2.493000000000000E+009,-1.440931111574173E-003,-2.513608662411571E-003,-1.305665005929768E-003,-2.556221792474389E-003,
2.493033333333334E+009,-1.438522245734930E-003,-2.547332318499684E-003,-1.460767933167517E-003,-2.643029671162367E-003,
2.493066666666667E+009,-1.248824992217124E-003,-2.561533125117421E-003,-1.586253987625241E-003,-2.453955821692944E-003,
2.493100000000000E+009,-1.452939934097230E-003,-2.585532376542687E-003,-1.363502233289182E-003,-2.589783165603876E-003,
2.493133333333334E+009,-1.291886437684298E-003,-2.501643961295486E-003,-1.358224661089480E-003,-2.469891216605902E-003,
2.493166666666667E+009,-1.350248116068542E-003,-2.448882907629013E-003,-1.346397330053151E-003,-2.576702507212758E-003,
2.493200000000000E+009,-1.450799987651408E-003,-2.502835122868419E-003,-1.392207690514624E-003,-2.713313326239586E-003,
2.493233333333334E+009,-1.422953326255083E-003,-2.521926769986749E-003,-1.381057314574719E-003,-2.531721023842692E-003,
2.493266666666667E+009,-1.260054530575872E-003,-2.520656213164330E-003,-1.358756911940873E-003,-2.522134454920888E-003,
2.493300000000000E+009,-1.401575398631394E-003,-2.598900115117431E-003,-1.269195112399757E-003,-2.588728209957480E-003,
2.493333333333334E+009,-1.184124033898115E-003,-2.599912229925394E-003,-1.175834098830819E-003,-2.539928769692779E-003,
2.493366666666667E+009,-1.384654431603849E-003,-2.561358036473393E-003,-1.288746949285269E-003,-2.712663728743792E-003,
2.493400000000000E+009,-1.296868547797203E-003,-2.493195468559861E-003,-1.313675427809358E-003,-2.482226351276040E-003,
2.493433333333334E+009,-1.285579404793680E-003,-2.465514698997140E-003,-1.218331744894385E-003,-2.512422855943441E-003,
2.493466666666667E+009,-1.168412272818387E-003,-2.623321954160929E-003,-1.163369510322809E-003,-2.444875659421086E-003,
2.493500000000000E+009,-1.164864515885711E-003,-2.693664049729705E-003,-1.334323664195836E-003,-2.624721964821219E-003,
2.493533333333334E+009,-1.247379812411964E-003,-2.597879618406296E-003,-1.212756033055484E-003,-2.788475016131997E-003,
2.493566666666667E+009,-1.256623654626310E-003,-2.688815118744969E-003,-1.346280565485358E-003,-2.678320510312915E-003,
2.493600000000000E+009,-1.138596213422716E-003,-2.577433129772544E-003,-1.222850987687707E-003,-2.673941897228360E-003,
2.493633333333334E+009,-1.302397344261408E-003,-2.639880403876305E-003,-1.215495984070003E-003,-2.699850592762232E-003,
2.493666666666667E+009,-1.248293090611696E-003,-2.668169559910893E-003,-1.104325870983303E-003,-2.699042437598109E-003,
2.493700000000000E+009,-1.097787753678858E-003,-2.629861002787948E-003,-1.216101809404790E-003,-2.732689026743174E-003,
2.493733333333334E+009,-1.047183759510517E-003,-2.768089529126883E-003,-1.142754103057087E-003,-2.630419330671430E-003,
2.493766666666667E+009,-1.269815838895738E-003,-2.689432585611939E-003,-1.145084504969418E-003,-2.607207279652357E-003,
2.493800000000000E+009,-9.263955871574581E-004,-2.689718035981059E-003,-1.110106357373297E-003,-2.780970418825746E-003,
2.493833333333334E+009,-9.956094436347485E-004,-2.517141401767731E-003,-1.047751866281033E-003,-2.649322384968400E-003,
2.493866666666667E+009,-8.742169593460858E-004,-2.583055524155498E-003,-9.716505883261561E-004,-2.788163954392076E-003,
2.493900000000000E+009,-9.607804240658879E-004,-2.741561969742179E-003,-1.110339304432273E-003,-2.758461749181151E-003,
2.493933333333334E+009,-9.376803063787520E-004,-2.838097978383303E-003,-1.008172519505024E-003,-2.672061556950212E-003,
2.493966666666667E+009,-9.924238547682762E-004,-2.748532919213176E-003,-1.004269928671420E-003,-2.577769570052624E-003,
2.494000000000000E+009,-1.067035133019090E-003,-2.792294602841139E-003,-9.582621278241277E-004,-2.837928477674723E-003,
2.494033333333334E+009,-9.260397637262940E-004,-2.821762347593904E-003,-9.741282556205988E-004,-2.782693598419428E-003,
2.494066666666667E+009,-9.834234369918704E-004,-2.740226453170180E-003,-8.975507225841284E-004,-2.814560662955046E-003,
2.494100000000000E+009,-9.002173901535571E-004,-2.797285327687860E-003,-9.090873063541949E-004,-2.837091684341431E-003,
2.494133333333334E+009,-9.341535624116659E-004,-2.843974623829126E-003,-8.805420366115868E-004,-2.828877652063966E-003,
2.494166666666667E+009,-8.434682968072593E-004,-2.980620833113790E-003,-8.237655274569988E-004,-2.904182765632868E-003,
2.494200000000000E+009,-8.784431265667081E-004,-2.829032018780708E-003,-8.573484374210239E-004,-2.922066021710634E-003,
2.494233333333334E+009,-9.328973828814924E-004,-2.924160100519657E-003,-8.621047018095851E-004,-2.928188769146800E-003,
2.494266666666667E+009,-8.132409420795739E-004,-2.783189294859767E-003,-9.521992760710418E-004,-2.940765349194408E-003,
2.494300000000000E+009,-8.456333307549357E-004,-3.030881751328707E-003,-8.529178448952735E-004,-3.020200179889798E-003,
2.494333333333334E+009,-8.057226659730077E-004,-2.928223228082061E-003,-9.182833018712699E-004,-3.035343252122402E-003,
2.494366666666667E+009,-7.705930038355291E-004,-2.966483589261770E-003,-7.746533374302089E-004,-2.834300743415952E-003,
2.494400000000000E+009,-6.657268968410790E-004,-2.878491766750813E-003,-8.077744860202074E-004,-2.965710125863552E-003,
2.494433333333334E+009,-7.659331313334405E-004,-2.921850187703967E-003,-8.200359879992902E-004,-2.999792341142893E-003,
2.494466666666667E+009,-7.051270804367960E-004,-2.943808445706964E-003,-8.095926605165005E-004,-3.069261321797967E-003,
2.494500000000000E+009,-7.792933029122651E-004,-2.940062200650573E-003,-7.486244430765510E-004,-3.039484377950430E-003,
2.494533333333334E+009,-7.910361746326089E-004,-2.941364655271173E-003,-6.451476365327835E-004,-3.155763959512115E-003,
2.494566666666667E+009,-6.887500640004873E-004,-2.986086998134852E-003,-6.912174867466092E-004,-2.963656093925238E-003,
2.494600000000000E+009,-7.315537077374756E-004,-2.996449824422598E-003,-6.370295886881650E-004,-3.008961910381913E-003,
2.494633333333334E+009,-5.472707562148571E-004,-2.996502676978707E-003,-6.143399514257908E-004,-2.958707045763731E-003,
2.494666666666667E+009,-6.821737042628229E-004,-3.020616248250008E-003,-5.726301460526884E-004,-3.126332303509116E-003,
2.494700000000000E+009,-5.500132101587951E-004,-3.087534569203854E-003,-6.816244567744434E-004,-2.960548968985677E-003,
2.494733333333334E+009,-6.904882029630244E-004,-3.065172117203474E-003,-5.779104540124536E-004,-2.945826621726155E-003,
2.494766666666667E+009,-5.467332084663212E-004,-3.074127249419689E-003,-5.609449581243098E-004,-3.029415383934975E-003,
2.494800000000000E+009,-7.147241849452257E-004,-2.979815471917391E-003,-7.176043582148850E-004,-2.999416552484036E-003,
2.494833333333334E+009,-5.033336929045618E-004,-3.077364526689053E-003,-5.948704201728106E-004,-3.015120513737202E-003,
2.494866666666667E+009,-6.971777766011655E-004,-3.169529372826219E-003,-5.487659946084023E-004,-3.195270430296660E-003,
2.494900000000000E+009,-3.592910070437938E-004,-3.153338097035885E-003,-4.517864144872874E-004,-3.234162461012602E-003,
2.494933333333334E+009,-4.682610451709479E-004,-3.050080966204405E-003,-4.334858967922628E-004,-3.099430352449417E-003,
2.494966666666667E+009,-3.831122594419867E-004,-3.048894228413701E-003,-4.452737630344927E-004,-3.194738877937198E-003,
2.495000000000000E+009,-4.808101512026042E-004,-3.037708112969995E-003,-4.208532336633652E-004,-3.131942590698600E-003,
2.495033333333334E+009,-5.396397900767624E-004,-3.176145721226931E-003,-2.892239717766643E-004,-3.105505369603634E-003,
2.495066666666667E+009,-2.381870144745335E-004,-3.236733144149184E-003,-4.539463843684644E-004,-3.192066913470626E-003,
2.495100000000000E+009,-4.729306092485786E-004,-3.190248040482402E-003,-3.458617429714650E-004,-3.219538601115346E-003,
2.495133333333334E+009,-3.513556730467826E-004,-3.124977229163051E-003,-3.920602030120790E-004,-3.199624596163631E-003,
2.495166666666667E+009,-2.967072941828519E-004,-3.214864758774638E-003,-3.760773106478155E-004,-3.379413392394781E-003,
2.495200000000000E+009,-2.082605933537707E-004,-3.275190480053425E-003,-3.441568987909704E-004,-3.214401891455054E-003,
2.495233333333334E+009,-1.538253563921899E-004,-3.153742058202624E-003,-5.319117335602641E-004,-3.344878554344177E-003,
2.495266666666667E+009,-2.678295713849366E-004,-3.338167909532785E-003,-3.282757825218141E-004,-3.333224216476083E-003,
2.495300000000000E+009,-2.354330499656498E-004,-3.207783447578549E-003,-3.026111517101526E-004,-3.254574723541737E-003,
2.495333333333334E+009,-1.760921441018581E-004,-3.353479085490108E-003,-2.659827587194741E-004,-3.261045087128878E-003,
2.495366666666667E+009,-3.463825269136578E-004,-3.219451522454619E-003,-2.246052754344419E-004,-3.347447607666254E-003,
2.495400000000000E+009,-2.486497396603227E-004,-3.289375454187393E-003,-2.099927514791489E-004,-3.293619491159916E-003,
2.495433333333334E+009,-1.518820208730176E-004,-3.296106122434139E-003,-3.433187521295622E-005,-3.409843426197767E-003,
2.495466666666667E+009,-1.612019987078384E-004,-3.388871671631932E-003,-1.632160274311900E-004,-3.414670005440712E-003,
2.495500000000000E+009,-8.523587894160301E-005,-3.438646439462900E-003,-1.244130689883605E-004,-3.317468799650669E-003,
2.495533333333334E+009,-6.739653599652229E-006,-3.314343048259616E-003,-1.330864906776696E-004,-3.543641185387969E-003,
2.495566666666667E+009,-9.702693932922557E-005,-3.475783858448267E-003,-1.435068261343986E-004,-3.515681251883507E-003,
2.495600000000000E+009,-1.328666403423995E-004,-3.379588481038809E-003,-1.685986790107563E-004,-3.450967837125063E-003,
2.495633333333334E+009,-1.244349259650335E-004,-3.605692181736231E-003,-1.216916061821394E-004,-3.517276141792536E-003,
2.495666666666667E+009,9.712109203974251E-006,-3.647213336080313E-003,-2.271921694045886E-004,-3.615466877818108E-003,
2.495700000000000E+009,2.446137841616292E-005,-3.625137498602271E-003,-5.713635619031265E-005,-3.659695386886597E-003,
2.495733333333334E+009,-1.685590359556954E-005,-3.494803328067064E-003,-1.640333539398853E-005,-3.592991968616843E-003,
2.495766666666667E+009,-1.356982011202490E-005,-3.678341861814261E-003,-6.633444718318060E-005,-3.707521362230182E-003,
2.495800000000000E+009,-1.583016637596302E-005,-3.620598465204239E-003,-6.436662079067901E-005,-3.604707540944219E-003,
2.495833333333334E+009,-4.205746154184453E-005,-3.647478995844722E-003,1.251761932508089E-005,-3.834529779851437E-003,
2.495866666666667E+009,1.632284511288162E-005,-3.828295972198248E-003,3.902030221070163E-005,-3.793746931478381E-003,
2.495900000000000E+009,1.723858149489388E-004,-3.714092541486025E-003,-2.666087530087680E-004,-3.870172658935189E-003,
2.495933333333334E+009,6.765496800653637E-005,-3.828269429504871E-003,-4.375297794467770E-005,-3.820673795416951E-003,
2.495966666666667E+009,1.422975183231756E-004,-3.765484550967813E-003,5.873311602044851E-005,-3.854066831991077E-003,
2.496000000000000E+009,6.710460729664192E-005,-3.807022934779525E-003,-1.961530142580159E-005,-3.774316282942891E-003,
2.496033333333334E+009,1.079296816897113E-005,-3.969604615122080E-003,2.277554885949940E-004,-3.895822213962674E-003,
2.496066666666667E+009,1.728466013446450E-004,-3.830698551610112E-003,1.285704056499526E-004,-3.729004412889481E-003,
2.496100000000000E+009,9.875158866634592E-005,-3.883123630657792E-003,9.538761514704675E-005,-3.862702520564199E-003,
2.496133333333334E+009,1.311440864810720E-004,-3.840194316580892E-003,-2.369514913880266E-005,-3.898925380781293E-003,
2.496166666666667E+009,1.507088600192219E-004,-3.874662332236767E-003,2.154320391127840E-004,-3.782920539379120E-003,
2.496200000000000E+009,2.847488503903151E-004,-3.828103654086590E-003,2.951682654384058E-005,-3.867100924253464E-003,
2.496233333333334E+009,2.749733102973551E-004,-3.976915031671524E-003,3.779177786782384E-004,-3.998142201453447E-003,
2.496266666666667E+009,3.069864469580352E-004,-3.940954338759184E-003,3.041401505470276E-004,-4.019443877041340E-003,
2.496300000000000E+009,4.028965195175260E-004,-3.873452078551054E-003,9.903041063807905E-005,-3.900150535628200E-003,
2.496333333333334E+009,2.829142904374749E-004,-4.042439162731171E-003,2.542435540817678E-004,-3.904447890818119E-003,
2.496366666666667E+009,2.149535575881600E-004,-3.933238331228495E-003,9.947686339728534E-005,-3.992674406617880E-003,
2.496400000000000E+009,3.973974671680480E-004,-3.939336631447077E-003,3.014171961694956E-004,-4.003142938017845E-003,
2.496433333333334E+009,2.687664818949997E-004,-3.975069615989924E-003,1.916101027745754E-004,-4.028653725981712E-003,
2.496466666666667E+009,2.266282826894894E-004,-4.166935104876757E-003,1.884878147393465E-004,-4.003028385341167E-003,
2.496500000000000E+009,2.461450931150466E-004,-3.893705783411861E-003,3.487826616037637E-004,-4.101934377104044E-003,
2.496533333333334E+009,4.042425425723195E-004,-4.171346779912710E-003,3.885792975779623E-004,-4.093852825462818E-003,
2.496566666666667E+009,3.245435946155340E-004,-4.012833349406719E-003,3.271025780122727E-004,-4.091248381882906E-003,
2.496600000000000E+009,4.105022526346147E-004,-4.211361985653639E-003,3.004463505931199E-004,-4.207841120660305E-003,
2.496633333333334E+009,4.200811090413481E-004,-4.126000683754683E-003,5.958584952168167E-004,-4.169203341007233E-003,
2.496666666666667E+009,4.307923081796616E-004,-4.143242258578539E-003,4.427229869179428E-004,-4.232630599290133E-003,
2.496700000000000E+009,3.455581609159708E-004,-4.121831618249416E-003,4.450849373824894E-004,-4.324390552937985E-003,
2.496733333333334E+009,4.407623491715640E-004,-4.254667088389397E-003,3.934653359465301E-004,-4.326384980231524E-003,
2.496766666666667E+009,4.204699362162501E-004,-4.196831025183201E-003,4.315795667935163E-004,-4.304438363760710E-003,
2.496800000000000E+009,4.563998954836279E-004,-4.368569701910019E-003,5.098339752294123E-004,-4.372010473161936E-003,
2.496833333333334E+009,4.854692961089313E-004,-4.321681801229715E-003,3.438928106334060E-004,-4.408768378198147E-003,
2.496866666666667E+009,5.378458881750703E-004,-4.447814542800188E-003,4.987030988559127E-004,-4.414253402501345E-003,
2.496900000000000E+009,5.973979132249951E-004,-4.521876107901335E-003,5.148557247593999E-004,-4.333637654781342E-003,
2.496933333333334E+009,5.266016814857721E-004,-4.284147638827562E-003,4.947190755046904E-004,-4.468091763556004E-003,
2.496966666666667E+009,5.537182441912592E-004,-4.413288086652756E-003,6.679374491795898E-004,-4.510742146521807E-003,
2.497000000000000E+009,6.623387453146279E-004,-4.546258132904768E-003,5.017513758502901E-004,-4.451057408004999E-003,
2.497033333333334E+009,6.460694130510092E-004,-4.594965837895870E-003,6.648467388004065E-004,-4.504116717725992E-003,
2.497066666666667E+009,6.044351030141115E-004,-4.462207667529583E-003,6.723941187374294E-004,-4.672433249652386E-003,
2.497100000000000E+009,5.803093663416803E-004,-4.538860172033310E-003,6.558252498507500E-004,-4.503900185227394E-003,
2.497133333333334E+009,7.369757513515651E-004,-4.660555161535740E-003,6.533163832500577E-004,-4.594914149492979E-003,
2.497166666666667E+009,5.221852916292846E-004,-4.553602542728186E-003,7.077904883772135E-004,-4.680355079472065E-003,
2.497200000000000E+009,6.438056007027626E-004,-4.708482418209314E-003,5.159138818271458E-004,-4.772246349602938E-003,
2.497233333333334E+009,5.288976826705039E-004,-4.831071943044663E-003,5.693782004527748E-004,-4.713268950581551E-003,
2.497266666666667E+009,7.263874285854399E-004,-4.829030018299818E-003,5.534115480259061E-004,-4.860164131969214E-003,
2.497300000000000E+009,6.644232780672610E-004,-4.761393181979656E-003,6.930753588676453E-004,-4.862585570663214E-003,
2.497333333333334E+009,5.844886763952673E-004,-4.979469813406467E-003,6.872143130749464E-004,-5.046503152698278E-003,
2.497366666666667E+009,5.321099888533354E-004,-4.891764372587204E-003,6.445308681577444E-004,-5.022164434194565E-003,
2.497400000000000E+009,4.669436020776629E-004,-5.008913110941649E-003,6.622772780247033E-004,-5.158435553312302E-003,
2.497433333333334E+009,4.741838783957064E-004,-4.978617653250694E-003,5.028561572544277E-004,-4.935367498546839E-003,
2.497466666666667E+009,5.487535963766277E-004,-5.040452815592289E-003,5.506704910658300E-004,-5.114942323416472E-003,
2.497500000000000E+009,4.156569193582982E-004,-4.946528002619743E-003,5.460768588818610E-004,-5.043832119554281E-003,
2.497533333333334E+009,5.813306197524071E-004,-4.973553121089935E-003,4.769314546138048E-004,-5.122414790093899E-003,
2.497566666666667E+009,6.224130629561842E-004,-5.069711711257696E-003,7.259313715621829E-004,-5.277974996715784E-003,
2.497600000000000E+009,6.637421902269125E-004,-5.131374578922987E-003,7.020787452347577E-004,-5.160883534699678E-003,
2.497633333333334E+009,6.569102406501770E-004,-5.124587099999189E-003,7.108356221579015E-004,-5.172035656869412E-003,
2.497666666666667E+009,7.575713098049164E-004,-5.111697595566511E-003,6.935736164450645E-004,-5.166084505617619E-003,
2.497700000000000E+009,7.747740601189435E-004,-5.272654816508293E-003,7.445557275786996E-004,-5.273567512631416E-003,
2.497733333333334E+009,6.303137051872909E-004,-5.327297840267420E-003,7.372195250354707E-004,-5.297627765685320E-003,
2.497766666666667E+009,6.879692664369941E-004,-5.248147528618574E-003,6.424629245884717E-004,-5.326310638338327E-003,
2.497800000000000E+009,8.546883473172784E-004,-5.294648930430412E-003,6.651662406511605E-004,-5.363802891224623E-003,
2.497833333333334E+009,8.373479940928519E-004,-5.231022369116545E-003,6.758971139788628E-004,-5.346494261175394E-003,
2.497866666666667E+009,6.891828961670399E-004,-5.327004007995129E-003,7.924353703856468E-004,-5.316300317645073E-003,
2.497900000000000E+009,7.036091992631555E-004,-5.386651959270239E-003,9.207493276335299E-004,-5.416814237833023E-003,
2.497933333333334E+009,6.945309578441083E-004,-5.418187938630581E-003,7.063855882734060E-004,-5.431764759123325E-003,
2.497966666666667E+009,8.031418547034264E-004,-5.403242073953152E-003,6.179548799991608E-004,-5.556659772992134E-003,
2.498000000000000E+009,9.055469417944551E-004,-5.544388201087713E-003,7.134295883588493E-004,-5.547488573938608E-003,
2.498033333333334E+009,8.663723128847778E-004,-5.565063096582890E-003,9.581181802786887E-004,-5.540031008422375E-003,
2.498066666666667E+009,6.887034396640956E-004,-5.480898078531027E-003,7.257860852405429E-004,-5.675700958818197E-003,
2.498100000000000E+009,9.495273698121309E-004,-5.558511242270470E-003,8.120264974422753E-004,-5.602199584245682E-003,
2.498133333333334E+009,8.371123112738133E-004,-5.741126835346222E-003,7.970646838657558E-004,-5.670780781656504E-003,
2.498166666666667E+009,7.916963659226894E-004,-5.668064113706350E-003,8.340700296685100E-004,-5.653745960444212E-003,
2.498200000000000E+009,9.039122960530222E-004,-5.646418314427137E-003,8.634391706436873E-004,-5.708117038011551E-003,
2.498233333333334E+009,8.320622146129608E-004,-5.920255556702614E-003,8.442677790299058E-004,-5.786567460745573E-003,
2.498266666666667E+009,8.971384377218783E-004,-5.829158704727888E-003,8.768497500568628E-004,-5.766458343714476E-003,
2.498300000000000E+009,8.386233239434660E-004,-5.826380103826523E-003,9.498907602392137E-004,-5.808453541249037E-003,
2.498333333333334E+009,8.162618614733219E-004,-5.891176406294107E-003,7.559300283901393E-004,-6.040062755346298E-003,
2.498366666666667E+009,1.020460156723857E-003,-5.828777793794870E-003,9.100445895455778E-004,-5.965032614767551E-003,
2.498400000000000E+009,8.140463614836335E-004,-5.921137984842062E-003,8.651556563563645E-004,-5.995002575218678E-003,
2.498433333333334E+009,7.747058989480138E-004,-6.040082778781653E-003,9.496200946159661E-004,-5.989087745547295E-003,
2.498466666666667E+009,7.827272056601942E-004,-5.875588860362768E-003,7.718548877164722E-004,-6.018606014549732E-003,
2.498500000000000E+009,8.584444876760244E-004,-6.078603211790323E-003,8.008858421817422E-004,-6.131738424301148E-003,
2.498533333333334E+009,8.119873236864805E-004,-6.113932002335787E-003,8.019196684472263E-004,-6.059817504137754E-003,
2.498566666666667E+009,7.346738711930811E-004,-6.082001607865095E-003,8.041316177695990E-004,-6.128345150500536E-003,
2.498600000000000E+009,8.999566198326647E-004,-6.149386055767536E-003,9.232807205989957E-004,-6.054766941815615E-003,
2.498633333333334E+009,7.970136357471347E-004,-6.287129130214453E-003,8.122123545035720E-004,-6.383935455232859E-003,
2.498666666666667E+009,9.367506718263030E-004,-6.167403887957335E-003,7.738611893728375E-004,-6.236666813492775E-003,
2.498700000000000E+009,9.600479388609529E-004,-6.333044730126858E-003,8.141227881424129E-004,-6.265495438128710E-003,
2.498733333333334E+009,8.138905395753682E-004,-6.405348423868418E-003,8.604376926086843E-004,-6.478837225586176E-003,
2.498766666666667E+009,8.522247080691159E-004,-6.374269258230925E-003,8.657588041387498E-004,-6.422623526304960E-003,
2.498800000000000E+009,8.868341101333499E-004,-6.330233532935381E-003,7.046165992505848E-004,-6.552548613399267E-003,
2.498833333333334E+009,8.720940677449107E-004,-6.529271602630615E-003,8.699452155269682E-004,-6.432076916098595E-003,
2.498866666666667E+009,9.228690178133547E-004,-6.531630177050829E-003,8.654155535623431E-004,-6.467678584158421E-003,
2.498900000000000E+009,7.518964703194797E-004,-6.566899828612804E-003,8.108127512969077E-004,-6.597394123673439E-003,
2.498933333333334E+009,7.066112593747675E-004,-6.693644914776087E-003,7.412127451971173E-004,-6.678701378405094E-003,
2.498966666666667E+009,6.469806539826095E-004,-6.731412373483181E-003,7.040738128125668E-004,-6.875947117805481E-003,
2.499000000000000E+009,7.861654739826918E-004,-6.706329062581062E-003,5.629049846902490E-004,-6.805236451327801E-003,
2.499033333333334E+009,5.525733577087522E-004,-6.737217772752047E-003,6.314924103207886E-004,-6.875606253743172E-003,
2.499066666666667E+009,5.695006111636758E-004,-6.723129190504551E-003,4.200694675091654E-004,-6.920242682099342E-003,
2.499100000000000E+009,4.182526317890734E-004,-6.641461513936520E-003,5.361486109904945E-004,-6.902713328599930E-003,
2.499133333333334E+009,4.601230903062969E-004,-6.877359934151173E-003,5.699872854165733E-004,-6.972576957195997E-003,
2.499166666666667E+009,5.498328828252852E-004,-6.940345745533705E-003,6.865636678412557E-004,-6.988837383687496E-003,
2.499200000000000E+009,7.491907454095781E-004,-6.975409109145403E-003,6.819986738264561E-004,-7.118494715541601E-003,
2.499233333333334E+009,5.651758983731270E-004,-7.028465159237385E-003,6.295602652244270E-004,-7.079131435602903E-003,
2.499266666666667E+009,6.459522410295904E-004,-6.973936222493649E-003,6.457234849222004E-004,-7.062459364533424E-003,
2.499300000000000E+009,6.600198685191572E-004,-7.055499590933323E-003,7.102058734744787E-004,-7.029236294329166E-003,
2.499333333333334E+009,6.728724110871553E-004,-7.134793326258659E-003,5.364916287362576E-004,-7.090109400451183E-003,
2.499366666666667E+009,6.451321532949805E-004,-7.129573263227940E-003,5.671576946042478E-004,-7.261542137712240E-003,
2.499400000000000E+009,5.520605482161045E-004,-6.966142449527979E-003,5.744372028857470E-004,-7.299621589481831E-003,
2.499433333333334E+009,6.845167954452336E-004,-7.244186941534281E-003,5.772733129560947E-004,-7.231193594634533E-003,
2.499466666666667E+009,8.023114060051739E-004,-7.210699841380119E-003,6.987628876231611E-004,-7.270057685673237E-003,
2.499500000000000E+009,6.834469968453050E-004,-7.293896749615669E-003,4.914502496831119E-004,-7.359834387898445E-003,
2.499533333333334E+009,5.630741943605244E-004,-7.393016014248133E-003,6.251073209568858E-004,-7.420641370117664E-003,
2.499566666666667E+009,5.304771475493908E-004,-7.361684460192919E-003,6.124554201960564E-004,-7.517011836171150E-003,
2.499600000000000E+009,6.585806841030717E-004,-7.332609500735998E-003,6.484924233518541E-004,-7.456661202013493E-003,
2.499633333333334E+009,6.454667309299111E-004,-7.464037276804447E-003,5.009338492527604E-004,-7.531472016125917E-003,
2.499666666666667E+009,7.893409929238260E-004,-7.359921932220459E-003,5.671878461726010E-004,-7.511654868721962E-003,
2.499700000000000E+009,5.912848864682019E-004,-7.601081859320402E-003,5.084103322587907E-004,-7.569050882011652E-003,
2.499733333333334E+009,6.099227466620505E-004,-7.430948782712221E-003,6.009262287989259E-004,-7.528568617999554E-003,
2.499766666666667E+009,4.827895609196276E-004,-7.593772374093533E-003,4.739269206766039E-004,-7.600047159940004E-003,
2.499800000000000E+009,6.037512794137001E-004,-7.554873824119568E-003,4.644061846192926E-004,-7.743756752461195E-003,
2.499833333333334E+009,5.091491620987654E-004,-7.465575821697712E-003,4.399761673994362E-004,-7.854005321860313E-003,
2.499866666666667E+009,5.054097273387015E-004,-7.671695668250322E-003,4.948917776346207E-004,-7.834026589989662E-003,
2.499900000000000E+009,4.746772174257785E-004,-7.591654080897570E-003,4.409808898344636E-004,-7.744212634861469E-003,
2.499933333333334E+009,4.667992470785976E-004,-7.703874725848436E-003,3.474357945378870E-004,-7.893534377217293E-003,
2.499966666666667E+009,4.623981367330998E-004,-7.734650745987892E-003,4.256102547515184E-004,-7.886955514550209E-003,
2.500000000000000E+009,3.648236161097884E-004,-7.769695483148098E-003,3.610412240959704E-004,-7.877581752836704E-003,
