% Version 1.00
%
%freq[Hz];re:Trc1_S21;im:Trc1_S21;re:Trc2_S12;im:Trc2_S12;
2.480000000000000E+009,2.041641564574093E-004,-2.180253213737160E-004,2.053835196420550E-004,-3.165638190694153E-004,
2.480033333333334E+009,2.340576320420951E-004,-2.797823690343648E-004,1.749421790009365E-004,-1.967597781913355E-004,
2.480066666666667E+009,2.007235598284751E-004,-2.124203310813755E-004,2.583769091870636E-004,-2.781476650852710E-004,
2.480100000000000E+009,3.656836051959544E-004,-2.419939992250875E-004,2.907887683250010E-004,-1.372222759528086E-004,
2.480133333333334E+009,2.133594680344686E-004,-2.196914720116183E-004,2.232762926723808E-004,-1.891040301416069E-004,
2.480166666666667E+009,3.342455893289298E-004,-2.319334598723799E-004,1.633572683203965E-004,-2.662854967638850E-004,
2.480200000000000E+009,1.795900170691311E-004,-1.395978033542633E-004,2.155447291443124E-004,-2.081524580717087E-004,
2.480233333333334E+009,2.434165799058974E-004,-7.581745012430474E-005,1.256276154890657E-004,-8.921465632738546E-005,
2.480266666666667E+009,2.032862976193428E-004,-2.041780826402828E-004,1.634180807741359E-004,-3.031103115063161E-004,
2.480300000000000E+009,2.707485400605947E-004,-6.921825843164697E-005,1.801042235456407E-004,-5.279289325699210E-005,
2.480333333333334E+009,1.668931363383308E-004,-1.355981657980010E-004,1.146053400589153E-004,-1.704428868833929E-004,
2.480366666666667E+009,1.319902949035168E-004,-6.920960004208610E-005,2.390500303590670E-004,-1.462354848627001E-004,
2.480400000000000E+009,3.249531800975092E-005,-1.381269685225561E-004,1.961303350981325E-004,-1.526213745819405E-004,
2.480433333333334E+009,2.699873293749988E-004,-8.351592259714380E-005,1.476098113926128E-004,-2.544062735978514E-004,
2.480466666666667E+009,1.223124563694000E-004,-8.681643521413207E-005,2.933801151812077E-004,-2.050248440355063E-004,
2.480500000000000E+009,1.717497943900526E-004,-1.356428692815825E-004,1.573664922034368E-004,-7.379417365882546E-005,
2.480533333333334E+009,1.112048194045201E-004,-1.471499417675659E-004,1.954900071723387E-004,-1.588319137226790E-004,
2.480566666666667E+009,1.068378114723600E-004,-5.985776078887284E-005,1.680639106780291E-004,-2.055022341664881E-004,
2.480600000000000E+009,2.252538106404245E-004,-1.587382575962693E-004,1.680683344602585E-004,-1.947921409737319E-004,
2.480633333333334E+009,2.035440265899524E-004,-1.293328095925972E-004,1.561573444632813E-004,-1.516725897090510E-004,
2.480666666666667E+009,1.963207032531500E-004,-1.443351939087734E-004,2.603665925562382E-004,-8.902325498638675E-005,
2.480700000000000E+009,1.535450865048915E-004,-1.184095381177031E-004,2.787095436360687E-004,-1.237818796653301E-004,
2.480733333333334E+009,1.555740163894370E-004,-1.719666033750400E-004,2.352775190956891E-004,-1.475932804169133E-004,
2.480766666666667E+009,1.706688199192286E-004,-2.496293454896659E-004,3.176210520905443E-005,-3.613549633882940E-004,
2.480800000000000E+009,2.404021361144260E-004,-1.988617004826665E-004,6.030789518263191E-005,-8.732895366847515E-005,
2.480833333333334E+009,9.488060459261760E-005,-1.072921804734506E-004,1.601521362317726E-004,-2.083182916976512E-004,
2.480866666666667E+009,1.093969985959120E-004,-2.513203653506935E-004,1.717731502139941E-004,-3.072996623814106E-004,
2.480900000000000E+009,1.575003552716225E-004,-2.245810901513323E-004,1.434574369341135E-004,-1.413617428625003E-004,
2.480933333333334E+009,1.562810939503834E-004,-2.212298422819004E-004,2.123536687577143E-004,-2.181182499043644E-004,
2.480966666666667E+009,1.342201139777899E-004,-1.999295345740393E-004,2.039463724941015E-004,-3.624367818702012E-004,
2.481000000000000E+009,2.707238600123674E-004,-3.011554072145373E-004,1.852091518230736E-004,-1.197991296066903E-004,
2.481033333333334E+009,9.262501407647505E-005,-1.939180365297943E-004,8.792823791736737E-005,-1.820199831854552E-004,
2.481066666666667E+009,3.579090698622167E-004,-1.521588565083221E-004,2.815480984281749E-004,-1.592797052580863E-004,
2.481100000000000E+009,2.992872032336891E-004,-2.016561193158850E-004,2.067317545879632E-004,-1.861742348410189E-004,
2.481133333333334E+009,6.472396489698440E-005,-1.364724157610908E-004,1.460562780266628E-004,-1.779627345968038E-004,
2.481166666666667E+009,1.443559158360586E-004,-1.351422251900658E-004,3.391352947801352E-004,-1.942346279975027E-004,
2.481200000000000E+009,2.442641707602888E-004,-1.947938872035593E-004,2.588652714621276E-004,-1.957242202479392E-004,
2.481233333333334E+009,8.529284968972206E-005,-2.939007827080786E-004,1.310362276853994E-004,-2.474753418937326E-004,
2.481266666666667E+009,1.029456179821864E-004,-3.131659759674221E-004,1.949466786754783E-005,-2.197944704676047E-004,
2.481300000000000E+009,2.364462852710858E-004,-2.412559842923656E-004,2.495627850294113E-004,-2.659008896443993E-004,
2.481333333333334E+009,1.472702133469284E-004,-2.590663207229227E-004,9.316726209362969E-005,-1.836488227127120E-004,
2.481366666666667E+009,1.907083933474496E-004,-2.453103952575475E-004,1.812276459531859E-004,-1.191445189760998E-004,
2.481400000000000E+009,1.218121469719335E-004,-1.505407417425886E-004,2.013804478337988E-004,-1.548157742945477E-004,
2.481433333333334E+009,1.466675457777455E-004,-2.572964003775269E-004,1.740387378958985E-004,-2.688196254894137E-004,
2.481466666666667E+009,1.808245433494449E-004,-1.490130671299994E-004,5.607989078271203E-005,-1.502315571997315E-004,
2.481500000000000E+009,1.088584685930982E-004,-1.563377300044522E-004,2.579545252956450E-004,-1.445587549824268E-004,
2.481533333333334E+009,1.833103669923730E-005,-5.743543079006486E-005,9.009325731312856E-005,-1.648230681894347E-004,
2.481566666666667E+009,2.225711505161598E-004,-1.404323265887797E-004,1.877391041489318E-004,-1.698257838143036E-004,
2.481600000000000E+009,3.086651850026101E-005,-1.994062768062577E-004,1.695902174105868E-004,-2.806273696478456E-004,
2.481633333333334E+009,9.245938417734578E-005,-2.873944467864931E-004,1.247938489541411E-004,-2.210645761806518E-004,
2.481666666666667E+009,1.802868209779263E-004,-1.064878233592026E-004,7.641426782356575E-005,-1.641623675823212E-004,
2.481700000000000E+009,2.604332694318146E-004,-2.918571117334068E-004,6.817929534008727E-005,-1.975667109945789E-004,
2.481733333333334E+009,1.170333271147683E-004,-1.735118130454794E-004,1.002458520815708E-004,-1.733216340653598E-004,
2.481766666666667E+009,1.160092870122753E-004,-2.074435906251892E-004,4.220379196340218E-005,-1.995641068788245E-004,
2.481800000000000E+009,9.857949771685526E-005,3.074203050346114E-005,3.274259142926894E-005,-1.538185169920325E-004,
2.481833333333334E+009,8.707029337529093E-005,-2.658629382494837E-004,3.328544335090555E-005,-2.697733725653961E-005,
2.481866666666667E+009,1.709051430225372E-004,-8.804105164017528E-005,6.644851237069815E-005,-1.268831401830539E-004,
2.481900000000000E+009,-4.521790106082335E-005,-1.399056345690042E-004,3.679823566926643E-005,-2.531348727643490E-004,
2.481933333333334E+009,1.372799160890281E-004,-2.848487056326121E-004,1.365157513646409E-004,-2.205531636718661E-004,
2.481966666666667E+009,1.531144225737080E-004,4.517216439126059E-005,1.501294609624893E-004,-2.374488394707441E-004,
2.482000000000000E+009,1.089868965209462E-004,-5.776376929134131E-005,4.916710167890415E-005,-4.081742736161687E-005,
2.482033333333334E+009,6.758933886885643E-005,-2.530605415813625E-004,1.387086522299796E-004,1.073784806067124E-004,
2.482066666666667E+009,4.485864337766543E-005,-2.040815452346578E-004,1.139097221312113E-004,-1.574857305968180E-004,
2.482100000000000E+009,1.299663563258946E-004,5.556102769332938E-005,9.950753155862913E-005,-1.912963925860822E-004,
2.482133333333334E+009,6.834970554336906E-005,-1.452500873710960E-004,1.295846304856241E-004,-4.373484625830315E-005,
2.482166666666667E+009,4.757496571983211E-005,-4.260453715687618E-005,1.992020697798580E-004,-1.242365251528099E-004,
2.482200000000000E+009,1.664464216446504E-004,-8.688199886819348E-005,2.232654369436204E-004,-2.359294885536656E-004,
2.482233333333334E+009,7.362004544120282E-005,-2.062533749267459E-004,2.012194599956274E-004,-8.289051766041666E-005,
2.482266666666667E+009,1.231984351761639E-004,-1.754371623974294E-004,2.623493855935521E-005,-1.667099131736904E-004,
2.482300000000000E+009,1.233267103089020E-004,-8.968102338258177E-005,5.184274050407112E-005,-6.116086296970025E-005,
2.482333333333334E+009,6.544786629092414E-006,-2.344394597457722E-004,1.044459422701038E-004,-1.481509680161253E-004,
2.482366666666667E+009,6.274469342315570E-005,-2.631270908750594E-004,4.035435995319858E-005,-1.514812029199675E-004,
2.482400000000000E+009,1.886909303721041E-004,-2.632541873026639E-004,3.338506212458015E-005,-1.733584358589724E-004,
2.482433333333334E+009,3.291892062406987E-005,-1.319318544119597E-004,1.759665028657764E-004,-2.010436874115840E-004,
2.482466666666667E+009,5.489159957505763E-005,-4.232987976138247E-006,6.037709681550041E-005,-1.854563015513122E-004,
2.482500000000000E+009,8.409529982600361E-006,-1.954281033249572E-004,3.419492350076325E-005,-2.525741874706000E-004,
2.482533333333334E+009,6.104227850300958E-006,-1.905109093058854E-004,5.165297989151441E-005,-2.951066562673077E-005,
2.482566666666667E+009,9.562454943079501E-005,-2.276019949931651E-004,3.346316589158960E-005,-1.927478151628748E-004,
2.482600000000000E+009,1.750440787873231E-005,-9.603791841072962E-005,1.523968676337972E-004,-1.233263028552756E-004,
2.482633333333334E+009,-9.625311940908432E-005,-1.027999387588352E-004,-3.610796557040885E-005,-1.640199334360659E-004,
2.482666666666667E+009,1.669606831455894E-006,-1.903193624457344E-004,1.732021519273985E-005,2.984775892400648E-005,
2.482700000000000E+009,9.825378947425634E-005,-2.005162095883861E-004,3.964902134612203E-005,-2.007589500863105E-004,
2.482733333333334E+009,-5.514111398952082E-005,-1.436670572729781E-004,6.666432454949245E-005,-6.475386180682108E-005,
2.482766666666667E+009,1.668262557359412E-004,-1.685999595792964E-004,9.277013305108994E-005,-1.061768125509843E-004,
2.482800000000000E+009,8.404476102441549E-005,3.525730789988302E-005,-4.226199234835804E-005,-1.564024569233879E-004,
2.482833333333334E+009,6.262829992920160E-005,-1.636092201806605E-004,-1.698637242952827E-005,-2.116826944984496E-004,
2.482866666666667E+009,1.188851601909846E-004,-1.484501262893900E-004,-2.010182470257860E-005,-1.011235362966545E-004,
2.482900000000000E+009,2.644588312250562E-005,-1.185672372230329E-004,1.683695359133708E-006,-9.932082321029156E-005,
2.482933333333334E+009,6.441669393097982E-005,-7.673921936657280E-005,-8.257037734438200E-006,-1.771260431269184E-004,
2.482966666666667E+009,8.064485155045986E-005,-1.558451913297176E-004,-6.635639874730259E-005,-1.234540686709806E-004,
2.483000000000000E+009,-2.152520755771548E-005,-2.344141976209357E-004,-2.520137059036642E-005,-1.961325906449929E-004,
2.483033333333334E+009,-3.171190473949537E-005,-1.268907071789727E-004,3.657401612144895E-005,-7.002680649748072E-005,
2.483066666666667E+009,5.283026894176146E-006,2.076708551612683E-005,1.152724598796340E-005,-2.538799890317023E-004,
2.483100000000000E+009,-5.021483957534656E-006,-9.129185491474345E-005,-2.409081571386196E-005,-1.462973596062511E-004,
2.483133333333334E+009,-4.697227268479765E-005,-8.941264968598262E-005,-4.038830229546875E-005,-8.247641380876303E-005,
2.483166666666667E+009,-1.410150707670255E-005,-2.217483561253175E-004,3.217700623281417E-006,-1.167676091426984E-004,
2.483200000000000E+009,2.634478551044595E-005,-4.519696449278854E-005,1.449775299988687E-004,-1.062378432834521E-004,
2.483233333333334E+009,-4.124543920625001E-006,-1.432289282092825E-004,4.017612809548155E-005,-2.013512421399355E-004,
2.483266666666667E+009,1.027609687298536E-004,1.746723137330264E-005,3.105783252976835E-005,-1.908601552713662E-005,
2.483300000000000E+009,9.928696817951277E-005,9.028272324940190E-005,-1.496694858360570E-005,-5.845660780323669E-006,
2.483333333333334E+009,7.404544157907367E-005,-1.184918364742771E-004,7.172879850259051E-005,-1.186339359264821E-004,
2.483366666666667E+009,4.741984594147652E-005,-1.105072660720907E-004,4.433350113686174E-005,2.256061998195946E-005,
2.483400000000000E+009,-1.232522045029327E-004,-7.185735012171790E-005,-8.682805491844192E-005,-1.110492157749832E-004,
2.483433333333334E+009,9.329256135970354E-005,3.305940117570572E-005,2.337537443963811E-005,-9.488825890002772E-005,
2.483466666666667E+009,5.102548311697319E-005,-1.682951551629230E-004,1.902145413623657E-005,-1.286322658415884E-004,
2.483500000000000E+009,5.442968540592119E-005,-9.917372381096357E-007,-5.571445217356086E-005,1.055744287441485E-004,
2.483533333333334E+009,-8.147972948790994E-006,5.128049451741390E-005,9.312213660450652E-005,-5.773765224148519E-005,
2.483566666666667E+009,4.029486444778740E-005,-5.729908662033267E-005,-2.062631574517582E-005,2.410386332485359E-005,
2.483600000000000E+009,1.032354266499169E-004,-2.854115700756665E-005,-7.675131200812757E-005,6.681260128971189E-005,
2.483633333333334E+009,6.325466074486030E-006,1.197569290525280E-004,-2.887820983232814E-006,3.134118969683186E-006,
2.483666666666667E+009,2.185324956371915E-005,1.903722295537591E-005,-9.596505151421297E-006,6.403034785762429E-005,
2.483700000000000E+009,-5.307587707648054E-005,4.207823076285422E-005,3.037653004867025E-005,-2.429352025501430E-005,
2.483733333333334E+009,2.646309621923138E-005,3.511023533064872E-005,6.602620123885572E-005,-5.615385452983901E-005,
2.483766666666667E+009,1.774865268089343E-006,1.568486732139718E-005,-1.190360399050405E-005,1.758635771693662E-004,
2.483800000000000E+009,-1.413323770975694E-004,6.861964357085526E-005,6.033400859450921E-005,1.066277491190704E-006,
2.483833333333334E+009,-5.899498864891939E-005,1.091454032575712E-005,6.460068834712729E-005,-2.954274350486230E-005,
2.483866666666667E+009,-2.329042945348192E-005,3.303548874100670E-005,-1.082138260244392E-004,-3.573523281374946E-005,
2.483900000000000E+009,-1.404014892614214E-005,1.049156344379298E-004,6.889531505294144E-005,1.982881803996861E-005,
2.483933333333334E+009,-8.200864976970479E-005,-1.190785333164968E-004,-5.976757165626623E-005,-6.411303911590949E-005,
2.483966666666667E+009,1.340712333330885E-004,-5.540226629818790E-005,9.445063187740743E-005,-7.352665852522478E-005,
2.484000000000000E+009,-5.589781358139589E-005,-6.627240509260446E-005,-6.401028076652437E-005,-2.764263081189711E-005,
2.484033333333334E+009,-4.721751611214131E-005,5.616750058834441E-005,7.874395669205114E-005,-5.095354208606295E-005,
2.484066666666667E+009,1.326267665717751E-004,-8.814140164759010E-005,-3.977082815254107E-005,7.302260928554460E-005,
2.484100000000000E+009,2.478388159943279E-005,4.467875623959117E-005,9.596831660019234E-005,-1.726979644445237E-005,
2.484133333333334E+009,5.991366197122261E-005,1.372765545966104E-004,-1.048060003085993E-004,-1.894126216939185E-005,
2.484166666666667E+009,-2.782729825412389E-005,-2.290067459398415E-005,-7.571022433694452E-005,-6.210953870322555E-005,
2.484200000000000E+009,2.233712802990340E-005,-4.331597301643342E-005,-5.591661101789214E-005,-2.676949588931166E-005,
2.484233333333334E+009,1.177086687675910E-005,2.832632162608206E-005,3.995565930381417E-005,2.536263309593778E-005,
2.484266666666667E+009,1.638234243728221E-005,-1.024811081151711E-005,9.465309267397970E-005,-5.601083466899581E-005,
2.484300000000000E+009,7.302835456357570E-006,4.566265124594793E-005,2.422168290650006E-005,-6.605257658520713E-005,
2.484333333333334E+009,5.892671470064670E-005,-7.396896307909628E-006,-9.128464444074780E-005,1.309020735789090E-004,
2.484366666666667E+009,-1.023117802105844E-004,7.536871271440759E-005,5.099259215057828E-005,-8.175694529199973E-005,
2.484400000000000E+009,1.230574998771772E-004,8.074021752690896E-005,-6.455925904447213E-005,2.911396950366907E-005,
2.484433333333334E+009,-1.147566654253751E-004,-2.266788578708656E-005,-7.280850240931613E-006,7.106705197656993E-007,
2.484466666666667E+009,-7.904432277427986E-005,-1.962479291250929E-005,-1.539235381642357E-004,7.383536740235286E-006,
2.484500000000000E+009,3.618579285102896E-005,9.727287397254258E-005,7.852620910853148E-005,3.557920717867091E-005,
2.484533333333334E+009,-1.068913043127395E-004,1.008713952614926E-004,-8.348236588062719E-005,5.084166332380846E-005,
2.484566666666667E+009,-5.111508653499186E-005,-5.336060712579638E-005,-1.145352507592179E-004,-1.873969449661672E-005,
2.484600000000000E+009,-7.085456309141591E-005,-2.278866759297671E-006,6.529573875013739E-005,8.661097126605455E-006,
2.484633333333334E+009,-8.540233829990029E-005,3.129078686470166E-005,-2.552380101406016E-005,1.736609738145489E-005,
2.484666666666667E+009,2.220364694949240E-004,-1.323877040704247E-005,-7.685767923248932E-005,3.072274193982594E-005,
2.484700000000000E+009,-1.230348134413362E-004,2.811877311614808E-005,2.298195340699749E-006,3.213185118511319E-005,
2.484733333333334E+009,-4.752092718263157E-005,5.741667337133549E-005,-6.930006202310324E-005,1.044200180331245E-004,
2.484766666666667E+009,-6.333649071166292E-005,-9.495389349467587E-006,-1.078860586858355E-004,6.041366941644810E-005,
2.484800000000000E+009,-5.447887087939307E-005,5.708137541660108E-005,2.920406768680550E-005,8.107140456559137E-005,
2.484833333333334E+009,-4.192431515548378E-005,7.430712139466777E-005,-1.217839817400090E-004,7.101236406015232E-005,
2.484866666666667E+009,-3.950901736970991E-005,-9.672491614765022E-006,4.722811354440637E-005,1.263331359950826E-004,
2.484900000000000E+009,-1.969825461856090E-006,7.096436456777155E-005,-1.738492428557947E-004,1.447206450393423E-004,
2.484933333333334E+009,-6.305359420366585E-005,1.597929367562756E-004,4.913423981633969E-005,1.650569611229003E-004,
2.484966666666667E+009,6.817916437285021E-005,1.072661543730646E-004,-5.043685087002814E-005,2.315309393452480E-004,
2.485000000000000E+009,9.287421562476084E-005,1.523500977782533E-004,-1.268765481654555E-004,1.477329060435295E-004,
2.485033333333334E+009,-7.447351435985183E-006,8.246456127380952E-005,6.769122410332784E-005,8.127247565425932E-005,
2.485066666666667E+009,-6.298402149695903E-005,9.194535232381895E-005,-1.016381793306209E-005,5.524142761714757E-005,
2.485100000000000E+009,-4.209575126878917E-005,3.167818067595363E-005,1.782541949069127E-005,1.705335453152657E-004,
2.485133333333334E+009,-5.460834290715866E-005,5.236847937339917E-005,1.224865554831922E-004,1.496424811193720E-004,
2.485166666666667E+009,-6.571973062818870E-005,1.739121362334117E-004,6.217434565769509E-005,1.298123388551176E-004,
2.485200000000000E+009,5.838205834152177E-005,1.241215504705906E-004,1.144365669460967E-004,1.437813625670970E-004,
2.485233333333334E+009,-3.800715376200969E-006,2.034331118920818E-004,4.458230614545755E-005,3.077571454923600E-004,
2.485266666666667E+009,8.294475264847279E-005,1.162963962997310E-004,-7.652466592844576E-005,2.312561409780756E-004,
2.485300000000000E+009,5.444401176646352E-005,2.569690113887191E-004,-2.748883525782730E-005,2.770143037196249E-004,
2.485333333333334E+009,6.902568566147238E-005,1.348197838524357E-004,4.011901182821021E-005,2.140621072612703E-004,
2.485366666666667E+009,-3.414876482565887E-005,1.053676314768381E-004,-9.016798867378384E-005,1.984703849302605E-004,
2.485400000000000E+009,-1.783122570486739E-005,1.502478262409568E-004,6.712023605359718E-005,7.063244993332773E-005,
2.485433333333334E+009,1.806882210075855E-005,1.623289863346145E-004,-4.116739728488028E-005,2.098549739457667E-004,
2.485466666666667E+009,-8.950930350692943E-005,1.768333168001846E-004,-5.372644955059513E-005,2.633498515933752E-004,
2.485500000000000E+009,4.284979149815626E-005,9.584041254129261E-005,-1.486414548708126E-004,1.906646939460188E-004,
2.485533333333334E+009,-2.676172698556911E-005,1.409291580785066E-004,3.779192775255069E-005,1.418057217961177E-004,
2.485566666666667E+009,7.837422344891820E-006,6.265185220399872E-005,4.467322287382558E-005,2.945137966889888E-004,
2.485600000000000E+009,-1.577079638082068E-005,2.979275886900723E-004,-6.599771586479619E-005,3.096187720075250E-004,
2.485633333333334E+009,5.091185357741779E-006,1.071779915946536E-004,-8.279021130874753E-006,1.904991804622114E-004,
2.485666666666667E+009,3.270588058512658E-005,2.358929050387815E-004,-1.177966842078604E-004,1.467696129111573E-004,
2.485700000000000E+009,1.131712724600220E-005,1.944296236615628E-004,-5.589662760030478E-005,2.044379507424310E-004,
2.485733333333334E+009,-2.507142562535591E-005,3.031287051271647E-004,-4.456344686332159E-005,2.725978556554765E-004,
2.485766666666667E+009,1.134447811637074E-004,2.733965520747006E-004,-7.113892934285104E-005,1.831756235333160E-004,
2.485800000000000E+009,1.934130341396667E-005,1.093080063583329E-004,9.520320600131527E-005,1.159325474873185E-004,
2.485833333333334E+009,1.037672554957680E-004,3.979953180532903E-004,-5.837172011524672E-006,2.481177216395736E-004,
2.485866666666667E+009,-1.023337536025792E-004,2.166007325286046E-004,-1.786270440788940E-004,2.037663798546419E-004,
2.485900000000000E+009,3.743867637240328E-006,2.422362449578941E-004,-3.373219078639522E-005,2.359168138355017E-004,
2.485933333333334E+009,-4.388006345834583E-005,2.564298629295081E-004,7.933094457257539E-005,2.683395578060299E-004,
2.485966666666667E+009,-2.414917980786413E-005,1.661719434196129E-004,-2.745535130088683E-005,2.245280920760706E-004,
2.486000000000000E+009,-2.842812500603031E-005,2.099200937664136E-004,-2.434831912978552E-005,1.221341954078525E-004,
2.486033333333334E+009,7.485687092412263E-005,1.671772770350799E-004,-3.166985698044300E-005,1.865501835709438E-004,
2.486066666666667E+009,-9.287615102948621E-005,2.217747824033722E-004,-4.601447653840296E-005,2.346393739571795E-004,
2.486100000000000E+009,1.675671373959631E-004,1.907018304336816E-004,7.915313472039998E-005,1.793617557268590E-004,
2.486133333333334E+009,6.624909292440862E-005,1.740205625537783E-004,-1.116471030400135E-004,2.613317628856748E-004,
2.486166666666667E+009,6.199376366566867E-005,1.360864116577432E-004,2.905716974055395E-005,2.522787835914642E-004,
2.486200000000000E+009,1.751118543324992E-005,2.614436380099505E-004,1.780563366082788E-006,3.407935146242380E-004,
2.486233333333334E+009,-1.609200116945431E-004,3.078696317970753E-004,-4.258147600921802E-005,1.571097091073170E-004,
2.486266666666667E+009,1.108967335312627E-004,1.962404203368351E-004,1.010668256640201E-005,2.777484478428960E-004,
2.486300000000000E+009,3.577412280719727E-005,1.724447502056137E-004,4.714950046036393E-005,3.217271878384054E-004,
2.486333333333334E+009,2.497721288818866E-005,2.025951980613172E-004,-8.981137943919748E-005,2.936487144324929E-004,
2.486366666666667E+009,-9.239184873877093E-005,3.353300853632391E-004,-2.661983307916671E-005,2.258777676615864E-004,
2.486400000000000E+009,5.576077091973275E-005,2.457989903632551E-004,3.263537792008719E-006,2.155918191419914E-004,
2.486433333333334E+009,8.299738692585379E-005,1.654325751587749E-004,1.541552774142474E-004,3.661180671770126E-004,
2.486466666666667E+009,1.810613903217018E-004,4.674959054682404E-004,6.231580482563004E-005,2.095575764542446E-004,
2.486500000000000E+009,6.204623059602454E-005,4.327475035097450E-004,-3.296760405646637E-005,3.146779490634799E-004,
2.486533333333334E+009,1.060853246599436E-004,4.336773417890072E-004,1.288220810238272E-004,2.581727167125791E-004,
2.486566666666667E+009,5.328722909325734E-005,2.463124692440033E-004,-3.899829971487634E-005,3.376635722815990E-004,
2.486600000000000E+009,1.923954114317894E-004,3.181211068294942E-004,8.223848999477923E-005,4.394149000290781E-004,
2.486633333333334E+009,2.506710297893733E-004,3.514111449476332E-004,8.136450196616352E-005,2.761291107162833E-004,
2.486666666666667E+009,2.709461550693959E-004,2.312561846338213E-004,1.963048562174663E-004,3.139082982670516E-004,
2.486700000000000E+009,1.045431781676598E-004,3.219110367354006E-004,9.029154171003029E-005,3.149943077005446E-004,
2.486733333333334E+009,1.764581247698516E-004,3.697517677210271E-004,1.801715261535719E-004,4.009857948403806E-004,
2.486766666666667E+009,2.180293377023190E-004,3.226719272788614E-004,1.382317859679461E-004,3.040953306481242E-004,
2.486800000000000E+009,2.012963523156941E-004,3.883985336869955E-004,6.642910739174113E-005,3.439948195591569E-004,
2.486833333333334E+009,1.562979014124721E-004,2.286740054842085E-004,9.107502410188317E-005,3.696437634062022E-004,
2.486866666666667E+009,1.392300182487816E-004,1.631791965337470E-004,1.262836449313909E-004,3.222625527996570E-004,
2.486900000000000E+009,1.360505702905357E-004,1.570058957440779E-004,1.880226627690718E-004,4.966025007888675E-004,
2.486933333333334E+009,8.697987505001947E-005,4.088075074832887E-004,7.108281715773046E-005,3.485360648483038E-004,
2.486966666666667E+009,1.410333061357960E-004,1.820812321966514E-004,1.303716562688351E-004,3.735536010935903E-004,
2.487000000000000E+009,7.358138827839866E-005,2.220123424194753E-004,1.442457287339494E-004,4.066464607603848E-004,
2.487033333333334E+009,2.171016094507650E-004,3.917650610674173E-004,1.042868170770817E-004,2.767368278000504E-004,
2.487066666666667E+009,1.660784619161859E-004,2.819618966896087E-004,-1.578389856149443E-005,3.183623484801501E-004,
2.487100000000000E+009,1.228744622494560E-005,3.354762447997928E-004,1.891196734504774E-004,4.105104017071426E-004,
2.487133333333334E+009,6.172128632897511E-005,2.788949932437390E-004,1.701431465335190E-004,3.952031838707626E-004,
2.487166666666667E+009,1.204033833346330E-004,4.658535763155669E-004,1.348863443126902E-004,2.316322061233223E-004,
2.487200000000000E+009,1.591807667864487E-004,3.601308271754533E-004,-6.239399226615205E-005,2.766257966868579E-004,
2.487233333333334E+009,1.435061567462981E-004,2.166474150726572E-004,1.017306421999820E-004,3.865159233100712E-004,
2.487266666666667E+009,1.051880753948353E-004,3.773085190914571E-004,4.441797864274122E-005,3.654972533695400E-004,
2.487300000000000E+009,1.084244140656665E-004,4.023055080324411E-004,1.627660822123289E-004,3.567579551599920E-004,
2.487333333333334E+009,1.225236483151093E-004,2.906866429839283E-004,1.176162695628591E-004,2.805788826663047E-004,
2.487366666666667E+009,1.761855819495395E-004,2.403801918262616E-004,1.854903966886923E-004,2.828387077897787E-004,
2.487400000000000E+009,1.334528787992895E-004,3.556645242497325E-004,1.823010534280911E-004,2.923090069089085E-004,
2.487433333333334E+009,4.645643639378250E-005,2.985071332659572E-004,1.349266094621271E-004,3.181482898071408E-004,
2.487466666666667E+009,1.778476434992626E-004,3.728072624653578E-004,1.142829714808613E-004,4.289771895855665E-004,
2.487500000000000E+009,1.755265402607620E-004,2.590488002169877E-004,1.537289790576324E-004,4.434112925082445E-004,
2.487533333333334E+009,1.009037587209605E-004,4.107768472749740E-004,2.853891055565327E-004,3.258048091083765E-004,
2.487566666666667E+009,1.719889114610851E-004,2.677541633602232E-004,9.248781861970201E-005,2.939391997642815E-004,
2.487600000000000E+009,4.453739529708400E-005,2.637738652992994E-004,1.380624744342640E-004,2.833249163813889E-004,
2.487633333333334E+009,2.171361556975171E-004,2.998143027070910E-004,1.871024578576908E-004,1.723125169519335E-004,
2.487666666666667E+009,2.152917149942368E-004,5.389974685385823E-004,1.282195007661358E-004,3.634558815974742E-004,
2.487700000000000E+009,8.071674528764561E-005,3.496767894830555E-004,6.974671123316512E-005,2.351041184738278E-004,
2.487733333333334E+009,1.602609518158715E-005,3.848452761303634E-004,1.566149439895526E-004,2.435696806060150E-004,
2.487766666666667E+009,1.889283157652244E-004,3.668306453619152E-004,2.036536752711982E-004,3.106557705905289E-004,
2.487800000000000E+009,2.762229414656758E-004,2.545303723309189E-004,1.000270276563242E-004,2.884408459067345E-004,
2.487833333333334E+009,1.145655405707657E-004,3.293617628514767E-004,4.586326031130739E-005,4.754828405566514E-004,
2.487866666666667E+009,1.284314203076065E-004,3.866234619636089E-004,1.411667617503554E-004,4.240231355652213E-004,
2.487900000000000E+009,1.443671790184453E-004,3.976096631959081E-004,1.798437006073073E-004,3.030094667337835E-004,
2.487933333333334E+009,1.756761921569705E-004,2.568076888564974E-004,1.414024154655635E-004,3.674561157822609E-004,
2.487966666666667E+009,8.445866114925593E-005,3.464016481302679E-004,2.355115138925612E-004,3.259245713707060E-004,
2.488000000000000E+009,1.537752250442281E-004,4.396302392706275E-004,2.332490985281766E-004,3.758006205316633E-004,
2.488033333333334E+009,2.053634088952094E-004,2.792698505800217E-004,2.484890283085406E-004,3.967985394410789E-004,
2.488066666666667E+009,1.797371369320899E-004,3.886736521963030E-004,1.932096347445622E-004,3.685748379211873E-004,
2.488100000000000E+009,2.412352769169956E-004,4.451861896086484E-004,2.216549328295514E-004,3.843423328362405E-004,
2.488133333333334E+009,3.713341720867902E-004,4.140996607020497E-004,2.322408108739182E-004,3.756328951567411E-004,
2.488166666666667E+009,2.031518670264632E-004,3.502667532302439E-004,1.909406564664096E-004,2.796069893520325E-004,
2.488200000000000E+009,1.451300777262077E-004,3.299478557892144E-004,2.525603631511331E-004,4.363490152172744E-004,
2.488233333333334E+009,3.279747033957392E-004,3.037091810256243E-004,2.123471349477768E-004,3.572365676518530E-004,
2.488266666666667E+009,4.346393980085850E-004,3.971203695982695E-004,3.035087720490992E-004,3.256567579228431E-004,
2.488300000000000E+009,2.005028363782913E-004,4.071292642038316E-004,3.155417507514358E-004,3.829920024145395E-004,
2.488333333333334E+009,3.235313342884183E-004,2.974902745336294E-004,2.841126115527004E-004,3.028263745363802E-004,
2.488366666666667E+009,2.403317193966359E-004,4.590837052091956E-004,3.701923706103116E-004,4.150155873503536E-004,
2.488400000000000E+009,2.800056827254593E-004,2.772977750282735E-004,1.633603824302554E-004,4.271010111551732E-004,
2.488433333333334E+009,2.566085604485124E-004,3.787636524066329E-004,2.196942659793422E-004,3.704366099555045E-004,
2.488466666666667E+009,2.660033642314374E-004,2.947343164123595E-004,2.786011900752783E-004,4.149881133344024E-004,
2.488500000000000E+009,1.167630307463696E-005,3.987720701843500E-004,3.248658322263509E-004,4.147453291807324E-004,
2.488533333333334E+009,3.603276272770017E-004,3.343585995025933E-004,3.610508865676820E-004,4.111924790777266E-004,
2.488566666666667E+009,2.241482143290341E-004,4.282020381651819E-004,2.561843139119446E-004,3.476217389106751E-004,
2.488600000000000E+009,1.811114198062569E-004,4.697756958194077E-004,1.296680275117979E-004,4.176235524937511E-004,
2.488633333333334E+009,1.266509498236701E-004,3.541194018907845E-004,2.770865103229880E-004,4.425053193699569E-004,
2.488666666666667E+009,2.746428654063493E-004,4.920929204672575E-004,3.064698830712587E-004,3.586710372474045E-004,
2.488700000000000E+009,2.134307287633419E-004,3.650937578640878E-004,3.048524085897952E-004,4.610914911609143E-004,
2.488733333333334E+009,2.762511430773884E-004,3.514378040563315E-004,2.061519626295194E-004,3.441433364059776E-004,
2.488766666666667E+009,4.122631216887385E-004,4.329478833824396E-004,1.157312799477950E-004,3.957654407713562E-004,
2.488800000000000E+009,1.949053985299543E-004,4.385284846648574E-004,1.736887788865715E-004,4.314922261983156E-004,
2.488833333333334E+009,2.831162128131837E-004,2.047185989795253E-004,2.924441650975496E-004,4.209790495224297E-004,
2.488866666666667E+009,3.582603530958295E-004,3.648060956038535E-004,3.782193234656006E-004,3.210167633369565E-004,
2.488900000000000E+009,1.668484619585797E-004,3.894408582709730E-004,2.993089728988707E-004,5.227688816376030E-004,
2.488933333333334E+009,1.489439164288342E-004,3.810901253018528E-004,2.819475193973631E-004,3.194026066921651E-004,
2.488966666666667E+009,2.962610742542893E-004,2.601295418571681E-004,1.400366745656356E-004,3.531824913807213E-004,
2.489000000000000E+009,3.289094893261790E-004,3.784867003560066E-004,1.979880762519315E-004,3.036512644030154E-004,
2.489033333333334E+009,1.854413276305422E-004,4.433541325852275E-004,1.552956964587793E-004,4.428456595633179E-004,
2.489066666666667E+009,2.084529842250049E-004,3.315294161438942E-004,2.491415652912110E-004,4.119325603824109E-004,
2.489100000000000E+009,2.356166951358318E-004,4.228298494126648E-004,3.442433953750879E-004,2.632545074447990E-004,
2.489133333333334E+009,1.942566595971584E-004,3.487326321192086E-004,2.791587321553379E-004,5.109748453833163E-004,
2.489166666666667E+009,2.820609952323139E-004,4.346211499068886E-004,2.524230221752077E-004,5.007238360121846E-004,
2.489200000000000E+009,2.232832048321143E-004,3.300089447293431E-004,2.858983643818647E-004,3.464512410573661E-004,
2.489233333333334E+009,1.692674559308216E-004,3.850999928545207E-004,2.888726885430515E-004,4.219077236484736E-004,
2.489266666666667E+009,1.614595821592957E-004,4.170030879322439E-004,3.313710622023791E-004,3.929371305275708E-004,
2.489300000000000E+009,2.611607196740806E-004,4.265848256181926E-004,2.843455877155066E-004,2.396442723693326E-004,
2.489333333333334E+009,3.399927809368819E-004,3.645392134785652E-004,2.701196644920856E-004,3.881981829181314E-004,
2.489366666666667E+009,1.474086893722415E-004,4.485367098823190E-004,3.051644598599523E-004,3.388300829101354E-004,
2.489400000000000E+009,3.746837028302252E-004,3.854297101497650E-004,2.493039937689900E-004,3.810345369856805E-004,
2.489433333333334E+009,3.081804316025227E-004,4.014730220660567E-004,3.098939778283238E-004,3.156349994242191E-004,
2.489466666666667E+009,3.223807143513113E-004,3.181144129484892E-004,2.580521104391664E-004,4.319528525229543E-004,
2.489500000000000E+009,3.769106115214527E-004,2.776308392640203E-004,2.580180589575321E-004,4.600574902724475E-004,
2.489533333333334E+009,1.676148676779121E-004,4.386297659948468E-004,3.189186099916697E-004,2.523102739360184E-004,
2.489566666666667E+009,3.836483811028302E-004,4.742461896967143E-004,2.760698553174734E-004,4.299189604353160E-004,
2.489600000000000E+009,3.600795462261885E-004,3.568743122741580E-004,2.672583796083927E-004,3.506560751702637E-004,
2.489633333333334E+009,4.323499451857060E-004,3.591690328903496E-004,3.613524313550443E-004,3.294528287369758E-004,
2.489666666666667E+009,3.190429415553808E-004,2.524365263525397E-004,4.374901182018220E-004,3.670551523100585E-004,
2.489700000000000E+009,2.693237911444157E-004,3.918210277333856E-004,3.750227915588766E-004,3.166091919410974E-004,
2.489733333333334E+009,3.268688451498747E-004,3.877638082485646E-004,2.832326281350106E-004,4.360763414297253E-004,
2.489766666666667E+009,5.107452161610127E-004,3.637259069364518E-004,3.549325629137456E-004,4.013318393845111E-004,
2.489800000000000E+009,5.866413121111691E-004,3.227401175536215E-004,4.585724091157317E-004,3.419149143155664E-004,
2.489833333333334E+009,5.105503369122744E-004,4.329370276536793E-004,3.090208920184523E-004,3.708824515342712E-004,
2.489866666666667E+009,4.441871133167297E-004,3.328120510559529E-004,4.323304747231305E-004,3.337357193231583E-004,
2.489900000000000E+009,5.338003393262625E-004,2.127998595824465E-004,4.371857212390751E-004,2.999856078531593E-004,
2.489933333333334E+009,4.046331741847098E-004,3.034317342098802E-004,4.678672412410379E-004,2.907376328948885E-004,
2.489966666666667E+009,3.797205572482199E-004,3.454348188824952E-004,3.491325478535146E-004,4.197165253572166E-004,
2.490000000000000E+009,4.918011836707592E-004,3.731149772647768E-004,4.214337968733162E-004,4.765010089613497E-004,
2.490033333333334E+009,4.080274084117264E-004,3.555117582436651E-004,4.758359864354134E-004,4.008758114650846E-004,
2.490066666666667E+009,1.722941960906610E-004,4.446078673936427E-004,4.343666951172054E-004,4.832003614865243E-004,
2.490100000000000E+009,4.275165556464344E-004,3.938121953979135E-004,4.055587924085558E-004,4.387189692351967E-004,
2.490133333333334E+009,3.798626421485096E-004,3.694081387948245E-004,4.295338876545429E-004,4.018329200334847E-004,
2.490166666666667E+009,4.492824082262814E-004,2.984988968819380E-004,3.529275709297508E-004,3.045189660042524E-004,
2.490200000000000E+009,4.773128312081099E-004,5.013170884922147E-004,4.436602175701410E-004,4.301132285036147E-004,
2.490233333333334E+009,3.715489874593914E-004,4.140281525906175E-004,4.609467287082225E-004,3.477503196336329E-004,
2.490266666666667E+009,3.400943533051759E-004,4.593874618876725E-004,4.159592790529132E-004,3.332252963446081E-004,
2.490300000000000E+009,3.974782011937350E-004,4.873033321928233E-004,4.455700109247118E-004,3.696215571835637E-004,
2.490333333333334E+009,3.829967172350735E-004,3.316798538435251E-004,3.257795469835401E-004,4.520099610090256E-004,
2.490366666666667E+009,2.598199353087694E-004,3.584925434552133E-004,3.939986345358193E-004,3.874387766700238E-004,
2.490400000000000E+009,3.849740023724735E-004,3.654337488114834E-004,5.220663151703775E-004,4.400958714541048E-004,
2.490433333333334E+009,5.536466487683356E-004,4.325657791923732E-004,3.993453574366868E-004,4.777151043526828E-004,
2.490466666666667E+009,3.369839396327734E-004,3.728415758814663E-004,4.725182079710066E-004,4.911209689453244E-004,
2.490500000000000E+009,3.173156583216041E-004,4.296605766285211E-004,3.244258987251669E-004,3.758690727408975E-004,
2.490533333333334E+009,4.468932165764272E-004,4.018372856080532E-004,3.284781123511493E-004,4.438883624970913E-004,
2.490566666666667E+009,4.140331002417952E-004,3.427773772273213E-004,3.807150351349264E-004,4.915698082186282E-004,
2.490600000000000E+009,4.694243834819645E-004,3.992890415247530E-004,3.877641865983605E-004,5.510654300451279E-004,
2.490633333333334E+009,4.162665572948754E-004,4.143997502978891E-004,3.640857758000493E-004,2.712831483222544E-004,
2.490666666666667E+009,4.340294981375337E-004,4.957810742780566E-004,3.628861450124532E-004,4.255271633155644E-004,
2.490700000000000E+009,3.363918804097921E-004,4.709259374067187E-004,5.182975437492132E-004,2.938343386631459E-004,
2.490733333333334E+009,3.528084780555219E-004,4.428007814567536E-004,4.125140840187669E-004,4.426510713528842E-004,
2.490766666666667E+009,4.440023330971599E-004,3.899517469108105E-004,3.501364262774587E-004,3.195396857336164E-004,
2.490800000000000E+009,3.974198771174997E-004,4.852543352171779E-004,4.717406118288636E-004,4.095160693395883E-004,
2.490833333333334E+009,4.101139784324914E-004,4.954579053446651E-004,3.804941370617598E-004,4.867564130108804E-004,
2.490866666666667E+009,3.263881371822208E-004,3.661868686322123E-004,4.085536056663841E-004,4.042157088406384E-004,
2.490900000000000E+009,4.938606871291995E-004,4.986954736523330E-004,4.730993823613972E-004,4.303888999857009E-004,
2.490933333333334E+009,4.959400976076722E-004,4.545213887467980E-004,4.146998981013894E-004,4.036125610582531E-004,
2.490966666666667E+009,4.671167698688805E-004,3.821221180260181E-004,4.343404725659639E-004,4.857939202338457E-004,
2.491000000000000E+009,4.497095651458949E-004,3.928641672246158E-004,4.402669728733599E-004,3.683925315272063E-004,
2.491033333333334E+009,5.099574918858707E-004,4.961785743944347E-004,5.372840096242726E-004,5.626078927889466E-004,
2.491066666666667E+009,5.959480768069625E-004,4.486727702897042E-004,6.066950736567378E-004,3.990623808931559E-004,
2.491100000000000E+009,4.203734279144555E-004,3.640936629381031E-004,5.494888173416257E-004,3.461436135694385E-004,
2.491133333333334E+009,4.478744813241065E-004,5.226467619650066E-004,3.863740421365947E-004,3.520539903547615E-004,
2.491166666666667E+009,3.926649224013090E-004,4.044011584483087E-004,6.080266903154552E-004,3.480177838355303E-004,
2.491200000000000E+009,6.865438772365451E-004,2.695903240237385E-004,5.264536011964083E-004,4.064538516104221E-004,
2.491233333333334E+009,6.338586681522429E-004,4.417652962729335E-004,5.644129123538733E-004,5.052347551099956E-004,
2.491266666666667E+009,5.436691571958363E-004,3.432369267102331E-004,5.230930401012301E-004,2.788337878882885E-004,
2.491300000000000E+009,5.621769232675433E-004,2.703088393900544E-004,4.691125941462815E-004,3.752104530576617E-004,
2.491333333333334E+009,6.307446747086942E-004,4.347003123257309E-004,5.655800923705101E-004,2.349090209463611E-004,
2.491366666666667E+009,5.476403166539967E-004,3.338078386150301E-004,4.574623017106205E-004,3.118059830740094E-004,
2.491400000000000E+009,5.057256785221398E-004,3.574458241928369E-004,5.547866458073258E-004,3.666099510155618E-004,
2.491433333333334E+009,4.914624150842428E-004,3.900825686287135E-004,5.899545503780246E-004,3.632602165453136E-004,
2.491466666666667E+009,6.824596202932298E-004,3.855063405353576E-004,5.399182555265725E-004,2.266301453346387E-004,
2.491500000000000E+009,5.740042543038726E-004,2.649535890668631E-004,6.084888009354472E-004,2.160819713026285E-004,
2.491533333333334E+009,5.789825227111578E-004,3.808946057688445E-004,5.694674327969551E-004,3.373504441697151E-004,
2.491566666666667E+009,6.756132352165878E-004,3.145266673527658E-004,6.807346362620592E-004,3.962210612371564E-004,
2.491600000000000E+009,4.400482575874776E-004,4.277120460756123E-004,5.948915495537221E-004,3.441073058638722E-004,
2.491633333333334E+009,6.088921800255776E-004,3.486734058242291E-004,5.825372645631433E-004,3.542235644999892E-004,
2.491666666666667E+009,6.897107232362032E-004,5.232534604147077E-004,6.477143033407629E-004,3.670005535241216E-004,
2.491700000000000E+009,7.891492568887770E-004,4.625321307685226E-004,5.799246719107032E-004,4.073416348546743E-004,
2.491733333333334E+009,5.547826876863837E-004,3.791268973145634E-004,6.209418643265963E-004,4.155744682066143E-004,
2.491766666666667E+009,6.273534963838756E-004,1.896583125926554E-004,6.552426493726671E-004,4.368185182102025E-004,
2.491800000000000E+009,5.014982307329774E-004,4.061639774590731E-004,6.451024091802537E-004,4.377402947284281E-004,
2.491833333333334E+009,4.761942254845053E-004,4.288101627025753E-004,6.043105386197567E-004,3.752833581529558E-004,
2.491866666666667E+009,6.803398719057441E-004,4.179532115813345E-004,4.599145904649049E-004,3.201752842869610E-004,
2.491900000000000E+009,3.926439967472106E-004,4.076355544384569E-004,6.998379249125719E-004,2.947158645838499E-004,
2.491933333333334E+009,5.952973151579499E-004,4.046534304507077E-004,3.791440394707024E-004,3.951106918975711E-004,
2.491966666666667E+009,7.463973015546799E-004,3.333250642754138E-004,6.294244667515159E-004,3.257179050706327E-004,
2.492000000000000E+009,5.234897835180163E-004,4.440687189344317E-004,6.739175878465176E-004,5.060706753283739E-004,
2.492033333333334E+009,5.784988170489669E-004,4.084504907950759E-004,6.710201269015670E-004,2.947807079181075E-004,
2.492066666666667E+009,6.482927710749209E-004,2.470932377036661E-004,5.873120971955359E-004,4.038062179461122E-004,
2.492100000000000E+009,6.552734412252903E-004,3.004130558110774E-004,7.174047641456127E-004,3.920359304174781E-004,
2.492133333333334E+009,5.470469477586448E-004,4.600176471285522E-004,6.188927800394595E-004,4.639773978851736E-004,
2.492166666666667E+009,4.929940332658589E-004,3.130274417344481E-004,6.228429847396910E-004,4.183412820566446E-004,
2.492200000000000E+009,6.687633576802909E-004,3.377695684321225E-004,5.693717394024134E-004,3.538173914421350E-004,
2.492233333333334E+009,5.873668123967946E-004,3.794246586039662E-004,5.115796229802072E-004,3.358778485562652E-004,
2.492266666666667E+009,6.304047419689596E-004,2.327648398932070E-004,6.214613677002490E-004,3.725751012098044E-004,
2.492300000000000E+009,6.659780046902597E-004,3.578027826733887E-004,5.739337648265064E-004,4.153696645516902E-004,
2.492333333333334E+009,4.791959945578128E-004,3.739011881407350E-004,6.217027548700571E-004,4.075396282132715E-004,
2.492366666666667E+009,4.752115637529641E-004,3.199239145033062E-004,5.729141994379461E-004,3.442656598053873E-004,
2.492400000000000E+009,6.364043219946325E-004,3.896368434652686E-004,4.132751782890409E-004,3.426012408453971E-004,
2.492433333333334E+009,6.109829992055893E-004,2.543378213886172E-004,6.240739603526890E-004,3.380818816367537E-004,
2.492466666666667E+009,5.855243070982397E-004,3.053844266105443E-004,6.454895483329892E-004,3.334967477712780E-004,
2.492500000000000E+009,5.863059777766466E-004,3.572011773940176E-004,6.578478496521711E-004,3.169371630065143E-004,
2.492533333333334E+009,6.881096633151174E-004,2.588327042758465E-004,6.279045483097434E-004,4.597463412210345E-004,
2.492566666666667E+009,5.805170512758195E-004,2.631869283504784E-004,6.296992069110274E-004,4.524852847680450E-004,
2.492600000000000E+009,5.449144518934190E-004,2.768804552033544E-004,5.832102615386248E-004,2.971615758724511E-004,
2.492633333333334E+009,6.071651587262750E-004,2.668859669938684E-004,5.961855640634894E-004,3.643933450803161E-004,
2.492666666666667E+009,6.013821111992002E-004,3.977954038418829E-004,5.931905470788479E-004,3.307007136754692E-004,
2.492700000000000E+009,6.844594026915729E-004,2.727533574216068E-004,5.955112865194678E-004,4.297027771826834E-004,
2.492733333333334E+009,7.151467143557966E-004,4.659896949306130E-004,5.453329649753869E-004,3.353014471940696E-004,
2.492766666666667E+009,7.130291196517646E-004,3.357255191076547E-004,7.071115542203188E-004,4.417166055645794E-004,
2.492800000000000E+009,7.676712120883167E-004,1.784088526619598E-004,6.183008081279695E-004,2.628733927849680E-004,
2.492833333333334E+009,7.063114899210632E-004,2.138136042049155E-004,6.674679461866617E-004,3.589019179344177E-004,
2.492866666666667E+009,5.362454103305936E-004,3.556796873454005E-004,6.256031920202076E-004,2.688796957954764E-004,
2.492900000000000E+009,6.282551912590861E-004,3.242726961616427E-004,6.275686901062727E-004,4.075305187143385E-004,
2.492933333333334E+009,6.356162484735251E-004,2.956271928269416E-004,7.739865104667842E-004,3.048241487704217E-004,
2.492966666666667E+009,5.901805125176907E-004,2.536918618716300E-004,7.794069824740291E-004,1.980671659111977E-004,
2.493000000000000E+009,6.709886947646737E-004,2.895846846513450E-004,7.983208051882684E-004,3.525338252075017E-004,
2.493033333333334E+009,6.909635267220438E-004,9.842254803515971E-005,6.269079167395830E-004,2.454691275488585E-004,
2.493066666666667E+009,6.075599230825901E-004,2.847863361239433E-004,6.950798560865223E-004,2.670374233275652E-004,
2.493100000000000E+009,7.429243996739388E-004,1.499165082350373E-004,6.305899005383253E-004,2.947866159956902E-004,
2.493133333333334E+009,7.491470896638930E-004,1.681850262684748E-004,6.844564923085272E-004,1.508176355855539E-004,
2.493166666666667E+009,6.888801581226289E-004,2.351777948206291E-004,6.957464502193034E-004,1.975771301658824E-004,
2.493200000000000E+009,7.443298818543553E-004,1.431858545402065E-004,6.326058064587414E-004,2.038712555076927E-004,
2.493233333333334E+009,6.629058625549078E-004,2.553137892391533E-004,7.802278269082308E-004,3.304261481389403E-004,
2.493266666666667E+009,5.959643167443574E-004,1.269832864636555E-004,6.936574354767799E-004,3.044629993382841E-004,
2.493300000000000E+009,7.804120541550219E-004,1.853019930422306E-004,6.600393680855632E-004,2.644984051585197E-004,
2.493333333333334E+009,7.371301762759686E-004,2.722748904488981E-004,6.612755823880434E-004,3.194950113538653E-004,
2.493366666666667E+009,6.852582446299493E-004,2.622748434077948E-004,7.193961646407843E-004,2.900738618336618E-004,
2.493400000000000E+009,6.552838021889329E-004,3.685199189931154E-004,6.748923333361745E-004,4.018383333459497E-004,
2.493433333333334E+009,6.343958666548133E-004,3.804329026024789E-004,7.553427712991834E-004,2.976609393954277E-004,
2.493466666666667E+009,8.112851646728814E-004,2.326936228200793E-004,6.943043554201722E-004,2.948668843600899E-004,
2.493500000000000E+009,7.902441429905593E-004,2.116865507559851E-004,5.943932919763029E-004,2.042760606855154E-004,
2.493533333333334E+009,6.402130820788443E-004,3.985717485193163E-004,7.635112851858139E-004,2.332145231775940E-004,
2.493566666666667E+009,7.612801273353398E-004,3.465065092314035E-004,5.858581280335784E-004,2.789176942314953E-004,
2.493600000000000E+009,7.074505556374788E-004,3.182099317200482E-004,7.080794894136488E-004,2.558871055953205E-004,
2.493633333333334E+009,7.058034534566104E-004,2.197842404711992E-004,6.249747239053249E-004,3.089405072387308E-004,
2.493666666666667E+009,7.373933331109583E-004,3.373473009560257E-004,6.783106946386397E-004,1.912861189339310E-004,
2.493700000000000E+009,5.643026088364422E-004,2.189309452660382E-004,6.795073277316988E-004,3.947870281990618E-004,
2.493733333333334E+009,7.085868273861706E-004,2.206928038503975E-004,7.091766456142068E-004,2.042671840172261E-004,
2.493766666666667E+009,7.121073431335390E-004,4.429236869327724E-004,7.330937660299242E-004,4.069276910740882E-004,
2.493800000000000E+009,5.914812209084630E-004,2.378042991040275E-004,7.428048993460834E-004,2.203591138822958E-004,
2.493833333333334E+009,7.135666091926396E-004,3.773377975448966E-004,6.616829778067768E-004,3.131701378151774E-004,
2.493866666666667E+009,6.343664717860520E-004,2.475056098774076E-004,6.385161541402340E-004,2.105480380123481E-004,
2.493900000000000E+009,7.316832197830081E-004,2.729089173953980E-004,6.968642701394856E-004,3.787641180679202E-004,
2.493933333333334E+009,6.699102232232690E-004,1.458284386899322E-004,7.118562352843583E-004,3.153214347548783E-004,
2.493966666666667E+009,5.675102001987398E-004,3.306609287392348E-004,7.742519374005497E-004,2.727850514929742E-004,
2.494000000000000E+009,7.185997674241662E-004,2.198987349402160E-004,7.978036301210523E-004,3.427081101108342E-004,
2.494033333333334E+009,6.248728022910655E-004,4.289571370463818E-004,7.343967445194721E-004,2.747680991888046E-004,
2.494066666666667E+009,7.314383401535451E-004,1.994001213461161E-004,6.585092050954700E-004,2.214124106103554E-004,
2.494100000000000E+009,6.798931863158941E-004,2.990408975165337E-004,7.333166431635618E-004,3.602916549425572E-004,
2.494133333333334E+009,7.405875949189067E-004,3.471903328318149E-004,6.513356347568333E-004,3.179503255523741E-004,
2.494166666666667E+009,6.922276224941015E-004,2.188739017583430E-004,7.374574197456241E-004,3.579285112209618E-004,
2.494200000000000E+009,5.598319112323225E-004,1.211057460750453E-004,6.982189370319247E-004,4.113043542020023E-004,
2.494233333333334E+009,7.463044603355229E-004,2.563890884630382E-004,8.255764259956777E-004,3.438940912019461E-004,
2.494266666666667E+009,7.985969423316419E-004,2.619213773868978E-004,7.115261396393180E-004,1.965990959433839E-004,
2.494300000000000E+009,6.935745477676392E-004,1.890674757305533E-004,5.854854825884104E-004,2.775889297481626E-004,
2.494333333333334E+009,7.262501167133451E-004,1.884464873000979E-004,7.014664006419480E-004,2.044246066361666E-004,
2.494366666666667E+009,7.285546162165701E-004,2.518115798011422E-004,6.750762695446611E-004,3.429969365242869E-004,
2.494400000000000E+009,8.440365782007575E-004,2.952531503979117E-004,6.637927144765854E-004,2.213998086517677E-004,
2.494433333333334E+009,6.853360682725906E-004,1.895114401122555E-004,9.172193240374327E-004,1.278453710256144E-004,
2.494466666666667E+009,8.224439225159586E-004,1.623194984858856E-004,6.968795787543058E-004,1.842610799940303E-004,
2.494500000000000E+009,7.237800164148212E-004,3.781236955546774E-005,7.156931678764522E-004,1.536658091936261E-004,
2.494533333333334E+009,6.739760283380747E-004,9.975991270039231E-005,7.811660761944950E-004,8.336352766491473E-005,
2.494566666666667E+009,7.630269974470139E-004,2.208166988566518E-004,6.140756304375827E-004,1.897584297694266E-004,
2.494600000000000E+009,7.123534451238811E-004,1.617403759155422E-004,7.067321566864848E-004,4.075679680681787E-005,
2.494633333333334E+009,7.856188458390534E-004,1.762630417943001E-004,7.916245376691222E-004,3.953336999984458E-005,
2.494666666666667E+009,7.975069456733763E-004,1.291024382226169E-004,7.169738528318703E-004,1.372627157252282E-004,
2.494700000000000E+009,6.963791674934328E-004,2.180576993850991E-004,7.636093650944531E-004,1.060196154867299E-004,
2.494733333333334E+009,8.976911194622517E-004,1.998699008254334E-004,7.520996150560677E-004,7.933768210932612E-005,
2.494766666666667E+009,9.141541668213904E-004,4.598738087224774E-005,7.735163089819253E-004,8.855915075400844E-005,
2.494800000000000E+009,7.795158307999373E-004,2.671163820195943E-004,8.595974068157375E-004,1.525790576124564E-004,
2.494833333333334E+009,7.197297527454794E-004,3.430340730119497E-004,8.453815244138241E-004,1.759011065587401E-004,
2.494866666666667E+009,7.786115165799856E-004,1.093468890758231E-004,7.524434477090836E-004,2.798031491693109E-004,
2.494900000000000E+009,6.336249643936753E-004,1.142260734923184E-004,7.127842400223017E-004,2.048794121947140E-004,
2.494933333333334E+009,7.981433300301433E-004,1.548113505123183E-004,6.840371643193066E-004,1.378050365019590E-004,
2.494966666666667E+009,9.314235649071634E-004,2.611549571156502E-004,7.562436512671411E-004,1.771978713804856E-004,
2.495000000000000E+009,7.862152415327728E-004,2.365578257013112E-004,7.593759801238775E-004,1.271170767722651E-004,
2.495033333333334E+009,8.911826298572123E-004,2.699999313335866E-004,8.213125402107835E-004,1.519216166343540E-004,
2.495066666666667E+009,8.309928234666586E-004,5.594827962340787E-005,7.581369718536735E-004,1.695028331596404E-004,
2.495100000000000E+009,8.994810632430017E-004,3.175880119670183E-004,8.689149981364608E-004,2.297951141372323E-004,
2.495133333333334E+009,7.683411822654307E-004,2.842316462192684E-004,9.038405842147768E-004,1.883236545836553E-004,
2.495166666666667E+009,7.823834312148392E-004,2.817130880430341E-004,7.957246853038669E-004,1.142672335845418E-004,
2.495200000000000E+009,7.555499905720353E-004,2.415700000710785E-004,7.827020017430186E-004,1.721428998280317E-004,
2.495233333333334E+009,9.121818002313376E-004,1.785190543159843E-004,7.230151677504182E-004,2.727118844632059E-004,
2.495266666666667E+009,7.678019464947283E-004,2.225809585070238E-004,8.473197231069207E-004,1.774113625288010E-004,
2.495300000000000E+009,7.840400794520974E-004,1.781585597200319E-004,7.197378436103463E-004,2.873014018405229E-004,
2.495333333333334E+009,7.804647320881486E-004,1.464964152546600E-004,7.904468220658600E-004,2.535657840780914E-004,
2.495366666666667E+009,9.419644484296441E-004,2.514490333851427E-004,7.328821811825037E-004,1.107886128011160E-004,
2.495400000000000E+009,7.523191743530333E-004,5.557379699894227E-005,7.407903904095292E-004,1.607220328878611E-004,
2.495433333333334E+009,7.940125651657581E-004,1.713107194518670E-004,7.615775102749467E-004,2.425848942948505E-004,
2.495466666666667E+009,7.000514306128025E-004,2.940391423180699E-004,8.543858421035111E-004,2.119370328728110E-004,
2.495500000000000E+009,7.509911083616316E-004,2.393894392298535E-004,8.523615542799234E-004,1.508767163613811E-004,
2.495533333333334E+009,7.175519131124020E-004,2.590109652373940E-004,8.449194137938321E-004,1.531751040602103E-004,
2.495566666666667E+009,7.722551235929132E-004,2.243598573841155E-004,8.662543259561062E-004,1.539950753794983E-004,
2.495600000000000E+009,8.986050961539149E-004,1.606177684152499E-004,9.622191428206861E-004,1.984865812119097E-004,
2.495633333333334E+009,8.201067685149610E-004,1.469770795665681E-004,8.903200505301356E-004,2.340280771022663E-004,
2.495666666666667E+009,8.311188430525363E-004,1.810760295484215E-004,8.192668319679797E-004,1.999442465603352E-004,
2.495700000000000E+009,9.033441310748458E-004,8.764080848777667E-005,9.711630991660059E-004,2.394244656898081E-004,
2.495733333333334E+009,8.427238208241761E-004,1.583593402756378E-004,9.436450200155377E-004,2.377328055445105E-004,
2.495766666666667E+009,7.286731270141900E-004,-9.610971028450877E-005,6.648897542618215E-004,2.350051363464445E-004,
2.495800000000000E+009,8.341579814441502E-004,2.117395197274163E-004,7.321567973122001E-004,3.114763821940869E-004,
2.495833333333334E+009,8.579281275160611E-004,1.045006647473201E-004,8.465007995255292E-004,1.545498380437493E-004,
2.495866666666667E+009,8.265620563179255E-004,2.715763694141060E-004,9.168332326225936E-004,2.416870993329212E-004,
2.495900000000000E+009,8.762016659602523E-004,5.897141454624943E-005,8.856372442096472E-004,1.417483872501180E-004,
2.495933333333334E+009,9.887622436508536E-004,1.973960315808654E-004,8.821926894597709E-004,8.565010648453608E-005,
2.495966666666667E+009,8.064151043072343E-004,7.904867379693314E-005,8.602135931141675E-004,8.708915265742689E-005,
2.496000000000000E+009,8.257339941337705E-004,1.371567777823657E-004,8.832344319671392E-004,-1.312202130065998E-005,
2.496033333333334E+009,8.112806826829910E-004,-1.138575389632024E-004,9.000314166769385E-004,7.186324364738539E-005,
2.496066666666667E+009,8.632362587377429E-004,1.216177843161859E-004,8.692119154147804E-004,7.243014988489449E-005,
2.496100000000000E+009,8.199124131351709E-004,1.857135248428676E-005,8.336629252880812E-004,1.048791455104947E-004,
2.496133333333334E+009,8.546257158741355E-004,-1.069743484549690E-005,8.933441131375730E-004,9.557671000948176E-005,
2.496166666666667E+009,9.156333399005234E-004,5.694852006854489E-006,9.044563630595803E-004,-2.218663212261163E-005,
2.496200000000000E+009,7.426229421980679E-004,-4.243303555995226E-005,8.511277264915407E-004,-6.015528924763203E-005,
2.496233333333334E+009,8.014102932065725E-004,1.398005697410554E-004,8.793054148554802E-004,4.718335185316391E-005,
2.496266666666667E+009,8.359575876966119E-004,7.301803270820528E-005,8.829302387312055E-004,6.156265590107068E-005,
2.496300000000000E+009,8.985162130557001E-004,1.414756025042152E-005,9.209979907609522E-004,3.439312058617361E-005,
2.496333333333334E+009,9.429075289517641E-004,4.118796277907677E-005,9.538424783386290E-004,4.071557850693353E-005,
2.496366666666667E+009,8.698738529346883E-004,-1.341794086329173E-005,8.975020609796047E-004,1.086192060029134E-004,
2.496400000000000E+009,8.883869159035385E-004,1.044057571562007E-004,1.056033652275801E-003,-2.853505066013895E-005,
2.496433333333334E+009,7.854032446630299E-004,8.195888949558139E-005,8.400379447266460E-004,-8.271194928965997E-006,
2.496466666666667E+009,1.007297309115529E-003,4.285142495064065E-005,9.205029928125441E-004,4.480378629523329E-005,
2.496500000000000E+009,9.406220051459968E-004,3.265572013333440E-005,7.999996887519956E-004,2.470145227562171E-005,
2.496533333333334E+009,8.464320562779903E-004,-7.113616220522090E-007,9.096620487980545E-004,2.332473377464339E-004,
2.496566666666667E+009,1.025057281367481E-003,6.946850771782920E-005,9.017288684844971E-004,7.011792331468314E-005,
2.496600000000000E+009,1.073488849215210E-003,5.213943222770467E-005,8.952015778049827E-004,6.875533290440217E-005,
2.496633333333334E+009,9.428388439118862E-004,1.052258012350649E-004,9.269639267586172E-004,5.175307160243392E-005,
2.496666666666667E+009,7.943889359012246E-004,-4.808246012544259E-005,8.826978737488389E-004,5.778176637249999E-005,
2.496700000000000E+009,9.246128029190004E-004,2.036019577644765E-005,1.002131146378815E-003,5.958972542430274E-005,
2.496733333333334E+009,8.825042168609798E-004,3.502337494865060E-005,8.862069225870073E-004,1.932830491568893E-005,
2.496766666666667E+009,9.879452409222722E-004,4.605010326486081E-005,8.998324628919363E-004,-1.136452647187980E-005,
2.496800000000000E+009,1.025620731525123E-003,1.414680154994130E-004,1.038318965584040E-003,2.940417289210018E-005,
2.496833333333334E+009,1.010298961773515E-003,1.533907488919795E-004,9.570632246322930E-004,1.231243222719058E-004,
2.496866666666667E+009,9.109607199206948E-004,-6.165719696582528E-006,1.083244103938341E-003,-7.153581100283191E-005,
2.496900000000000E+009,1.019712071865797E-003,1.046529432642274E-004,8.496451773680747E-004,9.730596502777189E-006,
2.496933333333334E+009,8.762751822359860E-004,-1.113799771701451E-005,9.646062389947474E-004,1.162032094725873E-005,
2.496966666666667E+009,1.005002413876355E-003,2.394514694969985E-006,1.043461030349135E-003,1.757595055096317E-005,
2.497000000000000E+009,9.264762629754841E-004,2.299301013408694E-005,9.579932084307075E-004,8.040639659157023E-005,
2.497033333333334E+009,1.094212173484266E-003,3.873628429573728E-006,9.074095287360251E-004,1.069776553777047E-004,
2.497066666666667E+009,9.854820091277361E-004,6.836894317530096E-005,1.087754848413169E-003,5.899138341192156E-005,
2.497100000000000E+009,9.474180405959487E-004,2.294826299475972E-005,9.916234994307160E-004,1.283710007555783E-004,
2.497133333333334E+009,1.053314539603889E-003,9.886935731628910E-005,9.314842172898352E-004,1.373893755953759E-004,
2.497166666666667E+009,9.035789407789707E-004,7.232597999973223E-005,9.653486195020378E-004,7.811204704921693E-005,
2.497200000000000E+009,7.851699483580887E-004,3.067297438974492E-005,8.825247059576213E-004,-1.948478311533108E-004,
2.497233333333334E+009,8.473689085803926E-004,4.912502845400013E-005,9.014321840368211E-004,-1.208471985592041E-005,
2.497266666666667E+009,8.827252313494682E-004,-2.939193109341431E-005,9.924342157319188E-004,-8.496287773596123E-005,
2.497300000000000E+009,9.837907273322344E-004,1.273264933843166E-004,8.734411094337702E-004,-2.288562245666981E-005,
2.497333333333334E+009,9.601197089068592E-004,-5.575321847572923E-005,9.053950197994709E-004,-6.778820534236729E-005,
2.497366666666667E+009,9.629820706322789E-004,-8.716324373381212E-005,1.080273767001927E-003,5.823653555125929E-005,
2.497400000000000E+009,9.599744807928801E-004,-3.439862484810874E-005,9.156569140031934E-004,8.708445966476575E-005,
2.497433333333334E+009,9.941498283296824E-004,-1.146316790254787E-004,1.028984901495278E-003,6.048945579095744E-006,
2.497466666666667E+009,8.865094278007746E-004,4.166910730418749E-005,9.538984159007669E-004,-1.491141447331756E-004,
2.497500000000000E+009,9.250040166079998E-004,-1.954003382707015E-004,9.734538034535945E-004,-6.318796658888459E-005,
2.497533333333334E+009,9.217399638146162E-004,-2.118483098456636E-005,1.047742436639965E-003,-4.419424840307329E-006,
2.497566666666667E+009,9.215797763317823E-004,1.131607496063225E-005,9.652947774156928E-004,-1.641065609874204E-004,
2.497600000000000E+009,8.755626622587442E-004,-1.804092898964882E-004,1.087249838747084E-003,-1.785361673682928E-004,
2.497633333333334E+009,8.799911593087018E-004,-9.960959141608328E-005,8.625022601336241E-004,-6.966020009713247E-005,
2.497666666666667E+009,9.346833685413003E-004,-1.169234019471332E-004,9.472179808653891E-004,-1.942024100571871E-004,
2.497700000000000E+009,8.877908112481237E-004,-1.218189645442180E-004,1.035269931890070E-003,-2.536416868679225E-004,
2.497733333333334E+009,8.454371709376574E-004,-1.693958183750510E-004,9.326353901997209E-004,-8.693442941876128E-005,
2.497766666666667E+009,9.763868292793632E-004,-1.105793417082168E-004,8.162560407072306E-004,-1.873862784123048E-004,
2.497800000000000E+009,9.751594625413418E-004,-7.066843681968749E-005,9.589136461727321E-004,-2.132911031367257E-004,
2.497833333333334E+009,1.028599916025996E-003,-1.376416475977749E-004,9.154682047665119E-004,-2.476769150234759E-004,
2.497866666666667E+009,1.043069176375866E-003,-1.462246436858550E-004,1.034381799399853E-003,-1.394505816278979E-004,
2.497900000000000E+009,1.055082539096475E-003,-4.611498661688529E-005,9.085274068638682E-004,-1.587118167662993E-004,
2.497933333333334E+009,9.263796964660287E-004,-1.801124162739143E-004,8.890317985787988E-004,-1.862365897977725E-004,
2.497966666666667E+009,1.018026028759778E-003,-2.083133877022192E-004,9.825479937717319E-004,-2.420511591481045E-004,
2.498000000000000E+009,1.003903569653630E-003,-1.681697176536545E-004,1.049675280228257E-003,-2.289588155690581E-004,
2.498033333333334E+009,8.329310803674161E-004,-1.943534007295966E-004,9.817610261961818E-004,-2.118424454238266E-004,
2.498066666666667E+009,8.680000901222229E-004,-2.293143334100023E-004,1.077646971680224E-003,-8.800007344689220E-005,
2.498100000000000E+009,8.612002711743116E-004,-1.519230718258768E-004,1.050313352607191E-003,3.698180444189347E-005,
2.498133333333334E+009,9.173314902000129E-004,-1.939293724717572E-004,1.008253544569016E-003,-1.882459328044206E-004,
2.498166666666667E+009,1.016592956148088E-003,-2.039614919340238E-004,1.054471242241561E-003,-2.318725746590644E-004,
2.498200000000000E+009,1.000641146674752E-003,-1.317616843152791E-004,9.441201109439135E-004,-1.919466740218923E-004,
2.498233333333334E+009,9.811103809624910E-004,-1.797585719032213E-004,9.979916503652930E-004,-1.525542174931616E-004,
2.498266666666667E+009,9.463903843425214E-004,-8.732829883228988E-005,9.146009688265622E-004,-2.522778231650591E-004,
2.498300000000000E+009,9.537977166473866E-004,-2.680522084119730E-005,9.701449307613075E-004,-1.064098760252819E-004,
2.498333333333334E+009,9.172835270874202E-004,-1.894188899314031E-004,1.096532098017633E-003,-1.907856640173122E-004,
2.498366666666667E+009,1.139949192292988E-003,-1.237554679391906E-004,1.123639522120357E-003,-1.969033037312329E-004,
2.498400000000000E+009,9.475465631112456E-004,-1.734519173623994E-004,1.064732787199318E-003,-5.098289329907857E-005,
2.498433333333334E+009,9.932677494361997E-004,-1.217905519297347E-004,1.081542344763875E-003,-1.794349955162033E-004,
2.498466666666667E+009,9.946759091690183E-004,-2.433166082482785E-004,1.027365797199309E-003,-1.187882589874789E-004,
2.498500000000000E+009,1.021670526824892E-003,-1.253702939720824E-004,1.093493192456663E-003,-5.955142842140049E-005,
2.498533333333334E+009,1.055474509485066E-003,-1.189500908367336E-004,1.157189719378948E-003,-1.733811950543895E-004,
2.498566666666667E+009,9.904329199343920E-004,-2.421692333882675E-004,9.514432167634368E-004,-1.304935140069574E-004,
2.498600000000000E+009,1.091532409191132E-003,-2.728994004428387E-004,1.091812853701413E-003,-3.094682761002332E-004,
2.498633333333334E+009,1.121919951401651E-003,-2.021852415055037E-004,9.903189493343234E-004,-1.436024904251099E-004,
2.498666666666667E+009,9.809047915041447E-004,-2.329454146092758E-004,8.956122910603881E-004,-1.215007796417922E-004,
2.498700000000000E+009,1.149113522842526E-003,-1.214647563756444E-004,9.541762992739677E-004,-3.239010111428797E-004,
2.498733333333334E+009,1.048277365043759E-003,-1.768256042851135E-004,1.249366439878941E-003,-3.589816333260387E-004,
2.498766666666667E+009,1.079867011867464E-003,-1.533827889943495E-004,1.088281162083149E-003,-2.119239943567663E-004,
2.498800000000000E+009,1.098484965041280E-003,-1.191001210827380E-004,9.415989043191075E-004,-2.668562228791416E-004,
2.498833333333334E+009,9.927357314154506E-004,-2.767509722616524E-004,1.049030805006623E-003,-3.308551677037031E-004,
2.498866666666667E+009,9.685012628324330E-004,-3.071821120101959E-004,1.025818288326263E-003,-1.560705859446898E-004,
2.498900000000000E+009,8.607652271166444E-004,-2.745482488535345E-004,9.346369188278914E-004,-1.968603173736483E-004,
2.498933333333334E+009,1.196751720272005E-003,-3.145290538668633E-004,1.066589960828424E-003,-2.324021479580551E-004,
2.498966666666667E+009,1.063446747139096E-003,-2.576127299107611E-004,1.097826287150383E-003,-2.745298261288554E-004,
2.499000000000000E+009,9.840945713222027E-004,-3.439032298047096E-004,1.002060715109110E-003,-2.936276432592422E-004,
2.499033333333334E+009,9.506392525509000E-004,-3.098041343037039E-004,1.037003123201430E-003,-3.785448498092592E-004,
2.499066666666667E+009,1.082835602574050E-003,-4.074795579072088E-004,9.639075142331421E-004,-3.097488661296666E-004,
2.499100000000000E+009,1.002341858111322E-003,-3.980812034569681E-004,1.040583825670183E-003,-3.112184058409184E-004,
2.499133333333334E+009,1.003256882540882E-003,-1.924987736856565E-004,1.133512239903212E-003,-2.553731319494546E-004,
2.499166666666667E+009,1.195222022943199E-003,-4.094119940418750E-004,9.882140439003706E-004,-3.423971938900650E-004,
2.499200000000000E+009,1.045869896188378E-003,-3.641057701315731E-004,9.729785961098969E-004,-3.059627779293805E-004,
2.499233333333334E+009,1.029784558340907E-003,-3.768007445614785E-004,9.502814500592649E-004,-4.143090336583555E-004,
2.499266666666667E+009,1.049237558618188E-003,-3.520056197885424E-004,8.692648261785507E-004,-3.520601603668183E-004,
2.499300000000000E+009,1.048573642037809E-003,-3.613024309743196E-004,1.118383603170514E-003,-2.381308004260063E-004,
2.499333333333334E+009,1.033299951814115E-003,-2.968222252093256E-004,8.943015709519386E-004,-4.167462466284633E-004,
2.499366666666667E+009,8.172244997695088E-004,-4.458565672393888E-004,7.795366691425443E-004,-3.874942776747048E-004,
2.499400000000000E+009,9.283680701628327E-004,-3.630449646152556E-004,1.044576521962881E-003,-3.900587616953999E-004,
2.499433333333334E+009,1.039086026139557E-003,-4.919190541841090E-004,9.755178471095860E-004,-4.008176911156625E-004,
2.499466666666667E+009,9.845056338235736E-004,-2.194762782892212E-004,9.947221260517836E-004,-3.535328432917595E-004,
2.499500000000000E+009,9.193671285174787E-004,-2.579431748017669E-004,1.099719083867967E-003,-3.218589990865439E-004,
2.499533333333334E+009,8.882773690856993E-004,-4.559312947094441E-004,1.006647245958448E-003,-3.907671198248863E-004,
2.499566666666667E+009,1.083523966372013E-003,-4.792258259840310E-004,9.716225322335959E-004,-3.012504021171480E-004,
2.499600000000000E+009,9.943709010258317E-004,-4.485283570829779E-004,9.026213083416224E-004,-4.520877846516669E-004,
2.499633333333334E+009,8.320700726471841E-004,-4.288614727556706E-004,9.760730899870396E-004,-5.055030924268067E-004,
2.499666666666667E+009,1.023732009343803E-003,-3.866259357891977E-004,1.045711920596659E-003,-3.626278194133192E-004,
2.499700000000000E+009,1.016275025904179E-003,-3.960783651564270E-004,1.043253228999674E-003,-3.622256626840681E-004,
2.499733333333334E+009,9.662989177741110E-004,-3.435553517192602E-004,9.697275236248970E-004,-3.490655217319727E-004,
2.499766666666667E+009,1.012142864055932E-003,-4.244337033014745E-004,1.016890630126000E-003,-4.710199718829244E-004,
2.499800000000000E+009,9.939251467585564E-004,-4.214043729007244E-004,9.457120322622359E-004,-3.916611894965172E-004,
2.499833333333334E+009,1.176205230876803E-003,-3.865600738208741E-004,9.690716397017241E-004,-3.540099714882672E-004,
2.499866666666667E+009,1.019348390400410E-003,-3.703683323692530E-004,9.334157221019268E-004,-4.072905576322228E-004,
2.499900000000000E+009,1.019532210193574E-003,-4.328797222115099E-004,9.846417233347893E-004,-3.327214799355716E-004,
2.499933333333334E+009,1.102845650166273E-003,-2.772696607280523E-004,8.858790388330817E-004,-4.338604048825800E-004,
2.499966666666667E+009,1.060658833011985E-003,-4.736403643619269E-004,9.836949175223708E-004,-4.204138822387904E-004,
2.500000000000000E+009,9.646174730733037E-004,-4.685982712544501E-004,9.404335287399590E-004,-3.794638323597610E-004,
