% Version 1.00
%
%freq[Hz];re:Trc1_S21;im:Trc1_S21;re:Trc2_S12;im:Trc2_S12;
2.480000000000000E+009,2.919358666986227E-004,-1.494943862780929E-004,9.172719728667289E-005,-1.675415987847373E-004,
2.480033333333334E+009,2.578235871624202E-004,-1.142950059147552E-004,1.833669230109081E-004,-1.433575816918165E-004,
2.480066666666667E+009,2.514805819373578E-004,-2.665770880412310E-004,3.888357314281166E-004,-2.692134294193238E-004,
2.480100000000000E+009,2.269110264023766E-004,-1.563280675327405E-004,2.222966722911224E-004,-2.293434226885438E-004,
2.480133333333334E+009,3.209666756447405E-004,-1.925087126437575E-004,2.503560681361705E-004,-2.319154446013272E-004,
2.480166666666667E+009,1.601774565642700E-004,-1.969700970221311E-004,2.680227335076779E-004,-3.178329207003117E-004,
2.480200000000000E+009,1.667272590566427E-004,-1.286281476495788E-004,2.535664243623614E-004,-2.667457156348974E-004,
2.480233333333334E+009,2.580787113402039E-004,-2.677216834854335E-004,2.117965195793659E-004,-2.209384547313675E-004,
2.480266666666667E+009,2.773187879938632E-004,-2.722964854910970E-004,2.156889968318865E-004,-1.967279240489006E-004,
2.480300000000000E+009,1.958175416802988E-004,-2.498841204214841E-004,1.962048845598474E-004,-3.085331118199974E-004,
2.480333333333334E+009,1.664956653257832E-004,-1.590740139363334E-004,1.952484890352935E-004,-2.145724865840748E-004,
2.480366666666667E+009,2.168175997212529E-004,-1.542372338008136E-004,8.931182674132288E-005,-1.880735799204558E-004,
2.480400000000000E+009,2.956827520392835E-004,-1.189611866720952E-004,1.893863081932068E-004,-1.178261154564098E-004,
2.480433333333334E+009,2.058146783383563E-004,-2.270600816700608E-004,2.035806828644127E-004,-2.143445308320224E-004,
2.480466666666667E+009,2.912700001616031E-004,-1.539455988677219E-004,2.725921513047069E-004,-1.773919211700559E-004,
2.480500000000000E+009,2.289373514940962E-004,-2.157578855985776E-004,1.964389230124652E-004,-1.890146086225286E-004,
2.480533333333334E+009,3.381594433449209E-004,-2.565435715951026E-004,2.150279615307227E-004,-3.557751479092985E-004,
2.480566666666667E+009,2.047961897915229E-004,-1.823634956963360E-004,2.571674122009426E-004,-2.145952457794920E-004,
2.480600000000000E+009,1.679612905718386E-004,-1.400475593982264E-004,2.605907793622464E-004,-2.722500357776880E-004,
2.480633333333334E+009,1.687720505287871E-004,-6.674184987787157E-005,2.341777726542205E-004,-2.548607008066028E-004,
2.480666666666667E+009,2.191519452026114E-004,-2.148651401512325E-004,1.409273681929335E-004,-2.149497886421159E-004,
2.480700000000000E+009,2.052668278338388E-004,-3.112277190666646E-004,2.014766505453736E-004,-2.410630841040984E-004,
2.480733333333334E+009,2.476701629348099E-004,-2.544490271247923E-004,1.910029823193327E-004,-2.676873700693250E-004,
2.480766666666667E+009,1.678877597441897E-004,-3.071934916079044E-004,2.113257651217282E-004,-1.606153819011524E-004,
2.480800000000000E+009,2.377396158408374E-004,-1.642666320549324E-004,1.351494283881038E-004,-1.847531675593928E-004,
2.480833333333334E+009,9.081124881049618E-005,-2.141491713700816E-004,1.735280820867047E-004,-1.437306054867804E-004,
2.480866666666667E+009,2.131580986315385E-004,-1.438456238247454E-004,2.275795704917982E-004,-1.362165639875457E-004,
2.480900000000000E+009,2.077135286526755E-004,-2.161400625482202E-004,1.281505246879533E-004,-2.926546403614339E-005,
2.480933333333334E+009,2.561238652560860E-004,-2.243860508315265E-004,2.348661946598440E-004,-1.256404502782971E-004,
2.480966666666667E+009,1.166542133432813E-004,-1.031088831950910E-004,8.637128485133871E-005,-1.114859260269441E-004,
2.481000000000000E+009,2.017422375502065E-004,-9.950411185855046E-005,1.575652131577954E-004,-2.659941965248436E-004,
2.481033333333334E+009,1.413665449945256E-004,-1.151456599473022E-004,2.312441356480122E-004,-7.094287138897926E-005,
2.481066666666667E+009,2.270123368361965E-004,-1.811084075598046E-004,8.970468479674310E-005,-1.015458983602002E-004,
2.481100000000000E+009,2.598455466795713E-004,-7.138415821827948E-005,6.801421113777906E-005,-5.968899858999066E-005,
2.481133333333334E+009,1.388837117701769E-004,-1.139872911153361E-004,1.233796501765028E-004,-1.467106631025672E-004,
2.481166666666667E+009,2.035801298916340E-004,-2.040221297647804E-004,1.776913995854557E-004,-1.424659712938592E-004,
2.481200000000000E+009,1.170117247966118E-004,-2.610618248581886E-004,2.323686931049451E-004,-1.718758576316759E-004,
2.481233333333334E+009,1.106484050978907E-004,-2.737592149060220E-004,1.961903908522800E-004,-1.363014162052423E-004,
2.481266666666667E+009,2.297894534422085E-004,-9.271073940908536E-005,1.634353393455967E-004,-1.834894355852157E-004,
2.481300000000000E+009,2.405757695669308E-004,-2.223658811999485E-004,2.167972561437637E-004,-1.891886058729142E-004,
2.481333333333334E+009,1.488443376729265E-004,-2.767436672002077E-004,5.520540071302094E-005,-8.866484859026969E-005,
2.481366666666667E+009,7.811500108800829E-005,-2.026078873313963E-004,2.199259761255235E-004,-9.992089326260611E-005,
2.481400000000000E+009,1.537590433144942E-004,-3.448351344559342E-004,1.575060014147311E-004,-3.176131867803633E-004,
2.481433333333334E+009,6.832897634012625E-005,-2.640672901179642E-004,7.563359395135194E-005,-1.690447243163362E-004,
2.481466666666667E+009,1.964744005817920E-004,-2.147426130250096E-004,2.083892322843894E-004,-3.237020282540470E-004,
2.481500000000000E+009,1.864978548837826E-004,-2.214623818872497E-004,9.845697059063241E-005,-2.106835163431242E-004,
2.481533333333334E+009,2.434285852359608E-004,-2.738116891123354E-004,3.975252548116259E-005,-2.005663700401783E-004,
2.481566666666667E+009,2.406217099633068E-004,-2.404810365987942E-004,9.387081081513315E-005,-1.871908170869574E-004,
2.481600000000000E+009,1.489281567046419E-004,-3.131526173092425E-004,4.248871118761599E-005,-2.659510064404458E-004,
2.481633333333334E+009,1.425017835572362E-004,-1.744852634146810E-004,8.481798431603238E-005,-3.624491218943149E-004,
2.481666666666667E+009,1.437975006410852E-004,-3.282282559666783E-004,1.096065461752005E-004,-3.667607961688191E-004,
2.481700000000000E+009,9.931042586686090E-005,-2.228400553576648E-004,2.028750168392435E-004,-3.375212254468352E-004,
2.481733333333334E+009,1.921558286994696E-004,-2.751357678789645E-004,3.858783748000860E-005,-3.180881321895868E-004,
2.481766666666667E+009,2.256339575978927E-005,-1.872499851742759E-004,2.081305574392900E-004,-1.694497332209721E-004,
2.481800000000000E+009,1.622373529244214E-004,-2.658816811162978E-004,2.383247629040852E-004,-2.084639418171719E-004,
2.481833333333334E+009,2.639644080772996E-004,-2.503009454812855E-004,1.197514284285717E-004,-2.323772350791842E-004,
2.481866666666667E+009,7.680576527491212E-005,-2.385782281635329E-004,1.080458314390853E-004,-1.526427513454109E-004,
2.481900000000000E+009,8.742045611143112E-005,-1.613585482118651E-004,7.768224350002129E-006,-3.487407811917365E-004,
2.481933333333334E+009,8.302450441988185E-005,-2.141975564882159E-004,1.762829342624173E-004,-1.512415619799867E-004,
2.481966666666667E+009,1.535340561531484E-004,-2.346331020817161E-004,2.094802330248058E-004,-2.015791396843270E-004,
2.482000000000000E+009,2.018826926359907E-004,-2.696254814509302E-004,1.092286256607622E-004,-2.288782125106081E-004,
2.482033333333334E+009,1.004269724944606E-004,-1.703338493825868E-004,1.232481736224145E-004,-1.254393282579258E-004,
2.482066666666667E+009,1.411228877259418E-004,-2.424896811135113E-004,2.657724253367633E-004,-1.498300116509199E-004,
2.482100000000000E+009,1.077991037163883E-004,-1.359723682980984E-004,1.043998199747875E-004,-1.738401188049465E-004,
2.482133333333334E+009,9.967921505449340E-005,-1.468456903239712E-004,6.505017518065870E-005,-1.427714014425874E-004,
2.482166666666667E+009,5.010818495065905E-005,-2.600133011583239E-004,1.350473321508616E-004,-3.229478024877608E-004,
2.482200000000000E+009,1.070840589818545E-004,-2.042983542196453E-004,1.349369558738545E-004,-1.766209461493418E-004,
2.482233333333334E+009,1.422142959199846E-004,-3.423069138079882E-004,8.834143955027685E-005,-4.046556932735257E-005,
2.482266666666667E+009,1.267838961211965E-004,-9.760322427609935E-005,2.900868275901303E-005,-2.941988059319556E-004,
2.482300000000000E+009,4.436517338035628E-005,-1.112776590161957E-004,5.096742825116962E-006,-1.394214632455260E-004,
2.482333333333334E+009,7.082335650920868E-005,-1.192837007693015E-004,2.191079838667065E-004,-9.564978972775862E-005,
2.482366666666667E+009,2.879373641917482E-005,-2.017705410253257E-004,1.002400240395218E-004,-1.215441225212999E-004,
2.482400000000000E+009,2.353777963435277E-004,-1.236105308635160E-004,8.632448589196429E-005,-8.168208296410739E-005,
2.482433333333334E+009,2.519524423405528E-004,-1.086504780687392E-004,6.244032556423917E-005,-1.279244170291349E-004,
2.482466666666667E+009,-4.976784111931920E-006,-2.307651993760373E-005,1.964880066225305E-004,-1.290602231165394E-004,
2.482500000000000E+009,4.318128048907965E-005,-7.531816663686186E-005,1.016220194287598E-004,-1.076093831215985E-004,
2.482533333333334E+009,9.882440645014867E-005,-1.240426790900528E-004,9.868454071693122E-005,2.483349362591980E-006,
2.482566666666667E+009,7.095348701113835E-005,-1.373180566588417E-004,7.583604656247189E-006,-1.522676029708237E-004,
2.482600000000000E+009,1.121247987612151E-004,4.892864308203571E-005,4.927535701426677E-005,-1.622533891350031E-004,
2.482633333333334E+009,1.785505737643689E-004,-1.466657995479181E-004,1.632146741030738E-004,-1.531339512439445E-004,
2.482666666666667E+009,1.214043804793619E-004,-1.558468502480537E-004,-1.040254664985696E-005,-1.279164862353355E-004,
2.482700000000000E+009,-9.676266927272081E-005,-1.306104531977326E-004,5.602440432994627E-005,-1.699550484772772E-004,
2.482733333333334E+009,5.127364420332015E-005,-1.732748351059854E-004,4.066088877152652E-005,-1.197305973619223E-004,
2.482766666666667E+009,1.610338131285971E-006,-9.240175859304145E-005,-7.187122537288815E-005,-1.514439791208133E-004,
2.482800000000000E+009,-1.874057670647744E-005,-1.855511945905164E-004,3.175819438183680E-005,-9.167046664515510E-005,
2.482833333333334E+009,4.860572516918182E-005,-1.003243669401854E-004,-3.678123539430089E-005,-5.067833626526408E-005,
2.482866666666667E+009,9.618816875445191E-006,-1.101456873584539E-004,2.563247471698560E-005,-1.284460304304957E-004,
2.482900000000000E+009,9.511058306088671E-005,-1.463931403122842E-004,-7.896917850302998E-006,-2.051590126939118E-004,
2.482933333333334E+009,-2.962499820569065E-005,-6.621657666983083E-005,5.188382783671841E-005,-6.386359746102244E-005,
2.482966666666667E+009,1.426390781489317E-006,-5.700429028365761E-005,1.520326040918008E-004,-1.549657317809761E-004,
2.483000000000000E+009,-7.662888492632192E-006,-9.022550511872396E-005,8.012473699636757E-005,-1.488856505602598E-004,
2.483033333333334E+009,2.388381471973844E-005,-3.387591641512699E-005,-2.392904934822582E-005,-1.484541571699083E-004,
2.483066666666667E+009,-1.309550279984251E-004,-1.387849915772677E-004,2.745088568190113E-005,-1.695379469310865E-004,
2.483100000000000E+009,-4.268256361683598E-006,-2.302638895343989E-004,-1.626559824217111E-004,-1.122292887885124E-004,
2.483133333333334E+009,5.433756450656802E-005,-2.222356415586546E-004,-1.012660777632846E-005,-1.274759997613728E-004,
2.483166666666667E+009,2.230825703009032E-005,-2.375204639974982E-004,2.060849510598928E-005,-7.514336175518110E-005,
2.483200000000000E+009,-4.279098902770784E-006,-2.588902425486594E-004,6.289796147029847E-005,-1.746780981193297E-005,
2.483233333333334E+009,1.420270200469531E-005,-1.942577364388853E-004,-5.522887295228429E-005,-1.627935562282801E-004,
2.483266666666667E+009,-7.843181811040267E-005,4.312092642067000E-005,-1.576363320054952E-005,-7.448039832524955E-005,
2.483300000000000E+009,6.228272104635835E-005,-7.076113979564980E-005,9.430628415429965E-005,-2.046940353466198E-004,
2.483333333333334E+009,2.474996654200368E-005,-1.439722400391474E-004,-8.956161036621779E-005,-1.440567721147090E-004,
2.483366666666667E+009,1.027122343657538E-004,-7.276063843164593E-005,-1.122713729273528E-005,-1.049474667524919E-004,
2.483400000000000E+009,4.167245424469002E-005,-1.271464279852808E-004,-1.171417607110925E-004,-6.395395757863298E-005,
2.483433333333334E+009,1.325595658272505E-004,-2.425011189188808E-004,4.967678614775650E-005,-1.106421696022153E-004,
2.483466666666667E+009,2.774296444840729E-005,-1.302418386330828E-004,7.825495913493796E-007,-1.103287795558572E-004,
2.483500000000000E+009,-5.328031329554506E-005,-3.841662692138925E-005,3.329655100969831E-006,-1.604929566383362E-004,
2.483533333333334E+009,8.793526649242267E-005,-9.095627319766209E-005,-9.088409569812939E-005,2.513605249987450E-005,
2.483566666666667E+009,-2.389697692706250E-005,-1.964179245987907E-004,-1.043702504830435E-004,-5.321433854987845E-005,
2.483600000000000E+009,5.800147846457548E-005,-8.720327605260536E-005,9.297328688262496E-006,-7.655781519133598E-005,
2.483633333333334E+009,-1.028750266414136E-004,-1.543578982818872E-004,-2.748140468611382E-005,-1.488261186750606E-004,
2.483666666666667E+009,-1.010123742162250E-004,5.338323899195530E-005,-2.452231683491846E-006,-1.222268765559420E-004,
2.483700000000000E+009,2.037073500105180E-005,-6.548182864207774E-005,1.077821070794016E-004,-5.899802999920212E-005,
2.483733333333334E+009,3.975179424742237E-006,-2.446267171762884E-005,-1.272659137612209E-004,-1.519965589977801E-004,
2.483766666666667E+009,2.222900366177782E-005,-4.168514715274796E-005,5.398968278313987E-005,-1.072240338544361E-004,
2.483800000000000E+009,5.897314258618280E-005,-4.430502667673864E-005,-2.511228922230657E-005,7.298535638255999E-005,
2.483833333333334E+009,5.797985431854613E-005,-1.309199142269790E-004,-1.290358777623624E-004,8.566892938688397E-005,
2.483866666666667E+009,3.988274670518877E-007,1.238986733369529E-004,-4.037433609482832E-005,-4.277283005649224E-005,
2.483900000000000E+009,7.380310853477567E-005,-8.398933277931064E-005,-3.520325117278844E-005,4.281037763576023E-005,
2.483933333333334E+009,-8.015652565518394E-005,-9.378680260851979E-006,3.188575021795259E-007,1.199009857373312E-004,
2.483966666666667E+009,-7.493925659218803E-005,1.012646825984120E-004,-8.764776794123463E-006,-6.858012056909502E-005,
2.484000000000000E+009,-7.554242984042503E-006,7.233078940771520E-005,4.035219535580836E-005,-1.312522799707949E-004,
2.484033333333334E+009,-6.878316344227642E-005,-4.789262311533094E-005,5.442396741273115E-006,6.183031655382365E-005,
2.484066666666667E+009,-1.920004433486611E-005,-7.407119119307026E-005,-4.664237712859176E-005,-2.692465750442352E-005,
2.484100000000000E+009,-3.519567690091208E-005,8.426430576946586E-005,7.732291123829782E-005,7.974573964020237E-005,
2.484133333333334E+009,-5.961456554359756E-005,-2.271823177579790E-005,-6.079798185965046E-005,2.490582119207829E-005,
2.484166666666667E+009,-7.678390102228150E-005,7.004255894571543E-005,-7.424231444019824E-005,1.473625598009676E-004,
2.484200000000000E+009,2.890249925258104E-005,9.633586887503043E-005,-3.650528378784657E-005,1.015425805235282E-004,
2.484233333333334E+009,3.690107769216411E-005,1.001542841549963E-004,4.182213160675019E-005,9.701263479655609E-005,
2.484266666666667E+009,-7.073268352542073E-005,3.707355790538713E-005,-9.172336285701022E-005,1.349929079879075E-004,
2.484300000000000E+009,-6.503288022940978E-005,2.815556945279241E-005,4.589987656800076E-005,4.786295539815910E-005,
2.484333333333334E+009,-1.461882202420384E-004,5.427522046375088E-005,-2.786092591122724E-005,-3.934348205802962E-005,
2.484366666666667E+009,-1.129395313910209E-004,8.598523709224537E-005,5.959183908998966E-005,-9.439466521143913E-005,
2.484400000000000E+009,3.138643660349771E-005,1.191845294670202E-004,-1.582183358550537E-005,8.505456935381517E-005,
2.484433333333334E+009,2.588001552794594E-005,1.993452606257051E-004,-1.166162619483657E-004,-1.045443354996678E-006,
2.484466666666667E+009,-1.773192052496597E-004,-3.406900577829219E-005,-1.613973872736096E-004,3.360703703947365E-005,
2.484500000000000E+009,5.173821773496456E-005,2.285388181917369E-004,-7.753790850983933E-005,1.600672549102455E-004,
2.484533333333334E+009,-4.578882362693548E-005,-4.465297388378531E-005,5.081790368421935E-005,1.129859228967689E-004,
2.484566666666667E+009,-3.771305637201294E-005,-6.014108657836914E-005,1.412983419868397E-005,1.211487979162484E-004,
2.484600000000000E+009,-3.537792872521095E-005,1.321359450230375E-004,-8.735967276152223E-005,4.846743468078785E-005,
2.484633333333334E+009,1.345313103229273E-005,9.931984095601365E-005,-8.348593837581575E-005,8.376047480851412E-005,
2.484666666666667E+009,-8.786589023657143E-005,1.341182651231065E-004,-4.265720417606644E-005,1.053465966833755E-004,
2.484700000000000E+009,-3.771599222091027E-005,1.303299213759601E-004,-9.291540482081473E-005,-1.755745870468672E-005,
2.484733333333334E+009,1.218312036144198E-006,6.706608837703243E-005,1.044955351972021E-004,8.235340646933764E-005,
2.484766666666667E+009,-3.027925049536862E-005,4.627357702702284E-005,-9.259781654691324E-005,8.132150105666369E-005,
2.484800000000000E+009,2.559155109338462E-005,1.309392537223175E-004,3.818442928604782E-005,-1.033856751746498E-004,
2.484833333333334E+009,1.471850828238530E-005,3.896036287187599E-005,3.812622890109196E-005,-4.602979686296749E-007,
2.484866666666667E+009,-1.462286163587123E-004,4.464642188395374E-005,-9.419168054591864E-005,5.005143248126842E-005,
2.484900000000000E+009,-7.722860755166039E-005,1.213038485730067E-004,2.144540849258192E-005,2.235221763839945E-004,
2.484933333333334E+009,1.219588666572236E-004,5.191095988266170E-005,6.502406904473901E-005,1.184558423119597E-004,
2.484966666666667E+009,-8.217130380216986E-005,1.386068470310420E-004,-3.880718213622458E-005,6.937101716175675E-005,
2.485000000000000E+009,-3.509015368763357E-005,-2.129484073520871E-006,-1.196575904032216E-004,1.489084388595074E-004,
2.485033333333334E+009,-8.749447442824021E-005,1.259106793440878E-004,-1.140189997386187E-004,9.107679943554103E-005,
2.485066666666667E+009,-1.494472871854669E-005,-7.150543979150825E-007,3.624568853410892E-005,1.587183214724064E-005,
2.485100000000000E+009,-1.107621210394427E-004,8.986808097688481E-005,3.691852543852292E-005,7.641314732609317E-005,
2.485133333333334E+009,-1.939403409778606E-005,9.072294778889045E-005,-3.078657755395398E-005,1.145396963693202E-004,
2.485166666666667E+009,1.116697458201088E-004,1.330497761955485E-004,4.256046850059647E-006,1.348878722637892E-004,
2.485200000000000E+009,1.886713471321855E-005,-1.481791332480498E-005,-1.082676826626994E-004,1.287954073632136E-004,
2.485233333333334E+009,-2.399956792942248E-005,2.354773168917745E-004,3.791578637901694E-005,1.103135218727402E-004,
2.485266666666667E+009,7.961002847878262E-005,1.396115112584084E-004,-2.433476038277149E-005,2.209528029197827E-004,
2.485300000000000E+009,2.928385947598144E-005,1.267529005417600E-004,-2.102070720866323E-005,1.782896870281547E-004,
2.485333333333334E+009,-4.127185457036831E-005,1.979929802473635E-004,2.597291859274264E-005,1.325827615801245E-004,
2.485366666666667E+009,-1.615718356333673E-004,5.527434041141532E-005,-1.771477400325239E-005,2.604920009616762E-004,
2.485400000000000E+009,-8.529009210178629E-005,2.399663062533364E-004,-3.435764301684685E-005,1.244828163180500E-004,
2.485433333333334E+009,-5.713813516194932E-005,1.774678967194632E-004,-1.706094190012664E-004,2.904717439378146E-005,
2.485466666666667E+009,-1.077132765203714E-004,2.822395181283355E-004,-7.433244900312275E-005,1.377650623908266E-004,
2.485500000000000E+009,7.951568841235712E-005,2.344872627872974E-004,1.015155794448219E-004,1.021615316858515E-004,
2.485533333333334E+009,-5.380315269576386E-005,1.872026041382924E-004,4.206755329505540E-005,2.707613457459956E-004,
2.485566666666667E+009,2.403394137218129E-005,2.518543333280832E-004,4.306426126277074E-005,1.676016399869695E-004,
2.485600000000000E+009,-3.053036198252812E-005,1.203101510327542E-005,1.658313994994387E-004,1.729072246234864E-004,
2.485633333333334E+009,-3.332185224280693E-005,2.266192459501326E-004,9.653531014919281E-005,3.186408721376211E-004,
2.485666666666667E+009,2.114990093105007E-005,1.613320782780647E-004,1.439376792404801E-004,2.362093946430832E-004,
2.485700000000000E+009,1.636819979466964E-005,1.602211123099551E-004,1.554413902340457E-004,1.464470988139510E-004,
2.485733333333334E+009,2.777634654194117E-005,1.997617946472019E-004,9.652228618506342E-005,2.295454614795744E-004,
2.485766666666667E+009,-1.293777459068224E-004,2.041983971139416E-004,1.877056092780549E-005,2.675503492355347E-004,
2.485800000000000E+009,2.007280563702807E-004,1.686536852503195E-004,1.869642619567458E-005,3.573907015379518E-004,
2.485833333333334E+009,1.037737310980447E-004,3.605880192480981E-004,1.257999974768609E-004,3.048500511795282E-004,
2.485866666666667E+009,-7.554406329290941E-005,3.165698144584894E-004,-8.455933129880577E-005,2.412889298284426E-004,
2.485900000000000E+009,8.021932444535196E-005,2.223996270913631E-004,-1.862858152890112E-005,1.947960408870131E-004,
2.485933333333334E+009,7.642510900041089E-005,3.317327937111259E-004,2.217022265540436E-004,2.401717647444457E-004,
2.485966666666667E+009,-1.624631295271684E-005,2.754209272097796E-004,9.249389404430986E-005,2.242029586341232E-004,
2.486000000000000E+009,-1.636077467992436E-005,1.943181123351678E-004,4.598228770191781E-005,1.500037324149162E-004,
2.486033333333334E+009,1.361362501484109E-005,2.225259813712910E-004,5.749427873524837E-005,3.072568506468087E-004,
2.486066666666667E+009,3.667736746137962E-005,2.985191240441054E-004,1.040243150782771E-004,2.243916242150590E-004,
2.486100000000000E+009,-7.118062057998031E-005,3.564022772479802E-004,-5.081584458821453E-005,1.633660722291097E-004,
2.486133333333334E+009,1.164788045571186E-004,2.402596728643403E-004,6.005400337016909E-007,2.871736651286483E-004,
2.486166666666667E+009,-5.420771412900649E-005,2.095481468131766E-004,6.344766006805003E-005,1.868661929620430E-004,
2.486200000000000E+009,-5.448995216283947E-005,2.875218633562326E-004,9.278018114855513E-005,1.665179734118283E-004,
2.486233333333334E+009,4.945894488628255E-006,2.317010512342677E-004,1.439723564544693E-004,1.710534997982904E-004,
2.486266666666667E+009,6.663859676336870E-005,2.869039308279753E-004,1.764291846484412E-005,3.292512265034020E-004,
2.486300000000000E+009,1.007503451546654E-004,2.148080529877916E-004,1.635848548176000E-006,2.771437866613269E-004,
2.486333333333334E+009,9.062080789590254E-005,2.314073935849592E-004,3.236973134335131E-005,2.065564476652071E-004,
2.486366666666667E+009,-8.662866457598284E-005,4.259857232682407E-004,9.087348189495970E-006,2.535997482482344E-004,
2.486400000000000E+009,1.048708145390265E-004,4.023822548333556E-004,8.486073784297332E-005,3.140084445476532E-004,
2.486433333333334E+009,7.844586798455566E-005,2.421904937364161E-004,-5.286615305521991E-006,2.690475957933813E-004,
2.486466666666667E+009,1.004781370284036E-004,2.667255757842213E-004,3.185885725542903E-005,1.702943263808265E-004,
2.486500000000000E+009,6.536264845635742E-005,3.376828390173614E-004,8.349566996912472E-006,3.163075889460743E-004,
2.486533333333334E+009,1.291909720748663E-004,2.719314070418477E-004,1.765770139172673E-004,2.473841304890811E-004,
2.486566666666667E+009,-5.281098765408387E-006,4.378606972750276E-004,7.786475180182606E-005,3.208606794942170E-004,
2.486600000000000E+009,5.786012479802594E-005,2.508381439838558E-004,1.786420943972189E-005,4.096755874343216E-004,
2.486633333333334E+009,-6.129516987130046E-005,2.730861888267100E-004,6.520474562421441E-005,2.502381394151598E-004,
2.486666666666667E+009,5.689761746907607E-005,3.383797593414784E-004,9.428780322195962E-005,2.029358583968133E-004,
2.486700000000000E+009,3.861889126710594E-005,2.812441671267152E-004,-1.418581359757809E-005,2.417132345726714E-004,
2.486733333333334E+009,-1.157941806013696E-004,2.968143962789327E-004,5.292535206535831E-005,4.090467700734735E-004,
2.486766666666667E+009,1.792136899894103E-004,4.322696477174759E-004,5.639332357532112E-006,2.519858244340867E-004,
2.486800000000000E+009,1.076146363629960E-004,2.147619234165177E-004,4.361573155620135E-005,4.185212601441890E-004,
2.486833333333334E+009,1.246726169483736E-004,2.878681698348373E-004,-9.429836791241542E-005,2.681091718841344E-004,
2.486866666666667E+009,7.592025940539315E-005,2.701827615965158E-004,1.314893161179498E-004,3.040623851120472E-004,
2.486900000000000E+009,-1.284216850763187E-004,3.589070402085781E-004,8.274189895018935E-005,3.374854568392038E-004,
2.486933333333334E+009,1.096832784241997E-004,3.203279629815370E-004,-1.335132255917415E-004,3.999317414127290E-004,
2.486966666666667E+009,1.517709461040795E-004,2.958231780212373E-004,1.057891131495126E-004,2.528940385673195E-004,
2.487000000000000E+009,1.294655521633104E-004,3.019432770088315E-004,8.476233051624149E-005,2.591052907519043E-004,
2.487033333333334E+009,4.535270636552014E-005,1.946497359313071E-004,8.942413114709780E-005,2.712518034968525E-004,
2.487066666666667E+009,1.371499383822084E-004,3.733921330422163E-004,5.156065162736923E-005,2.580290311016142E-004,
2.487100000000000E+009,1.540461962576956E-004,2.898378297686577E-004,1.164887798950076E-004,3.731900069396943E-004,
2.487133333333334E+009,8.077304664766416E-005,4.141114477533847E-004,1.236030220752582E-004,2.526609750930220E-004,
2.487166666666667E+009,1.770148664945737E-004,3.089543315581977E-004,1.646525051910430E-004,3.170203999616206E-004,
2.487200000000000E+009,8.035031351028010E-005,1.538034121040255E-004,1.359582238364965E-004,3.931123937945813E-004,
2.487233333333334E+009,1.987269060919061E-004,3.545541549101472E-004,2.228412631666288E-004,2.382203238084912E-004,
2.487266666666667E+009,1.699264976195991E-004,2.131328801624477E-004,1.294978865189478E-004,3.718913940247148E-004,
2.487300000000000E+009,3.102896735072136E-004,3.390470810700208E-004,2.445498830638826E-004,3.741733962669969E-004,
2.487333333333334E+009,1.559850934427232E-004,3.492411633487791E-004,1.679508859524503E-004,2.587095368653536E-004,
2.487366666666667E+009,1.677933614701033E-004,3.618929767981172E-004,1.945283584063873E-004,3.592069842852652E-004,
2.487400000000000E+009,2.117241092491895E-004,3.578024625312537E-004,2.021627442445606E-004,4.035881720483303E-004,
2.487433333333334E+009,1.051190120051615E-004,3.165183297824115E-004,9.119263268075883E-005,4.049343988299370E-004,
2.487466666666667E+009,2.197574212914333E-004,2.290381962666288E-004,3.671703161671758E-004,3.895461559295654E-004,
2.487500000000000E+009,1.614743378013372E-004,5.024351994507015E-004,2.355000324314460E-004,4.286547482479364E-004,
2.487533333333334E+009,1.879530755104497E-004,4.295285034459084E-004,1.619009417481720E-004,4.512659215833992E-004,
2.487566666666667E+009,1.469149574404582E-004,4.154730995651335E-004,1.329433234786848E-005,3.069441590923816E-004,
2.487600000000000E+009,1.709424686850980E-004,2.929853217210621E-004,2.636529388837516E-004,2.374108153162524E-004,
2.487633333333334E+009,1.966659183381125E-004,3.689632576424629E-004,8.894623897504062E-005,5.145364557392895E-004,
2.487666666666667E+009,1.941853115567938E-004,3.250713052693754E-004,1.284353638766334E-004,2.422901161480695E-004,
2.487700000000000E+009,5.604332181974314E-005,3.961181500926614E-004,5.732343197450973E-005,4.130732268095017E-004,
2.487733333333334E+009,1.114159676944837E-004,3.658978093881160E-004,6.461299926741049E-005,2.355415199417621E-004,
2.487766666666667E+009,3.225228647352196E-005,2.764972450677306E-004,1.751982490532100E-004,4.110125009901822E-004,
2.487800000000000E+009,2.089382323902100E-004,3.100639733020216E-004,2.129579806933180E-004,3.691746387630701E-004,
2.487833333333334E+009,1.842018100433052E-004,3.887775819748640E-004,1.960865192813799E-004,4.288093186914921E-004,
2.487866666666667E+009,1.873520232038572E-004,2.832088212016970E-004,1.989244483411312E-004,4.169572493992746E-004,
2.487900000000000E+009,1.857760798884556E-004,4.511270963121206E-004,6.731833855155855E-005,3.730756579898298E-004,
2.487933333333334E+009,3.113979473710060E-004,2.814371546264738E-004,1.651986385695636E-004,3.576131712179631E-004,
2.487966666666667E+009,2.405490522505716E-004,3.320130344945937E-004,2.161737211281434E-004,3.527276567183435E-004,
2.488000000000000E+009,2.682228805497289E-004,3.429146890994161E-004,2.492942148819566E-004,3.773824137169868E-004,
2.488033333333334E+009,2.686586230993271E-004,3.150280099362135E-004,1.745791960274801E-004,3.454239922575653E-004,
2.488066666666667E+009,1.449353003408760E-004,3.566635132301599E-004,1.273299858439714E-004,3.949642996303737E-004,
2.488100000000000E+009,1.041132782120258E-004,3.879256546497345E-004,9.936562128132209E-005,2.880918036680669E-004,
2.488133333333334E+009,1.013046785374172E-004,3.714920312631875E-004,1.498563651693985E-004,3.719009109772742E-004,
2.488166666666667E+009,2.015367208514363E-004,3.944520140066743E-004,1.896929752547294E-004,2.621929452288896E-004,
2.488200000000000E+009,2.489435428287834E-004,2.578721032477915E-004,2.272363053634763E-004,4.362321633379906E-004,
2.488233333333334E+009,2.046150329988450E-004,2.810670412145555E-004,1.804670027922839E-004,3.221355145797133E-004,
2.488266666666667E+009,1.766586792655289E-004,4.854657163377851E-004,3.193385782651603E-004,3.111203550361097E-004,
2.488300000000000E+009,1.344110060017556E-004,3.190936986356974E-004,2.540162240620703E-004,3.277846844866872E-004,
2.488333333333334E+009,2.186405035899952E-004,3.972006088588387E-004,2.053470088867471E-004,3.551397530827671E-004,
2.488366666666667E+009,3.123249334748834E-004,2.503960276953876E-004,2.514997613616288E-004,3.070472157560289E-004,
2.488400000000000E+009,1.494103344157338E-004,3.695233899634332E-004,1.810341054806486E-004,2.798317291308194E-004,
2.488433333333334E+009,2.785786928143352E-004,3.568796091713011E-004,1.984483678825200E-004,3.152897988911718E-004,
2.488466666666667E+009,1.602163974894211E-004,2.701934427022934E-004,2.054467186098918E-004,3.052002284675837E-004,
2.488500000000000E+009,2.216634602518752E-004,4.825883952435106E-004,2.048483293037862E-004,3.794333897531033E-004,
2.488533333333334E+009,2.007419971050695E-004,2.530386555008590E-004,2.779456262942404E-004,3.239868092350662E-004,
2.488566666666667E+009,9.840993152465671E-005,4.542910610325635E-004,1.732485106913373E-004,4.287442134227604E-004,
2.488600000000000E+009,4.313040408305824E-004,4.348148067947477E-004,3.748889139387757E-004,2.098369732266292E-004,
2.488633333333334E+009,1.593477354617789E-004,3.904252371285111E-004,3.385516174603254E-004,3.013059322256595E-004,
2.488666666666667E+009,3.046981582883745E-004,4.528747231233865E-004,2.255555591545999E-004,5.003658588975668E-004,
2.488700000000000E+009,2.769844722934067E-004,4.772397223860025E-004,3.183738153893501E-004,2.286899543832988E-004,
2.488733333333334E+009,2.157533308491111E-004,3.315166104584932E-004,2.173241082346067E-004,4.267315962351859E-004,
2.488766666666667E+009,3.483141481410712E-004,4.190355539321899E-004,2.894984208978713E-004,4.062007938046008E-004,
2.488800000000000E+009,2.128988999174908E-004,3.541392215993255E-004,4.599524254444987E-004,3.542509512044489E-004,
2.488833333333334E+009,3.518828598316759E-004,4.732441739179194E-004,4.570398014038801E-004,3.211344883311540E-004,
2.488866666666667E+009,1.608872989891097E-004,3.235960612073541E-004,3.699782246258110E-004,3.737285442184657E-004,
2.488900000000000E+009,2.084983862005174E-004,3.798523976001889E-004,2.277715539094061E-004,3.575450100470334E-004,
2.488933333333334E+009,1.958039501914755E-004,3.804775478783995E-004,2.132053050445393E-004,3.699570661410689E-004,
2.488966666666667E+009,3.877785638906062E-004,2.755659807007760E-004,3.271006571594626E-004,4.517323104664683E-004,
2.489000000000000E+009,2.840128145180643E-004,2.706304949242622E-004,4.006120434496552E-004,2.655865682754666E-004,
2.489033333333334E+009,3.094394342042506E-004,5.091434577479959E-004,3.464907349552959E-004,3.685144183691591E-004,
2.489066666666667E+009,3.877540875691921E-004,2.479239774402231E-004,3.396193787921220E-004,2.882577246055007E-004,
2.489100000000000E+009,5.430293967947364E-004,3.929679223801941E-004,4.732865490950644E-004,4.178350209258497E-004,
2.489133333333334E+009,4.117728967685252E-004,4.135898489039391E-004,3.363910655025393E-004,3.630735154729337E-004,
2.489166666666667E+009,2.983842859975994E-004,3.352423082105815E-004,4.069379647262394E-004,4.231053462717682E-004,
2.489200000000000E+009,2.466097648721188E-004,3.756251535378397E-004,2.278653264511377E-004,4.759668954648078E-004,
2.489233333333334E+009,2.516485983505845E-004,4.312614619266242E-004,3.151556593365967E-004,4.181294352747500E-004,
2.489266666666667E+009,1.332714309683070E-004,3.305125865153968E-004,4.193797940388322E-004,2.845238777808845E-004,
2.489300000000000E+009,2.953568182419986E-004,2.144951286027208E-004,2.709639084059745E-004,4.294631944503635E-004,
2.489333333333334E+009,2.939001424238086E-004,3.094190033152700E-004,2.822258102241904E-004,5.228284862823784E-004,
2.489366666666667E+009,2.368605200899765E-004,4.306176851969212E-004,2.628070942591876E-004,4.503645468503237E-004,
2.489400000000000E+009,2.770149440038949E-004,4.015661834273487E-004,1.976419880520552E-004,3.325417055748403E-004,
2.489433333333334E+009,2.911954070441425E-004,2.761353389360011E-004,3.806724853347987E-004,2.570636279415339E-004,
2.489466666666667E+009,2.928244357462972E-004,4.634954966604710E-004,2.869782038033009E-004,4.120068042539060E-004,
2.489500000000000E+009,3.801983839366585E-004,3.552018897607923E-004,2.621008025016636E-004,4.613277269527316E-004,
2.489533333333334E+009,2.167800266761333E-004,4.082895466126502E-004,2.826878917403519E-004,4.778303846251220E-004,
2.489566666666667E+009,4.082217928953469E-004,5.157411214895546E-004,3.233346214983612E-004,4.421155026648194E-004,
2.489600000000000E+009,4.366708162706345E-004,5.563479498960078E-004,2.572074299678206E-004,3.009397769346833E-004,
2.489633333333334E+009,1.970376324607059E-004,3.469005459919572E-004,3.891932719852775E-004,3.138986357953399E-004,
2.489666666666667E+009,3.518797166179866E-004,3.597858303692192E-004,3.309260064270347E-004,4.167907754890621E-004,
2.489700000000000E+009,3.076666616834700E-004,4.285480245016515E-004,3.169290139339864E-004,3.402539296075702E-004,
2.489733333333334E+009,2.508938196115196E-004,4.359819577075541E-004,1.913439627969638E-004,4.845304356422275E-004,
2.489766666666667E+009,3.839769924525172E-004,3.285155689809471E-004,3.703763650264591E-004,3.688447177410126E-004,
2.489800000000000E+009,4.168251180090010E-004,3.925836354028434E-004,1.426930393790826E-004,4.470814601518214E-004,
2.489833333333334E+009,2.802102244459093E-004,3.691022575367242E-004,3.142528876196593E-004,5.112714716233313E-004,
2.489866666666667E+009,3.284752601757646E-004,4.223090654704720E-004,2.681215410120785E-004,3.631026775110513E-004,
2.489900000000000E+009,3.350326151121408E-004,4.145419516135007E-004,1.411305711371824E-004,4.918726044707000E-004,
2.489933333333334E+009,4.514955217018724E-004,4.800668684765697E-004,3.327552112750709E-004,3.446214832365513E-004,
2.489966666666667E+009,3.637699992395937E-004,4.431312554515898E-004,3.453426470514387E-004,3.529654641170055E-004,
2.490000000000000E+009,3.430378274060786E-004,6.013630772940815E-004,2.584126486908644E-004,4.181504191365093E-004,
2.490033333333334E+009,4.242212453391403E-004,4.576657665893436E-004,3.783386200666428E-004,4.542346287053078E-004,
2.490066666666667E+009,3.675474436022341E-004,5.158605054020882E-004,3.864203172270209E-004,4.109628207515925E-004,
2.490100000000000E+009,4.636098747141659E-004,3.865909529849887E-004,3.946722717955709E-004,4.036157915834338E-004,
2.490133333333334E+009,4.642103158403188E-004,3.755472425837070E-004,4.017071623820812E-004,3.332089981995523E-004,
2.490166666666667E+009,3.813023504335433E-004,3.449610667303205E-004,4.261707072146237E-004,3.979142056778073E-004,
2.490200000000000E+009,3.170168201904744E-004,4.269065975677222E-004,3.389997873455286E-004,4.638496029656380E-004,
2.490233333333334E+009,4.617116064764559E-004,4.380574391689152E-004,3.822579456027597E-004,3.948447410948575E-004,
2.490266666666667E+009,2.990051580127329E-004,4.424493527039886E-004,3.593851288314909E-004,3.114812134299427E-004,
2.490300000000000E+009,5.710764089599252E-004,2.981222642119974E-004,3.217293997295201E-004,4.014255537185818E-004,
2.490333333333334E+009,3.979106259066612E-004,3.624176606535912E-004,4.425352090038359E-004,3.981358604505658E-004,
2.490366666666667E+009,4.566024290397763E-004,3.361802082508802E-004,4.200542753096670E-004,3.098325105383992E-004,
2.490400000000000E+009,3.531310067046434E-004,3.795238153543323E-004,5.328031256794930E-004,3.529203240759671E-004,
2.490433333333334E+009,4.717209085356444E-004,3.260078956373036E-004,5.216216668486595E-004,2.390343142906204E-004,
2.490466666666667E+009,5.404779221862555E-004,3.833583323284984E-004,4.307482740841806E-004,3.172867582179606E-004,
2.490500000000000E+009,5.059394170530140E-004,4.041706852149218E-004,4.850604454986751E-004,2.757188631221652E-004,
2.490533333333334E+009,5.589873762801290E-004,3.746719448827207E-004,4.475736641325057E-004,4.142038524150848E-004,
2.490566666666667E+009,5.444545531645417E-004,3.485044871922582E-004,3.192694275639951E-004,4.433292779140174E-004,
2.490600000000000E+009,5.306166713126004E-004,4.610350297298282E-004,4.677863034885377E-004,3.756255900952965E-004,
2.490633333333334E+009,5.697810556739569E-004,4.106935812160373E-004,5.053776549175382E-004,4.687169566750526E-004,
2.490666666666667E+009,6.000117282383144E-004,4.117772914469242E-004,4.502650699578226E-004,4.299965512473136E-004,
2.490700000000000E+009,3.847042098641396E-004,4.175933718215674E-004,4.745097248815000E-004,4.118107608519495E-004,
2.490733333333334E+009,4.742451419588178E-004,3.379090921953321E-004,5.444587441161275E-004,4.371060058474541E-004,
2.490766666666667E+009,5.067294114269316E-004,4.662305291276425E-004,4.602154076565057E-004,3.055828565265983E-004,
2.490800000000000E+009,4.206077137496322E-004,5.625432240776718E-004,4.437812604010105E-004,2.739244664553553E-004,
2.490833333333334E+009,4.509423743002117E-004,3.810022317338735E-004,5.094867083244026E-004,3.896175767295063E-004,
2.490866666666667E+009,3.606926475185901E-004,4.049179551657289E-004,4.597012884914875E-004,5.786922411061823E-004,
2.490900000000000E+009,4.632705531548709E-004,4.086338158231229E-004,4.948862479068339E-004,3.950348764192313E-004,
2.490933333333334E+009,4.580495296977460E-004,3.599344927351922E-004,4.458185285329819E-004,5.488615715876222E-004,
2.490966666666667E+009,5.051071057096124E-004,5.819552461616695E-004,5.842257523909211E-004,4.114461771678180E-004,
2.491000000000000E+009,4.175562062300742E-004,4.434959264472127E-004,4.347648646216840E-004,4.494024906307459E-004,
2.491033333333334E+009,4.638703248929232E-004,3.382579016033560E-004,5.213058320805430E-004,3.009084903169423E-004,
2.491066666666667E+009,4.807294171769172E-004,4.572923935484141E-004,4.145219572819769E-004,3.530147369019687E-004,
2.491100000000000E+009,3.644991084001958E-004,4.912408185191453E-004,4.033725708723068E-004,4.316512495279312E-004,
2.491133333333334E+009,5.188044742681086E-004,4.513263993430883E-004,3.250107984058559E-004,3.808395122177899E-004,
2.491166666666667E+009,5.801212973892689E-004,4.351744428277016E-004,5.027017905376852E-004,5.449382588267326E-004,
2.491200000000000E+009,4.786161880474538E-004,2.699315082281828E-004,4.135939816478640E-004,4.336927959229797E-004,
2.491233333333334E+009,4.183877608738840E-004,4.768807557411492E-004,4.664222942665219E-004,4.989130538888276E-004,
2.491266666666667E+009,4.259676497895271E-004,4.016115854028612E-004,5.358370835892856E-004,4.082332307007164E-004,
2.491300000000000E+009,5.085796583443880E-004,4.761458840221167E-004,3.922302857972682E-004,2.913160424213857E-004,
2.491333333333334E+009,5.117121618241072E-004,3.724133421201259E-004,4.933388554491103E-004,5.943695432506502E-004,
2.491366666666667E+009,4.601030086632818E-004,5.049417377449572E-004,5.722835776396096E-004,4.530801379587501E-004,
2.491400000000000E+009,5.427950527518988E-004,2.937138488050550E-004,5.374065367504954E-004,3.895356785506010E-004,
2.491433333333334E+009,4.884599475190043E-004,3.364185686223209E-004,4.883269430138171E-004,2.954888041131198E-004,
2.491466666666667E+009,5.493590142577887E-004,4.771785752382129E-004,4.542103561107069E-004,3.301419492345303E-004,
2.491500000000000E+009,5.567456246353686E-004,3.273083711974323E-004,4.519303911365569E-004,4.099469515495002E-004,
2.491533333333334E+009,6.243384559638798E-004,3.978506429120898E-004,5.080081755295396E-004,4.280293651390821E-004,
2.491566666666667E+009,6.251162267290056E-004,4.170503816567361E-004,6.088225054554641E-004,3.781082050409168E-004,
2.491600000000000E+009,4.609755706042051E-004,4.411119443830103E-004,4.783874319400638E-004,4.094482574146241E-004,
2.491633333333334E+009,5.637319409288466E-004,2.815259213093668E-004,5.766813410446048E-004,4.141760582569987E-004,
2.491666666666667E+009,6.136955926194787E-004,4.507171106524766E-004,5.890328902751207E-004,3.804152074735612E-004,
2.491700000000000E+009,4.894603625871241E-004,3.450715157669038E-004,4.881979839410633E-004,5.322760553099215E-004,
2.491733333333334E+009,5.561728030443192E-004,4.801126488018781E-004,6.419066339731216E-004,4.100015503354371E-004,
2.491766666666667E+009,4.824290226679295E-004,3.178043116349727E-004,6.404086016118527E-004,3.779616963583976E-004,
2.491800000000000E+009,5.124120507389307E-004,4.186788864899427E-004,4.569342418108136E-004,3.001835721079260E-004,
2.491833333333334E+009,4.482943331822753E-004,4.009433905594051E-004,5.650300299748778E-004,2.882137487176806E-004,
2.491866666666667E+009,5.654261331073940E-004,3.789747424889356E-004,5.846353014931083E-004,2.872613549698144E-004,
2.491900000000000E+009,5.303962389007211E-004,3.060440940316767E-004,5.720294429920614E-004,3.830490750260651E-004,
2.491933333333334E+009,6.116678705438972E-004,1.678298722254112E-004,5.806772387586534E-004,3.196867473889142E-004,
2.491966666666667E+009,6.118952296674252E-004,2.531694772187620E-004,6.874366081319749E-004,3.736871585715562E-004,
2.492000000000000E+009,7.968263817019761E-004,3.260013181716204E-004,6.894427933730185E-004,4.032585420645773E-004,
2.492033333333334E+009,5.563879385590553E-004,2.979368728119880E-004,7.279521669261158E-004,2.683888887986541E-004,
2.492066666666667E+009,6.190844578668475E-004,2.707571547944099E-004,6.056881975382567E-004,4.045348032377660E-004,
2.492100000000000E+009,5.849135341122747E-004,3.709667071234435E-004,6.180031923577189E-004,2.779717906378210E-004,
2.492133333333334E+009,6.689460715278983E-004,3.635379543993622E-004,6.547851371578872E-004,3.629135317169130E-004,
2.492166666666667E+009,6.709420122206211E-004,3.248336142860353E-004,6.279382505454123E-004,3.676091437228024E-004,
2.492200000000000E+009,5.444060661830008E-004,2.311346761416644E-004,5.250150570645928E-004,2.794447354972363E-004,
2.492233333333334E+009,5.318155745044351E-004,3.925429773516953E-004,5.115356761962175E-004,3.569170658010989E-004,
2.492266666666667E+009,4.999439697712660E-004,2.903297718148679E-004,5.604077014140785E-004,5.589451175183058E-004,
2.492300000000000E+009,5.367525736801326E-004,3.363573632668704E-004,6.544965435750783E-004,2.904257562477142E-004,
2.492333333333334E+009,7.215861696749926E-004,2.915723016485572E-004,6.434940733015537E-004,2.959062112495303E-004,
2.492366666666667E+009,6.031935336068273E-004,4.868516116403043E-004,7.109619327820838E-004,3.835213719867170E-004,
2.492400000000000E+009,6.669316207990050E-004,2.177756396122277E-004,5.990808713249862E-004,3.195677418261766E-004,
2.492433333333334E+009,5.736032617278397E-004,4.656838427763432E-004,5.993188824504614E-004,3.928500518668443E-004,
2.492466666666667E+009,4.651232738979161E-004,3.584247897379100E-004,5.667055374942720E-004,3.211105649825186E-004,
2.492500000000000E+009,5.124309100210667E-004,2.529275079723448E-004,7.243043510243297E-004,3.970631223637611E-004,
2.492533333333334E+009,6.438927375711501E-004,3.075156128033996E-004,6.541752372868359E-004,3.995332517661154E-004,
2.492566666666667E+009,5.778969498351216E-004,2.722572826314718E-004,6.691185408271849E-004,5.535415839403868E-004,
2.492600000000000E+009,5.851570167578757E-004,3.826330357696861E-004,5.216276040300727E-004,3.253056202083826E-004,
2.492633333333334E+009,5.809910362586379E-004,3.481629246380180E-004,6.714370683766902E-004,2.361069637117907E-004,
2.492666666666667E+009,5.324269877746701E-004,4.278540436644107E-004,7.585390121676028E-004,3.157886967528611E-004,
2.492700000000000E+009,7.057236507534981E-004,2.675681898836047E-004,6.707069696858525E-004,3.509503731038421E-004,
2.492733333333334E+009,7.308437488973141E-004,2.739642804954201E-004,6.508104852400720E-004,2.212412509834394E-004,
2.492766666666667E+009,6.660618237219751E-004,4.667183966375887E-004,6.651213625445962E-004,3.517375153023750E-004,
2.492800000000000E+009,6.472457898780704E-004,3.480260784272105E-004,6.131613044999540E-004,3.262338286731392E-004,
2.492833333333334E+009,6.021469016559422E-004,2.200797462137416E-004,6.105524953454733E-004,3.510115784592927E-004,
2.492866666666667E+009,5.865467246621847E-004,3.435280814301223E-004,6.841066060587764E-004,3.168419934809208E-004,
2.492900000000000E+009,6.241016089916229E-004,3.365291631780565E-004,5.556545802392066E-004,1.959586661541835E-004,
2.492933333333334E+009,5.464695277623832E-004,3.802815917879343E-004,8.426127023994923E-004,2.727125538513064E-004,
2.492966666666667E+009,6.430952926166356E-004,2.874532074201852E-004,4.575519415084273E-004,2.136236435035244E-004,
2.493000000000000E+009,6.766019505448639E-004,3.241364029236138E-004,6.898589781485498E-004,2.809713187161833E-004,
2.493033333333334E+009,6.360735278576613E-004,2.140541473636404E-004,5.848344881087542E-004,3.166218812111765E-004,
2.493066666666667E+009,6.001928704790771E-004,2.692478883545846E-004,6.752348272129893E-004,3.733815974555910E-004,
2.493100000000000E+009,5.499525577761233E-004,3.644230018835515E-004,6.252051098272204E-004,3.222380473744124E-004,
2.493133333333334E+009,6.470651715062559E-004,1.481784711359069E-004,5.350376595743001E-004,2.161517477361485E-004,
2.493166666666667E+009,5.594179965555668E-004,2.459846145939082E-004,6.840170826762915E-004,1.420776534359902E-004,
2.493200000000000E+009,6.386155728250742E-004,4.445457598194480E-004,7.211663178168237E-004,2.912121999543160E-004,
2.493233333333334E+009,6.822985014878213E-004,3.287490108050406E-004,7.504615350626409E-004,1.953341416083276E-004,
2.493266666666667E+009,8.195600821636617E-004,3.336584777571261E-004,7.175430073402822E-004,2.978936245199293E-004,
2.493300000000000E+009,5.852486938238144E-004,2.668839879333973E-004,7.660655537620187E-004,2.203493058914319E-004,
2.493333333333334E+009,7.333654211834073E-004,3.286440623924136E-004,7.455471786670387E-004,1.711213553790003E-004,
2.493366666666667E+009,7.607267471030355E-004,3.213425225112587E-004,6.691746530123055E-004,3.705600393004715E-004,
2.493400000000000E+009,6.936506833881140E-004,3.636099863797426E-004,6.323489942587912E-004,2.250915858894587E-004,
2.493433333333334E+009,6.310594617389143E-004,1.439417101209983E-004,6.451126537285745E-004,2.777631452772766E-004,
2.493466666666667E+009,8.059041574597359E-004,1.350142265437171E-004,7.021944620646536E-004,2.804214018397033E-004,
2.493500000000000E+009,6.844497402198613E-004,1.799638703232631E-004,7.861260091885924E-004,1.970324956346303E-004,
2.493533333333334E+009,6.931409006938338E-004,2.439946838421747E-004,7.413325947709382E-004,2.438486262690276E-004,
2.493566666666667E+009,7.784116314724088E-004,1.810294634196907E-004,7.994017796590924E-004,2.404718543402851E-004,
2.493600000000000E+009,7.998165092431009E-004,2.524744195397943E-005,6.798296817578375E-004,2.465589204803109E-004,
2.493633333333334E+009,8.292371057905257E-004,2.266432275064290E-004,7.710907375440002E-004,1.286904589505866E-004,
2.493666666666667E+009,6.823374424129725E-004,1.491903676651418E-004,6.856519030407071E-004,2.263582573505119E-004,
2.493700000000000E+009,5.724281654693186E-004,1.958406210178509E-004,7.560677477158606E-004,3.091860853601247E-004,
2.493733333333334E+009,7.670955383218825E-004,3.677207278087735E-004,8.473337511532009E-004,2.485032309778035E-004,
2.493766666666667E+009,8.005023701116443E-004,2.242981281597167E-004,7.105354452505708E-004,2.347615081816912E-004,
2.493800000000000E+009,7.934914901852608E-004,3.322067495901138E-004,7.168501033447683E-004,1.856283925008029E-004,
2.493833333333334E+009,7.292816881090403E-004,2.107641776092351E-004,7.769655203446746E-004,1.438609760953113E-004,
2.493866666666667E+009,8.267299272119999E-004,1.602514239493758E-004,7.156860083341599E-004,2.678188029676676E-004,
2.493900000000000E+009,6.945506320334971E-004,3.627492405939847E-004,7.565794512629509E-004,2.620935847517103E-004,
2.493933333333334E+009,6.901454180479050E-004,1.856884482549503E-004,7.096452754922211E-004,2.667712396942079E-004,
2.493966666666667E+009,6.843394949100912E-004,2.064931613858789E-004,8.010889869183302E-004,2.059279941022396E-004,
2.494000000000000E+009,6.606221431866288E-004,3.194939927197993E-004,6.850046920590103E-004,2.125272440025583E-004,
2.494033333333334E+009,6.330466712825000E-004,3.774547658395022E-004,7.245924789458513E-004,2.468379971105605E-004,
2.494066666666667E+009,6.521003670059145E-004,2.765298704616725E-004,8.139532292261720E-004,3.295045462436974E-004,
2.494100000000000E+009,7.377963629551232E-004,2.831941819749773E-004,7.285889005288482E-004,2.154622197849676E-004,
2.494133333333334E+009,7.054354646243155E-004,2.046370354946703E-004,7.297170814126730E-004,2.354032330913469E-004,
2.494166666666667E+009,6.410072674043477E-004,1.494337338954210E-004,7.275296957232058E-004,2.670276735443622E-004,
2.494200000000000E+009,6.776695954613388E-004,1.395909202983603E-004,7.035090238787234E-004,1.733286044327542E-004,
2.494233333333334E+009,7.586017018184066E-004,2.596321864984930E-004,6.574119324795902E-004,2.985058818012476E-004,
2.494266666666667E+009,8.065611473284662E-004,3.141311462968588E-004,7.207626476883888E-004,2.458510862197727E-004,
2.494300000000000E+009,7.428468088619411E-004,2.616795536596328E-004,8.550443453714252E-004,1.778971491148695E-004,
2.494333333333334E+009,6.469234940595925E-004,1.608224847586826E-004,7.879034383222461E-004,2.794511092361063E-004,
2.494366666666667E+009,7.393396226689220E-004,2.252663398394361E-004,7.107756100594997E-004,1.864238147391006E-004,
2.494400000000000E+009,7.259113481268287E-004,3.041046147700399E-004,7.492040167562664E-004,1.073715538950637E-004,
2.494433333333334E+009,7.981150411069393E-004,1.434994483133778E-004,7.417983142659068E-004,2.062928251689300E-004,
2.494466666666667E+009,7.932470762170851E-004,3.819783159997314E-004,7.560509839095175E-004,2.707368112169206E-004,
2.494500000000000E+009,9.254433680325747E-004,3.092759870924056E-004,6.232336163520813E-004,2.497110399417579E-004,
2.494533333333334E+009,6.241715746000409E-004,1.898963237181306E-004,8.434968767687678E-004,3.745124849956483E-004,
2.494566666666667E+009,7.582119433209300E-004,2.431227330816910E-004,7.087985868565738E-004,3.652447776403278E-004,
2.494600000000000E+009,7.172039477154613E-004,3.380384878255427E-004,7.005867082625628E-004,2.264846843900159E-004,
2.494633333333334E+009,6.895560654811561E-004,1.935376931214705E-004,6.291253375820816E-004,3.033214015886188E-004,
2.494666666666667E+009,8.567788754589856E-004,2.168380742659792E-004,7.241148268803954E-004,3.106155490968376E-004,
2.494700000000000E+009,7.350268424488604E-004,2.623661421239376E-004,7.458571926690638E-004,2.679908066056669E-004,
2.494733333333334E+009,8.327323594130576E-004,2.962655271403492E-004,7.116507040336728E-004,2.556770050432533E-004,
2.494766666666667E+009,7.603407721035183E-004,1.523271930636838E-004,8.430811576545239E-004,3.045870107598603E-004,
2.494800000000000E+009,7.545984699390829E-004,2.079690020764247E-004,8.329065749421716E-004,3.087196964770556E-004,
2.494833333333334E+009,9.035564726218581E-004,2.243884082417935E-004,8.568660123273730E-004,2.047556772595272E-004,
2.494866666666667E+009,8.615253609605134E-004,1.614545180927962E-004,6.524605560116470E-004,2.075879892800003E-004,
2.494900000000000E+009,6.927438662387431E-004,3.153975412715226E-004,8.407898712903261E-004,1.599068200448528E-004,
2.494933333333334E+009,7.000303012318909E-004,1.534955372335389E-004,8.580631692893803E-004,2.258826425531879E-004,
2.494966666666667E+009,7.784970221109688E-004,2.211907849414274E-004,6.762065459042788E-004,2.153440291294828E-004,
2.495000000000000E+009,7.964036776684225E-004,2.584514732006937E-004,7.241917192004621E-004,1.826786174206063E-004,
2.495033333333334E+009,8.029842283576727E-004,1.045760363922454E-004,7.669063634239137E-004,8.640245505375788E-005,
2.495066666666667E+009,7.531971787102521E-004,2.178265422116965E-004,7.592532783746719E-004,1.340699236607179E-004,
2.495100000000000E+009,9.196204482577741E-004,2.276739542139694E-005,9.042597375810146E-004,1.774626798578538E-005,
2.495133333333334E+009,7.368449005298317E-004,1.639413530938327E-004,7.949999417178333E-004,9.372204658575356E-005,
2.495166666666667E+009,6.716708885505796E-004,7.155581988627091E-005,7.279037381522358E-004,1.164368659374304E-004,
2.495200000000000E+009,7.777758873999119E-004,3.058346555917524E-005,7.283308659680188E-004,8.338727639056742E-005,
2.495233333333334E+009,7.512281299568713E-004,1.452628202969208E-004,6.679771468043327E-004,2.796760818455368E-004,
2.495266666666667E+009,7.214234210550785E-004,2.354226890020073E-004,9.170220582745969E-004,1.309752115048468E-004,
2.495300000000000E+009,7.657778915017843E-004,1.316331472480670E-004,7.631839253008366E-004,2.043587010120973E-004,
2.495333333333334E+009,9.317605872638524E-004,1.747888163663447E-004,7.696872344240546E-004,1.092883831006475E-004,
2.495366666666667E+009,7.924864767119288E-004,1.166996007668786E-004,9.013779927045107E-004,1.509086723672226E-004,
2.495400000000000E+009,9.416766115464270E-004,2.150074433302507E-004,8.748694672249258E-004,1.862066274043173E-004,
2.495433333333334E+009,8.526908350177109E-004,1.634320069570094E-004,7.914871093817055E-004,2.502482966519892E-004,
2.495466666666667E+009,7.591150351800025E-004,1.031962892739102E-004,7.965582190081477E-004,2.484348660800606E-004,
2.495500000000000E+009,7.342284079641104E-004,1.989170123124495E-004,8.323891670443118E-004,2.305345988133922E-004,
2.495533333333334E+009,8.557613473385572E-004,6.794447836000472E-005,8.156764088198543E-004,1.890981948236004E-004,
2.495566666666667E+009,7.341955788433552E-004,2.036510268226266E-004,6.454412941820920E-004,1.871775893960148E-004,
2.495600000000000E+009,8.744992082938552E-004,2.120340504916385E-004,7.904814556241036E-004,2.129856293322519E-004,
2.495633333333334E+009,8.015915518626571E-004,2.254402643302456E-004,7.754903635941446E-004,1.461008068872616E-004,
2.495666666666667E+009,8.205749327316880E-004,1.272196823265404E-004,8.878805674612522E-004,2.580433501861990E-004,
2.495700000000000E+009,8.457937510684133E-004,1.680100976955146E-004,7.976044435054064E-004,1.739076105877757E-004,
2.495733333333334E+009,6.907696952112019E-004,2.799559151753783E-004,7.866224623285234E-004,1.887336693471298E-004,
2.495766666666667E+009,9.955795248970389E-004,1.536870258860290E-004,9.493257966823876E-004,1.334365806542337E-004,
2.495800000000000E+009,9.058617870323360E-004,3.323908895254135E-004,7.493547163903713E-004,1.155238205683418E-004,
2.495833333333334E+009,9.725239942781627E-004,1.429498952347785E-004,9.227405535057187E-004,3.025616751983762E-004,
2.495866666666667E+009,7.152916514314711E-004,1.326505880570039E-004,8.673725533299148E-004,2.091918868245557E-004,
2.495900000000000E+009,8.209293591789901E-004,2.204392949352041E-004,8.180708973668516E-004,2.687252708710730E-004,
2.495933333333334E+009,9.685558034107089E-004,1.748501817928627E-004,8.526378660462797E-004,2.676517178770155E-004,
2.495966666666667E+009,7.408491801470518E-004,3.169871633872390E-004,6.678818026557565E-004,1.281809090869501E-004,
2.496000000000000E+009,9.485414484515786E-004,2.380678779445589E-004,8.971077040769160E-004,2.569768985267729E-004,
2.496033333333334E+009,9.032917441800237E-004,1.122616813518107E-004,8.756153401918709E-004,1.013197543215938E-004,
2.496066666666667E+009,8.162023732438684E-004,7.839044701540843E-005,9.683158132247627E-004,1.333848049398512E-004,
2.496100000000000E+009,9.576095035299659E-004,2.021013933699578E-004,8.437818032689393E-004,9.146970114670694E-005,
2.496133333333334E+009,8.504915749654174E-004,1.779197045834735E-004,8.969054324552417E-004,2.059521648334339E-004,
2.496166666666667E+009,7.743008318357170E-004,2.261803456349298E-004,7.669869810342789E-004,4.871604323852807E-005,
2.496200000000000E+009,9.271480957977474E-004,3.376158128958195E-004,8.480096585117281E-004,3.283801488578320E-004,
2.496233333333334E+009,9.823479922488332E-004,2.026596921496093E-004,1.078638946637511E-003,1.702828594716266E-004,
2.496266666666667E+009,7.981568924151361E-004,2.930022128566634E-005,8.225977653637528E-004,9.013096132548526E-005,
2.496300000000000E+009,8.519003749825060E-004,7.575799827463925E-005,8.067936869338155E-004,1.731013326207176E-004,
2.496333333333334E+009,9.735168423503637E-004,1.954702747752890E-004,8.833322790451348E-004,1.266837061848491E-004,
2.496366666666667E+009,9.942859178408980E-004,2.599019535409752E-005,9.833998046815395E-004,7.763831672491506E-005,
2.496400000000000E+009,8.564133895561099E-004,-1.279640400753124E-005,9.131866390816867E-004,1.586034049978480E-004,
2.496433333333334E+009,8.679841412231326E-004,5.306060484144837E-005,9.137898450717330E-004,1.043129595927894E-004,
2.496466666666667E+009,9.176467428915203E-004,4.428889951668680E-005,8.859852096065879E-004,1.229267363669351E-004,
2.496500000000000E+009,9.294062620028853E-004,2.509400474082213E-006,8.131797658279538E-004,5.188121212995611E-005,
2.496533333333334E+009,9.883617749437690E-004,1.266911858692765E-004,7.440918707288802E-004,-8.341833745362237E-005,
2.496566666666667E+009,8.213685359805822E-004,5.351655272534117E-005,8.592046797275543E-004,-9.083742043003440E-005,
2.496600000000000E+009,8.028681622818112E-004,1.310345251113176E-004,9.825654560700059E-004,1.838787102315109E-005,
2.496633333333334E+009,1.018854090943933E-003,1.007485843729228E-004,8.720695041120052E-004,4.780851668328978E-005,
2.496666666666667E+009,8.077842649072409E-004,-2.979878991027363E-005,9.004841558635235E-004,-2.246573239972349E-005,
2.496700000000000E+009,9.060525335371494E-004,-1.081812224583700E-004,8.202777826227248E-004,-8.977326069725677E-005,
2.496733333333334E+009,8.612744859419763E-004,-3.676632695714943E-005,8.171685039997101E-004,-1.083646420738660E-004,
2.496766666666667E+009,9.945211932063103E-004,-1.235927775269374E-004,8.373389136977494E-004,-3.104400821030140E-005,
2.496800000000000E+009,8.920347318053246E-004,-4.113058821531013E-005,9.474084363318980E-004,-2.986165554830222E-007,
2.496833333333334E+009,8.684254717081785E-004,1.724072208162397E-004,9.036735282279551E-004,6.079212835174985E-005,
2.496866666666667E+009,1.002477365545929E-003,-2.063635110971518E-005,8.923469576984644E-004,3.599872434278950E-005,
2.496900000000000E+009,9.423366282135248E-004,8.195335976779461E-005,9.490902302786708E-004,-5.451846664072946E-005,
2.496933333333334E+009,8.283581119030714E-004,1.161098794000282E-006,8.867678698152304E-004,-1.385518498864258E-005,
2.496966666666667E+009,9.795842925086618E-004,1.358858280582354E-004,1.069232006557286E-003,1.625037111807615E-005,
2.497000000000000E+009,8.469291497021914E-004,2.864824637072161E-005,8.517841342836618E-004,-1.643774567128276E-006,
2.497033333333334E+009,9.939329465851188E-004,1.078418517863611E-005,1.001685508526862E-003,-3.277452560723759E-005,
2.497066666666667E+009,1.051642699167132E-003,-9.100071110879071E-006,1.006632111966610E-003,3.018456118297763E-005,
2.497100000000000E+009,9.633277077227831E-004,-8.986864850157872E-005,9.267865680158138E-004,2.625429078761954E-005,
2.497133333333334E+009,8.950782357715070E-004,1.308232458541170E-004,1.106983167119324E-003,7.980963709997013E-005,
2.497166666666667E+009,9.305349085479975E-004,1.548633190395776E-005,1.015405054204166E-003,9.846220200415701E-005,
2.497200000000000E+009,9.567450615577400E-004,-5.494646757142618E-005,1.034738495945931E-003,1.532783244329039E-005,
2.497233333333334E+009,1.018044422380626E-003,7.338931754929945E-005,8.913601632229984E-004,1.140275926445611E-004,
2.497266666666667E+009,8.323852671310306E-004,4.634356810129248E-005,1.005639089271426E-003,-2.280470653204247E-005,
2.497300000000000E+009,9.073744877241552E-004,8.113523654174060E-005,9.634128073230386E-004,1.800111640477553E-004,
2.497333333333334E+009,1.027309801429510E-003,-1.652378996368498E-004,8.130124770104885E-004,3.530311732902192E-005,
2.497366666666667E+009,1.009048894047737E-003,-7.796434510964900E-005,1.020416384562850E-003,2.440926436975133E-005,
2.497400000000000E+009,9.412823128513992E-004,-9.884394239634275E-005,1.086871023289859E-003,6.501803727587685E-005,
2.497433333333334E+009,9.042689343914390E-004,-1.938217110364349E-006,1.022443524561822E-003,1.849128966568969E-005,
2.497466666666667E+009,8.709172252565622E-004,9.593499999027699E-005,9.285665582865477E-004,-1.113435209845193E-004,
2.497500000000000E+009,9.689254220575094E-004,3.025719888682943E-005,1.066627330146730E-003,5.726487870560959E-005,
2.497533333333334E+009,9.650600841268897E-004,9.466595656704158E-005,1.020642346702516E-003,-1.698651612969115E-005,
2.497566666666667E+009,9.863276500254870E-004,-1.484735457779607E-005,8.549112826585770E-004,-7.743383321212605E-005,
2.497600000000000E+009,9.521503234282136E-004,2.212009530921932E-005,1.072456245310605E-003,-8.635433914605528E-005,
2.497633333333334E+009,1.105716452002525E-003,-1.527439744677395E-004,9.861120488494635E-004,-6.932098040124402E-005,
2.497666666666667E+009,9.685835684649646E-004,-5.378162768465700E-006,1.059945090673864E-003,-1.600887844688259E-005,
2.497700000000000E+009,9.811359923332930E-004,-4.211538180243224E-005,1.053271349519491E-003,7.864720100769773E-005,
2.497733333333334E+009,1.074599451385438E-003,2.499159336366574E-006,9.906758787110448E-004,-5.803790372738149E-006,
2.497766666666667E+009,1.040180912241340E-003,-7.337722490774468E-005,8.253574487753213E-004,-1.565899583511055E-004,
2.497800000000000E+009,1.056922366842628E-003,-1.035127861541696E-004,1.062660943716765E-003,-3.487292633508332E-005,
2.497833333333334E+009,8.018831140361726E-004,-1.114714978029952E-004,1.066937576979399E-003,-5.777271144324914E-005,
2.497866666666667E+009,9.745727293193340E-004,-1.132374818553217E-004,9.657391929067671E-004,-3.897518035955727E-005,
2.497900000000000E+009,1.013054046779871E-003,-9.794520883588120E-005,1.049002981744707E-003,-6.722570833517239E-005,
2.497933333333334E+009,9.504113113507628E-004,-1.030724451993592E-004,9.577994351275265E-004,-1.878943876363337E-004,
2.497966666666667E+009,9.584745275788009E-004,-9.944336488842964E-005,1.039872411638498E-003,-3.420525899855420E-005,
2.498000000000000E+009,9.971668478101492E-004,-1.288675848627463E-004,1.070868107490242E-003,-6.737512740073726E-005,
2.498033333333334E+009,9.878381388261914E-004,-1.576659124111757E-004,9.923803154379129E-004,-5.008973312214948E-005,
2.498066666666667E+009,1.001168391667306E-003,-1.562319375807419E-004,1.029411097988486E-003,-1.856253948062658E-004,
2.498100000000000E+009,8.674692362546921E-004,-1.124807531596161E-004,9.757212828844786E-004,-1.855136652011424E-004,
2.498133333333334E+009,8.820561342872679E-004,-3.098124579992145E-004,9.559168247506023E-004,-1.497590274084359E-004,
2.498166666666667E+009,9.566869121044874E-004,-2.072127535939217E-004,9.803115390241146E-004,-1.703323068795726E-004,
2.498200000000000E+009,9.772517951205373E-004,-1.986068091355264E-004,9.913679677993059E-004,-2.190819259340060E-006,
2.498233333333334E+009,1.069011632353067E-003,-2.685678773559630E-004,9.676067857071757E-004,-2.341369981877506E-004,
2.498266666666667E+009,8.883879636414349E-004,-2.352911105845124E-004,8.968876209110022E-004,-2.350393042434007E-004,
2.498300000000000E+009,8.752569556236267E-004,-2.120632270816714E-004,1.018654089421034E-003,-2.515147498343140E-004,
2.498333333333334E+009,9.042769088409841E-004,-1.048703779815696E-004,9.920828742906451E-004,-2.089746849378571E-004,
2.498366666666667E+009,9.609673870727420E-004,-1.586530852364376E-004,9.943865006789565E-004,-1.934214669745415E-004,
2.498400000000000E+009,1.010915264487267E-003,-2.718225296121091E-004,8.491867920383811E-004,-2.162317396141589E-004,
2.498433333333334E+009,9.807629976421595E-004,-1.851555716712028E-004,9.955713758245111E-004,-1.760062150424346E-004,
2.498466666666667E+009,9.993764106184244E-004,-2.932233910541982E-004,9.003424202091992E-004,-1.785512577043846E-004,
2.498500000000000E+009,9.044002508744597E-004,-3.519994497764856E-004,1.006484264507890E-003,-1.973365287994966E-004,
2.498533333333334E+009,8.719067554920912E-004,-2.287570823682472E-004,9.745911229401827E-004,-1.993230835068971E-004,
2.498566666666667E+009,9.274423937313259E-004,-2.750064013525844E-004,8.975522359833121E-004,-1.720141735859215E-004,
2.498600000000000E+009,9.676461922936142E-004,-2.875886566471309E-004,1.049882499501109E-003,-2.803707611747086E-004,
2.498633333333334E+009,9.228523122146726E-004,-1.695037499302998E-004,1.060367678292096E-003,-3.005578473675996E-004,
2.498666666666667E+009,9.178497712127864E-004,-9.413973020855337E-005,1.078275963664055E-003,-3.365767479408532E-004,
2.498700000000000E+009,9.285373380407691E-004,-2.706208033487201E-004,9.283440886065364E-004,-1.840750919654965E-004,
2.498733333333334E+009,1.016076188534498E-003,-2.572453813627362E-004,9.190311538986862E-004,-2.968280459754169E-004,
2.498766666666667E+009,1.068923622369766E-003,-1.948398275999352E-004,9.550056420266628E-004,-3.203295636922121E-004,
2.498800000000000E+009,1.000297372229397E-003,-1.917034387588501E-004,1.012752763926983E-003,-9.331094042863697E-005,
2.498833333333334E+009,1.060249633155763E-003,-2.694954746402800E-004,1.040367642417550E-003,-3.582021163310856E-004,
2.498866666666667E+009,9.073013789020479E-004,-2.454580389894545E-004,1.065316144376993E-003,-3.016077680513263E-004,
2.498900000000000E+009,1.101876958273351E-003,-3.456308040767908E-004,1.029943116009235E-003,-2.159052091883496E-004,
2.498933333333334E+009,1.023501507006586E-003,-1.967359421541914E-004,1.132690231315792E-003,-2.070697082672268E-004,
2.498966666666667E+009,9.086619829759002E-004,-6.750888860551640E-005,1.010916312225163E-003,-3.253363829571754E-004,
2.499000000000000E+009,1.094860606826842E-003,-1.313332468271256E-004,9.436176042072475E-004,-1.067797275027260E-004,
2.499033333333334E+009,1.019041519612074E-003,-2.679584722500294E-004,1.065503340214491E-003,-2.445006393827498E-004,
2.499066666666667E+009,1.032763277180493E-003,-2.051150222541764E-004,1.097755273804069E-003,-3.100513422396034E-004,
2.499100000000000E+009,1.091882237233222E-003,-1.908636913867667E-004,1.023556222207844E-003,-3.204310196451843E-004,
2.499133333333334E+009,1.033128588460386E-003,-2.961578429676592E-004,9.093093685805798E-004,-3.500781313050538E-004,
2.499166666666667E+009,9.377526002936065E-004,-2.327483234694228E-004,1.077787834219635E-003,-1.532032765680924E-004,
2.499200000000000E+009,1.100371126085520E-003,-8.540878479834646E-005,1.115792430937290E-003,-1.908553531393409E-004,
2.499233333333334E+009,1.043691183440387E-003,-3.618811024352908E-004,1.142888446338475E-003,-3.699212684296072E-004,
2.499266666666667E+009,1.062834053300321E-003,-2.998491981998086E-004,1.001740922220051E-003,-2.241624169982970E-004,
2.499300000000000E+009,9.474651888012886E-004,-4.657699610106647E-004,1.020663999952376E-003,-3.259003569837660E-004,
2.499333333333334E+009,1.145026879385114E-003,-3.239922516513616E-004,1.133684185333550E-003,-3.588604740798473E-004,
2.499366666666667E+009,9.472417295910418E-004,-1.578346418682486E-004,1.018573646433651E-003,-3.667407727334648E-004,
2.499400000000000E+009,9.421424474567175E-004,-2.908403112087399E-004,1.122631016187370E-003,-2.959186094813049E-004,
2.499433333333334E+009,9.368005557917059E-004,-3.504625346977264E-004,1.062434399500489E-003,-3.896344860550016E-004,
2.499466666666667E+009,1.190716167911887E-003,-2.983183949254453E-004,1.098409877158701E-003,-4.250678175594658E-004,
2.499500000000000E+009,8.131286595016718E-004,-2.301502099726349E-004,9.802506538107991E-004,-4.281728470232338E-004,
2.499533333333334E+009,8.771794964559376E-004,-2.965090388897806E-004,9.545609937049449E-004,-4.532769380602986E-004,
2.499566666666667E+009,1.082770642824471E-003,-3.691217862069607E-004,9.830087656155229E-004,-4.698490956798196E-004,
2.499600000000000E+009,1.084000221453607E-003,-3.513673727866262E-004,1.042672782205045E-003,-3.248853900004178E-004,
2.499633333333334E+009,1.054573105648160E-003,-3.807342436630279E-004,1.018068753182888E-003,-4.267709737177938E-004,
2.499666666666667E+009,9.405885939486325E-004,-4.257926775608212E-004,8.555029635317624E-004,-3.397284890525043E-004,
2.499700000000000E+009,8.786125690676272E-004,-1.766575151123107E-004,9.628258412703872E-004,-2.779803471639752E-004,
2.499733333333334E+009,1.002651639282703E-003,-4.624545690603554E-004,9.831099305301905E-004,-4.292662197258323E-004,
2.499766666666667E+009,1.021690201014280E-003,-4.074755706824362E-004,9.641682263463736E-004,-4.546368436422199E-004,
2.499800000000000E+009,9.572421549819410E-004,-3.006095939781517E-004,9.510080562904477E-004,-4.695460083894432E-004,
2.499833333333334E+009,9.763368288986385E-004,-3.876369737554342E-004,8.435224881395698E-004,-4.178668896201998E-004,
2.499866666666667E+009,9.913996327668428E-004,-4.563564725685865E-004,8.171878289431334E-004,-3.895076515618712E-004,
2.499900000000000E+009,8.361026993952692E-004,-4.555195046123117E-004,8.994265808723867E-004,-2.998415147885680E-004,
2.499933333333334E+009,8.164207683876157E-004,-5.526150926016271E-004,9.242145461030304E-004,-5.747081595472992E-004,
2.499966666666667E+009,9.139299509115517E-004,-4.823252675123513E-004,9.591719717718661E-004,-4.860131011810154E-004,
2.500000000000000E+009,8.919503889046609E-004,-4.379670426715165E-004,8.403233368881047E-004,-5.707673844881356E-004,
