% Version 1.00
%
%freq[Hz];re:Trc1_S21;im:Trc1_S21;re:Trc2_S12;im:Trc2_S12;
2.480000000000000E+009,1.637228706385940E-004,-3.352492640260607E-004,1.290679938392714E-004,-1.619111571926624E-004,
2.480033333333334E+009,2.025945723289624E-004,-1.742104504955933E-004,1.634285581531003E-004,-2.937696117442101E-004,
2.480066666666667E+009,1.555768976686522E-004,-2.324325760127977E-004,1.754832919687033E-004,-2.088934561470524E-004,
2.480100000000000E+009,2.472540945746005E-004,-1.858222531154752E-004,1.536327326903120E-004,-2.277769817737863E-004,
2.480133333333334E+009,2.081169805023819E-004,-3.486584319034591E-005,1.533232425572351E-004,-6.676421617157757E-005,
2.480166666666667E+009,1.883272780105472E-004,-2.175543631892651E-004,1.518620265414938E-004,-2.395397896179929E-004,
2.480200000000000E+009,8.237711153924465E-005,-2.581650624051690E-004,1.941154187079519E-004,-2.179376169806346E-004,
2.480233333333334E+009,3.102139162365347E-004,-2.154009998776019E-004,2.048280293820426E-004,-3.990031545981765E-004,
2.480266666666667E+009,2.626753121148795E-004,-3.127611416857690E-004,2.985196479130536E-004,-2.880283282138407E-004,
2.480300000000000E+009,3.303805715404451E-004,-2.259003231301904E-004,1.861701166490093E-004,-2.324709930690005E-004,
2.480333333333334E+009,1.587047881912440E-004,-2.815080806612968E-004,2.093552611768246E-004,-1.836181472754106E-004,
2.480366666666667E+009,2.527882170397788E-004,-2.107475593220443E-004,4.088192945346236E-004,-2.069608308374882E-004,
2.480400000000000E+009,1.974670012714341E-004,-2.075462689390406E-004,2.065068547381088E-004,-1.783054904080927E-004,
2.480433333333334E+009,3.135964216198772E-004,-1.881682837847620E-004,1.405707444064319E-004,-1.858118484960869E-004,
2.480466666666667E+009,1.886657555587590E-004,-2.741928037721664E-004,1.544137485325337E-004,-2.556930703576654E-004,
2.480500000000000E+009,2.338842023164034E-004,-1.862161152530462E-004,2.236206782981753E-004,-1.968904543900862E-004,
2.480533333333334E+009,1.380759058520198E-004,-2.215330896433443E-004,1.331206149188802E-004,-2.763281918305438E-005,
2.480566666666667E+009,3.315376816317439E-004,-1.068977508111857E-004,1.848716055974364E-004,-1.468841655878350E-004,
2.480600000000000E+009,1.990776509046555E-004,-1.935817708726972E-004,1.680373679846525E-004,-1.846327795647085E-004,
2.480633333333334E+009,2.000017702812329E-004,-1.456491154385731E-004,2.237371372757480E-004,-1.074869360309094E-004,
2.480666666666667E+009,1.963935355888680E-004,-1.244118902832270E-004,1.296417030971497E-004,-1.244587474502623E-004,
2.480700000000000E+009,1.336950081167743E-004,-1.975325867533684E-004,7.377373549388722E-005,-1.531178131699562E-004,
2.480733333333334E+009,1.899661729112268E-004,-1.999695377890021E-004,9.325989958597347E-005,-2.127691841451451E-004,
2.480766666666667E+009,2.650275419000536E-004,-3.376515523996204E-004,2.483900752849877E-004,-1.369129895465449E-004,
2.480800000000000E+009,1.835316215874627E-004,-1.008141625788994E-004,2.233676495961845E-004,-2.371793671045452E-004,
2.480833333333334E+009,2.030270698014647E-004,-2.343661617487669E-004,2.652795228641480E-004,-2.357555058551952E-004,
2.480866666666667E+009,2.431556204101071E-004,-1.552762259962037E-004,1.355734420940280E-004,-8.641474414616823E-005,
2.480900000000000E+009,1.504520623711869E-004,-2.143968304153532E-004,1.785053027560934E-004,-2.269713004352525E-004,
2.480933333333334E+009,1.410346012562513E-004,-1.954350009327754E-004,2.194236003560945E-004,-1.775275741238147E-004,
2.480966666666667E+009,2.853285113815218E-004,-2.597205748315901E-004,2.328137197764590E-004,-2.093074581352994E-004,
2.481000000000000E+009,2.384252875344828E-004,-2.852251054719091E-004,1.130305681726895E-004,-2.529729681555182E-004,
2.481033333333334E+009,1.108385331463069E-004,-7.534070027759299E-005,1.951970189111307E-004,-2.656562428455800E-004,
2.481066666666667E+009,1.355148851871491E-004,-2.223451592726633E-004,7.692512735957280E-005,-3.411905490793288E-004,
2.481100000000000E+009,1.600896357558668E-004,-1.984484406420961E-004,3.045407065656036E-004,-2.172360545955598E-004,
2.481133333333334E+009,2.087932225549594E-004,-2.097906253766269E-004,1.512950693722814E-004,-1.989756565308198E-004,
2.481166666666667E+009,1.308775390498340E-004,-1.721018052194268E-004,1.570063177496195E-004,-1.832807320170105E-004,
2.481200000000000E+009,1.387529482599348E-004,-2.313231816515327E-004,2.339210186619312E-004,-1.935775799211115E-004,
2.481233333333334E+009,1.492005249019712E-004,-9.044147009262815E-005,1.796161959646270E-004,-2.027493173955008E-004,
2.481266666666667E+009,1.473345619160682E-004,-2.315475867362693E-004,6.553901039296761E-005,-1.913809101097286E-004,
2.481300000000000E+009,1.603349373908714E-004,-1.130401215050370E-004,2.152124361600727E-004,-2.400899393251166E-004,
2.481333333333334E+009,6.959039455978200E-005,-2.830835583154112E-004,8.682603220222518E-005,-2.107505570165813E-004,
2.481366666666667E+009,3.345673030707985E-005,-2.359039353905246E-004,1.263111626030877E-004,-2.727355167735368E-004,
2.481400000000000E+009,7.975998596521094E-005,-1.993056357605383E-004,1.058194029610604E-004,-1.734589459374547E-004,
2.481433333333334E+009,-6.810822128500149E-007,-9.711410530144349E-005,2.052121126325801E-004,-1.668603508733213E-004,
2.481466666666667E+009,7.286029722308740E-005,-2.143170422641560E-004,2.231194230262190E-004,-1.644593139644712E-004,
2.481500000000000E+009,1.792979164747521E-004,-2.348995330976322E-004,2.732199791353196E-004,-1.362549373880029E-004,
2.481533333333334E+009,6.762552220607176E-005,-1.418367319274694E-004,1.324834156548604E-004,-3.180265193805099E-004,
2.481566666666667E+009,1.308595528826118E-004,-2.725070226006210E-004,2.942462160717696E-004,-1.227158645633608E-004,
2.481600000000000E+009,1.082172602764331E-004,-2.477562811691314E-004,1.266172475880012E-004,-2.672238042578101E-004,
2.481633333333334E+009,8.728576358407736E-005,-2.270381373818964E-004,5.655223867506720E-005,-2.407004940323532E-004,
2.481666666666667E+009,1.523841056041420E-004,-7.440811896231026E-005,1.174486678792164E-004,-3.104292409261689E-005,
2.481700000000000E+009,9.674440661910921E-005,-1.990911550819874E-004,6.198835035320371E-005,-1.856082672020420E-004,
2.481733333333334E+009,1.268337364308536E-004,-3.451386583037674E-004,2.075944757962134E-005,-1.922961964737624E-004,
2.481766666666667E+009,1.235398522112519E-004,-2.179874427383766E-004,1.474367891205475E-004,-3.313280176371336E-004,
2.481800000000000E+009,3.847001153189922E-006,-1.926255354192108E-004,1.231893256772310E-004,-1.525094558019191E-004,
2.481833333333334E+009,1.073426101356745E-004,-1.745733316056430E-004,2.062687271973118E-004,-1.592786284163594E-004,
2.481866666666667E+009,1.612705382285640E-004,-2.489793696440756E-004,1.680532295722514E-004,-2.028394519584253E-004,
2.481900000000000E+009,2.199566224589944E-004,-2.065447915811092E-004,1.319593575317413E-004,-1.314378459937871E-004,
2.481933333333334E+009,1.216075688716956E-004,-1.109008953790180E-004,1.031000865623355E-004,-1.511935406597331E-004,
2.481966666666667E+009,1.673401857260615E-004,-1.535331248305738E-004,9.172069985652342E-005,-1.915720058605075E-004,
2.482000000000000E+009,1.161430991487578E-004,-7.724731403868645E-005,1.212036877404898E-004,-1.981761161005124E-004,
2.482033333333334E+009,1.466239336878061E-004,-9.297055839851964E-006,6.939694139873609E-005,-1.557816576678306E-004,
2.482066666666667E+009,3.184982051607221E-005,-3.067225770791993E-005,1.648517063586041E-004,-1.175248544313945E-004,
2.482100000000000E+009,5.567429616348818E-005,-2.335376339033246E-004,1.990115852095187E-004,-5.464140849653631E-005,
2.482133333333334E+009,4.513917519943789E-005,-1.226356107508764E-004,3.532152913976461E-005,-4.651904600905255E-005,
2.482166666666667E+009,5.998208507662639E-005,-7.076709152897820E-005,1.467050606152043E-004,-1.930411817738786E-004,
2.482200000000000E+009,1.004635123535991E-004,-3.237351120333187E-005,-1.864041041699238E-005,-8.769328997004777E-005,
2.482233333333334E+009,3.463880784693174E-005,-3.797085082624108E-005,1.563673868076876E-004,-1.549398730276153E-004,
2.482266666666667E+009,1.079475550795905E-004,-1.225710093422094E-006,1.703170273685828E-004,-1.973070320673287E-004,
2.482300000000000E+009,4.152799647272332E-006,-2.004480629693717E-004,3.005495818797499E-005,-1.369408128084615E-004,
2.482333333333334E+009,1.092799502657726E-004,-2.046201116172597E-004,7.867333624744788E-005,-7.613685738760978E-005,
2.482366666666667E+009,9.943979966919869E-005,-1.736388076096773E-004,3.179306804668158E-004,-6.947534711798653E-005,
2.482400000000000E+009,1.314225664827973E-004,-1.983424153877422E-004,3.249860310461372E-005,-1.000057745841332E-004,
2.482433333333334E+009,3.996971281594597E-005,-1.529862784082070E-004,6.287860742304474E-005,-1.762581377988681E-004,
2.482466666666667E+009,1.609884784556925E-004,-1.073320017894730E-004,6.158943870104849E-005,-8.669883391121402E-005,
2.482500000000000E+009,9.123166819335893E-005,-1.955600309884176E-004,8.255747525254265E-005,-8.905735012376681E-005,
2.482533333333334E+009,-4.027874820167199E-005,-1.258095871889964E-004,9.603756188880652E-005,-2.271548728458583E-004,
2.482566666666667E+009,7.008461398072541E-005,-1.204446671181358E-004,4.462447759578936E-005,-2.690240216907114E-004,
2.482600000000000E+009,1.238205586560071E-004,-1.058745619957335E-004,2.095841773552820E-005,-2.319917693967000E-004,
2.482633333333334E+009,8.220798190450296E-005,-2.470499603077769E-004,9.639655036153272E-005,-3.061993338633329E-004,
2.482666666666667E+009,-4.802602234121878E-006,-1.509238936705515E-004,3.823795850621536E-005,-4.483532029553317E-005,
2.482700000000000E+009,6.874751124996692E-005,-2.233294944744557E-004,6.677923374809325E-005,-1.175747092929669E-004,
2.482733333333334E+009,1.754455734044313E-004,-7.381455361610279E-005,-6.149699856905500E-006,-8.236251596827060E-005,
2.482766666666667E+009,1.285521866520867E-004,-3.111881378572434E-004,1.179811151814647E-004,-1.766408386174589E-004,
2.482800000000000E+009,1.638789108255878E-004,-1.795729767763987E-004,3.555882358341478E-005,-1.560561941005290E-004,
2.482833333333334E+009,-8.183113823179156E-005,-2.368306159041822E-004,-9.902862075250596E-005,-9.409659833181649E-005,
2.482866666666667E+009,1.464202941861004E-004,-8.219824667321518E-005,1.533541799290106E-004,-1.674582745181397E-004,
2.482900000000000E+009,-7.111217564670369E-005,-3.602052747737616E-004,4.335850098868832E-005,-2.941456041298807E-004,
2.482933333333334E+009,3.026109334314242E-005,-2.086999447783455E-004,1.185782675747760E-004,-1.128864023485221E-004,
2.482966666666667E+009,-6.379075784934685E-005,-2.356474578846246E-004,-5.097065513837151E-005,-2.339253842364997E-004,
2.483000000000000E+009,6.678885984001681E-005,-1.250104833161458E-004,6.913603283464909E-005,-1.064347379724495E-004,
2.483033333333334E+009,1.478432095609605E-004,-1.672557700658217E-004,1.100105364457704E-004,-1.195037038996816E-004,
2.483066666666667E+009,1.351557148154825E-004,-1.784257183317095E-004,6.078138176235370E-005,-1.469831204303773E-005,
2.483100000000000E+009,1.346761418972164E-004,-2.536287938710302E-004,1.821357291191816E-004,8.304072980536148E-005,
2.483133333333334E+009,4.446087041287683E-005,-2.291353666805662E-005,-3.351659324835055E-005,-4.521610753727146E-005,
2.483166666666667E+009,4.439119220478460E-005,-1.530813024146482E-004,4.566479401546530E-005,-1.206472734338604E-004,
2.483200000000000E+009,3.012843762917328E-006,-2.047169546131045E-004,1.884011180663947E-005,-1.700960856396705E-004,
2.483233333333334E+009,-6.603772635571659E-005,-2.628865186125040E-004,9.556895383866504E-005,-1.212104980368167E-004,
2.483266666666667E+009,9.797476195672061E-006,-2.919797843787819E-004,1.331488310825080E-004,-2.971278991026338E-005,
2.483300000000000E+009,1.858090945461299E-005,-1.837641684687696E-005,-1.348568766843528E-004,-1.570244639879093E-004,
2.483333333333334E+009,-6.714665232721018E-007,-1.103944086935371E-004,1.059371934388764E-004,-4.020705455332063E-005,
2.483366666666667E+009,-1.035734658216825E-005,-6.188364204717800E-005,2.361309634579811E-005,-3.147029201500118E-005,
2.483400000000000E+009,-2.614506774989422E-005,-4.763234392157756E-005,-1.403274472977500E-005,-1.099741275538690E-004,
2.483433333333334E+009,-8.710095426067710E-005,-1.511903683422133E-004,-2.152329834643751E-004,-3.414417733438313E-005,
2.483466666666667E+009,4.411241025081836E-005,-6.202763324836269E-005,4.502757292357273E-005,6.333930650725961E-005,
2.483500000000000E+009,-1.417321764165536E-004,-5.123270602780394E-005,-1.106959098251537E-005,-4.295312692192965E-007,
2.483533333333334E+009,-1.001260243356228E-004,-1.090857476810925E-004,1.377915668854257E-005,-1.023912336677313E-004,
2.483566666666667E+009,1.143450481322361E-005,-1.305867190239951E-004,-6.406393367797136E-005,3.468537761364132E-005,
2.483600000000000E+009,1.041401119437069E-004,1.340404414804652E-004,-2.261424742755480E-005,1.511973187007243E-005,
2.483633333333334E+009,2.440729258523788E-005,1.407684885634808E-005,-8.714146133570466E-006,4.682479629991576E-005,
2.483666666666667E+009,9.796141966944560E-005,-1.628225254535209E-005,-1.618895475985482E-005,-3.569517866708338E-005,
2.483700000000000E+009,-3.415748869883828E-005,1.187505913549103E-004,7.644014840479940E-005,2.372770177316852E-005,
2.483733333333334E+009,4.803948104381561E-005,1.220421108882874E-004,1.351260470983107E-005,-3.837684198515490E-005,
2.483766666666667E+009,-1.108996366383508E-004,-1.709555217530578E-004,-4.998525764676742E-005,-4.031015851069242E-005,
2.483800000000000E+009,-8.132075890898705E-005,-7.490793359465897E-005,-1.053427622537129E-004,-6.463829049607739E-005,
2.483833333333334E+009,-8.942608474171720E-006,1.443660585209727E-004,6.310054686764488E-006,-1.941482623806223E-004,
2.483866666666667E+009,6.505665078293532E-005,2.306980240973644E-005,4.941544830217026E-005,5.004240847483743E-006,
2.483900000000000E+009,-1.110524390242063E-004,7.507559348596260E-005,-9.835957462200895E-005,-1.118000145652331E-004,
2.483933333333334E+009,-2.397413845756091E-005,-1.713688470772468E-005,-7.132360769901425E-005,1.264724996872246E-004,
2.483966666666667E+009,1.152625645772787E-005,-1.149718518718146E-004,-4.317425555200316E-005,7.184899004641920E-005,
2.484000000000000E+009,-1.605819124961272E-004,-1.580957723490428E-005,-6.177059549372643E-005,2.160798067052383E-005,
2.484033333333334E+009,-1.326793571934104E-004,-4.383996565593407E-005,-4.823282142751850E-005,8.979366248240694E-005,
2.484066666666667E+009,9.399292321177200E-005,8.246306970249862E-005,-2.944561674667057E-005,1.133608166128397E-004,
2.484100000000000E+009,-1.430451520718634E-004,1.432295248378068E-004,1.818693090172019E-005,2.974911330966279E-005,
2.484133333333334E+009,-1.757322024786845E-005,1.084019459085539E-004,-2.540612877055537E-005,6.844549716333859E-006,
2.484166666666667E+009,-2.157035341951996E-004,1.573745794303250E-005,-6.623193621635437E-005,2.710542867134791E-005,
2.484200000000000E+009,2.692961788852699E-005,-3.441687113081571E-006,-1.268761552637443E-004,8.187950879801065E-005,
2.484233333333334E+009,3.868944531859597E-006,-5.274158684187569E-005,-1.294099638471380E-004,1.060339272953570E-004,
2.484266666666667E+009,7.623566489201039E-005,-1.168563903775066E-004,9.569389658281580E-005,-8.999992860481143E-005,
2.484300000000000E+009,-8.737840835237876E-005,2.531472819100600E-005,1.078497916751076E-005,-1.605799980097800E-006,
2.484333333333334E+009,-1.262330915778875E-004,3.861934965243563E-005,-3.030703510376043E-006,-1.308874052483589E-004,
2.484366666666667E+009,-6.671316077699885E-005,-5.192961543798447E-005,-6.530999962706119E-005,9.982403571484610E-005,
2.484400000000000E+009,-1.400781911797822E-004,2.342863808735274E-005,-1.058910766005283E-005,9.614427108317614E-005,
2.484433333333334E+009,1.651853563089389E-005,2.145454636774957E-004,6.312879850156605E-005,-1.175450088339858E-004,
2.484466666666667E+009,-9.315615898231044E-006,2.772814877971541E-005,1.924698699440341E-005,1.194343567476608E-004,
2.484500000000000E+009,1.566876380820759E-005,2.277645398862660E-005,-9.928618237609044E-005,1.083353708963841E-004,
2.484533333333334E+009,-5.146923285792582E-005,1.471701689297333E-004,-7.901407661847770E-005,-1.075957043212839E-004,
2.484566666666667E+009,-9.006616164697334E-005,1.629950274946168E-004,-1.342680661764462E-005,-4.321987216826528E-005,
2.484600000000000E+009,-1.524448016425595E-004,1.002526405500248E-004,-8.605783659731969E-005,-1.262933801626787E-005,
2.484633333333334E+009,-1.683880327618681E-005,-6.320437023532577E-006,-7.312400703085586E-005,7.651792111573741E-005,
2.484666666666667E+009,-2.681253317859955E-005,8.345715468749404E-005,-1.352305553155020E-004,1.340209382760804E-005,
2.484700000000000E+009,5.800941835332196E-006,2.032413904089481E-004,-1.990884047700092E-004,1.141067841672339E-004,
2.484733333333334E+009,-3.011482476722449E-005,5.987715485389344E-005,-6.991060945438221E-005,-1.780508318915963E-005,
2.484766666666667E+009,-6.747841689502820E-005,1.751619711285457E-004,-8.583508315496147E-005,3.946895230910741E-005,
2.484800000000000E+009,-1.209172023663996E-005,8.161130972439423E-005,-1.522672246210277E-004,1.168579037766904E-004,
2.484833333333334E+009,1.956305641215295E-005,8.850100130075589E-005,-9.751739708008245E-005,1.259872951777652E-004,
2.484866666666667E+009,-1.002560748020187E-004,1.580480893608183E-004,-1.033434382406995E-004,1.441733911633492E-004,
2.484900000000000E+009,-4.338621511124075E-005,8.908501331461594E-005,-1.070497310138308E-004,1.212124916492030E-004,
2.484933333333334E+009,-6.297968866419978E-006,1.582873810548335E-004,-7.844870560802519E-005,1.019073824863881E-004,
2.484966666666667E+009,-4.533017272478901E-005,3.989640390500426E-005,6.535743182212173E-007,1.029295526677743E-004,
2.485000000000000E+009,-7.652269414393231E-005,1.483798405388370E-004,-1.081675291061401E-004,1.100613153539598E-004,
2.485033333333334E+009,-7.320018630707637E-005,1.889574341475964E-004,6.008957825542893E-006,9.577674063621089E-005,
2.485066666666667E+009,-3.217759876861237E-005,1.744403853081167E-004,-4.275088213034906E-005,1.319317525485531E-004,
2.485100000000000E+009,-3.333265703986399E-005,1.858881587395445E-004,-6.289909651968628E-005,9.401067654835060E-005,
2.485133333333334E+009,-7.108342106221244E-005,1.450400595786050E-004,-1.262681907974184E-004,3.246802589274012E-005,
2.485166666666667E+009,-3.708162330440246E-005,2.860258064174559E-005,-1.615091314306483E-004,2.535907551646233E-004,
2.485200000000000E+009,-1.033332227962092E-004,9.633465379010886E-005,-8.396550401812419E-005,1.274217938771471E-004,
2.485233333333334E+009,-8.392268682655413E-006,1.594190252944827E-004,9.051954111782834E-005,5.751359640271403E-005,
2.485266666666667E+009,-3.684206603793427E-005,1.152415497926995E-004,1.106104391510598E-004,1.887714315671474E-004,
2.485300000000000E+009,2.121258730767295E-004,1.621011761017144E-004,5.637632057187147E-006,8.834245818434283E-005,
2.485333333333334E+009,-5.076454181107692E-005,1.872637076303363E-004,-6.178123840072658E-006,2.252330741612241E-004,
2.485366666666667E+009,8.925548172555864E-005,2.668556116987020E-004,-1.283688288822305E-005,1.158193481387571E-004,
2.485400000000000E+009,-2.729815423663240E-005,1.213214418385178E-004,2.809617581078783E-005,1.944300893228501E-004,
2.485433333333334E+009,1.182054475066252E-004,3.248956345487386E-004,8.320208871737123E-005,2.161509764846414E-004,
2.485466666666667E+009,6.335269426926971E-005,3.061800089199096E-004,1.099568453355460E-005,1.604228455107659E-004,
2.485500000000000E+009,6.655990728177130E-005,2.173425455112010E-004,4.974474722985178E-005,1.914398017106578E-004,
2.485533333333334E+009,-2.839604712789878E-005,1.190063485410065E-004,-1.424082292942330E-004,1.728954812278971E-004,
2.485566666666667E+009,1.946169686561916E-005,2.112218644469976E-004,-7.338741852436215E-005,9.034580580191687E-005,
2.485600000000000E+009,8.239500311901793E-005,1.177704471047036E-004,6.451887747971341E-005,2.064824075205252E-004,
2.485633333333334E+009,-1.392830454278737E-004,2.189508377341554E-004,-6.886883784318343E-005,2.621978637762368E-004,
2.485666666666667E+009,-9.188197145704180E-005,2.432916226098314E-004,-1.504429019405507E-005,3.029244544450194E-004,
2.485700000000000E+009,-9.785235306480900E-005,1.122685280279256E-004,-6.967738590901718E-005,1.468828704673797E-004,
2.485733333333334E+009,-2.153792956960388E-005,2.952937211375684E-004,-8.457851072307676E-005,1.735744881443679E-004,
2.485766666666667E+009,9.036878327606246E-005,1.696834078757092E-004,-5.764258094131947E-005,2.740629424806684E-004,
2.485800000000000E+009,1.759245037646906E-006,1.858321920735762E-004,-5.139995846548118E-005,1.633270294405520E-004,
2.485833333333334E+009,9.787767339730635E-005,1.982160320039839E-004,-3.119081884506159E-005,1.333471300313249E-004,
2.485866666666667E+009,-4.121554593439214E-005,1.043575466610491E-004,-2.690367909963243E-005,2.058343234239146E-004,
2.485900000000000E+009,-4.193781569483690E-005,1.921375805977732E-004,6.294149352470413E-005,2.680373727343977E-004,
2.485933333333334E+009,1.075423060683534E-004,1.167226073448546E-004,-4.184574936516583E-005,1.917889458127320E-004,
2.485966666666667E+009,2.690309338504449E-005,1.662488357396796E-004,-5.814412725158036E-005,1.505889667896554E-004,
2.486000000000000E+009,-2.592589680716628E-006,2.630602684803307E-004,5.266329389996827E-005,1.713088277028874E-004,
2.486033333333334E+009,8.737717871554196E-005,2.512431237846613E-004,1.330596423940733E-004,2.323028747923672E-004,
2.486066666666667E+009,4.992395770386793E-005,1.817407319322228E-004,-4.794872438651510E-006,1.228422479471192E-004,
2.486100000000000E+009,-1.916220571729355E-005,1.983268448384479E-004,-5.753324148827232E-005,2.287321403855458E-004,
2.486133333333334E+009,1.169949682662264E-004,3.683141549117863E-004,6.213671440491453E-005,1.823356142267585E-004,
2.486166666666667E+009,6.152049536467530E-006,2.340767532587051E-004,-5.027074803365395E-005,2.498952380847186E-004,
2.486200000000000E+009,-3.147237066514208E-006,2.938587567768991E-004,4.057557453052141E-005,2.361459191888571E-004,
2.486233333333334E+009,7.159561209846288E-005,2.459747774992138E-004,2.242642221972346E-005,2.183358883485198E-004,
2.486266666666667E+009,8.664889901410788E-005,3.539139579515904E-004,-6.040104926796630E-005,2.655939606484026E-004,
2.486300000000000E+009,1.866986131062731E-004,2.253320999443531E-004,-1.928337587742135E-005,2.808571734931320E-004,
2.486333333333334E+009,1.350613183603855E-005,3.615403256844729E-004,-6.586014205822721E-005,2.409078151686117E-004,
2.486366666666667E+009,-1.116933126468211E-004,2.366862463532016E-004,7.448598626069725E-005,2.986354229506105E-004,
2.486400000000000E+009,3.312525950605050E-005,3.187406982760876E-004,8.549507037969306E-005,2.552865771576762E-004,
2.486433333333334E+009,8.406586857745424E-005,1.696565304882824E-004,-5.494120341609232E-005,2.494190121069551E-004,
2.486466666666667E+009,2.195338456658647E-004,3.212919982615858E-004,3.595140151446685E-005,2.780242939479649E-004,
2.486500000000000E+009,-1.670558049227111E-005,3.923631447833031E-004,1.651960701565258E-005,2.031088661169633E-004,
2.486533333333334E+009,1.026551763061434E-004,1.869369152700529E-004,1.482410152675584E-004,2.469570608809590E-004,
2.486566666666667E+009,8.174462891474832E-006,2.941019483841956E-004,7.629557512700558E-005,3.069346130359918E-004,
2.486600000000000E+009,1.507191627752036E-004,3.381260612513870E-004,4.417509990162216E-005,3.230311267543584E-004,
2.486633333333334E+009,-2.665312058525160E-005,2.849200973287225E-004,-6.732884503435344E-005,3.186894755344838E-004,
2.486666666666667E+009,1.693074445938692E-004,2.754974993877113E-004,1.078271889127791E-004,3.807533357758075E-004,
2.486700000000000E+009,8.421148231718689E-005,4.426374216564000E-004,1.176559744635597E-004,2.620244922582060E-004,
2.486733333333334E+009,6.396827666321769E-005,3.500568855088204E-004,2.271178382216021E-004,4.073974268976599E-004,
2.486766666666667E+009,2.550028439145535E-004,3.818114055320621E-004,2.096254902426153E-004,3.531998663675040E-004,
2.486800000000000E+009,1.077153792721219E-004,3.193418378941715E-004,2.215589775005356E-004,3.120080800727010E-004,
2.486833333333334E+009,7.337855640798807E-005,2.843432594090700E-004,1.742017193464562E-004,3.071184619329870E-004,
2.486866666666667E+009,1.136741266236641E-004,3.145741648040712E-004,1.036893299897201E-004,3.760705876629800E-004,
2.486900000000000E+009,1.232590307154169E-006,3.007960913237184E-004,1.179659157060087E-004,3.797062090598047E-004,
2.486933333333334E+009,1.150602547568269E-004,3.409648779779673E-004,2.376423362875357E-004,3.816004027612507E-004,
2.486966666666667E+009,3.218712517991662E-004,4.374038544483483E-004,-2.942155333585106E-006,3.319040406495333E-004,
2.487000000000000E+009,1.694881502771750E-004,2.960873825941235E-004,5.643288022838533E-005,2.311140560777858E-004,
2.487033333333334E+009,1.220451304106973E-004,3.974530554842204E-004,9.939606388797984E-005,3.897722635883838E-004,
2.487066666666667E+009,1.273719244636595E-004,3.900721785612404E-004,3.051387611776590E-004,3.008412604685873E-004,
2.487100000000000E+009,1.714007230475545E-004,1.782479812391102E-004,1.446847891202197E-004,4.045971145387739E-004,
2.487133333333334E+009,1.747787464410067E-004,4.242453433107585E-004,4.771105523104779E-005,3.270010638516396E-004,
2.487166666666667E+009,1.474716409575194E-004,3.508516820147634E-004,8.310491830343381E-005,3.664451651275158E-004,
2.487200000000000E+009,1.625439326744527E-004,1.313516841037199E-004,1.879306946648285E-004,2.897105878219008E-004,
2.487233333333334E+009,1.239643461303785E-004,4.527698620222509E-004,3.101328329648823E-004,3.627672849688679E-004,
2.487266666666667E+009,1.362568291369826E-004,2.433042827760801E-004,6.019196734996513E-005,4.704062594100833E-004,
2.487300000000000E+009,6.305068382062018E-005,4.347705107647926E-004,1.675545063335449E-004,3.714909253176302E-004,
2.487333333333334E+009,-6.064963963581249E-005,4.077683552168310E-004,2.334016753593460E-004,3.094916755799204E-004,
2.487366666666667E+009,1.473626325605437E-004,4.075721371918917E-004,1.022121650748886E-004,4.701490688603371E-004,
2.487400000000000E+009,1.091002268367447E-004,4.130195011384785E-004,1.748655195115134E-004,4.352640244178474E-004,
2.487433333333334E+009,1.846787781687453E-004,4.363909829407930E-004,8.132382208714262E-005,2.150489017367363E-004,
2.487466666666667E+009,4.689845081884414E-005,2.582004817668349E-004,5.668706762662623E-006,4.117631469853222E-004,
2.487500000000000E+009,1.401000772602856E-004,4.077561607118696E-004,-2.505241718608886E-005,5.620357696898282E-004,
2.487533333333334E+009,1.259534619748592E-004,3.869007341563702E-004,8.402198727708310E-005,3.842518199235201E-004,
2.487566666666667E+009,1.274225360248238E-004,1.569936284795404E-004,6.922362081240863E-005,2.483867865521461E-004,
2.487600000000000E+009,8.737773896427825E-005,2.019160892814398E-004,5.705116927856579E-005,2.951328933704644E-004,
2.487633333333334E+009,2.411253080936149E-004,3.362551506143063E-004,1.690814533503726E-004,4.607900045812130E-004,
2.487666666666667E+009,2.479359682183713E-004,3.475309640634805E-004,1.858761534094811E-004,3.068334190174937E-004,
2.487700000000000E+009,1.376402360619977E-004,3.280282544437796E-004,2.767422993201762E-004,4.866608069278300E-004,
2.487733333333334E+009,2.655567659530789E-004,3.259213990531862E-004,2.271343546453863E-004,3.345976583659649E-004,
2.487766666666667E+009,1.657561369938776E-004,3.094408311881125E-004,1.292557863052934E-004,2.978948468808085E-004,
2.487800000000000E+009,2.738455368671566E-004,3.152674471493810E-004,3.110712277702987E-004,3.917079593520612E-004,
2.487833333333334E+009,1.159542734967545E-004,3.173121367581189E-004,1.609648606972769E-004,2.512698119971901E-004,
2.487866666666667E+009,2.081294769595843E-005,2.176447742385790E-004,1.457251928513870E-004,4.223638388793916E-004,
2.487900000000000E+009,2.701358171179891E-004,4.458931507542729E-004,2.254980936413631E-004,3.159506595693529E-004,
2.487933333333334E+009,1.677318214206025E-004,3.124039212707430E-004,1.024882731144317E-004,3.464200708549470E-004,
2.487966666666667E+009,1.592432090546936E-004,3.242924285586923E-004,2.261217596242204E-004,3.650619182735682E-004,
2.488000000000000E+009,1.612296764506027E-004,3.238833742216229E-004,2.659248420968652E-004,3.778240643441677E-004,
2.488033333333334E+009,7.979218207765371E-005,3.460233565419912E-004,2.027541486313567E-004,4.100749210920185E-004,
2.488066666666667E+009,1.520143559901044E-004,3.481657477095723E-004,1.659361005295068E-004,2.513368381187320E-004,
2.488100000000000E+009,1.528601860627532E-004,4.201966803520918E-004,2.337716432521120E-004,3.944155760109425E-004,
2.488133333333334E+009,1.769185910234228E-004,3.959178284276277E-004,2.837244246620685E-004,3.841872676275671E-004,
2.488166666666667E+009,1.052687293849886E-004,3.562380734365434E-004,2.296629827469587E-004,3.857706615235657E-004,
2.488200000000000E+009,3.175417950842530E-004,3.354126529302448E-004,1.332445390289649E-004,4.520830407273024E-004,
2.488233333333334E+009,2.678616729099304E-004,2.144742175005376E-004,2.843013207893819E-004,4.160167300142348E-004,
2.488266666666667E+009,1.606335426913574E-004,3.459517611190677E-004,1.844938669819385E-004,3.883952158503234E-004,
2.488300000000000E+009,3.392049984540790E-004,2.862849505618215E-004,2.637435973156244E-004,4.502546507865191E-004,
2.488333333333334E+009,2.123997110174969E-004,3.348896279931068E-004,2.126223989762366E-004,5.211807438172400E-004,
2.488366666666667E+009,2.485122822690755E-004,3.934771229978651E-004,2.562651061452925E-004,3.917666326742619E-004,
2.488400000000000E+009,4.520840302575380E-004,4.456418682821095E-004,3.353836073074490E-004,3.201495273970068E-004,
2.488433333333334E+009,2.736491733230650E-004,3.655946638900787E-004,3.788785834331065E-004,4.128102737013251E-004,
2.488466666666667E+009,3.262089157942683E-004,3.883618919644505E-004,1.243821607204154E-004,4.500494396779686E-004,
2.488500000000000E+009,2.958131080958992E-004,4.391496768221259E-004,2.102601429214701E-004,3.479160077404231E-004,
2.488533333333334E+009,3.184937813784927E-004,3.972415579482913E-004,3.642567025963217E-004,3.012708912137896E-004,
2.488566666666667E+009,2.206286299042404E-004,2.914703800342977E-004,3.421435249038041E-004,4.263629671186209E-004,
2.488600000000000E+009,3.066533827222884E-004,4.296409606467933E-004,2.232806727988645E-004,3.768230089917779E-004,
2.488633333333334E+009,3.113182901870459E-004,5.066912854090333E-004,2.566865587141365E-004,4.761530435644090E-004,
2.488666666666667E+009,3.831303038168699E-004,4.168898158241063E-004,2.304718072991818E-004,2.924449217971414E-004,
2.488700000000000E+009,4.303624737076461E-004,3.644568205345422E-004,1.984944537980482E-004,3.550942637957633E-004,
2.488733333333334E+009,3.454051038715988E-004,4.949069116264582E-004,2.554098609834909E-004,3.061080933548510E-004,
2.488766666666667E+009,3.970607358496636E-004,4.329185467213392E-004,2.813307219184935E-004,3.797610115725547E-004,
2.488800000000000E+009,2.162077580578625E-004,3.863387100864202E-004,2.854711492545903E-004,3.864503814838827E-004,
2.488833333333334E+009,3.371129569131881E-004,4.342541506048292E-004,3.185602836310864E-004,3.528365050442517E-004,
2.488866666666667E+009,2.476220251992345E-004,3.430953074712306E-004,3.395510721020401E-004,4.397447337396443E-004,
2.488900000000000E+009,2.757275069598109E-004,4.454801382962614E-004,2.977987169288099E-004,3.359485126566142E-004,
2.488933333333334E+009,2.875958452932537E-004,2.959960838779807E-004,3.741960099432617E-004,4.155325586907566E-004,
2.488966666666667E+009,3.261921228840947E-004,4.347045032773167E-004,2.564703754615039E-004,3.894275869242847E-004,
2.489000000000000E+009,3.626831748988479E-004,3.020813746843487E-004,3.206849796697497E-004,5.229514790698886E-004,
2.489033333333334E+009,1.592922199051827E-004,4.179349925834686E-004,3.218903439119458E-004,3.738741506822407E-004,
2.489066666666667E+009,2.549790951889008E-004,3.580059856176376E-004,1.498036726843566E-004,3.032566455658525E-004,
2.489100000000000E+009,2.625357592478395E-004,2.487289602868259E-004,3.420480352360755E-004,3.650648868642747E-004,
2.489133333333334E+009,3.010375367011875E-004,4.136304778512567E-004,2.361316728638485E-004,3.210516879335046E-004,
2.489166666666667E+009,3.436837578192353E-004,3.471361414995045E-004,1.815282303141430E-004,4.542011010926217E-004,
2.489200000000000E+009,2.111921930918470E-004,2.332040166947991E-004,3.265593550167978E-004,3.592236898839474E-004,
2.489233333333334E+009,4.891498829238117E-004,5.690654506906867E-004,1.843823411036283E-004,4.545577685348690E-004,
2.489266666666667E+009,8.529674960300326E-005,4.925543325953186E-004,3.674606559798122E-004,3.237976634409279E-004,
2.489300000000000E+009,3.288973239250481E-004,3.784497384913266E-004,3.407798649277538E-004,4.251269274391234E-004,
2.489333333333334E+009,3.110002726316452E-004,3.046783967874944E-004,2.881457330659032E-004,2.619731822051108E-004,
2.489366666666667E+009,2.596707490738481E-004,4.554626939352602E-004,2.891316253226250E-004,4.572861653286964E-004,
2.489400000000000E+009,2.522569557186216E-004,4.203398711979389E-004,2.632972609717399E-004,3.690644225571305E-004,
2.489433333333334E+009,1.088858334696852E-004,4.012978461105377E-004,2.682482881937176E-004,2.421680546831340E-004,
2.489466666666667E+009,3.655038308352232E-004,2.798066416289657E-004,4.011717392131686E-004,4.099679645150900E-004,
2.489500000000000E+009,3.311626496724784E-004,3.272202156949788E-004,2.701066259760410E-004,3.129446704406291E-004,
2.489533333333334E+009,2.892930642701685E-004,2.807179407682270E-004,2.945844607893378E-004,4.717700649052858E-004,
2.489566666666667E+009,3.635949105955660E-004,4.492085136007518E-004,3.082236216869205E-004,4.626216541510075E-004,
2.489600000000000E+009,2.590341609902680E-004,3.725020214915276E-004,2.921287377830595E-004,3.730279277078807E-004,
2.489633333333334E+009,3.470691735856235E-004,6.159518961794674E-004,1.679131382843480E-004,4.118892829865217E-004,
2.489666666666667E+009,3.230253932997584E-004,2.859820669982582E-004,4.172745684627444E-004,5.150163196958602E-004,
2.489700000000000E+009,3.798686666414142E-004,3.117700980510563E-004,3.071575774811208E-004,4.044213565066457E-004,
2.489733333333334E+009,3.921709139831364E-004,3.201393701601774E-004,2.690994588192552E-004,3.686943673528731E-004,
2.489766666666667E+009,3.098358283750713E-004,2.719528274610639E-004,4.976341151632369E-004,4.175144422333688E-004,
2.489800000000000E+009,3.206364053767175E-004,3.225378168281168E-004,3.967683587688953E-004,3.414371458347887E-004,
2.489833333333334E+009,2.895331126637757E-004,4.539656802080572E-004,3.683093527797610E-004,4.420253681018949E-004,
2.489866666666667E+009,4.082106170244515E-004,3.517565783113241E-004,2.970900095533580E-004,2.022557746386156E-004,
2.489900000000000E+009,5.605146288871765E-004,3.400713612791151E-004,4.827432567253709E-004,3.799888363573700E-004,
2.489933333333334E+009,3.899918519891799E-004,3.692547034006566E-004,3.586770617403090E-004,2.595224941615015E-004,
2.489966666666667E+009,4.767596838064492E-004,3.787371679209173E-004,3.654731845017523E-004,1.795346906874329E-004,
2.490000000000000E+009,4.257609834894538E-004,3.795528900809586E-004,5.704658105969429E-004,4.218598478473723E-004,
2.490033333333334E+009,4.037117760162801E-004,2.913745411206037E-004,5.032423650845885E-004,3.772354684770107E-004,
2.490066666666667E+009,3.619321505539119E-004,4.781126917805523E-004,3.820929268840700E-004,3.884058387484402E-004,
2.490100000000000E+009,3.976814623456448E-004,4.387815715745091E-004,4.262408183421940E-004,3.911931416951120E-004,
2.490133333333334E+009,4.177121445536614E-004,2.416286151856184E-004,3.389756311662495E-004,3.821343707386404E-004,
2.490166666666667E+009,3.906921483576298E-004,3.058009897358716E-004,3.872368542943150E-004,4.390864924062043E-004,
2.490200000000000E+009,3.081513859797269E-004,3.781215928029269E-004,3.705213312059641E-004,3.458269929978997E-004,
2.490233333333334E+009,4.756920388899744E-004,4.604251589626074E-004,4.646817978937179E-004,3.024275647476316E-004,
2.490266666666667E+009,3.722832188941538E-004,4.735504335258156E-004,4.743966565001756E-004,3.773726639337838E-004,
2.490300000000000E+009,2.571460208855569E-004,4.341009480413050E-004,4.186650330666453E-004,4.021897912025452E-004,
2.490333333333334E+009,4.450084525160492E-004,4.535648622550070E-004,5.230125971138477E-004,3.244978724978864E-004,
2.490366666666667E+009,5.081935669295490E-004,3.530949179548770E-004,4.592699115164578E-004,4.397035227157176E-004,
2.490400000000000E+009,4.272813966963440E-004,5.163642927072942E-004,3.921179159078747E-004,4.601172986440361E-004,
2.490433333333334E+009,3.069631347898394E-004,3.456170088611543E-004,3.042368334718049E-004,3.728645970113576E-004,
2.490466666666667E+009,5.452032783068717E-004,3.178631886839867E-004,4.460861091502011E-004,4.480118805076927E-004,
2.490500000000000E+009,3.972689446527511E-004,4.336968122515827E-004,3.561957564670593E-004,4.612354969140142E-004,
2.490533333333334E+009,3.335721266921610E-004,4.600083921104670E-004,4.007173993159086E-004,2.906434820033610E-004,
2.490566666666667E+009,3.618210030253977E-004,3.945525968447328E-004,4.161304968874902E-004,4.193596250843257E-004,
2.490600000000000E+009,3.079556918237358E-004,3.628411504905671E-004,3.864315222017467E-004,3.997779858764261E-004,
2.490633333333334E+009,3.627351252362132E-004,3.979384200647473E-004,2.761594660114497E-004,4.338836297392845E-004,
2.490666666666667E+009,2.945329470094293E-004,3.776570374611765E-004,4.828130477108061E-004,4.719659336842597E-004,
2.490700000000000E+009,3.735306381713599E-004,3.500640159472823E-004,3.281549434177578E-004,4.176467191427946E-004,
2.490733333333334E+009,6.376916426233947E-004,3.002060693688691E-004,3.634293680079281E-004,3.621714131440967E-004,
2.490766666666667E+009,3.475690900813788E-004,4.051311116199940E-004,3.731585165951401E-004,4.329078947193921E-004,
2.490800000000000E+009,3.441553562879562E-004,3.593902511056513E-004,4.911454743705690E-004,4.937446792609990E-004,
2.490833333333334E+009,4.402436607051641E-004,3.895191475749016E-004,4.709841450676322E-004,5.088509642519057E-004,
2.490866666666667E+009,3.278156218584627E-004,3.263750113546848E-004,4.140942473895848E-004,5.568033084273338E-004,
2.490900000000000E+009,5.276714800857008E-004,3.157697792630643E-004,5.606723716482520E-004,4.127393767703325E-004,
2.490933333333334E+009,4.819776222575456E-004,3.874388057738543E-004,5.047219456173480E-004,4.528806020971388E-004,
2.490966666666667E+009,5.158632993698120E-004,3.744334971997887E-004,4.412549606058747E-004,4.238246183376759E-004,
2.491000000000000E+009,4.195757792331278E-004,3.579077892936766E-004,4.593312914948911E-004,3.113857528660446E-004,
2.491033333333334E+009,3.986916563007981E-004,4.228702164255083E-004,3.609384293667972E-004,3.534822026267648E-004,
2.491066666666667E+009,4.198834067210555E-004,3.009262727573514E-004,4.623187705874443E-004,2.925006847362965E-004,
2.491100000000000E+009,4.422752244863659E-004,4.055516910739243E-004,3.740146930795163E-004,4.082116938661784E-004,
2.491133333333334E+009,5.160469445399940E-004,3.717419167514890E-004,5.644317134283483E-004,3.580900665838271E-004,
2.491166666666667E+009,3.485589404590428E-004,4.571166937239468E-004,4.909040872007608E-004,4.096889751963317E-004,
2.491200000000000E+009,4.690108471550047E-004,4.073997552040964E-004,5.420708912424743E-004,4.360061429906637E-004,
2.491233333333334E+009,4.912443109788001E-004,5.344758392311633E-004,4.042973450850695E-004,4.488347622100264E-004,
2.491266666666667E+009,5.794493481516838E-004,3.860224387608469E-004,3.863636811729521E-004,4.132778267376125E-004,
2.491300000000000E+009,5.059911636635661E-004,4.114186449442059E-004,4.583830886986107E-004,3.892964741680771E-004,
2.491333333333334E+009,5.132653168402612E-004,3.575546725187451E-004,5.257687298581004E-004,2.400126977590844E-004,
2.491366666666667E+009,5.357217160053551E-004,4.484303353819996E-004,4.388350935187191E-004,3.594555018935353E-004,
2.491400000000000E+009,6.147237727418542E-004,3.094554704148322E-004,5.987176555208862E-004,2.794642350636423E-004,
2.491433333333334E+009,5.345317767933011E-004,3.779310500249267E-004,5.068756872788072E-004,3.854466485790908E-004,
2.491466666666667E+009,6.052530952729285E-004,3.746173460967839E-004,5.630685482174158E-004,4.204388242214918E-004,
2.491500000000000E+009,6.581150810234249E-004,2.654918353073299E-004,5.461464170366526E-004,4.202763375360519E-004,
2.491533333333334E+009,6.196438334882259E-004,3.528530069161207E-004,5.814594333060086E-004,4.017157189082354E-004,
2.491566666666667E+009,5.551668000407517E-004,3.971719415858388E-004,4.426580271683633E-004,2.828805882018060E-004,
2.491600000000000E+009,5.068656755611301E-004,3.513769188430160E-004,7.414327119477093E-004,3.702587273437530E-004,
2.491633333333334E+009,5.398198845796287E-004,3.520345198921859E-004,7.086535333655775E-004,3.964856732636690E-004,
2.491666666666667E+009,6.538030575029552E-004,2.784598618745804E-004,7.005733205005527E-004,3.129284887108952E-004,
2.491700000000000E+009,5.176541162654758E-004,4.043268563691527E-004,4.875560407526791E-004,3.474554687272757E-004,
2.491733333333334E+009,5.239524762146175E-004,2.039372193394229E-004,5.373375024646521E-004,3.431711811572313E-004,
2.491766666666667E+009,3.505930944811553E-004,3.530962858349085E-004,6.214768509380519E-004,4.222003626637161E-004,
2.491800000000000E+009,6.337934173643589E-004,3.569076070562005E-004,6.680224905721843E-004,2.970013010781258E-004,
2.491833333333334E+009,6.599818589165807E-004,4.435630398802459E-004,5.656004650518298E-004,3.612238797359169E-004,
2.491866666666667E+009,5.305821541696787E-004,3.428160271141678E-004,4.975034971721470E-004,2.871818433050066E-004,
2.491900000000000E+009,5.769690033048391E-004,3.403740993235260E-004,6.347030284814537E-004,4.094486939720810E-004,
2.491933333333334E+009,6.092872354201973E-004,3.460576990619302E-004,7.057572365738452E-004,3.623468801379204E-004,
2.491966666666667E+009,5.624882760457695E-004,4.111977759748697E-004,7.179247913882136E-004,4.741629818454385E-004,
2.492000000000000E+009,6.009807111695409E-004,4.469414416234940E-004,6.602226058021188E-004,2.955845557153225E-004,
2.492033333333334E+009,6.842213915660977E-004,3.290320746600628E-004,6.250024307519198E-004,3.727243456523866E-004,
2.492066666666667E+009,6.638581398874521E-004,5.361781804822385E-004,6.316127255558968E-004,3.240622754674405E-004,
2.492100000000000E+009,6.018783897161484E-004,3.856511902995408E-004,5.731316632591188E-004,2.703441714402288E-004,
2.492133333333334E+009,5.576410330832005E-004,5.164928734302521E-004,6.252353778108954E-004,3.712343459483236E-004,
2.492166666666667E+009,6.654429016634822E-004,3.724308917298913E-004,6.387397879734635E-004,5.073239444755018E-004,
2.492200000000000E+009,6.689229630865157E-004,3.724825219251216E-004,5.911581683903933E-004,3.355715889483690E-004,
2.492233333333334E+009,6.221397779881954E-004,3.263015823904425E-004,4.828322562389076E-004,3.614099114201963E-004,
2.492266666666667E+009,5.768759874626994E-004,4.204819560982287E-004,4.289155185688287E-004,3.997832245659083E-004,
2.492300000000000E+009,3.375926171429455E-004,3.543373604770750E-004,6.144479266367853E-004,3.819374833256006E-004,
2.492333333333334E+009,4.924700479023159E-004,2.131649962393567E-004,6.038619321770966E-004,3.949074016418308E-004,
2.492366666666667E+009,5.715803708881140E-004,3.747166192624718E-004,4.674959927797318E-004,3.276737115811557E-004,
2.492400000000000E+009,4.751574888359755E-004,3.076987050008029E-004,5.810000002384186E-004,3.597338800318539E-004,
2.492433333333334E+009,4.252609214745462E-004,4.775362322106957E-004,4.771949315909296E-004,3.398614935576916E-004,
2.492466666666667E+009,6.658225320279598E-004,3.480855957604945E-004,6.372826173901558E-004,2.760049537755549E-004,
2.492500000000000E+009,4.839214961975813E-004,3.156009188387543E-004,5.887900479137898E-004,2.552303485572338E-004,
2.492533333333334E+009,6.735783535987139E-004,3.812937648035586E-004,5.047185113653541E-004,3.743949346244335E-004,
2.492566666666667E+009,6.740531534887850E-004,3.789047186728567E-004,6.213273154571652E-004,3.661544760689139E-004,
2.492600000000000E+009,5.808944697491825E-004,2.904886787291616E-004,6.936840945854783E-004,3.541749319992960E-004,
2.492633333333334E+009,6.159138865768910E-004,3.526158980093896E-004,5.904356366954744E-004,2.468183811288327E-004,
2.492666666666667E+009,5.811325972899795E-004,2.555124810896814E-004,5.418708315119147E-004,4.017399623990059E-004,
2.492700000000000E+009,6.167258252389729E-004,3.076622379012406E-004,5.970718339085579E-004,5.108053446747363E-004,
2.492733333333334E+009,7.512265583500266E-004,3.630704304669052E-004,6.727856816723943E-004,2.743849763646722E-004,
2.492766666666667E+009,5.452798213809729E-004,4.345362249296159E-004,5.823684041388333E-004,3.711664176080376E-004,
2.492800000000000E+009,7.427522796206176E-004,5.149543285369873E-004,8.933417848311365E-004,3.380201524123550E-004,
2.492833333333334E+009,5.886497092433274E-004,3.226706758141518E-004,6.601308705285192E-004,3.187707625329495E-004,
2.492866666666667E+009,5.980434361845255E-004,3.444615285843611E-004,6.171281565912068E-004,2.340404607821256E-004,
2.492900000000000E+009,5.389664438553155E-004,3.423278976697475E-004,6.591160199604929E-004,2.942273276858032E-004,
2.492933333333334E+009,8.008331642486155E-004,2.844221889972687E-004,7.327490020543337E-004,4.401189507916570E-004,
2.492966666666667E+009,6.188079714775085E-004,3.662322706077248E-004,7.466442184522748E-004,4.150727763772011E-004,
2.493000000000000E+009,7.444219663739204E-004,3.711135068442673E-004,7.631547050550580E-004,3.370654012542218E-004,
2.493033333333334E+009,8.380698855035007E-004,3.898991853930056E-004,6.828590994700790E-004,1.820541656343266E-004,
2.493066666666667E+009,6.770647596567869E-004,2.581049047876149E-004,7.081540534272790E-004,2.541673893574625E-004,
2.493100000000000E+009,7.303608581423760E-004,2.415621565887705E-004,8.233446860685945E-004,2.625966153573245E-004,
2.493133333333334E+009,5.015054484829307E-004,1.880231866380200E-004,6.303007830865681E-004,3.132359415758401E-004,
2.493166666666667E+009,7.136996136978269E-004,2.369792055105791E-004,6.812164792791009E-004,2.751961292233318E-004,
2.493200000000000E+009,6.623787339776754E-004,1.837887539295480E-004,7.463427027687430E-004,4.315076512284577E-004,
2.493233333333334E+009,6.570451078005135E-004,2.045870642177761E-004,6.524608470499516E-004,2.631794486660510E-004,
2.493266666666667E+009,7.750393706373870E-004,3.109279205091298E-004,6.481611635535955E-004,2.198873116867617E-004,
2.493300000000000E+009,6.432330701500177E-004,2.641408646013588E-004,6.226215045899153E-004,1.691387878963724E-004,
2.493333333333334E+009,7.105201366357505E-004,3.308762097731233E-004,6.793158245272934E-004,3.096452564932406E-004,
2.493366666666667E+009,7.156929932534695E-004,2.378362551098689E-004,7.788225775584579E-004,2.527705510146916E-004,
2.493400000000000E+009,7.801126921549439E-004,2.787531411740929E-004,7.995075429789722E-004,2.740639320109040E-004,
2.493433333333334E+009,7.695899694226682E-004,2.478593669366092E-004,5.526447785086930E-004,2.342388761462644E-004,
2.493466666666667E+009,6.470763473771513E-004,2.474100620020181E-004,8.303333306685090E-004,2.641723549459130E-004,
2.493500000000000E+009,5.929054459556937E-004,2.469917817506939E-004,6.408467306755483E-004,2.838470390997827E-004,
2.493533333333334E+009,8.009379380382597E-004,1.658929104451090E-004,6.593975122086704E-004,3.281023236922920E-004,
2.493566666666667E+009,8.329991833306849E-004,1.541822275612503E-004,7.775203557685018E-004,2.636747085489333E-004,
2.493600000000000E+009,7.607221486978233E-004,3.468246432021260E-004,5.979011184535921E-004,1.799602760002017E-004,
2.493633333333334E+009,6.725439452566207E-004,2.968400658573955E-004,6.241055671125650E-004,3.221806546207517E-004,
2.493666666666667E+009,7.823613705113530E-004,2.498861576896161E-004,8.066749433055520E-004,2.776154433377087E-004,
2.493700000000000E+009,7.084717508405447E-004,1.902855437947437E-004,7.134010666050017E-004,3.479889710433781E-004,
2.493733333333334E+009,5.667113582603633E-004,1.969998702406883E-004,7.308844942599535E-004,3.332913038320839E-004,
2.493766666666667E+009,8.029286400415003E-004,2.970189962070435E-004,6.825828459113836E-004,2.664590720087290E-004,
2.493800000000000E+009,7.605876890011132E-004,2.024366840487346E-004,9.000943973660469E-004,2.905259316321462E-004,
2.493833333333334E+009,7.384073105640709E-004,1.855839800555259E-004,6.952947587706149E-004,4.142400575801730E-004,
2.493866666666667E+009,7.741704466752708E-004,1.599191455170512E-004,7.306940970011056E-004,1.377091393806040E-004,
2.493900000000000E+009,7.191798067651689E-004,2.700302866287530E-004,6.373778451234102E-004,3.447328926995397E-004,
2.493933333333334E+009,7.489252020604909E-004,3.732834884431213E-004,7.202576380223036E-004,3.136757295578718E-004,
2.493966666666667E+009,7.174880593083799E-004,3.326652222312987E-004,7.956107147037983E-004,2.449984312988818E-004,
2.494000000000000E+009,6.160400225780904E-004,2.927761524915695E-004,7.388124358840287E-004,3.285837883595377E-004,
2.494033333333334E+009,7.813085685484111E-004,1.797703298507258E-004,7.570392917841673E-004,2.003448171308264E-004,
2.494066666666667E+009,8.066141745075584E-004,3.841227735392749E-004,7.888285908848047E-004,3.921395400539041E-004,
2.494100000000000E+009,6.904723122715950E-004,3.056135610677302E-004,7.458516629412770E-004,2.019987150561065E-004,
2.494133333333334E+009,6.584493676200509E-004,2.377849305048585E-004,6.212735315784812E-004,3.124429786112160E-004,
2.494166666666667E+009,7.400570902973414E-004,3.470393712632358E-004,7.052985602058470E-004,1.977524225367233E-004,
2.494200000000000E+009,6.457859999500215E-004,2.586773189250380E-004,7.152836769819260E-004,3.269834269303829E-004,
2.494233333333334E+009,8.329988922923803E-004,2.855797647498548E-004,6.480995798483491E-004,2.468749880790710E-004,
2.494266666666667E+009,6.534740678034723E-004,3.000260912813246E-004,8.642000611871481E-004,2.648197696544230E-004,
2.494300000000000E+009,7.161343819461763E-004,2.441570104565471E-004,6.428403430618346E-004,3.348822647240013E-004,
2.494333333333334E+009,7.321785087697208E-004,2.555650426074863E-004,7.840490434318781E-004,2.161537122447044E-004,
2.494366666666667E+009,7.930942228995264E-004,2.752640575636178E-004,8.231989340856671E-004,2.865784044843167E-004,
2.494400000000000E+009,6.959414458833635E-004,1.695135142654181E-004,6.431937217712402E-004,2.739469637162983E-004,
2.494433333333334E+009,6.315038772299886E-004,2.171625965274870E-004,7.371655665338039E-004,1.428339746780694E-004,
2.494466666666667E+009,8.921432308852673E-004,1.929516147356480E-004,8.066016016528010E-004,2.807259734254330E-004,
2.494500000000000E+009,6.645368412137032E-004,1.868076942628250E-004,7.403391064144671E-004,2.416764909867197E-004,
2.494533333333334E+009,8.056092774495482E-004,3.732696350198239E-004,8.726329542696476E-004,2.096285752486438E-004,
2.494566666666667E+009,7.017991156317294E-004,8.043032721616328E-005,6.133788265287876E-004,1.533931936137378E-004,
2.494600000000000E+009,7.390844984911382E-004,1.413007848896086E-004,7.699573761783540E-004,1.526115811429918E-004,
2.494633333333334E+009,7.381999748758972E-004,1.932556770043448E-004,7.904057274572551E-004,9.407716424902901E-005,
2.494666666666667E+009,7.961133960634470E-004,1.041222494677641E-004,7.500296924263239E-004,4.552972677629441E-005,
2.494700000000000E+009,8.025079732760787E-004,2.193150576204062E-004,7.285341853275895E-004,1.889113045763224E-004,
2.494733333333334E+009,7.857009768486023E-004,-3.217974881408736E-005,7.926729740574956E-004,2.005159622058272E-004,
2.494766666666667E+009,7.681741844862700E-004,2.389283181400970E-004,7.051785942167044E-004,2.323399530723691E-004,
2.494800000000000E+009,7.818746962584555E-004,1.043258453137241E-004,8.542038849554956E-004,1.255192328244448E-004,
2.494833333333334E+009,7.786987698636949E-004,2.012182521866635E-004,7.816223660483956E-004,1.630495389690623E-004,
2.494866666666667E+009,8.602829184383154E-004,8.467910083709285E-005,7.849080138839781E-004,1.328145881416276E-004,
2.494900000000000E+009,8.461067918688059E-004,1.899086346384138E-004,6.477495771832764E-004,2.323966036783531E-004,
2.494933333333334E+009,8.366570691578090E-004,1.336180430371314E-004,7.436929154209793E-004,1.455018646083772E-004,
2.494966666666667E+009,7.686202879995108E-004,6.537442095577717E-005,9.212534641847014E-004,9.236178448190913E-005,
2.495000000000000E+009,7.839466561563313E-004,1.984420377993956E-004,8.340774802491069E-004,1.826314837671816E-004,
2.495033333333334E+009,7.373827975243330E-004,2.154964458895847E-004,8.842549868859351E-004,2.088440232910216E-004,
2.495066666666667E+009,8.121889550238848E-004,3.670344303827733E-004,8.864971459843218E-004,2.233271370641887E-004,
2.495100000000000E+009,8.297211606986821E-004,2.297520841239020E-004,7.149738376028836E-004,1.705819740891457E-004,
2.495133333333334E+009,6.876837578602135E-004,2.206929202657193E-004,8.502146229147911E-004,3.140407789032906E-004,
2.495166666666667E+009,8.417915087193251E-004,3.068085934501141E-004,8.988819899968803E-004,1.804726780392230E-004,
2.495200000000000E+009,8.607055642642081E-004,2.018953091464937E-004,7.663894793950021E-004,2.082132996292785E-004,
2.495233333333334E+009,6.363160791806877E-004,3.062453761231154E-004,7.897508330643177E-004,1.976696657948196E-004,
2.495266666666667E+009,6.380293052643538E-004,1.470415591029450E-004,7.835213327780366E-004,2.777223708108068E-004,
2.495300000000000E+009,8.261841139756143E-004,2.694416616577655E-004,8.275887812487781E-004,2.862184483092278E-004,
2.495333333333334E+009,9.382523712702096E-004,1.971919264178723E-004,7.284080493263900E-004,2.193545806221664E-004,
2.495366666666667E+009,8.304764633066952E-004,1.715801772661507E-004,8.352377917617559E-004,2.101129939546809E-004,
2.495400000000000E+009,8.349399431608617E-004,2.986313775181770E-004,7.705668103881180E-004,1.059344722307287E-004,
2.495433333333334E+009,7.355602574534714E-004,1.079649882740341E-004,8.260058239102364E-004,1.340167946182191E-004,
2.495466666666667E+009,7.163637783378363E-004,2.410008601145819E-004,7.661263807676733E-004,9.605969535186887E-005,
2.495500000000000E+009,7.079378119669855E-004,1.541334495414048E-005,7.594096241518855E-004,2.895798825193197E-004,
2.495533333333334E+009,7.970800506882370E-004,1.828161039156839E-004,8.578810375183821E-004,2.191492239944637E-004,
2.495566666666667E+009,7.959612412378192E-004,1.788402005331591E-004,8.541791466996074E-004,2.623962936922908E-004,
2.495600000000000E+009,7.198785897344351E-004,2.696010633371770E-004,7.877879543229938E-004,1.717920822557062E-004,
2.495633333333334E+009,7.470152922905982E-004,8.776255708653480E-005,7.711398648098111E-004,1.434274308849126E-004,
2.495666666666667E+009,8.389419526793063E-004,1.877818867797032E-004,8.152627851814032E-004,2.230449317721650E-004,
2.495700000000000E+009,7.267394103109837E-004,9.511829557595775E-005,7.786978967487812E-004,1.960361842066050E-004,
2.495733333333334E+009,9.279489750042558E-004,2.765582175925374E-004,8.485465659759939E-004,1.964553230209276E-004,
2.495766666666667E+009,9.150652913376689E-004,3.555965668056160E-005,9.926283964887261E-004,2.227962977485731E-004,
2.495800000000000E+009,8.443983388133347E-004,9.695932385511696E-005,6.227175472304225E-004,1.869902625912800E-004,
2.495833333333334E+009,8.411025046370924E-004,2.445012796670198E-004,8.145718602463603E-004,2.590540680103004E-004,
2.495866666666667E+009,8.843789109960198E-004,1.916682813316584E-004,8.877966320142150E-004,1.935662294272333E-004,
2.495900000000000E+009,8.233619155362248E-004,-4.993930997443385E-005,8.260456961579621E-004,8.603223250247538E-005,
2.495933333333334E+009,8.147744811140001E-004,2.514151856303215E-004,7.958755595609546E-004,1.381784240948036E-004,
2.495966666666667E+009,8.888259762898088E-004,7.020685006864369E-005,8.588804630562663E-004,4.968973007635213E-005,
2.496000000000000E+009,8.619072032161057E-004,1.008288090815768E-004,9.830481139943004E-004,9.489476360613480E-005,
2.496033333333334E+009,9.827034082263708E-004,9.621508797863498E-005,8.740192279219627E-004,6.133878923719749E-005,
2.496066666666667E+009,9.570284164510667E-004,8.626570343039930E-005,7.868326501920819E-004,1.219827026943676E-004,
2.496100000000000E+009,8.910823962651193E-004,2.939313344541006E-005,8.464657003059983E-004,1.104684197343886E-004,
2.496133333333334E+009,8.774879388511181E-004,9.218542254529893E-005,8.561823051422834E-004,1.059656642610207E-004,
2.496166666666667E+009,9.743978735059500E-004,2.522957402106840E-005,8.290703408420086E-004,1.363246701657772E-004,
2.496200000000000E+009,9.251039591617882E-004,8.402551611652598E-005,8.100056438706815E-004,9.376445086672902E-005,
2.496233333333334E+009,7.242347346618772E-004,-1.370819973089965E-005,8.924864814616740E-004,2.168581158912275E-005,
2.496266666666667E+009,8.661175379529595E-004,-9.351612970931456E-005,7.199223618954420E-004,6.425500032491982E-005,
2.496300000000000E+009,7.206464069895446E-004,-2.813805986079387E-005,7.183642592281103E-004,-3.560485129128210E-005,
2.496333333333334E+009,8.014016202650964E-004,-7.526802801294252E-005,8.811540901660919E-004,-1.873943983810023E-005,
2.496366666666667E+009,9.512813412584364E-004,8.862854883773252E-006,7.918894989416003E-004,-4.347989670350216E-005,
2.496400000000000E+009,9.368374012410641E-004,-7.459131211362546E-006,9.412023355253041E-004,-9.320770186604932E-005,
2.496433333333334E+009,1.047782367095351E-003,8.472050831187517E-005,9.690491715446115E-004,-1.338915317319334E-004,
2.496466666666667E+009,9.406101307831705E-004,4.750557127408683E-005,9.311995818279684E-004,-7.709370947850402E-006,
2.496500000000000E+009,8.379469509236515E-004,9.526107896817848E-005,7.868577959015966E-004,1.166348229162395E-004,
2.496533333333334E+009,9.153952123597264E-004,-5.493954631674569E-006,9.248901624232531E-004,-3.317056689411402E-005,
2.496566666666667E+009,9.365890873596072E-004,6.622166984016076E-005,8.371198200620711E-004,2.830127486959100E-004,
2.496600000000000E+009,8.039942476898432E-004,1.974836341105402E-004,8.101081475615501E-004,5.019509626436047E-005,
2.496633333333334E+009,8.458333904854953E-004,1.483350351918489E-004,9.236806654371321E-004,4.112251917831600E-005,
2.496666666666667E+009,9.696810739114881E-004,1.290911022806540E-004,8.787689730525017E-004,6.286210555117577E-005,
2.496700000000000E+009,1.011429587379098E-003,-5.195124685997143E-005,9.698575595393777E-004,1.123439960792894E-005,
2.496733333333334E+009,1.009364495985210E-003,1.257461117347702E-004,8.377854246646166E-004,1.664765732130036E-004,
2.496766666666667E+009,1.026430167257786E-003,7.383892807411030E-005,8.072024211287499E-004,2.186680467275437E-005,
2.496800000000000E+009,8.829312864691019E-004,1.040584611473605E-004,8.387143607251346E-004,-2.085851065203315E-006,
2.496833333333334E+009,9.358088136650622E-004,1.755238190526143E-005,9.687223937362433E-004,1.509572848590324E-005,
2.496866666666667E+009,8.089729235507548E-004,5.959792542853393E-005,9.030479122884572E-004,9.770085307536647E-005,
2.496900000000000E+009,9.091929532587528E-004,1.747686910675839E-004,1.032038591802120E-003,9.395348024554551E-005,
2.496933333333334E+009,9.779095416888595E-004,9.063129982678220E-005,9.008859633468092E-004,2.187625977967400E-005,
2.496966666666667E+009,7.960958755575120E-004,-7.927309343358502E-005,1.021006028167903E-003,1.098821230698377E-004,
2.497000000000000E+009,1.025654375553131E-003,4.548134529613890E-005,7.852753624320030E-004,6.683416722808033E-005,
2.497033333333334E+009,9.369392064400017E-004,1.583245320944116E-004,8.844916010275483E-004,6.891581870149821E-005,
2.497066666666667E+009,8.876703795976937E-004,-1.856693961599376E-005,9.754085331223905E-004,-5.235587377683260E-005,
2.497100000000000E+009,9.942315518856049E-004,7.556685159215704E-005,9.427785989828408E-004,7.536178600275889E-005,
2.497133333333334E+009,8.766826940700412E-004,6.134956493042409E-005,9.938547154888511E-004,-1.170774557976984E-004,
2.497166666666667E+009,7.897086325101554E-004,-4.006652670796029E-005,9.633657755330205E-004,-1.378609158564359E-004,
2.497200000000000E+009,1.097802654840052E-003,8.105098095256835E-005,1.044239266775549E-003,3.676765845739283E-005,
2.497233333333334E+009,7.937115733511746E-004,-3.903275865013711E-005,1.053956570103765E-003,-5.837019671162125E-006,
2.497266666666667E+009,1.023083226755261E-003,-4.872260615229607E-005,9.805907029658556E-004,4.328414433985017E-005,
2.497300000000000E+009,9.960827883332968E-004,-5.005613274988718E-006,9.022881858982146E-004,-9.012102236738429E-005,
2.497333333333334E+009,1.089242985472083E-003,-1.248514163307846E-004,9.414943633601070E-004,-1.860502743511461E-005,
2.497366666666667E+009,9.697347995825112E-004,-5.865748971700668E-005,1.038520364090800E-003,5.123717346577905E-005,
2.497400000000000E+009,9.343556594103575E-004,-5.481208427227102E-005,1.032441388815641E-003,1.017368704196997E-004,
2.497433333333334E+009,9.420717251487076E-004,3.647544872364961E-005,8.631832897663117E-004,-3.950713653466664E-005,
2.497466666666667E+009,1.009713741950691E-003,-2.100186393363401E-004,1.034048967994750E-003,3.076667053392157E-005,
2.497500000000000E+009,9.863687446340919E-004,-1.321548552368768E-005,9.495769045315683E-004,-9.336243238067254E-005,
2.497533333333334E+009,1.005806145258248E-003,-1.329145161435008E-004,1.037106849253178E-003,4.758299473905936E-005,
2.497566666666667E+009,7.919096969999373E-004,-1.117786378017627E-004,9.505731868557632E-004,-1.754258846631274E-004,
2.497600000000000E+009,9.946619393303990E-004,-8.756443276070058E-005,1.028003985993564E-003,-9.392259698870475E-007,
2.497633333333334E+009,8.392714662477374E-004,-1.289386709686369E-004,8.860549423843622E-004,-1.053415253409185E-004,
2.497666666666667E+009,1.054667867720127E-003,-4.124268161831424E-005,1.021141069941223E-003,-2.161841621273197E-005,
2.497700000000000E+009,1.000601798295975E-003,-8.814265311229974E-005,1.011266955174506E-003,-5.274750219541602E-005,
2.497733333333334E+009,9.226128458976746E-004,-5.493963271874236E-006,9.244827670045197E-004,-1.236350217368454E-004,
2.497766666666667E+009,1.030924846418202E-003,-1.289937499677762E-004,8.358965860679746E-004,-3.387286778888665E-005,
2.497800000000000E+009,9.333149646408856E-004,-1.474085001973435E-004,1.016505295410752E-003,-2.308138791704550E-004,
2.497833333333334E+009,9.978661546483636E-004,-1.174615972558968E-004,8.713767747394741E-004,-2.451757318340242E-004,
2.497866666666667E+009,9.264574619010091E-004,-8.967381290858612E-005,9.253710741177201E-004,-1.652197533985600E-004,
2.497900000000000E+009,8.759205229580402E-004,-9.899597353069112E-005,9.609542321413755E-004,-2.175442059524357E-004,
2.497933333333334E+009,9.564735810272396E-004,-1.694031525403261E-004,1.080600544810295E-003,-2.091945789288729E-004,
2.497966666666667E+009,9.487826027907431E-004,-1.237371325260028E-004,1.131635857746005E-003,-2.375209151068702E-004,
2.498000000000000E+009,1.001896685920656E-003,-2.656456490512937E-004,8.931962656788528E-004,-2.760096685960889E-004,
2.498033333333334E+009,9.558546589687467E-004,-2.346646651858464E-004,9.841312421485782E-004,-1.593204069649801E-004,
2.498066666666667E+009,1.005649100989103E-003,-9.382082498632371E-005,1.025597564876080E-003,-2.469489991199225E-004,
2.498100000000000E+009,9.460608125664294E-004,-2.341244689887390E-004,8.827228448353708E-004,-9.648159175412729E-005,
2.498133333333334E+009,9.612625581212342E-004,-1.908620906760916E-004,1.009802916087210E-003,-8.428312867181376E-005,
2.498166666666667E+009,1.011677784845233E-003,-9.417583896720316E-006,1.044669654220343E-003,-1.043331649270840E-004,
2.498200000000000E+009,9.950645035132766E-004,-2.377815690124407E-004,9.781786939129233E-004,-8.421570237260312E-005,
2.498233333333334E+009,1.060934155248106E-003,-2.649979433044791E-004,9.885703912004829E-004,-8.325379894813523E-005,
2.498266666666667E+009,1.076986780390143E-003,-1.968864235095680E-004,9.034594986587763E-004,-2.527810574974865E-004,
2.498300000000000E+009,1.010659965686500E-003,-1.288279017899185E-004,1.022928510792553E-003,-1.749065413605422E-004,
2.498333333333334E+009,8.723181090317667E-004,-1.655253436183557E-004,1.024392782710493E-003,-1.663735602051020E-004,
2.498366666666667E+009,1.058223773725331E-003,-2.255131694255397E-004,1.094974810257554E-003,-8.725423685973510E-005,
2.498400000000000E+009,9.312315960414708E-004,-2.083595027215779E-004,1.057429239153862E-003,-2.031129988608882E-004,
2.498433333333334E+009,1.029106555506587E-003,-3.052153915632516E-004,1.038303598761559E-003,-7.256658864207566E-005,
2.498466666666667E+009,1.002421136945486E-003,-1.150209354818799E-004,1.021101372316480E-003,-2.295965678058565E-004,
2.498500000000000E+009,1.052734558470547E-003,-6.605673843296245E-005,9.782616980373859E-004,-2.464553981553763E-004,
2.498533333333334E+009,9.164101211354137E-004,-2.922246931120753E-004,1.024093129672110E-003,-5.082395728095435E-005,
2.498566666666667E+009,1.096204156056047E-003,-2.026394940912724E-004,1.113994745537639E-003,-2.094854862662032E-004,
2.498600000000000E+009,9.955554269254208E-004,-1.125510098063387E-004,1.128791598603129E-003,-7.964687392814085E-005,
2.498633333333334E+009,1.138402963988483E-003,-3.782618732657284E-004,1.069294521585107E-003,-2.308181865373626E-004,
2.498666666666667E+009,9.911253582686186E-004,-1.516579213785008E-004,1.022022916004062E-003,-2.400112571194768E-004,
2.498700000000000E+009,1.023725257255137E-003,-1.739828439895064E-004,9.362623677588999E-004,-1.831380650401115E-004,
2.498733333333334E+009,9.860513964667916E-004,-2.381720696575940E-004,1.051053754054010E-003,-2.343895757803693E-004,
2.498766666666667E+009,1.060291659086943E-003,-2.653817937243730E-004,1.016830559819937E-003,-3.272600879427046E-004,
2.498800000000000E+009,1.093275146558881E-003,-1.405226503266022E-004,1.096891588531435E-003,-2.749276754911989E-004,
2.498833333333334E+009,1.007820363156498E-003,-1.325277989963070E-004,1.272129826247692E-003,-2.114180242642760E-004,
2.498866666666667E+009,1.105189207009971E-003,-2.947971806861460E-004,1.010681269690394E-003,-2.920883707702160E-004,
2.498900000000000E+009,9.957208530977368E-004,-2.143000310752541E-004,1.058775582350791E-003,-3.250714216846973E-004,
2.498933333333334E+009,9.813990909606218E-004,-3.218402562197298E-004,1.045105629600585E-003,-3.638221533037722E-004,
2.498966666666667E+009,1.022410229779780E-003,-2.623111940920353E-004,1.022211741656065E-003,-3.497342695482075E-004,
2.499000000000000E+009,1.014106906950474E-003,-2.795658365357667E-004,1.000563148409128E-003,-2.806761185638607E-004,
2.499033333333334E+009,9.908749489113689E-004,-2.754918823484331E-004,1.080630230717361E-003,-2.800422080326825E-004,
2.499066666666667E+009,1.130180433392525E-003,-3.443493915256113E-004,1.038094400428236E-003,-3.844698658213019E-004,
2.499100000000000E+009,1.003495301119983E-003,-2.843710535671562E-004,1.060487586073577E-003,-3.333151980768889E-004,
2.499133333333334E+009,1.035582157783210E-003,-3.469209186732769E-004,1.010588486678898E-003,-2.434807829558849E-004,
2.499166666666667E+009,1.013937988318503E-003,-3.065720084123313E-004,1.104522845707834E-003,-2.662335173226893E-004,
2.499200000000000E+009,9.496632264927030E-004,-2.003575937123969E-004,8.638665894977748E-004,-4.758714057970792E-004,
2.499233333333334E+009,1.011307816952467E-003,-2.829596924129874E-004,1.007236773148179E-003,-4.080449871253222E-004,
2.499266666666667E+009,1.102183945477009E-003,-4.218668036628515E-004,9.035631082952023E-004,-2.988074265886098E-004,
2.499300000000000E+009,1.015115878544748E-003,-3.308226296212524E-004,1.033436274155974E-003,-4.967315471731126E-004,
2.499333333333334E+009,9.431812795810401E-004,-4.492844454944134E-004,1.005549798719585E-003,-5.278479075059295E-004,
2.499366666666667E+009,9.317859075963497E-004,-4.637271922547370E-004,1.058253343217075E-003,-3.911671810783446E-004,
2.499400000000000E+009,1.103848917409778E-003,-2.698012685868889E-004,9.518588776700199E-004,-4.454814770724624E-004,
2.499433333333334E+009,8.395624463446438E-004,-4.501322109717876E-004,9.032847010530531E-004,-3.786167944781482E-004,
2.499466666666667E+009,8.093987707979977E-004,-4.289378703106195E-004,9.127048542723060E-004,-4.873714060522616E-004,
2.499500000000000E+009,1.079962356016040E-003,-4.493183223530650E-004,9.073931141756475E-004,-4.623578861355782E-004,
2.499533333333334E+009,9.323390549980104E-004,-4.059380153194070E-004,9.643738158047199E-004,-3.870507644023746E-004,
2.499566666666667E+009,9.252795716747642E-004,-3.671572194434702E-004,8.919631363824010E-004,-3.170490963384509E-004,
2.499600000000000E+009,8.984136511571705E-004,-4.423036589287221E-004,1.003921614028513E-003,-4.723321471828967E-004,
2.499633333333334E+009,9.809911716729403E-004,-4.043201624881476E-004,9.846109896898270E-004,-3.322525299154222E-004,
2.499666666666667E+009,1.002994715236127E-003,-4.497267073020339E-004,9.948682272806764E-004,-4.302638990338892E-004,
2.499700000000000E+009,8.960322011262178E-004,-3.484060289338231E-004,1.013807021081448E-003,-4.605141584761441E-004,
2.499733333333334E+009,8.942136773839593E-004,-3.168571274727583E-004,9.114585700444877E-004,-4.299055726733059E-004,
2.499766666666667E+009,9.519974119029939E-004,-3.291381290182471E-004,9.131839615292847E-004,-4.462077922653407E-004,
2.499800000000000E+009,8.925032452680171E-004,-3.947968652937561E-004,9.041040320880711E-004,-5.181676824577153E-004,
2.499833333333334E+009,9.661036892794073E-004,-4.847976379096508E-004,9.178498294204474E-004,-5.125975585542619E-004,
2.499866666666667E+009,9.498613071627915E-004,-3.684255934786052E-004,1.069112680852413E-003,-4.807233926840127E-004,
2.499900000000000E+009,9.568548412062228E-004,-4.307904455345124E-004,9.109777165576816E-004,-4.562534450087696E-004,
2.499933333333334E+009,9.805429726839066E-004,-3.843868616968393E-004,9.211694123223424E-004,-3.168878320138902E-004,
2.499966666666667E+009,8.744065999053419E-004,-3.407738695386797E-004,9.057562565430999E-004,-3.913970722351223E-004,
2.500000000000000E+009,9.732463513500989E-004,-3.281727549619973E-004,1.048481208272278E-003,-4.016533493995667E-004,
