% Version 1.00
%
%freq[Hz];re:Trc1_S21;im:Trc1_S21;re:Trc2_S12;im:Trc2_S12;
2.480000000000000E+009,2.100435667671263E-004,-2.066076558548957E-004,3.076826105825603E-004,-2.012833137996495E-004,
2.480033333333334E+009,1.864501828094944E-004,-3.050974919460714E-004,1.611193583812565E-004,-2.170615771319717E-004,
2.480066666666667E+009,1.634507061680779E-004,-2.320157509529963E-004,2.307735558133572E-004,-1.654017833061516E-004,
2.480100000000000E+009,3.367024473845959E-004,-3.772878553718329E-004,2.087679022224620E-004,-2.525796298868954E-004,
2.480133333333334E+009,1.113020771299489E-004,-1.796333381207660E-004,2.737981558311731E-004,-1.609539613127708E-004,
2.480166666666667E+009,1.950342848431319E-004,-1.152980257757008E-004,2.605625195428729E-004,-1.017836329992861E-004,
2.480200000000000E+009,2.032402262557298E-004,-2.204870688728988E-004,2.059978287434205E-004,-1.709538919385523E-004,
2.480233333333334E+009,3.692322934512049E-004,-3.423707967158407E-004,9.864298044703901E-005,-2.408943691989407E-004,
2.480266666666667E+009,1.118838772526942E-004,-2.456053916830570E-004,2.892603515647352E-004,-2.109904162352905E-004,
2.480300000000000E+009,2.292985009262338E-004,-1.584743877174333E-004,2.717411261983216E-004,-2.527941833250225E-004,
2.480333333333334E+009,2.135441027348861E-004,-1.235687232110649E-004,1.317479909630492E-004,-1.806897489586845E-004,
2.480366666666667E+009,1.896245230454952E-004,-2.589575306046754E-004,1.136158243753016E-004,-2.111698267981410E-004,
2.480400000000000E+009,1.992036268347874E-004,-1.305450132349506E-004,1.735831319820136E-004,-1.972492173081264E-004,
2.480433333333334E+009,1.809302630135790E-004,-1.906933175632730E-004,1.610972249181941E-004,-2.612751559354365E-004,
2.480466666666667E+009,9.316840441897512E-005,-2.145272301277146E-004,9.498562576482073E-005,-1.806918298825622E-004,
2.480500000000000E+009,1.042923468048684E-004,-1.804373023333028E-004,1.578889350639656E-004,-1.085018302546814E-004,
2.480533333333334E+009,2.052145282505080E-004,-2.032545889960602E-004,1.038000045809895E-004,-1.021022690110840E-004,
2.480566666666667E+009,1.780693564796820E-004,-2.050030598184094E-004,3.122504858765751E-004,-1.456719182897359E-004,
2.480600000000000E+009,6.917571590747684E-005,-2.697767340578139E-004,2.017455699387938E-004,-1.926331315189600E-004,
2.480633333333334E+009,2.638285513967276E-004,-2.590621588751674E-004,2.192436222685501E-004,-1.834844442782924E-004,
2.480666666666667E+009,1.078820350812748E-004,-7.232891675812425E-006,1.509557478129864E-004,-2.263696369482204E-004,
2.480700000000000E+009,2.524543961044401E-004,-1.117184147005901E-004,1.749808288877830E-004,-1.886873506009579E-004,
2.480733333333334E+009,8.919563697418198E-005,-2.398842188995332E-004,6.620218482566997E-005,-1.931110164150596E-004,
2.480766666666667E+009,2.289263211423531E-004,-1.964156981557608E-004,2.280378394061700E-004,-1.797697477741167E-004,
2.480800000000000E+009,2.512108476366848E-004,-2.966545289382339E-004,2.930758055299521E-004,-2.539494889788330E-004,
2.480833333333334E+009,1.210962727782317E-004,-2.225689822807908E-004,7.834550342522562E-005,-2.825128322001547E-004,
2.480866666666667E+009,1.775683776941150E-004,-1.429505500709638E-004,5.865379716851749E-005,-2.372987073613331E-004,
2.480900000000000E+009,1.241618010681123E-004,-1.181366533273831E-004,2.650452661328018E-004,-1.110337543650530E-004,
2.480933333333334E+009,2.191792591474950E-004,-2.069223264697939E-004,1.310120715061203E-004,-2.938029647339135E-004,
2.480966666666667E+009,3.456563863437623E-004,-1.397343876305968E-004,2.225614443887025E-004,-2.345140965189785E-004,
2.481000000000000E+009,2.076861419482157E-004,-2.621991734486073E-004,2.026700385613367E-004,-2.722096687648445E-004,
2.481033333333334E+009,2.967650070786476E-004,-1.108457290683873E-004,2.020264946622774E-004,-6.335073703667149E-005,
2.481066666666667E+009,1.504635729361326E-004,-2.289987023686990E-004,3.082530456595123E-004,-2.851413155440241E-004,
2.481100000000000E+009,1.138694206019864E-004,-1.473472366342321E-004,2.651853719726205E-004,-2.366920816712081E-004,
2.481133333333334E+009,2.160313306376338E-004,-1.644489093450829E-004,2.275468286825344E-004,-2.265690563945100E-004,
2.481166666666667E+009,1.773698895704001E-004,-2.463089185766876E-004,2.229548263130710E-004,-2.001510438276455E-004,
2.481200000000000E+009,2.472693740855902E-004,-1.526740670669824E-004,2.807542332448065E-004,-6.159852637210861E-005,
2.481233333333334E+009,2.354813332203776E-004,-1.655788364587352E-004,2.349849237361923E-004,-2.795101318042725E-004,
2.481266666666667E+009,1.115543782361783E-004,-2.992023655679077E-004,1.542124809930101E-004,-2.535926469136030E-004,
2.481300000000000E+009,1.899383642012253E-004,-1.269986241823062E-004,1.864698424469680E-004,-3.180886851623654E-004,
2.481333333333334E+009,1.156555008492433E-004,-2.144419559044763E-004,1.456933678127825E-004,-1.701896690065041E-004,
2.481366666666667E+009,2.228730736533180E-004,-2.567240153439343E-004,1.709263597149402E-004,-2.521043643355370E-004,
2.481400000000000E+009,2.215537242591381E-004,-2.291014243382961E-004,1.434700388927013E-004,-1.441119529772550E-004,
2.481433333333334E+009,2.025404246523976E-004,-1.856567396316677E-004,6.641451182076708E-005,-2.385839470662177E-004,
2.481466666666667E+009,1.630537590244785E-004,-1.965224946616218E-004,1.219613041030243E-004,-1.741720479913056E-004,
2.481500000000000E+009,4.590732714859769E-005,-1.807696535252035E-004,-2.138452146027703E-005,-1.379891182295978E-004,
2.481533333333334E+009,2.270515979034826E-004,-1.451990101486445E-004,2.462183765601367E-004,-4.028029798064381E-005,
2.481566666666667E+009,1.264909078599885E-004,-3.732860495802015E-004,2.514210609660950E-005,-1.253366499440745E-004,
2.481600000000000E+009,4.049918425153010E-005,-1.994261401705444E-004,2.089113258989528E-004,-2.665059000719339E-004,
2.481633333333334E+009,2.944598381873220E-004,-9.473504178458825E-005,1.267089392058551E-004,-2.484736614860594E-004,
2.481666666666667E+009,2.677156880963594E-004,-2.019551611738280E-004,1.834628346841782E-004,-8.977529796538875E-005,
2.481700000000000E+009,1.395110448356718E-004,-3.588353865779936E-005,-6.643263077421580E-006,-2.480836410541087E-004,
2.481733333333334E+009,1.427973766112700E-004,-8.237219299189746E-005,2.248295204481110E-004,-2.652956172823906E-004,
2.481766666666667E+009,2.465367833792698E-005,-1.774610136635602E-004,1.236995449289680E-004,-1.482871739426628E-004,
2.481800000000000E+009,2.040112303802744E-004,-2.187182690249756E-004,8.678013546159491E-005,-2.438688097754493E-004,
2.481833333333334E+009,1.018818948068656E-004,-2.189405058743432E-004,1.144920388469473E-004,-1.343245967291296E-004,
2.481866666666667E+009,4.386908040032722E-005,-1.318201539106667E-004,1.138590596383438E-004,-1.422384375473484E-004,
2.481900000000000E+009,1.843760692281649E-004,-2.164763864129782E-004,1.574447815073654E-004,-1.802474143914878E-004,
2.481933333333334E+009,1.449725968996063E-004,-2.074023796012625E-004,2.811001832014881E-005,-8.362465450773016E-005,
2.481966666666667E+009,2.052984491456300E-004,-1.420071930624545E-004,1.229660265380517E-004,-1.393272978020832E-004,
2.482000000000000E+009,8.853689359966666E-005,-2.262163980049081E-005,-4.458725015865639E-006,-2.165929035982117E-004,
2.482033333333334E+009,1.095377447200008E-004,-2.028792368946597E-004,9.232771844835952E-005,-1.262241421500221E-004,
2.482066666666667E+009,1.829709362937138E-004,-1.461156352888793E-004,3.531300171744078E-005,-1.627342862775549E-004,
2.482100000000000E+009,1.914499734994024E-004,-5.645336932502687E-005,1.616373629076406E-004,-5.211878669797443E-005,
2.482133333333334E+009,8.135867392411456E-005,-5.010090171708725E-005,6.808522448409349E-005,-7.440576155204326E-005,
2.482166666666667E+009,-9.714545740280300E-005,-7.790119525452610E-006,1.043298543663696E-004,-2.721579512581229E-004,
2.482200000000000E+009,7.800963066983968E-005,-2.670859103091061E-004,8.605092443758622E-005,-1.303643512073904E-004,
2.482233333333334E+009,2.271105040563270E-004,-1.706352486507967E-004,1.592824264662340E-004,-1.709112439129967E-005,
2.482266666666667E+009,1.342493051197380E-004,-1.766273780958727E-004,2.247511147288606E-004,-5.847209467901848E-005,
2.482300000000000E+009,9.349980246042833E-005,-1.045875251293182E-004,7.920149073470384E-005,-1.083033930626698E-004,
2.482333333333334E+009,6.635186582570896E-005,2.376589873165358E-005,-2.438928049741662E-006,-1.043883312377147E-004,
2.482366666666667E+009,1.495019678259268E-004,-2.124925231328234E-004,1.581730466568843E-004,-1.356402353849262E-004,
2.482400000000000E+009,-1.656964195717592E-005,-9.577272430760786E-005,-1.668471486482304E-005,-1.505006221123040E-004,
2.482433333333334E+009,6.892903184052557E-005,-1.492033916292712E-004,9.271740418625996E-005,-2.102860307786614E-004,
2.482466666666667E+009,2.586650225566700E-005,-1.763292239047587E-004,7.095479668350890E-005,-4.993595211999491E-005,
2.482500000000000E+009,5.564311777561670E-006,-2.284594229422510E-004,6.357303936965764E-005,-1.645481679588556E-004,
2.482533333333334E+009,-4.331589298089966E-005,-1.197323072119616E-004,3.814718365902081E-005,-8.565846655983478E-005,
2.482566666666667E+009,7.905861275503412E-005,-8.791848085820675E-005,1.419485579390312E-005,-2.003945410251617E-004,
2.482600000000000E+009,-1.404967770213261E-005,-1.881062635220587E-004,1.036595276673324E-004,-1.642156421439722E-004,
2.482633333333334E+009,1.469338167225942E-004,-9.976324508897960E-005,2.135055692633614E-004,-1.279519929084927E-004,
2.482666666666667E+009,-1.410433324053884E-004,-2.381424419581890E-004,1.027139442157932E-004,-1.643332361709327E-004,
2.482700000000000E+009,1.496826007496566E-004,-1.919469505082816E-004,2.771797335299198E-005,-3.803829895332456E-005,
2.482733333333334E+009,7.374009874183685E-005,-1.852273999247700E-004,1.766282139215036E-006,-6.745913560735062E-005,
2.482766666666667E+009,4.733167588710785E-005,-2.993452653754503E-005,-2.114969902322628E-005,-1.573342160554603E-004,
2.482800000000000E+009,3.999484033556655E-005,-1.239917328348383E-004,1.280461292481050E-004,-1.660265406826511E-004,
2.482833333333334E+009,2.067507011815906E-004,-1.399931788910180E-004,8.764751692069694E-005,-9.336500079371035E-005,
2.482866666666667E+009,2.956101161544211E-005,-6.586912786588073E-005,-1.279401476494968E-004,-8.254600834334269E-005,
2.482900000000000E+009,8.241832256317139E-005,-6.166091770865023E-005,7.193122291937470E-005,-9.739214874571189E-005,
2.482933333333334E+009,-1.391652131133014E-005,-8.935427467804402E-005,5.901303666178137E-005,-6.077940633986145E-005,
2.482966666666667E+009,9.898516873363406E-005,-1.541544916108251E-004,3.577544021027279E-007,-1.779629819793627E-004,
2.483000000000000E+009,-1.176152800326236E-004,-9.322133701061830E-005,-8.324269583681598E-005,-2.066545712295920E-004,
2.483033333333334E+009,1.167132040791330E-006,-1.062691007973626E-004,6.878830026835203E-005,6.208907143445686E-005,
2.483066666666667E+009,-9.490454249316827E-005,-9.096956637222320E-005,6.345994188450277E-005,-1.080129004549235E-004,
2.483100000000000E+009,1.280669675907120E-004,-1.412261008226778E-005,7.990059384610504E-005,-8.600969886174426E-005,
2.483133333333334E+009,-6.546883923874702E-006,-2.742070137173869E-005,1.212172282976098E-004,-1.637614623177797E-004,
2.483166666666667E+009,-9.563985804561526E-005,-1.309130457229912E-004,-8.391869050683454E-005,-1.349944213870913E-004,
2.483200000000000E+009,1.537614880362526E-004,-7.307482883334160E-005,-1.417338626197306E-005,-9.903210593620315E-005,
2.483233333333334E+009,-1.337557623628527E-004,-1.404193026246503E-004,-1.074426982086152E-004,-7.747312338324264E-005,
2.483266666666667E+009,-5.566172694670968E-005,-6.712398317176849E-005,8.416797209065408E-005,-1.191589763038792E-004,
2.483300000000000E+009,1.522452657809481E-004,-9.769886446520104E-007,1.267886254936457E-004,-1.232655340572819E-004,
2.483333333333334E+009,-4.848231765208766E-005,-2.988094638567418E-004,6.074674729461549E-006,-4.660260310629383E-005,
2.483366666666667E+009,1.935560612764675E-005,-8.476348739350215E-005,-3.778288737521507E-005,-7.625430589541793E-005,
2.483400000000000E+009,-1.933116436703131E-005,-4.056136822327972E-005,2.022414555540308E-004,-2.020057290792465E-004,
2.483433333333334E+009,4.265797906555235E-005,-8.525630983058363E-005,1.653928120504133E-005,-4.534489562502131E-005,
2.483466666666667E+009,6.941679748706520E-005,2.576799033704447E-006,1.319686707574874E-004,-1.436218444723636E-004,
2.483500000000000E+009,2.880754618672654E-005,-1.093428509193473E-004,-3.735470454557799E-005,-2.086674066958949E-005,
2.483533333333334E+009,-3.016801929334179E-005,-3.847009065793827E-005,2.219220550614409E-005,7.859660399844870E-006,
2.483566666666667E+009,8.531007188139483E-005,-1.289985375478864E-004,5.684560164809227E-005,-3.889014988089912E-005,
2.483600000000000E+009,4.547886783257127E-005,-2.699443211895414E-005,-9.262396815756802E-006,8.950772098614834E-006,
2.483633333333334E+009,8.177650670404546E-006,-2.805388248816598E-006,-1.479128604842117E-005,1.304150937357917E-004,
2.483666666666667E+009,9.526959911454469E-005,-1.684068706708786E-006,4.167460065218620E-005,-8.894001803128049E-005,
2.483700000000000E+009,-9.153369319392368E-005,1.321711988566676E-005,-8.119524864014238E-005,3.035115150851198E-005,
2.483733333333334E+009,9.865282481769100E-005,-4.108834036742337E-005,1.171217518276535E-004,-3.698940054164268E-005,
2.483766666666667E+009,1.044773889589123E-004,-3.240240766899660E-005,-1.869049083325081E-005,-3.207892586942762E-005,
2.483800000000000E+009,-6.477249553427100E-005,-1.267505012947368E-005,-1.653525105211884E-004,-2.104504346789327E-005,
2.483833333333334E+009,-2.386958658462390E-005,-1.193724092445336E-004,-1.164633285952732E-004,9.892239904729649E-005,
2.483866666666667E+009,-1.126118222600780E-004,4.332363914727466E-006,-4.525640179053880E-005,4.654052099795081E-005,
2.483900000000000E+009,5.892648187000305E-005,-2.476303052389994E-005,7.590899258502759E-006,-1.959695691766683E-005,
2.483933333333334E+009,4.615576472133398E-005,-2.782072988338769E-005,-1.647819590289146E-005,-3.380185444257222E-005,
2.483966666666667E+009,7.535836630268022E-005,1.634447544347495E-004,3.480588929960504E-005,-3.335209476063028E-005,
2.484000000000000E+009,-2.114802191499621E-005,-6.675365148112178E-005,1.305736623180565E-005,-8.945482841227204E-005,
2.484033333333334E+009,-5.466427683131769E-005,-3.360665868967772E-005,-3.721848406712525E-005,-2.006433714996092E-005,
2.484066666666667E+009,-1.199635153170675E-004,5.028691884945147E-005,-9.291130845667794E-005,-8.572912338422611E-005,
2.484100000000000E+009,-1.584994424774777E-005,5.694779611076228E-005,1.570663880556822E-005,-3.334039502078667E-005,
2.484133333333334E+009,6.462333203671733E-006,3.104895949945785E-005,-1.731508527882397E-004,1.391417608829215E-004,
2.484166666666667E+009,-2.787384619296063E-005,-4.683650331571698E-005,-2.866269824153278E-005,3.723497502505779E-005,
2.484200000000000E+009,6.445498729590327E-005,-4.500281647779048E-005,-6.434792885556817E-005,1.516683641966665E-005,
2.484233333333334E+009,-1.479566271882504E-004,4.465148231247440E-005,-5.763096851296723E-006,9.535537537885830E-005,
2.484266666666667E+009,-8.275214349851012E-005,1.044004329742165E-005,-1.917927438626066E-004,8.575888932682574E-005,
2.484300000000000E+009,-9.923905599862337E-005,1.164825880550779E-004,-1.024018565658480E-004,4.247234301146818E-006,
2.484333333333334E+009,-3.731678225449286E-005,3.899925650330260E-005,4.106414053239860E-005,3.339014074299485E-005,
2.484366666666667E+009,1.747615351632703E-005,7.488346454920247E-005,-7.531214214395732E-005,-2.023830347752664E-005,
2.484400000000000E+009,-5.488369060913101E-005,-5.927116581005976E-005,-1.379258756060153E-004,-1.427091774530709E-004,
2.484433333333334E+009,-8.908357267500833E-005,7.116219785530120E-005,-1.851001143222675E-004,2.494839282007888E-005,
2.484466666666667E+009,-5.958003384876065E-005,-2.443939447402954E-004,4.112020542379469E-005,3.475636185612530E-005,
2.484500000000000E+009,-1.243477017851546E-004,-5.532870636670850E-005,2.858051811926998E-005,9.653701999923214E-005,
2.484533333333334E+009,7.259521225932986E-005,2.158600836992264E-004,-5.228041118243709E-005,1.134330377681181E-004,
2.484566666666667E+009,-6.420943100238219E-005,-5.198435246711597E-005,-8.523550059180707E-005,-4.079344216734171E-005,
2.484600000000000E+009,-1.766741479514167E-004,3.458555147517473E-005,-3.967414522776380E-005,1.814176794141531E-004,
2.484633333333334E+009,-5.739796688430943E-005,1.807407388696447E-004,-4.865212031290866E-005,5.199453153181821E-005,
2.484666666666667E+009,-3.396882311790250E-005,4.536857886705548E-005,1.962750138773117E-005,2.543480695749167E-005,
2.484700000000000E+009,9.494394180364907E-005,5.637587673845701E-005,-1.734311081236228E-004,6.897824641782790E-005,
2.484733333333334E+009,-8.403365063713864E-005,1.330556842731312E-004,1.560709279146977E-005,1.286033366341144E-004,
2.484766666666667E+009,3.468071372481063E-005,7.176124927354977E-005,4.097761848242953E-005,5.878881347598508E-005,
2.484800000000000E+009,4.003397771157324E-005,9.785502334125340E-005,-1.029309205478057E-004,1.626334415050224E-004,
2.484833333333334E+009,-1.487829576944932E-004,5.647445505019277E-005,-6.491334352176637E-005,7.783638284308836E-005,
2.484866666666667E+009,-1.218047837028280E-004,-1.423668618372176E-005,7.332257155212574E-006,7.977461791597307E-005,
2.484900000000000E+009,-7.128234574338421E-005,1.581740216352046E-004,-1.704924652585760E-004,2.291209675604478E-004,
2.484933333333334E+009,1.205111766466871E-004,1.312570093432441E-004,-1.030353014357388E-004,1.124601476476528E-004,
2.484966666666667E+009,-4.999871089239605E-005,8.465536666335538E-005,7.683539297431707E-005,2.434740599710494E-005,
2.485000000000000E+009,9.997167580877431E-006,6.957535515539348E-005,-1.218562683789060E-004,1.698868290986866E-004,
2.485033333333334E+009,-7.750513032078743E-005,3.803122581302887E-006,-9.418418630957604E-005,1.590125466464087E-004,
2.485066666666667E+009,1.633325882721692E-005,1.246879692189395E-004,-3.562120400601998E-005,2.398308570263907E-004,
2.485100000000000E+009,-2.784645403153263E-006,7.745042239548639E-005,-1.347064098808914E-004,8.165981853380799E-005,
2.485133333333334E+009,-1.138450897997245E-004,1.627456222195178E-004,1.092750026145950E-004,1.658791443333030E-004,
2.485166666666667E+009,-1.697824482107535E-004,8.672045078128576E-005,-3.202952939318493E-005,2.064753061858937E-004,
2.485200000000000E+009,-6.569926335942000E-005,1.324143522651866E-004,8.879476081347093E-005,1.550919259898365E-004,
2.485233333333334E+009,6.673297320958227E-005,2.063865249510855E-004,1.377637236146256E-004,2.576648839749396E-004,
2.485266666666667E+009,1.165517605841160E-004,1.418770116288215E-004,-3.533362905727699E-005,1.160596220870502E-004,
2.485300000000000E+009,4.407543019624427E-005,1.392926642438397E-004,-1.235987383552128E-006,1.271479122806341E-004,
2.485333333333334E+009,-7.220578117994592E-005,2.063919528154656E-004,-7.996442582225427E-005,2.622275787871331E-004,
2.485366666666667E+009,4.652082861866802E-005,2.720928750932217E-004,-1.196684297610773E-005,2.550909994170070E-004,
2.485400000000000E+009,1.271174260182306E-004,1.172343618236482E-004,5.118693661643192E-005,2.068983303615823E-004,
2.485433333333334E+009,6.546606891788542E-005,2.382870879955590E-004,-6.570353434653953E-005,1.857884199125692E-004,
2.485466666666667E+009,7.502456810470903E-006,2.177570131607354E-004,2.867414150387049E-005,3.337134839966893E-004,
2.485500000000000E+009,6.812262290623039E-005,1.930689613800496E-004,-1.233516231877729E-004,2.861087559722364E-004,
2.485533333333334E+009,-6.622741057071835E-005,1.905419630929828E-004,-4.234993866703007E-006,2.005242713494226E-004,
2.485566666666667E+009,3.285323691670783E-005,3.654376778285950E-004,-8.585317118559033E-005,2.993652014993131E-004,
2.485600000000000E+009,-9.385214798385277E-005,1.329075312241912E-004,-8.000845264177769E-005,2.692847047001123E-004,
2.485633333333334E+009,1.796663127606735E-005,1.079811336239800E-004,1.997204890358262E-005,2.735956804826856E-004,
2.485666666666667E+009,-8.343388617504388E-005,1.929475547512993E-004,1.404416834702715E-004,2.216797729488462E-004,
2.485700000000000E+009,-6.792341446271166E-005,1.989280281122774E-004,1.913186224555830E-006,2.113915834343061E-004,
2.485733333333334E+009,-3.440969885559753E-005,2.256897860206664E-004,-9.162723290501162E-005,1.881838252302259E-004,
2.485766666666667E+009,-1.320302999374690E-005,1.820744219003245E-004,-4.984730549040251E-005,2.511645725462586E-004,
2.485800000000000E+009,-1.616956433281303E-005,1.503935054643080E-004,5.430398596217856E-005,1.148348528658971E-004,
2.485833333333334E+009,-4.815536522073671E-005,1.826186926336959E-004,-1.397475443809526E-005,1.436118909623474E-004,
2.485866666666667E+009,5.637149297399446E-005,1.333534746663645E-004,-4.705173705588095E-005,1.852077984949574E-004,
2.485900000000000E+009,1.999052910832688E-004,2.474740904290229E-004,-1.170868781628087E-004,9.436933760298416E-005,
2.485933333333334E+009,-1.111056008085143E-005,2.571733202785254E-004,3.232110975659452E-005,2.528229088056833E-004,
2.485966666666667E+009,-1.056326145771891E-004,1.709755597403273E-004,-3.642775845946744E-005,2.953719813376665E-004,
2.486000000000000E+009,-8.018770313356072E-005,1.850270637078211E-004,8.611840894445777E-005,2.602176973596215E-004,
2.486033333333334E+009,-1.001295686364756E-006,2.222186885774136E-004,-8.278753375634551E-005,1.913632149808109E-004,
2.486066666666667E+009,-7.056030153762549E-005,2.151826047338545E-004,4.578137577482266E-006,2.850773453246802E-004,
2.486100000000000E+009,-2.520212547096890E-005,3.851220826618373E-004,6.545183714479208E-005,1.947330601979047E-004,
2.486133333333334E+009,-2.340682294743601E-005,3.183627850376070E-004,1.460638213757193E-005,2.631638781167567E-004,
2.486166666666667E+009,-1.162335756816901E-004,1.536205090815201E-004,-1.059915011865087E-004,2.025627036346123E-004,
2.486200000000000E+009,1.100264489650726E-005,1.446856913389638E-004,-9.170372504740953E-005,1.829833781812340E-004,
2.486233333333334E+009,8.622253517387435E-006,2.414172922726721E-004,1.784341111488175E-005,1.928144920384511E-004,
2.486266666666667E+009,-6.787586607970297E-005,2.509425685275346E-004,1.279802236240357E-004,3.151567943859845E-004,
2.486300000000000E+009,1.169654133263975E-004,1.581338874530047E-004,6.866786861792207E-005,2.319115883437917E-004,
2.486333333333334E+009,1.532453607069328E-004,2.327533438801765E-004,1.285746402572841E-004,2.155911352019757E-004,
2.486366666666667E+009,1.451131975045428E-004,6.247551937121898E-005,1.049676866387017E-004,3.435154794715345E-004,
2.486400000000000E+009,7.238645775942132E-005,2.185209887102246E-004,-4.575246930471622E-005,2.097991819027811E-004,
2.486433333333334E+009,6.237201887415722E-005,2.915120858233422E-004,1.285529433516786E-004,2.134694950655103E-004,
2.486466666666667E+009,9.653538290876895E-005,3.117431188002229E-004,-9.841059363679960E-005,2.665493520908058E-004,
2.486500000000000E+009,7.407330122077838E-005,2.506578166503459E-004,1.806184591259807E-004,2.398335200268775E-004,
2.486533333333334E+009,1.593215274624527E-004,2.491630730219185E-004,1.274014357477427E-004,3.249520377721638E-004,
2.486566666666667E+009,1.209474721690640E-004,3.462621243670583E-004,4.771122257807292E-005,3.431637014728040E-004,
2.486600000000000E+009,5.302075078361668E-005,1.811316760722548E-004,1.299904106417671E-004,4.305096808820963E-004,
2.486633333333334E+009,2.613874967209995E-004,3.399598062969744E-004,1.008029139484279E-004,3.258055949117988E-004,
2.486666666666667E+009,1.651505590416491E-004,3.214199678041041E-004,3.673801620607264E-005,2.906637673731893E-004,
2.486700000000000E+009,7.821232429705560E-005,2.637094003148377E-004,9.081027383217588E-005,3.675980551633984E-004,
2.486733333333334E+009,5.002875332138501E-005,2.532789658289403E-004,1.249545748578385E-004,3.327273589093238E-004,
2.486766666666667E+009,1.030799103318714E-004,3.930059028789401E-004,8.656002319185063E-005,3.874999238178134E-004,
2.486800000000000E+009,1.813256822060794E-004,3.548681852407754E-004,1.258504053112119E-004,3.042578173335642E-004,
2.486833333333334E+009,1.376426662318409E-004,2.956647949758917E-004,2.714085276238620E-004,2.672323316801339E-004,
2.486866666666667E+009,1.706985640339553E-004,2.643187181092799E-004,1.484562671976164E-004,3.158410836476833E-004,
2.486900000000000E+009,2.531216887291521E-004,2.480184775777161E-004,7.949575956445187E-005,3.160601190757006E-004,
2.486933333333334E+009,1.693425147095695E-004,2.757800975814462E-004,1.778918522177264E-004,3.994310391135514E-004,
2.486966666666667E+009,2.070108748739585E-004,3.244207473471761E-004,-3.243196988478303E-005,2.861109096556902E-004,
2.487000000000000E+009,1.914441672852263E-004,2.606925554573536E-004,2.560970024205744E-004,4.655286902561784E-004,
2.487033333333334E+009,1.116292987717316E-004,2.279829495819286E-004,1.252596266567707E-004,2.652927651070058E-004,
2.487066666666667E+009,3.745782669284381E-005,2.761145005933940E-004,1.937900233315304E-004,4.047085531055927E-004,
2.487100000000000E+009,1.235164236277342E-004,3.797373501583934E-004,1.389342942275107E-004,2.086677559418604E-004,
2.487133333333334E+009,3.038333306903951E-005,3.071648243349046E-004,1.128573203459382E-004,4.647891619242728E-004,
2.487166666666667E+009,1.350370584987104E-004,4.466216196306050E-004,1.160792089649476E-004,4.038271144963801E-004,
2.487200000000000E+009,2.607001988508273E-005,3.868152853101492E-004,1.363479968858883E-004,2.553985395934433E-004,
2.487233333333334E+009,1.589613384567201E-004,2.475619839970022E-004,2.024752611760050E-004,3.804199805017561E-004,
2.487266666666667E+009,-1.919926262416993E-006,2.584907051641494E-004,1.812289410736412E-004,3.160852647852153E-004,
2.487300000000000E+009,1.596892980160192E-004,2.644415362738073E-004,1.704244350548834E-004,2.998093841597438E-004,
2.487333333333334E+009,5.165283073438332E-005,3.014880348928273E-004,1.785245403880253E-004,4.028023395221680E-004,
2.487366666666667E+009,5.998400956741534E-005,3.966817457694560E-004,1.340097514912486E-004,3.204965032637119E-004,
2.487400000000000E+009,4.544307739706710E-005,2.551497309468687E-004,1.372119095321978E-005,3.180185740347952E-004,
2.487433333333334E+009,9.803645662032068E-005,4.913586890324950E-004,1.741675660014153E-004,3.410299250390381E-004,
2.487466666666667E+009,1.775912096491084E-004,3.582276694942266E-004,1.760338636813685E-004,4.496650944929570E-004,
2.487500000000000E+009,1.784580963430926E-004,3.677115601021797E-004,8.071390038821846E-005,2.600560837890953E-004,
2.487533333333334E+009,4.685715248342603E-005,2.906937152147293E-004,1.498621568316594E-004,3.794323420152068E-004,
2.487566666666667E+009,1.357409928459674E-004,3.223252715542913E-004,1.093836763175204E-004,4.140530072618276E-004,
2.487600000000000E+009,7.454849401256070E-005,3.150132833980024E-004,1.206441884278320E-004,4.559776571113616E-004,
2.487633333333334E+009,2.035976649494842E-004,2.946343156509101E-004,6.974372081458569E-005,3.254555049352348E-004,
2.487666666666667E+009,1.813757990021259E-004,3.583518555387855E-004,1.837940799305216E-004,2.474612265359610E-004,
2.487700000000000E+009,1.731866941554472E-004,2.831014571711421E-004,1.300075673498213E-004,2.337389887543395E-004,
2.487733333333334E+009,2.688110689632595E-004,3.578370087780058E-004,3.891054439009167E-005,2.336044271942228E-004,
2.487766666666667E+009,1.045382450683974E-004,2.819552319124341E-004,1.016316236928105E-004,4.169632447883487E-004,
2.487800000000000E+009,1.368277589790523E-004,4.092057060915977E-004,1.024734665406868E-004,2.652036200743169E-004,
2.487833333333334E+009,2.469992905389518E-004,3.483328910078853E-004,1.393750862916932E-004,2.227517252322286E-004,
2.487866666666667E+009,1.103958857129328E-004,5.924403667449951E-004,1.854849833762273E-004,3.378980909474194E-004,
2.487900000000000E+009,1.283580932067707E-004,3.000032156705856E-004,9.741701069287956E-005,2.565140021033585E-004,
2.487933333333334E+009,6.127000233391300E-005,4.509114369284362E-004,2.297152532264590E-004,4.136239876970649E-004,
2.487966666666667E+009,9.632446017349139E-005,3.739790699910373E-004,2.228293014923111E-004,2.651080139912665E-004,
2.488000000000000E+009,1.215396332554519E-004,2.619067381601781E-004,2.371751324972138E-004,4.471410939004272E-004,
2.488033333333334E+009,1.363026094622910E-004,3.705641429405659E-004,3.031417145393789E-004,4.102163075003773E-004,
2.488066666666667E+009,1.510974980192259E-004,3.215165925212205E-004,7.839254249120131E-005,4.097040218766779E-004,
2.488100000000000E+009,1.136715145548806E-004,3.059204027522355E-004,2.005231945076957E-004,2.742528158705682E-004,
2.488133333333334E+009,2.230721147498116E-004,4.300145374145359E-004,1.495527540100738E-004,4.448750114534050E-004,
2.488166666666667E+009,2.628651564009488E-004,2.673608832992613E-004,1.979686639970169E-004,3.554326540324837E-004,
2.488200000000000E+009,9.542376938043162E-005,3.471240052022040E-004,3.422131412662566E-004,2.429727901471779E-004,
2.488233333333334E+009,2.791570150293410E-004,4.004449583590031E-004,1.336515997536480E-004,5.053405766375363E-004,
2.488266666666667E+009,2.998186100739986E-004,4.608092713169754E-004,3.312971966806799E-004,3.006324986927211E-004,
2.488300000000000E+009,2.438503142911941E-004,4.107727436348796E-004,3.121128538623452E-004,4.184788267593831E-004,
2.488333333333334E+009,3.068844089284539E-004,4.840819456148893E-004,2.235162828583270E-004,4.330040246713907E-004,
2.488366666666667E+009,2.588670467957854E-004,4.360666207503527E-004,2.924954169429839E-004,3.739534004125744E-004,
2.488400000000000E+009,2.832936297636479E-004,3.225801920052618E-004,1.617728557903320E-004,3.638408088590950E-004,
2.488433333333334E+009,3.866375773213804E-004,3.200127102900296E-004,3.739038365893066E-004,4.503405070863664E-004,
2.488466666666667E+009,3.040911688003689E-004,3.309562453068793E-004,3.252716560382396E-004,2.623410255182535E-004,
2.488500000000000E+009,2.852252509910613E-004,3.877876151818782E-004,2.019411185756326E-004,3.875164547935128E-004,
2.488533333333334E+009,3.130724653601646E-004,3.781785198953003E-004,2.127131447196007E-004,4.215005610603839E-004,
2.488566666666667E+009,3.585731610655785E-004,3.246576234232634E-004,2.645052445586771E-004,3.666764823719859E-004,
2.488600000000000E+009,3.604160738177598E-004,4.500513605307788E-004,2.868288720492274E-004,3.241883823648095E-004,
2.488633333333334E+009,2.519172267057002E-004,3.886579943355173E-004,3.591669083107263E-004,3.944119089283049E-004,
2.488666666666667E+009,2.006143186008558E-004,4.663200234062970E-004,2.263587230117992E-004,3.683686663862318E-004,
2.488700000000000E+009,2.168868231819943E-004,2.840840024873614E-004,2.181690651923418E-004,3.699898952618241E-004,
2.488733333333334E+009,2.532804501242936E-004,3.810108755715191E-004,3.229703579563648E-004,3.701673413161188E-004,
2.488766666666667E+009,2.689586835913360E-004,4.615039215423167E-004,3.560707555152476E-004,3.931609389837831E-004,
2.488800000000000E+009,2.450915926601738E-004,4.310759832151234E-004,1.603467680979520E-004,4.401139449328184E-004,
2.488833333333334E+009,2.174256951548159E-004,4.027485265396535E-004,1.677251420915127E-004,4.008710384368897E-004,
2.488866666666667E+009,2.264408831251785E-004,3.947306540794671E-004,3.486834175419062E-004,3.248925495427102E-004,
2.488900000000000E+009,1.563924161018804E-004,5.038770614191890E-004,2.796752669382840E-004,3.745125432033092E-004,
2.488933333333334E+009,2.466961159370840E-004,3.688854339998215E-004,3.718275402206928E-004,4.272594524081796E-004,
2.488966666666667E+009,1.253561495104805E-004,3.726095310412347E-004,2.093735529342666E-004,4.535121843218803E-004,
2.489000000000000E+009,2.488614700268954E-004,5.221423343755305E-004,2.470283070579171E-004,4.169208987150341E-004,
2.489033333333334E+009,2.764656092040241E-004,3.779334656428546E-004,3.161135537084192E-004,5.738483159802854E-004,
2.489066666666667E+009,2.478522947058082E-004,3.093462728429586E-004,3.105017240159214E-004,3.938974114134908E-004,
2.489100000000000E+009,2.254868886666372E-004,3.276369534432888E-004,2.579172432888299E-004,4.042487416882068E-004,
2.489133333333334E+009,2.911277406383306E-004,3.841228317469358E-004,2.004567068070173E-004,3.434293903410435E-004,
2.489166666666667E+009,1.843398204073310E-004,3.451356606092304E-004,3.336889785714448E-004,4.176280926913023E-004,
2.489200000000000E+009,3.045461489818990E-004,3.899109724443406E-004,1.816168660297990E-004,3.924521151930094E-004,
2.489233333333334E+009,1.113462494686246E-004,3.630336723290384E-004,2.365824329899624E-004,4.489495186135173E-004,
2.489266666666667E+009,2.586971095297486E-004,4.482658114284277E-004,3.256986674387008E-004,3.456142439972609E-004,
2.489300000000000E+009,2.694035065360367E-004,2.918462269008160E-004,1.897885376820341E-004,4.638366808649153E-004,
2.489333333333334E+009,3.087885852437466E-004,4.104148538317531E-004,2.379263169132173E-004,2.968636690638959E-004,
2.489366666666667E+009,2.285205264342949E-004,2.989257627632469E-004,2.633451367728412E-004,2.521310525480658E-004,
2.489400000000000E+009,1.549503795104101E-004,5.004234844818711E-004,2.817613130901009E-004,3.284543636254966E-004,
2.489433333333334E+009,2.242382615804672E-004,4.689438501372933E-004,2.341488143429160E-004,4.441369092091918E-004,
2.489466666666667E+009,4.431031411513686E-004,4.654974618460983E-004,2.462292322888970E-004,3.552698472049087E-004,
2.489500000000000E+009,1.926671684486792E-004,5.842144018970430E-004,3.263913968112320E-004,3.937043657060713E-004,
2.489533333333334E+009,2.501272247172892E-004,4.224843869451433E-004,2.071400958811864E-004,4.489968414418399E-004,
2.489566666666667E+009,2.309042320121080E-004,4.320424050092697E-004,2.873356861528009E-004,2.410701563348994E-004,
2.489600000000000E+009,2.017694932874292E-004,3.696942876558751E-004,3.945875505451113E-004,4.342940519563854E-004,
2.489633333333334E+009,2.311860880581662E-004,3.575912560336292E-004,2.198354923166335E-004,4.639126418624073E-004,
2.489666666666667E+009,2.216513676103205E-004,4.307287454139441E-004,3.586097736842930E-004,4.617235681507736E-004,
2.489700000000000E+009,2.219433081336319E-004,4.782286123372614E-004,4.124454571865499E-004,4.394657444208860E-004,
2.489733333333334E+009,4.142635734751821E-004,4.375255084596574E-004,2.785975229926407E-004,4.165915306657553E-004,
2.489766666666667E+009,3.164719091728330E-004,2.951780625153333E-004,4.152835463173688E-004,3.068454097956419E-004,
2.489800000000000E+009,2.548742340877652E-004,5.015274509787560E-004,3.218411002308130E-004,3.299075469840318E-004,
2.489833333333334E+009,4.033556906506419E-004,3.509572707116604E-004,3.369695332366973E-004,3.153054858557880E-004,
2.489866666666667E+009,4.117793578188866E-004,4.375687567517161E-004,4.295512917451561E-004,4.321467713452876E-004,
2.489900000000000E+009,3.445248294156045E-004,4.498750786297023E-004,4.912108415737748E-004,3.729961754288524E-004,
2.489933333333334E+009,3.945572825614363E-004,3.935174026992172E-004,4.324824258219451E-004,2.835108898580074E-004,
2.489966666666667E+009,3.805770538747311E-004,4.318654828239232E-004,4.175875219516456E-004,3.379104309715331E-004,
2.490000000000000E+009,4.729869251605123E-004,3.402082365937531E-004,2.759453200269491E-004,5.081937415525317E-004,
2.490033333333334E+009,4.998013027943671E-004,3.159285406582058E-004,4.404004721436650E-004,3.595703747123480E-004,
2.490066666666667E+009,3.160747583024204E-004,3.685053088702261E-004,3.742336994037032E-004,3.222766681574285E-004,
2.490100000000000E+009,4.355947312433273E-004,3.150601405650377E-004,4.141156969126314E-004,3.041670133825392E-004,
2.490133333333334E+009,4.142718971706927E-004,3.270095039624721E-004,3.611150896176696E-004,4.569766460917890E-004,
2.490166666666667E+009,5.746876122429967E-004,3.833324590232223E-004,4.378145385999233E-004,3.744224959518760E-004,
2.490200000000000E+009,3.950040554627776E-004,4.084294778294861E-004,5.020620883442462E-004,4.238057590555400E-004,
2.490233333333334E+009,4.147336585447192E-004,4.094420582987368E-004,4.144686972722411E-004,3.913610416930169E-004,
2.490266666666667E+009,3.960054891649634E-004,4.579948727041483E-004,3.400385321583599E-004,4.358420846983790E-004,
2.490300000000000E+009,4.405625222716481E-004,4.513177555054426E-004,3.493645635899156E-004,4.650045593734831E-004,
2.490333333333334E+009,5.233338451944292E-004,3.772240597754717E-004,4.938413621857762E-004,4.084807296749204E-004,
2.490366666666667E+009,3.499552258290350E-004,4.087091656401753E-004,3.635128960013390E-004,4.175466310698539E-004,
2.490400000000000E+009,3.861358854919672E-004,5.748076946474612E-004,3.426299663260579E-004,3.303075791336596E-004,
2.490433333333334E+009,3.061427269130945E-004,3.796402015723288E-004,4.426064260769635E-004,3.833245718851686E-004,
2.490466666666667E+009,3.700842498801649E-004,2.932575007434934E-004,4.766890488099307E-004,4.292071971576661E-004,
2.490500000000000E+009,4.126878047827631E-004,2.910264593083412E-004,5.086390883661807E-004,4.008342220913619E-004,
2.490533333333334E+009,4.737752606160939E-004,3.844928287435323E-004,4.454657027963549E-004,4.094075702596456E-004,
2.490566666666667E+009,4.388622473925352E-004,4.749416548293084E-004,4.658286634366959E-004,5.065738223493099E-004,
2.490600000000000E+009,4.753240209538490E-004,4.344521439634264E-004,4.353351832833141E-004,3.575395676307380E-004,
2.490633333333334E+009,3.356616944074631E-004,3.958303423132747E-004,4.420648328959942E-004,4.501474322751164E-004,
2.490666666666667E+009,3.958893357776105E-004,3.551315458025783E-004,4.576306964736432E-004,3.613781882449985E-004,
2.490700000000000E+009,3.942050680052489E-004,2.879863313864917E-004,4.215779772493988E-004,5.188137874938548E-004,
2.490733333333334E+009,4.079547652509064E-004,4.013744182884693E-004,3.068022197112441E-004,3.893931279890239E-004,
2.490766666666667E+009,4.346946370787919E-004,4.562291724141687E-004,4.169523017480969E-004,4.089926078449935E-004,
2.490800000000000E+009,3.512585826683790E-004,5.031314794905484E-004,3.683027462102473E-004,4.598670639097691E-004,
2.490833333333334E+009,3.677867061924189E-004,5.244708154350519E-004,3.674625477287918E-004,3.252518654335290E-004,
2.490866666666667E+009,4.793699772562832E-004,4.290126089472324E-004,3.929843078367412E-004,5.093437503091991E-004,
2.490900000000000E+009,4.022624925710261E-004,4.164482234045863E-004,3.094225248787552E-004,4.372263792902231E-004,
2.490933333333334E+009,4.282381269149482E-004,4.392043920233846E-004,3.443494788371027E-004,3.882389573846012E-004,
2.490966666666667E+009,4.579819797072560E-004,4.925852990709245E-004,4.755523405037820E-004,3.475149860605598E-004,
2.491000000000000E+009,3.786518645938486E-004,5.115974345244467E-004,4.915118333883584E-004,4.940923536196351E-004,
2.491033333333334E+009,3.415100218262523E-004,3.409653727430850E-004,4.779590526595712E-004,5.225900677032769E-004,
2.491066666666667E+009,4.422538622748107E-004,4.621778207365423E-004,4.719805729109794E-004,2.795119944494218E-004,
2.491100000000000E+009,4.785334167536348E-004,5.592614761553705E-004,3.926683275494725E-004,5.336465546861291E-004,
2.491133333333334E+009,3.593711589928716E-004,5.870793247595429E-004,5.487867165356875E-004,2.699761826079339E-004,
2.491166666666667E+009,3.616652393247932E-004,3.902494499925524E-004,4.617850936483592E-004,3.380537382327020E-004,
2.491200000000000E+009,3.621102659963071E-004,4.446908715181053E-004,5.413080216385424E-004,4.392586706671864E-004,
2.491233333333334E+009,4.367910441942513E-004,3.569437540136278E-004,4.457280447240919E-004,3.151565906591713E-004,
2.491266666666667E+009,3.422731533646584E-004,3.766069130506367E-004,5.053400527685881E-004,4.174999194219708E-004,
2.491300000000000E+009,4.557333013508469E-004,3.792428178712726E-004,3.474853583611548E-004,3.579831391107291E-004,
2.491333333333334E+009,5.973350489512086E-004,4.415028088260442E-004,5.376175977289677E-004,4.141236713621765E-004,
2.491366666666667E+009,4.678350233007222E-004,3.688386059366167E-004,4.391015972942114E-004,3.706646966747940E-004,
2.491400000000000E+009,4.865360097028315E-004,2.560640277806670E-004,4.819586756639183E-004,2.919387479778379E-004,
2.491433333333334E+009,7.059167255647481E-004,3.897361748386174E-004,5.469421739690006E-004,2.424303966108710E-004,
2.491466666666667E+009,5.045402212999761E-004,4.419005126692355E-004,5.620855372399092E-004,3.661796217784286E-004,
2.491500000000000E+009,6.772920023649931E-004,3.438586718402803E-004,5.855101626366377E-004,2.672560513019562E-004,
2.491533333333334E+009,6.134102586656809E-004,2.186493511544541E-004,6.101789185777307E-004,3.926056961063296E-004,
2.491566666666667E+009,6.510738166980445E-004,2.925206208601594E-004,5.130223580636084E-004,2.260462060803548E-004,
2.491600000000000E+009,6.492168176919222E-004,2.767720434349030E-004,5.256325821392238E-004,6.054514669813216E-004,
2.491633333333334E+009,6.056287093088031E-004,2.767695405054838E-004,4.274894017726183E-004,3.318735398352146E-004,
2.491666666666667E+009,4.709496570285410E-004,3.681358648464084E-004,5.997843691147864E-004,4.039447521790862E-004,
2.491700000000000E+009,5.606535123661161E-004,1.947937271324918E-004,5.261375335976481E-004,4.634096112567931E-004,
2.491733333333334E+009,5.852715694345534E-004,3.642895899247378E-004,6.135909352451563E-004,4.007680981885642E-004,
2.491766666666667E+009,6.303433910943568E-004,4.625715955626220E-004,5.832763272337616E-004,3.688344149850309E-004,
2.491800000000000E+009,4.758115101139993E-004,3.554688009899110E-004,4.678411642089486E-004,4.499829083215445E-004,
2.491833333333334E+009,4.083396634086967E-004,2.963303704746068E-004,5.243560299277306E-004,3.750815230887383E-004,
2.491866666666667E+009,6.090247188694775E-004,4.196712689008564E-004,5.938932299613953E-004,4.794484993908554E-004,
2.491900000000000E+009,5.553408409468830E-004,3.732427721843123E-004,6.051814416423440E-004,3.178646147716790E-004,
2.491933333333334E+009,6.280243396759033E-004,4.419038596097380E-004,6.102792103774846E-004,4.283784073777497E-004,
2.491966666666667E+009,5.158124840818346E-004,4.237902176100761E-004,6.432319642044604E-004,4.305538022890687E-004,
2.492000000000000E+009,5.805584951303899E-004,3.843783342745155E-004,6.689647561870515E-004,4.636929952539504E-004,
2.492033333333334E+009,4.454728914424777E-004,4.685347375925630E-004,5.336835747584701E-004,3.628739214036614E-004,
2.492066666666667E+009,4.915171302855015E-004,3.473446122370660E-004,6.584014627151191E-004,3.433626552578062E-004,
2.492100000000000E+009,6.779746618121862E-004,5.142971058376133E-004,5.863942787982523E-004,4.880353517364711E-004,
2.492133333333334E+009,5.223130574449897E-004,2.117967524100095E-004,5.777793703600764E-004,3.135124279651791E-004,
2.492166666666667E+009,4.852723213844001E-004,4.080697253812105E-004,5.205512861721218E-004,3.798554535023868E-004,
2.492200000000000E+009,5.535793025046587E-004,5.354600143618882E-004,5.395127809606493E-004,3.878629941027612E-004,
2.492233333333334E+009,5.246201180852950E-004,3.431435907259584E-004,7.008669199422002E-004,3.059451119042933E-004,
2.492266666666667E+009,6.061606691218913E-004,3.838591801468283E-004,5.833097384311259E-004,4.346469067968428E-004,
2.492300000000000E+009,6.169650587253273E-004,3.057669964618981E-004,5.902487901039422E-004,4.215852241031826E-004,
2.492333333333334E+009,6.028302595950663E-004,3.452750388532877E-004,4.701528523582965E-004,4.868168616667390E-004,
2.492366666666667E+009,5.770947318524122E-004,4.297507111914456E-004,5.774261662736535E-004,3.613376466091722E-004,
2.492400000000000E+009,6.897907587699592E-004,3.716348146554083E-004,4.881415516138077E-004,2.134054375346750E-004,
2.492433333333334E+009,5.327243707142770E-004,3.315869835205376E-004,5.542339058592916E-004,4.243924922775477E-004,
2.492466666666667E+009,6.839361158199608E-004,3.445163602009416E-004,6.162966019473970E-004,3.802002465818077E-004,
2.492500000000000E+009,6.293207406997681E-004,4.070299910381436E-004,5.554754752665758E-004,3.931657411158085E-004,
2.492533333333334E+009,5.676777800545096E-004,2.773728920146823E-004,6.356501253321767E-004,3.340285038575530E-004,
2.492566666666667E+009,5.669532110914588E-004,4.181882250122726E-004,6.396989920176566E-004,2.362871600780636E-004,
2.492600000000000E+009,6.470444495789707E-004,2.562861773185432E-004,6.525469943881035E-004,4.324828332755715E-004,
2.492633333333334E+009,6.123426719568670E-004,1.763589680194855E-004,5.311021232046187E-004,1.937299530254677E-004,
2.492666666666667E+009,7.097236812114716E-004,3.120489418506622E-004,6.541728507727385E-004,4.071208240929991E-004,
2.492700000000000E+009,5.432319594547153E-004,2.512559876777232E-004,6.753404159098864E-004,2.263261412736028E-004,
2.492733333333334E+009,6.132326088845730E-004,4.001304623670876E-004,6.831831415183842E-004,1.857103052316234E-004,
2.492766666666667E+009,5.564675084315240E-004,3.653440799098462E-004,5.097338580526412E-004,3.701238892972469E-004,
2.492800000000000E+009,7.621461991220713E-004,3.717995714396238E-004,6.205168319866061E-004,3.315082576591522E-004,
2.492833333333334E+009,5.574476090259850E-004,2.630558446981013E-004,6.711676833219826E-004,4.049253475386649E-004,
2.492866666666667E+009,7.118238718248904E-004,3.115067956969142E-004,5.880793905816972E-004,3.696599742397666E-004,
2.492900000000000E+009,6.820413982495666E-004,2.691615663934499E-004,7.239912520162761E-004,3.768161695916206E-004,
2.492933333333334E+009,6.576138548552990E-004,2.661414036992937E-004,6.807364989072084E-004,2.654211712069809E-004,
2.492966666666667E+009,5.900369724258781E-004,3.010879445355386E-004,5.854527698829770E-004,3.050179802812636E-004,
2.493000000000000E+009,7.503121159970760E-004,1.636413799133152E-004,6.502996548078954E-004,2.340022911084816E-004,
2.493033333333334E+009,6.387910107150674E-004,1.929094723891467E-004,7.143436232581735E-004,2.037041122093797E-004,
2.493066666666667E+009,7.458059699274600E-004,2.348164998693392E-004,7.091534207575023E-004,1.845132646849379E-004,
2.493100000000000E+009,7.464625523425639E-004,3.268782165832818E-004,5.219570593908429E-004,1.739769213600084E-004,
2.493133333333334E+009,7.787946960888803E-004,3.232491435483098E-004,6.442735320888460E-004,3.179247723892331E-004,
2.493166666666667E+009,8.191441884264350E-004,2.568932541180402E-004,7.482460350729525E-004,4.333414253778756E-004,
2.493200000000000E+009,7.334087858907878E-004,2.384977851761505E-004,6.126318476162851E-004,3.518817247822881E-004,
2.493233333333334E+009,6.563205388374627E-004,2.176580164814368E-004,7.365433848462999E-004,3.705570707097650E-004,
2.493266666666667E+009,6.142458296380937E-004,1.853826543083414E-004,6.430835928767920E-004,2.465136640239507E-004,
2.493300000000000E+009,7.861196645535529E-004,3.001604927703738E-004,7.548388675786555E-004,1.910839928314090E-004,
2.493333333333334E+009,7.224110886454582E-004,3.672637394629419E-004,7.815524004399777E-004,2.445105637889355E-004,
2.493366666666667E+009,7.463853107765317E-004,3.816966491285712E-004,7.585298735648394E-004,3.038156428374350E-004,
2.493400000000000E+009,7.009237306192517E-004,4.748166538774967E-004,6.528320955112577E-004,2.681017504073679E-004,
2.493433333333334E+009,7.800987223163247E-004,2.203705371357501E-004,7.096026092767716E-004,2.918165409937501E-004,
2.493466666666667E+009,6.598985055461526E-004,1.256309769814834E-004,7.221557316370308E-004,2.911893534474075E-004,
2.493500000000000E+009,7.264214800670743E-004,2.578509447630495E-004,7.288367487490177E-004,2.828226715791971E-004,
2.493533333333334E+009,6.538821617141366E-004,1.990259188460186E-004,7.048304541967809E-004,2.234959683846682E-004,
2.493566666666667E+009,6.072994438000023E-004,3.047327918466181E-004,7.784312474541366E-004,2.643496845848858E-004,
2.493600000000000E+009,7.528299465775490E-004,2.854197809938341E-004,7.805056520737708E-004,2.325726090930402E-004,
2.493633333333334E+009,7.722338195890188E-004,2.986800682265312E-004,7.076979964040220E-004,2.512333157937974E-004,
2.493666666666667E+009,6.979210302233696E-004,4.166151338722557E-004,5.905691068619490E-004,3.356741799507290E-004,
2.493700000000000E+009,5.637254216708243E-004,1.918276830110699E-004,6.776647642254829E-004,2.166425692848861E-004,
2.493733333333334E+009,7.335089030675590E-004,2.853800833690912E-004,6.488336948677898E-004,3.324087883811444E-004,
2.493766666666667E+009,6.917004357092083E-004,3.687780699692667E-004,7.219102117232978E-004,2.525959280319512E-004,
2.493800000000000E+009,6.120820762589574E-004,3.031576634384692E-004,7.048193947412074E-004,8.693537529325113E-005,
2.493833333333334E+009,7.516866317018867E-004,2.630832022987306E-004,7.162041729316115E-004,2.635394921526313E-004,
2.493866666666667E+009,7.854500436224043E-004,3.190151182934642E-004,6.958522717468441E-004,3.003335732501000E-004,
2.493900000000000E+009,7.132517057470977E-004,1.695615501375869E-004,7.183788693509996E-004,3.330472682137042E-004,
2.493933333333334E+009,6.675606709904969E-004,2.216324210166931E-004,7.148190052248538E-004,2.779012720566243E-004,
2.493966666666667E+009,5.595531547442079E-004,3.536508011166006E-004,6.580178160220385E-004,3.137190069537610E-004,
2.494000000000000E+009,6.237623165361583E-004,1.459629274904728E-004,7.075808243826032E-004,1.901017385534942E-004,
2.494033333333334E+009,6.915718549862504E-004,3.654038882814348E-004,6.456680130213499E-004,2.102107537211850E-004,
2.494066666666667E+009,7.525072433054447E-004,2.314307494089007E-004,7.903904188424349E-004,2.929297334048897E-004,
2.494100000000000E+009,6.358654936775565E-004,2.100335841532797E-004,7.372169056907296E-004,3.027664206456393E-004,
2.494133333333334E+009,7.577955257147551E-004,3.280161181464791E-004,6.152816349640489E-004,4.243677831254900E-004,
2.494166666666667E+009,6.615039892494679E-004,4.433532885741442E-004,6.838040426373482E-004,4.010763659607619E-004,
2.494200000000000E+009,7.265761960297823E-004,1.778175064828247E-004,7.050785934552550E-004,2.941389975603670E-004,
2.494233333333334E+009,7.676177774555981E-004,1.660889538470656E-004,8.508914615958929E-004,2.895774086937308E-004,
2.494266666666667E+009,8.454843191429973E-004,2.687223895918578E-004,7.738309213891625E-004,2.699448959901929E-004,
2.494300000000000E+009,7.631318294443190E-004,3.567274252418429E-004,7.188633317127824E-004,3.374792868271470E-004,
2.494333333333334E+009,8.181509329006076E-004,2.563741581980139E-004,8.498558891005814E-004,2.660840400494635E-004,
2.494366666666667E+009,6.837277906015515E-004,1.789289090083912E-004,6.581733468919992E-004,2.851907047443092E-004,
2.494400000000000E+009,8.322091889567673E-004,3.101767215412110E-004,8.436832576990128E-004,1.356932771159336E-004,
2.494433333333334E+009,7.041739881969988E-004,2.835612103808671E-004,7.874805596657097E-004,2.839125227183104E-004,
2.494466666666667E+009,8.011021418496966E-004,2.343212836422026E-004,6.735209026373923E-004,2.028003800660372E-004,
2.494500000000000E+009,6.965762004256249E-004,1.863380748545751E-004,7.653331849724054E-004,2.548980119172484E-004,
2.494533333333334E+009,7.984461844898760E-004,1.233080693054944E-004,6.889934302307665E-004,1.081597947631963E-004,
2.494566666666667E+009,6.982689956203103E-004,2.726616512518376E-004,7.148301228880882E-004,7.350494706770405E-005,
2.494600000000000E+009,7.847547531127930E-004,1.920704671647400E-004,9.341821423731744E-004,1.561520766699687E-004,
2.494633333333334E+009,7.852021371945739E-004,5.395121843321249E-005,8.693514391779900E-004,2.248746022814885E-004,
2.494666666666667E+009,7.693414227105677E-004,2.232745464425534E-004,7.350933155976236E-004,6.934929115232080E-005,
2.494700000000000E+009,7.054472807794809E-004,2.398023207206279E-004,8.548317127861083E-004,2.072166098514572E-004,
2.494733333333334E+009,8.205819758586586E-004,6.092270996305160E-005,7.807772490195930E-004,5.666919605573639E-005,
2.494766666666667E+009,7.589600863866508E-004,3.523824489093386E-005,8.200395386666060E-004,1.482533753005555E-005,
2.494800000000000E+009,7.581370300613344E-004,3.293210465926677E-004,7.094238535501063E-004,1.868708204710856E-004,
2.494833333333334E+009,6.824017036706209E-004,7.899114280007780E-005,8.075637160800397E-004,2.599915897008032E-004,
2.494866666666667E+009,7.178091909736395E-004,2.251117257401347E-004,6.483114557340741E-004,9.139148460235447E-005,
2.494900000000000E+009,8.174188551492989E-004,1.748090871842578E-004,8.440056699328125E-004,1.641285634832457E-004,
2.494933333333334E+009,6.671586306765676E-004,1.826904481276870E-004,6.912495009601116E-004,9.409557969775051E-005,
2.494966666666667E+009,7.573403418064117E-004,3.875252150464803E-004,7.829893729649484E-004,2.454065834172070E-004,
2.495000000000000E+009,8.540392154827714E-004,2.803167735692114E-004,8.181382436305285E-004,1.775214332155883E-004,
2.495033333333334E+009,8.079821709543467E-004,1.344780175713822E-004,7.314285030588508E-004,1.893978042062372E-004,
2.495066666666667E+009,5.937796668149531E-004,7.012140849838033E-005,8.033646736294031E-004,1.756757410475984E-004,
2.495100000000000E+009,9.782681008800864E-004,8.962535503087565E-005,8.147474727593362E-004,7.949788414407522E-005,
2.495133333333334E+009,7.204442517831922E-004,2.774248423520476E-004,9.377072565257549E-004,2.488484315108508E-004,
2.495166666666667E+009,9.612346766516566E-004,6.740061508025974E-005,8.388186106458306E-004,2.636814606375992E-004,
2.495200000000000E+009,7.905047968961299E-004,3.883652971126139E-004,7.912055007182062E-004,2.398726355750114E-004,
2.495233333333334E+009,8.345505921170116E-004,1.591592008480802E-004,8.876008214429021E-004,2.345183165743947E-004,
2.495266666666667E+009,7.514212047681212E-004,2.023006236413494E-004,7.125611882656813E-004,1.816176227293909E-004,
2.495300000000000E+009,8.042429690249264E-004,2.228186058346182E-004,8.636743295937777E-004,2.079191617667675E-004,
2.495333333333334E+009,8.062222041189671E-004,1.588181621627882E-004,8.192835375666618E-004,2.338988269912079E-004,
2.495366666666667E+009,8.448729640804231E-004,1.113717080443166E-004,8.213599794544280E-004,1.441610511392355E-004,
2.495400000000000E+009,8.180919103324413E-004,1.052924417308532E-004,7.786092464812100E-004,3.442341403570026E-004,
2.495433333333334E+009,7.503075175918639E-004,1.803389022825286E-004,8.607059717178345E-004,2.009608433581889E-004,
2.495466666666667E+009,8.099068072624505E-004,1.641848793951795E-004,7.657436071895063E-004,1.466188696213067E-004,
2.495500000000000E+009,7.563224644400179E-004,1.386379735777155E-004,7.910347776487470E-004,2.760443603619933E-004,
2.495533333333334E+009,9.283105027861893E-004,7.541714876424521E-005,9.430263889953494E-004,1.614066568436101E-004,
2.495566666666667E+009,8.088853210210800E-004,2.313934965059161E-004,8.262343471869826E-004,1.426955132046714E-004,
2.495600000000000E+009,7.752294768579304E-004,1.473505399189889E-004,9.077313588932157E-004,1.644981093704701E-004,
2.495633333333334E+009,6.141427438706160E-004,2.033893542829901E-004,6.988331442698836E-004,2.240324829472229E-004,
2.495666666666667E+009,8.707833476364613E-004,1.597424852661789E-004,7.721823640167713E-004,1.125923081417568E-004,
2.495700000000000E+009,7.838325109332800E-004,1.593725901329890E-004,8.059394895099104E-004,2.198119182139635E-004,
2.495733333333334E+009,7.616786751896143E-004,1.184254724648781E-004,8.522174321115017E-004,1.113021789933555E-004,
2.495766666666667E+009,8.895752835087478E-004,2.203503972850740E-004,8.228432270698249E-004,2.284063521074131E-004,
2.495800000000000E+009,9.148868266493082E-004,7.837266821297817E-006,8.769367123022676E-004,1.799351157387719E-004,
2.495833333333334E+009,8.449244196526706E-004,1.962361711775884E-004,7.801506435498595E-004,1.780016027623788E-004,
2.495866666666667E+009,8.143690065480769E-004,1.754211698425934E-004,9.555435972288251E-004,1.777310098987073E-004,
2.495900000000000E+009,9.509676601737738E-004,2.188863436458632E-004,8.416129858233035E-004,2.889091265387833E-004,
2.495933333333334E+009,9.251249721273780E-004,3.727383591467515E-005,8.145030005834997E-004,1.137253057095222E-004,
2.495966666666667E+009,8.062595734372735E-004,1.067132616299205E-004,8.440430392511189E-004,1.805194042390212E-004,
2.496000000000000E+009,8.875526254996657E-004,2.154864050680772E-004,1.056616660207510E-003,4.517169872997329E-005,
2.496033333333334E+009,8.292239508591592E-004,1.003590514301322E-004,8.832695311866701E-004,4.166036887909286E-005,
2.496066666666667E+009,8.443949627690017E-004,1.131296667153947E-004,8.818794158287346E-004,2.931239032477606E-005,
2.496100000000000E+009,8.348967530764639E-004,1.666191092226654E-004,8.981851278804243E-004,1.195600343635306E-004,
2.496133333333334E+009,8.711447007954121E-004,4.922753942082636E-005,7.734968094155192E-004,1.276651601074264E-004,
2.496166666666667E+009,7.597801741212606E-004,9.501244494458661E-005,8.656357531435788E-004,4.795587301487103E-005,
2.496200000000000E+009,7.890996639616787E-004,1.062155570252799E-004,9.092600666917861E-004,-6.468474020948634E-005,
2.496233333333334E+009,8.641572203487158E-004,1.732459641061723E-004,9.286570711992681E-004,-2.841748391801957E-005,
2.496266666666667E+009,8.660348248668015E-004,1.071394144673832E-004,7.334854453802109E-004,-1.612782398296986E-005,
2.496300000000000E+009,7.102725794538856E-004,7.358674338320270E-005,8.278113673441112E-004,1.066086188075133E-004,
2.496333333333334E+009,8.052617777138948E-004,5.826758206239902E-005,9.583702776581049E-004,-5.870864697499201E-005,
2.496366666666667E+009,8.809645078144968E-004,1.136944847530685E-004,9.283563122153282E-004,-6.526269862661138E-005,
2.496400000000000E+009,9.992389241233468E-004,2.078896795865148E-004,7.792952237650752E-004,6.975568248890340E-005,
2.496433333333334E+009,8.429674780927599E-004,-1.248486796612269E-006,9.172303834930062E-004,-3.917331923730671E-005,
2.496466666666667E+009,8.799163624644280E-004,8.515869558323175E-005,8.969530463218689E-004,2.490497899998445E-005,
2.496500000000000E+009,8.415487827733159E-004,1.455580058973283E-004,9.510187082923949E-004,2.840416891558562E-005,
2.496533333333334E+009,8.130770293064416E-004,5.149583739694208E-005,9.188388939946890E-004,1.228760520461947E-004,
2.496566666666667E+009,8.568964549340308E-004,4.450358392205089E-005,9.496982675045729E-004,1.420636981492862E-004,
2.496600000000000E+009,9.174408041872084E-004,1.916839100886136E-004,9.414964588358998E-004,1.433085271855816E-004,
2.496633333333334E+009,9.128056117333472E-004,2.008677984122187E-004,1.009442610666156E-003,8.647174581710715E-006,
2.496666666666667E+009,7.556527270935476E-004,1.882958604255691E-004,8.998122066259384E-004,-9.515269084658939E-006,
2.496700000000000E+009,7.883030921220779E-004,1.492562932980945E-005,9.567411616444588E-004,5.257293014437892E-005,
2.496733333333334E+009,8.679994498379529E-004,1.582089462317526E-004,9.772186167538166E-004,-9.049029176821932E-005,
2.496766666666667E+009,1.047795172780752E-003,-6.369450420606881E-005,9.724972187541425E-004,8.570658246753737E-005,
2.496800000000000E+009,9.313861955888569E-004,-2.171923188143410E-005,9.090288076549768E-004,1.751861564116553E-004,
2.496833333333334E+009,8.267401717603207E-004,1.549711887491867E-004,1.029442995786667E-003,8.844721378409304E-006,
2.496866666666667E+009,8.857485954649746E-004,2.351537405047566E-004,9.858522098511457E-004,5.221274113864638E-005,
2.496900000000000E+009,9.823972359299660E-004,-1.711285440251231E-004,9.390596533194184E-004,-7.496063062717440E-006,
2.496933333333334E+009,9.599507902748883E-004,-3.232486051274464E-005,1.001225784420967E-003,1.576483336975798E-004,
2.496966666666667E+009,1.010603155009449E-003,6.522867624880746E-005,9.041766170412302E-004,1.719966712698806E-005,
2.497000000000000E+009,1.068346202373505E-003,8.663709013490006E-005,1.010479289107025E-003,1.179045830212999E-005,
2.497033333333334E+009,1.026677084155381E-003,5.749107731389813E-005,9.495117119513452E-004,3.287570871179923E-005,
2.497066666666667E+009,9.198151528835297E-004,2.960617712233216E-005,9.319462114945054E-004,-7.842297054594383E-005,
2.497100000000000E+009,9.454246610403061E-004,1.989673619391397E-004,9.407062316313386E-004,-6.879220563860145E-006,
2.497133333333334E+009,8.207949576899409E-004,-4.599006570060737E-005,1.010074396617711E-003,-7.736462976026814E-006,
2.497166666666667E+009,8.697062730789185E-004,2.906171175709460E-005,1.019691117107868E-003,-5.408619108493440E-005,
2.497200000000000E+009,1.084372866898775E-003,1.346604767604731E-005,9.264590335078538E-004,2.333145093871281E-004,
2.497233333333334E+009,8.338644984178245E-004,1.150071038864553E-004,1.037906040437520E-003,6.096537981647998E-005,
2.497266666666667E+009,9.345706203021109E-004,-1.036642352119088E-004,1.134449965320528E-003,1.354141859337688E-004,
2.497300000000000E+009,9.253005846403539E-004,3.883531826431863E-005,9.862185688689351E-004,4.277989501133561E-005,
2.497333333333334E+009,1.018353039398789E-003,-1.013483233691659E-005,9.025159524753690E-004,-7.503162123612128E-006,
2.497366666666667E+009,9.733889601193368E-004,-6.611522258026525E-005,9.643402299843729E-004,5.205340130487457E-005,
2.497400000000000E+009,9.902396705001593E-004,-5.899359530303627E-005,8.786551188677549E-004,-1.055142056429759E-004,
2.497433333333334E+009,1.134240301325917E-003,-2.617747122712899E-005,9.942057076841593E-004,-1.029755439958535E-004,
2.497466666666667E+009,9.856602409854531E-004,1.386123476549983E-004,7.933530723676086E-004,-2.079553087241948E-005,
2.497500000000000E+009,1.052780658937991E-003,2.122605292242952E-005,9.736050269566476E-004,-2.886002766899765E-005,
2.497533333333334E+009,1.042523887008429E-003,-8.942795830080286E-005,9.252524469047785E-004,-7.846112566767260E-005,
2.497566666666667E+009,9.323958074674010E-004,-5.304299338604324E-005,9.243945823982358E-004,-3.760015169973485E-005,
2.497600000000000E+009,9.520318708382547E-004,-1.665891904849559E-004,1.051994157023728E-003,-1.583591219969094E-004,
2.497633333333334E+009,1.010556821711361E-003,3.690566882141866E-005,1.045536599121988E-003,-7.059382187435404E-005,
2.497666666666667E+009,8.910530596040189E-004,-1.963502872968093E-004,8.830677252262831E-004,-8.673778211232275E-006,
2.497700000000000E+009,1.067984499968588E-003,-8.387787966057658E-005,9.647965198382735E-004,8.168989006662741E-005,
2.497733333333334E+009,1.056981040164828E-003,-1.150251773651689E-004,8.999377605505288E-004,-1.945963595062494E-004,
2.497766666666667E+009,9.705222910270095E-004,-2.478673704899848E-004,7.817297009751201E-004,-1.176027726614848E-004,
2.497800000000000E+009,7.953803869895637E-004,-1.757429708959535E-004,9.184702648781240E-004,-2.143022575182840E-004,
2.497833333333334E+009,9.185220696963370E-004,-2.419921220280230E-004,9.298124350607395E-004,-1.654889201745391E-004,
2.497866666666667E+009,9.703247342258692E-004,-2.050366747425869E-004,8.950358605943620E-004,-7.061300857458264E-005,
2.497900000000000E+009,9.850246133282781E-004,-1.918802008731291E-004,9.190139244310558E-004,-9.997892630053684E-005,
2.497933333333334E+009,9.911832166835666E-004,-2.448627201374620E-004,9.814503137022257E-004,-2.444907440803945E-004,
2.497966666666667E+009,9.854353265836835E-004,-1.505037798779085E-004,8.872784674167633E-004,-1.302960299653933E-005,
2.498000000000000E+009,1.079552806913853E-003,-1.783793995855376E-004,1.006239210255444E-003,-2.273845020681620E-004,
2.498033333333334E+009,9.141924674622715E-004,-2.064287691609934E-004,9.237963822670281E-004,-1.692016230663285E-004,
2.498066666666667E+009,9.758619125932455E-004,-1.548399159219116E-004,9.615197195671499E-004,-2.365822729188949E-004,
2.498100000000000E+009,9.914060356095433E-004,-1.019634000840597E-004,1.024219207465649E-003,-9.446646436117590E-005,
2.498133333333334E+009,1.000487129203975E-003,-2.515183878131211E-004,1.129272277466953E-003,-2.028284943662584E-004,
2.498166666666667E+009,1.039159018546343E-003,-1.711227669147775E-004,9.831340285018086E-004,-2.235164283774793E-004,
2.498200000000000E+009,1.078099943697453E-003,-6.728260632371530E-005,1.049242215231061E-003,-2.076932578347623E-004,
2.498233333333334E+009,1.031690859235823E-003,-1.072128725354560E-004,1.103478716686368E-003,-1.783083571353927E-004,
2.498266666666667E+009,9.571255650371313E-004,-2.672154805622995E-004,9.777167579159141E-004,-1.085462499759160E-004,
2.498300000000000E+009,1.089534373022616E-003,-1.412513811374083E-004,9.446801850572228E-004,-2.177892456529662E-004,
2.498333333333334E+009,8.770810090936720E-004,-2.836192470567767E-005,9.396052919328213E-004,-1.807952212402597E-004,
2.498366666666667E+009,1.090797130018473E-003,-1.392332487739623E-004,1.070147845894098E-003,-1.589687017258257E-004,
2.498400000000000E+009,1.074499567039311E-003,-1.694594830041751E-004,1.046136254444718E-003,-2.160327130695805E-004,
2.498433333333334E+009,1.024452387355268E-003,-1.001899800030515E-004,1.025728648528457E-003,-1.726186164887622E-004,
2.498466666666667E+009,9.521942702122033E-004,-1.896886678878218E-004,9.438788983970881E-004,-1.136285063694231E-004,
2.498500000000000E+009,9.372603963129222E-004,-1.267319457838312E-004,1.021778443828225E-003,-4.434879519976676E-005,
2.498533333333334E+009,9.768098825588822E-004,-3.232539747841656E-004,9.966985089704394E-004,-9.259923535864800E-005,
2.498566666666667E+009,1.007691724225879E-003,-2.525844611227512E-004,9.549472597427666E-004,-2.796347253024578E-004,
2.498600000000000E+009,9.406452882103622E-004,-2.050055045401678E-004,1.094894483685494E-003,-1.771160314092413E-004,
2.498633333333334E+009,8.513166103512049E-004,-1.205748703796417E-004,1.121254637837410E-003,-1.126180723076686E-004,
2.498666666666667E+009,9.816552046686411E-004,-3.141787310596556E-004,9.993285639211536E-004,-1.552048488520086E-004,
2.498700000000000E+009,1.155850710347295E-003,-1.441579661332071E-004,1.079378882423043E-003,-2.383915852988139E-004,
2.498733333333334E+009,1.043296884745359E-003,-1.773618860170245E-004,1.057611894793809E-003,-1.376992149744183E-004,
2.498766666666667E+009,1.067458884790540E-003,-2.220997557742521E-004,1.015249406918883E-003,-2.032489574048668E-004,
2.498800000000000E+009,1.058040186762810E-003,-8.822142262943089E-005,1.016117399558425E-003,-1.196835219161585E-004,
2.498833333333334E+009,1.117395469918847E-003,-2.644919150043279E-004,9.882148588076234E-004,-1.022796277538873E-004,
2.498866666666667E+009,1.152682933025062E-003,-2.076949749607593E-004,1.070756348781288E-003,-7.542918319813907E-005,
2.498900000000000E+009,1.023556687869132E-003,-3.456494305282831E-004,9.553448762744665E-004,-3.015325928572565E-004,
2.498933333333334E+009,8.118152618408203E-004,-1.276998227695003E-004,1.063121948391199E-003,-1.941501395776868E-004,
2.498966666666667E+009,9.217499755322933E-004,-8.041250839596614E-005,1.126281684264541E-003,-2.297674218425527E-004,
2.499000000000000E+009,9.933109395205975E-004,-3.305792342871428E-004,9.400349808856845E-004,-2.774506865534931E-004,
2.499033333333334E+009,9.814222576096654E-004,-1.743240718496963E-004,9.825777960941196E-004,-1.596914080437273E-004,
2.499066666666667E+009,8.991404902189970E-004,-3.460526640992612E-004,9.849438210949302E-004,-2.817098575178534E-004,
2.499100000000000E+009,9.511507814750075E-004,-3.206355904694647E-004,1.026301179081202E-003,-2.494063810445368E-004,
2.499133333333334E+009,1.052391598932445E-003,-3.547656233422458E-004,9.422598523087800E-004,-4.801504255738109E-004,
2.499166666666667E+009,8.333919104188681E-004,-3.539102908689529E-004,1.017778995446861E-003,-3.899276780430228E-004,
2.499200000000000E+009,1.038293819874525E-003,-2.703417849261314E-004,1.026452635414898E-003,-3.000814467668533E-004,
2.499233333333334E+009,1.081593101844192E-003,-3.479132137726992E-004,1.033861073665321E-003,-3.296258510090411E-004,
2.499266666666667E+009,1.009909436106682E-003,-3.638668567873538E-004,9.821834973990917E-004,-3.466307825874537E-004,
2.499300000000000E+009,8.994355448521674E-004,-4.436607414390892E-004,1.046276651322842E-003,-3.926709759980440E-004,
2.499333333333334E+009,9.365966543555260E-004,-3.202899824827910E-004,1.127197872847319E-003,-3.603263758122921E-004,
2.499366666666667E+009,9.641470969654620E-004,-2.253619750263169E-004,8.950467454269528E-004,-4.771509265992791E-004,
2.499400000000000E+009,8.474055211991072E-004,-3.797491372097284E-004,9.155265870504081E-004,-3.807605244219303E-004,
2.499433333333334E+009,9.047096827998757E-004,-3.014883550349623E-004,9.788371389731765E-004,-3.802681167144328E-004,
2.499466666666667E+009,1.068788231350482E-003,-4.565409035421908E-004,9.782062843441963E-004,-2.840457018464804E-004,
2.499500000000000E+009,8.777641924098134E-004,-3.898441209457815E-004,8.629991207271814E-004,-3.608309780247510E-004,
2.499533333333334E+009,1.012070453725755E-003,-4.113765899091959E-004,8.539613336324692E-004,-4.143125552218407E-004,
2.499566666666667E+009,1.025671721436083E-003,-3.236116608604789E-004,1.010153326205909E-003,-3.582203353289515E-004,
2.499600000000000E+009,9.600034682080150E-004,-4.219250986352563E-004,1.010828651487827E-003,-4.135207564104348E-004,
2.499633333333334E+009,8.819082868285477E-004,-4.442737554199994E-004,9.833722142502666E-004,-3.524070780258626E-004,
2.499666666666667E+009,9.678317001089454E-004,-6.126555963419378E-004,1.075796433724463E-003,-3.024713369086385E-004,
2.499700000000000E+009,8.827936835587025E-004,-4.765641351696104E-004,1.060171634890139E-003,-4.193343338556588E-004,
2.499733333333334E+009,9.024599567055702E-004,-3.293117624707520E-004,1.019159215502441E-003,-3.963227209169418E-004,
2.499766666666667E+009,9.375110385008156E-004,-1.836213050410152E-004,9.395843953825533E-004,-4.580889071803540E-004,
2.499800000000000E+009,9.696794440969825E-004,-4.847928357776254E-004,1.050884951837361E-003,-3.810659982264042E-004,
2.499833333333334E+009,1.027081860229373E-003,-3.842180885840207E-004,9.307551081292331E-004,-4.642477433662862E-004,
2.499866666666667E+009,8.599176071584225E-004,-4.424814251251519E-004,1.019978080876172E-003,-3.443101886659861E-004,
2.499900000000000E+009,9.171868441626430E-004,-4.178351373411715E-004,9.611544664949179E-004,-3.749112365767360E-004,
2.499933333333334E+009,9.918968426063657E-004,-3.920618910342455E-004,9.985457872971892E-004,-2.958332479465753E-004,
2.499966666666667E+009,9.429113706573844E-004,-3.827148466371000E-004,1.043426105752587E-003,-4.067050758749247E-004,
2.500000000000000E+009,9.613149450160563E-004,-4.285482864361256E-004,1.027833204716444E-003,-5.043630371801555E-004,
