% Version 1.00
%
%freq[Hz];re:Trc1_S21;im:Trc1_S21;re:Trc2_S12;im:Trc2_S12;
2.480000000000000E+009,5.749841220676899E-004,-6.968752131797373E-004,6.284490227699280E-004,-7.645700243301690E-004,
2.480033333333334E+009,4.115682095289230E-004,-7.097032503224909E-004,5.835336050949991E-004,-6.703221588395536E-004,
2.480066666666667E+009,4.939922364428639E-004,-8.713668794371188E-004,5.847092252224684E-004,-7.119594374671578E-004,
2.480100000000000E+009,4.649893671739847E-004,-8.967511239461601E-004,4.325215413700789E-004,-8.626779308542609E-004,
2.480133333333334E+009,4.344157932791859E-004,-8.340791100636125E-004,3.105049836449325E-004,-6.744645070284605E-004,
2.480166666666667E+009,4.228001635055989E-004,-7.418103632517159E-004,5.199481383897364E-004,-7.785686175338924E-004,
2.480200000000000E+009,5.433583864942193E-004,-6.987660890445113E-004,3.532566188368946E-004,-7.963338284753263E-004,
2.480233333333334E+009,4.584417038131505E-004,-7.308664498850703E-004,6.113902200013399E-004,-8.269358659163117E-004,
2.480266666666667E+009,4.106576088815928E-004,-7.944560493342578E-004,5.209141527302563E-004,-6.807387690059841E-004,
2.480300000000000E+009,4.534512117970735E-004,-7.200411055237055E-004,4.676077805925161E-004,-8.247367804870009E-004,
2.480333333333334E+009,4.970771260559559E-004,-7.996884523890913E-004,4.118860524613410E-004,-7.815336575731635E-004,
2.480366666666667E+009,4.122839891351759E-004,-8.927491144277155E-004,4.006643430329859E-004,-7.281795260496438E-004,
2.480400000000000E+009,6.414344534277916E-004,-8.040282991714776E-004,4.684242303483188E-004,-8.459476521238685E-004,
2.480433333333334E+009,4.564059781841934E-004,-8.293378632515669E-004,4.447613318916410E-004,-7.503633969463408E-004,
2.480466666666667E+009,3.605400561355054E-004,-8.104515145532787E-004,4.272270598448813E-004,-9.008484776131809E-004,
2.480500000000000E+009,3.762273991014808E-004,-7.358705042861402E-004,5.464737769216299E-004,-9.079595329239965E-004,
2.480533333333334E+009,2.472611959092319E-004,-7.605017744936049E-004,4.399911558721215E-004,-8.770884014666081E-004,
2.480566666666667E+009,3.746123984456062E-004,-8.398175705224276E-004,4.651467024814338E-004,-7.643156568519771E-004,
2.480600000000000E+009,3.991148842032999E-004,-8.544968441128731E-004,3.689318837132305E-004,-9.092156542465091E-004,
2.480633333333334E+009,4.767589853145182E-004,-9.698821231722832E-004,3.400364075787365E-004,-9.854112286120653E-004,
2.480666666666667E+009,4.014039295725524E-004,-9.491124073974788E-004,4.339246952440590E-004,-9.410997154191136E-004,
2.480700000000000E+009,3.223225940018892E-004,-9.593602153472602E-004,4.979148507118225E-004,-9.460001019760966E-004,
2.480733333333334E+009,3.018094284925610E-004,-9.069475927390158E-004,4.592643817886710E-004,-9.433720842935145E-004,
2.480766666666667E+009,2.765797835309058E-004,-9.926343336701393E-004,3.330983163323253E-004,-8.364516543224454E-004,
2.480800000000000E+009,2.254449209431186E-004,-9.674407774582505E-004,2.704370708670467E-004,-8.958528051152825E-004,
2.480833333333334E+009,3.418916603550315E-004,-7.920883363112807E-004,2.792294835671783E-004,-9.833752410486341E-004,
2.480866666666667E+009,3.129440592601895E-004,-9.990347316488624E-004,3.856508992612362E-004,-1.017204485833645E-003,
2.480900000000000E+009,3.542052872944623E-004,-9.743409464135766E-004,3.565335064195097E-004,-9.581669582985342E-004,
2.480933333333334E+009,2.278018801007420E-004,-9.859827114269137E-004,3.179655177518725E-004,-8.342384826391935E-004,
2.480966666666667E+009,4.927498521283269E-004,-9.952463442459703E-004,3.607673861552030E-004,-1.009218744002283E-003,
2.481000000000000E+009,3.441558219492436E-004,-1.007405109703541E-003,2.896004880312830E-004,-9.954184060916305E-004,
2.481033333333334E+009,3.823876031674445E-004,-8.677776786498725E-004,2.296527236467227E-004,-9.047455969266594E-004,
2.481066666666667E+009,2.784743846859783E-004,-1.004285062663257E-003,4.237920220475644E-004,-1.086525386199355E-003,
2.481100000000000E+009,1.787633809726685E-004,-9.793292265385389E-004,2.202338073402643E-004,-8.954979712143540E-004,
2.481133333333334E+009,2.239063323941082E-004,-1.056395471096039E-003,1.661437563598156E-004,-1.067096949554980E-003,
2.481166666666667E+009,2.308608673047274E-004,-1.068302430212498E-003,1.793199044186622E-004,-1.080244663171470E-003,
2.481200000000000E+009,2.759940107353032E-004,-8.732988499104977E-004,2.435347123537213E-004,-9.614711743779481E-004,
2.481233333333334E+009,2.191364328609780E-004,-8.938860846683383E-004,2.251163969049230E-004,-1.102908165194094E-003,
2.481266666666667E+009,1.357219443889335E-004,-9.940966265276074E-004,1.843576901592314E-004,-9.632392902858555E-004,
2.481300000000000E+009,1.370897516608238E-004,-9.843253064900637E-004,1.487465924583376E-004,-9.770465549081564E-004,
2.481333333333334E+009,1.470688002882525E-004,-1.006125821731985E-003,1.641206035856158E-004,-1.032270840369165E-003,
2.481366666666667E+009,7.741554873064160E-005,-9.711076854728162E-004,1.272062800126150E-004,-1.041549956426024E-003,
2.481400000000000E+009,2.179483562940732E-004,-9.235790930688381E-004,1.680354471318424E-004,-1.054467400535941E-003,
2.481433333333334E+009,1.318349823122844E-004,-9.939945302903652E-004,2.010205353144556E-004,-1.012933440506458E-003,
2.481466666666667E+009,1.315730187343434E-004,-1.056466717272997E-003,2.534717496018857E-004,-1.089539960958064E-003,
2.481500000000000E+009,-4.514952252065996E-006,-9.553795098327100E-004,1.680442778706492E-006,-9.748488082550466E-004,
2.481533333333334E+009,2.136536058969796E-004,-1.022091484628618E-003,2.767923979263287E-005,-1.060703769326210E-003,
2.481566666666667E+009,3.200895298505202E-005,-9.390176855958998E-004,9.332338231615722E-005,-1.086149713955820E-003,
2.481600000000000E+009,-3.405095412745141E-005,-1.091081299819052E-003,-1.450969466532115E-005,-9.558495949022472E-004,
2.481633333333334E+009,1.233249349752441E-004,-1.105565926991403E-003,-2.978616976179183E-005,-9.870476787909865E-004,
2.481666666666667E+009,-2.990506618516520E-005,-1.141872839070857E-003,7.988583092810586E-006,-1.019442803226411E-003,
2.481700000000000E+009,5.906104706809856E-005,-1.028245082125068E-003,-8.765165148361120E-006,-1.080748275853694E-003,
2.481733333333334E+009,-1.583670236868784E-004,-1.026096637360752E-003,-2.191341809520964E-005,-9.596489253453910E-004,
2.481766666666667E+009,-1.316802990913857E-005,-1.078454661183059E-003,1.013365590551985E-006,-1.148571143858135E-003,
2.481800000000000E+009,-6.618706538574770E-005,-1.045894576236606E-003,-5.882932964595966E-005,-1.118139713071287E-003,
2.481833333333334E+009,3.705057906699949E-006,-1.043194904923439E-003,-6.107742956373841E-005,-9.646650869399309E-004,
2.481866666666667E+009,2.587916787888389E-005,-1.078342553228140E-003,8.551830433134455E-006,-1.066749216988683E-003,
2.481900000000000E+009,-1.153038247139193E-004,-1.063864212483168E-003,7.303499842237216E-006,-1.099877292290330E-003,
2.481933333333334E+009,8.466837607556954E-005,-1.059464411810041E-003,-7.678035763092339E-005,-1.026133773848414E-003,
2.481966666666667E+009,-2.244541792606469E-005,-9.782944107428193E-004,-1.076570479199290E-004,-1.096404623240233E-003,
2.482000000000000E+009,4.172510307398625E-005,-1.126546994782984E-003,-2.449834209983237E-005,-9.673400782048702E-004,
2.482033333333334E+009,-6.626580579904839E-005,-1.131331082433462E-003,-8.115725358948112E-005,-1.151805743575096E-003,
2.482066666666667E+009,-2.205463260906981E-006,-1.069208257831633E-003,-1.137493236456066E-004,-1.025993842631578E-003,
2.482100000000000E+009,-1.073175735655241E-004,-1.044854405336082E-003,-1.638565881876275E-004,-9.693739702925086E-004,
2.482133333333334E+009,-8.893937047105283E-005,-1.057746703736484E-003,-1.007987739285454E-004,-1.075230306014419E-003,
2.482166666666667E+009,-2.421859098831192E-004,-1.123242778703570E-003,-1.435901649529114E-004,-1.057176385074854E-003,
2.482200000000000E+009,-1.410181284882128E-004,-1.068739220499992E-003,-2.035821380559355E-004,-1.048633130267263E-003,
2.482233333333334E+009,-1.904913369799033E-004,-9.804647415876389E-004,-1.465162640670314E-004,-1.023544464260340E-003,
2.482266666666667E+009,-1.185869114124216E-004,-1.150701427832246E-003,-3.126004885416478E-004,-1.058968598954380E-003,
2.482300000000000E+009,-2.764840028248727E-004,-1.267639338038862E-003,-1.238188560819253E-004,-1.227596309036017E-003,
2.482333333333334E+009,-3.699580265674740E-004,-1.202220679260790E-003,-2.194652042817324E-004,-1.156980404630303E-003,
2.482366666666667E+009,-1.146551076089963E-004,-9.974424028769136E-004,-2.371569571550936E-004,-1.123326248489320E-003,
2.482400000000000E+009,-2.573609235696495E-004,-1.012980123050511E-003,-1.699779822956771E-004,-1.152760465629399E-003,
2.482433333333334E+009,-2.566092880442739E-004,-9.456758853048086E-004,-2.781916700769216E-004,-1.177747850306332E-003,
2.482466666666667E+009,-3.230537986382842E-004,-1.043785596266389E-003,-2.733708824962378E-004,-1.167469541542232E-003,
2.482500000000000E+009,-2.955152303911746E-004,-1.072125392965972E-003,-1.061862785718404E-004,-1.086729113012552E-003,
2.482533333333334E+009,-2.551662037149072E-004,-9.315648349002004E-004,-2.882110420614481E-004,-1.044394215568900E-003,
2.482566666666667E+009,-2.129523782059550E-004,-1.169438241049647E-003,-2.828438591677696E-004,-1.042366959154606E-003,
2.482600000000000E+009,-2.403530670562759E-004,-1.093200175091624E-003,-3.178395854774863E-004,-1.056125271134079E-003,
2.482633333333334E+009,-3.479682200122625E-004,-1.235616742633283E-003,-4.223789728712291E-004,-1.147484290413559E-003,
2.482666666666667E+009,-1.954240142367780E-004,-1.055000117048621E-003,-2.276214072480798E-004,-1.120031694881618E-003,
2.482700000000000E+009,-3.601020143833011E-004,-9.401102433912456E-004,-3.410398785490543E-004,-1.047453843057156E-003,
2.482733333333334E+009,-3.694975457619876E-004,-1.021848176606000E-003,-4.807332879863679E-004,-1.126264687627554E-003,
2.482766666666667E+009,-3.387246106285602E-004,-9.524244815111160E-004,-2.324942761333659E-004,-1.033699722029269E-003,
2.482800000000000E+009,-5.149556673131883E-004,-9.912037057802081E-004,-4.432722344063222E-004,-1.088312012143433E-003,
2.482833333333334E+009,-3.412404912523925E-004,-1.076325657777488E-003,-3.578908508643508E-004,-9.747819858603180E-004,
2.482866666666667E+009,-4.163746198173612E-004,-1.246448140591383E-003,-4.170720931142569E-004,-1.058575464412570E-003,
2.482900000000000E+009,-3.816706012003124E-004,-1.245418912731111E-003,-3.893200482707471E-004,-1.122935791499913E-003,
2.482933333333334E+009,-3.496450081001967E-004,-9.793104836717248E-004,-4.438720352482051E-004,-1.064814860001206E-003,
2.482966666666667E+009,-3.977176384069026E-004,-9.519987506791949E-004,-3.934417909476906E-004,-1.087995595298708E-003,
2.483000000000000E+009,-4.745763726532459E-004,-9.630220010876656E-004,-3.861568984575570E-004,-1.104827504605055E-003,
2.483033333333334E+009,-3.846161416731775E-004,-1.064433483406901E-003,-4.687451000791043E-004,-1.101145287975669E-003,
2.483066666666667E+009,-4.694792733062059E-004,-9.619927150197327E-004,-5.460949032567442E-004,-9.792455239221454E-004,
2.483100000000000E+009,-5.357298068702221E-004,-1.001778175123036E-003,-3.720704407896847E-004,-1.074051251634955E-003,
2.483133333333334E+009,-4.241037240717560E-004,-8.869086741469801E-004,-5.150876240804792E-004,-9.968297090381384E-004,
2.483166666666667E+009,-5.497860838659108E-004,-9.543135529384017E-004,-4.274698731023818E-004,-1.073268009349704E-003,
2.483200000000000E+009,-4.732905072160065E-004,-1.061671995557845E-003,-5.271648988127708E-004,-8.330160635523498E-004,
2.483233333333334E+009,-4.628598981071264E-004,-9.375427034683526E-004,-4.874002770520747E-004,-9.886410553008318E-004,
2.483266666666667E+009,-6.250521400943399E-004,-8.947782334871590E-004,-4.606108122970909E-004,-9.292967151850462E-004,
2.483300000000000E+009,-5.675835418514907E-004,-8.937017410062254E-004,-5.745292874053121E-004,-9.699696092866361E-004,
2.483333333333334E+009,-5.445145652629435E-004,-9.953413391485810E-004,-6.145751685835421E-004,-1.089719706214964E-003,
2.483366666666667E+009,-4.484572273213416E-004,-1.056147040799260E-003,-6.110233953222632E-004,-9.526301873847842E-004,
2.483400000000000E+009,-4.560839734040201E-004,-8.677095756866038E-004,-4.766426864080131E-004,-9.874207898974419E-004,
2.483433333333334E+009,-6.462064920924604E-004,-8.496146183460951E-004,-6.331888143904507E-004,-8.711979608051479E-004,
2.483466666666667E+009,-4.797398869413883E-004,-9.334069909527898E-004,-5.966149037703872E-004,-9.580428013578057E-004,
2.483500000000000E+009,-5.117007531225681E-004,-8.800164214335382E-004,-6.450014770962298E-004,-7.607075385749340E-004,
2.483533333333334E+009,-6.398268160410225E-004,-1.075553591363132E-003,-4.802949260920286E-004,-9.210202842950821E-004,
2.483566666666667E+009,-6.401436985470355E-004,-1.003602170385420E-003,-5.817480850964785E-004,-9.209879790432751E-004,
2.483600000000000E+009,-6.633589509874582E-004,-8.309526601806283E-004,-6.128991371951997E-004,-7.822314510121942E-004,
2.483633333333334E+009,-7.709605852141976E-004,-9.841596474871039E-004,-6.580903427675366E-004,-8.678329759277403E-004,
2.483666666666667E+009,-7.767607457935810E-004,-7.441649213433266E-004,-5.897530936636031E-004,-8.886185823939741E-004,
2.483700000000000E+009,-6.053291726857424E-004,-8.630397496744990E-004,-6.650366121903062E-004,-8.962152060121298E-004,
2.483733333333334E+009,-7.895369781181216E-004,-9.945066412910819E-004,-7.956292247399688E-004,-9.436141699552536E-004,
2.483766666666667E+009,-5.844025872647762E-004,-8.193904068320990E-004,-6.935204728506506E-004,-9.826684836298227E-004,
2.483800000000000E+009,-6.998302997089922E-004,-9.218797204084694E-004,-7.047816179692745E-004,-8.940909174270928E-004,
2.483833333333334E+009,-6.853693048469722E-004,-7.417671731673181E-004,-6.333779310807586E-004,-9.103457559831440E-004,
2.483866666666667E+009,-7.365057826973498E-004,-8.786412654444575E-004,-6.848181947134435E-004,-8.096260135062039E-004,
2.483900000000000E+009,-8.273517596535385E-004,-8.703942294232547E-004,-7.394637796096504E-004,-8.025647257454693E-004,
2.483933333333334E+009,-8.357319748029113E-004,-8.761067292653024E-004,-7.560256053693593E-004,-8.283751085400581E-004,
2.483966666666667E+009,-7.321859011426568E-004,-6.953142001293600E-004,-7.497795158997178E-004,-8.663057815283537E-004,
2.484000000000000E+009,-8.432958857156336E-004,-7.403992931358516E-004,-6.058409926481545E-004,-8.284717332571745E-004,
2.484033333333334E+009,-8.035078644752502E-004,-8.997450349852443E-004,-7.595951319672167E-004,-9.167127427645028E-004,
2.484066666666667E+009,-7.015924202278256E-004,-8.151932270266116E-004,-6.340809050016105E-004,-7.846978842280805E-004,
2.484100000000000E+009,-7.390526006929576E-004,-7.662288262508810E-004,-9.341906988993287E-004,-7.476959726773202E-004,
2.484133333333334E+009,-7.845766376703978E-004,-7.558226934634149E-004,-8.197420393116772E-004,-7.688454352319241E-004,
2.484166666666667E+009,-8.541781571693718E-004,-6.616433383896947E-004,-7.542003295384347E-004,-9.523814078420401E-004,
2.484200000000000E+009,-8.741369238123298E-004,-7.033956353552640E-004,-8.262222399935126E-004,-7.141712121665478E-004,
2.484233333333334E+009,-8.523011929355562E-004,-8.833104511722922E-004,-7.215268560685217E-004,-8.154324023053050E-004,
2.484266666666667E+009,-7.968742283992469E-004,-7.589758606627584E-004,-7.908539264462888E-004,-7.235409575514495E-004,
2.484300000000000E+009,-8.187378407455981E-004,-7.392771076411009E-004,-8.155823452398181E-004,-6.708450382575393E-004,
2.484333333333334E+009,-8.796005859039724E-004,-6.840693531557918E-004,-7.754527032375336E-004,-6.544837960973382E-004,
2.484366666666667E+009,-7.289354107342660E-004,-6.287924479693174E-004,-8.202556637115777E-004,-6.377387326210737E-004,
2.484400000000000E+009,-8.544716984033585E-004,-7.353124674409628E-004,-7.464837981387973E-004,-6.353649077937007E-004,
2.484433333333334E+009,-9.486618218943477E-004,-7.755522383376956E-004,-8.411424933001399E-004,-7.434352883137763E-004,
2.484466666666667E+009,-8.302900823764503E-004,-5.815915646962822E-004,-7.907387916930020E-004,-6.601801142096520E-004,
2.484500000000000E+009,-8.693754789419472E-004,-8.105815504677594E-004,-8.194373222067952E-004,-6.579737528227270E-004,
2.484533333333334E+009,-7.561786915175617E-004,-7.283265003934503E-004,-9.622066863812506E-004,-8.246796205639839E-004,
2.484566666666667E+009,-8.823486277833581E-004,-6.176387541927397E-004,-7.066312828101218E-004,-7.974788895808160E-004,
2.484600000000000E+009,-9.385945159010589E-004,-6.029948126524687E-004,-8.860563975758851E-004,-6.390127819031477E-004,
2.484633333333334E+009,-8.917999221011996E-004,-6.744404672645032E-004,-9.067733772099018E-004,-6.728584994561970E-004,
2.484666666666667E+009,-9.008200722746551E-004,-6.908955983817577E-004,-9.159528417512775E-004,-6.614690064452589E-004,
2.484700000000000E+009,-8.769984124228358E-004,-6.626949179917574E-004,-9.374839719384909E-004,-6.112130940891802E-004,
2.484733333333334E+009,-8.277393062599003E-004,-6.406008033081889E-004,-8.607101044617593E-004,-4.719269345514476E-004,
2.484766666666667E+009,-8.678821031935513E-004,-5.413463804870844E-004,-7.688821060582995E-004,-5.045427242293954E-004,
2.484800000000000E+009,-7.480246131308377E-004,-5.674178246408701E-004,-9.364354191347957E-004,-6.128903478384018E-004,
2.484833333333334E+009,-8.641836466267705E-004,-6.365856970660389E-004,-7.774919504299760E-004,-5.335590103641152E-004,
2.484866666666667E+009,-8.851075544953346E-004,-5.861917743459344E-004,-1.074165105819702E-003,-5.276942392811179E-004,
2.484900000000000E+009,-9.594657458364964E-004,-7.905563106760383E-004,-9.263339452445507E-004,-6.104913190938532E-004,
2.484933333333334E+009,-8.483349229209125E-004,-6.072441465221345E-004,-8.615602855570614E-004,-5.582066951319575E-004,
2.484966666666667E+009,-7.612009649164975E-004,-6.449937936849892E-004,-8.510501938872039E-004,-5.845229024998844E-004,
2.485000000000000E+009,-9.092124528251588E-004,-4.624522989615798E-004,-8.517076494172216E-004,-5.144457099959254E-004,
2.485033333333334E+009,-8.979694684967399E-004,-4.902033251710236E-004,-9.223997476510704E-004,-4.052990116178989E-004,
2.485066666666667E+009,-8.593527600169182E-004,-5.838331417180598E-004,-9.030941291712225E-004,-4.896156024187803E-004,
2.485100000000000E+009,-9.817876853048801E-004,-5.325970705598593E-004,-1.078513101674616E-003,-4.908369155600667E-004,
2.485133333333334E+009,-8.026107680052519E-004,-3.791581548284739E-004,-7.942137890495360E-004,-5.310174892656505E-004,
2.485166666666667E+009,-1.028829254209995E-003,-4.458540643099695E-004,-8.571195066906512E-004,-4.772366955876350E-004,
2.485200000000000E+009,-8.481406257487834E-004,-4.634123761206865E-004,-9.434106177650392E-004,-4.838985914830118E-004,
2.485233333333334E+009,-8.899215026758611E-004,-5.203817272558808E-004,-8.309795521199703E-004,-5.741328932344914E-004,
2.485266666666667E+009,-9.566121734678745E-004,-2.635289856698364E-004,-1.011403859592974E-003,-5.681050242856145E-004,
2.485300000000000E+009,-1.038073212839663E-003,-3.840670106001198E-004,-9.809569455683231E-004,-3.650982107501477E-004,
2.485333333333334E+009,-7.857719319872558E-004,-4.613232158590108E-004,-8.129322086460888E-004,-4.659503174480051E-004,
2.485366666666667E+009,-9.704598342068493E-004,-4.935673787258565E-004,-8.891398319974542E-004,-3.585089580155909E-004,
2.485400000000000E+009,-8.061937987804413E-004,-4.811125108972192E-004,-9.035245166160166E-004,-6.382748833857477E-004,
2.485433333333334E+009,-8.921832195483148E-004,-4.343491455074400E-004,-1.074634958058596E-003,-4.454776644706726E-004,
2.485466666666667E+009,-9.358262759633362E-004,-3.662857925519347E-004,-9.291443275287747E-004,-3.928073565475643E-004,
2.485500000000000E+009,-8.965608431026340E-004,-4.225214070174843E-004,-9.746247087605298E-004,-3.743240085896105E-004,
2.485533333333334E+009,-9.240721119567752E-004,-4.253579245414585E-004,-9.703598916530609E-004,-3.099832683801651E-004,
2.485566666666667E+009,-9.205474052578211E-004,-3.549949033185840E-004,-9.339904645457864E-004,-4.536753694992513E-004,
2.485600000000000E+009,-9.292591130360961E-004,-4.298099665902555E-004,-1.013028202578425E-003,-3.649055724963546E-004,
2.485633333333334E+009,-9.382289717905223E-004,-3.160399792250246E-004,-9.771978948265314E-004,-3.423544112592936E-004,
2.485666666666667E+009,-1.034066430293024E-003,-3.250964509788901E-004,-9.856974938884378E-004,-4.546805575955659E-004,
2.485700000000000E+009,-9.492491954006255E-004,-3.195920726284385E-004,-9.925310732796788E-004,-2.582157612778246E-004,
2.485733333333334E+009,-8.704026695340872E-004,-3.400264540687203E-004,-8.970921626314521E-004,-2.932682982645929E-004,
2.485766666666667E+009,-9.987383382394910E-004,-2.066636370727792E-004,-1.038602902553976E-003,-3.637503541540355E-004,
2.485800000000000E+009,-1.086789648979902E-003,-3.661606460809708E-004,-1.000208663754165E-003,-2.503065916243941E-004,
2.485833333333334E+009,-9.204735397361219E-004,-3.957467852160335E-004,-9.615027229301632E-004,-3.602274809964001E-004,
2.485866666666667E+009,-1.006087288260460E-003,-2.691967238206416E-004,-9.292715112678707E-004,-1.649091136641800E-004,
2.485900000000000E+009,-9.562840568833053E-004,-4.105794942006469E-004,-1.059736125171185E-003,-3.325425786897540E-004,
2.485933333333334E+009,-8.716479060240090E-004,-1.550160523038358E-004,-1.010970328934491E-003,-1.894464803626761E-004,
2.485966666666667E+009,-1.010753330774605E-003,-2.535232633817941E-004,-9.669213322922587E-004,-3.239758661948144E-004,
2.486000000000000E+009,-9.659547358751297E-004,-2.947424072772265E-004,-9.868446504697204E-004,-2.900089893955737E-004,
2.486033333333334E+009,-8.359454222954810E-004,-2.507812459953129E-004,-8.812854648567736E-004,-3.197958867531270E-004,
2.486066666666667E+009,-1.113526639528573E-003,-1.458991318941116E-004,-9.855584939941764E-004,-1.762931788107380E-004,
2.486100000000000E+009,-8.935707737691701E-004,-3.144346410408616E-004,-8.799692732281983E-004,-1.990702148759738E-004,
2.486133333333334E+009,-9.880887810140848E-004,-1.201697741635144E-004,-9.144585346803069E-004,-2.463374694343656E-004,
2.486166666666667E+009,-9.162633214145899E-004,-1.417938183294609E-004,-1.048250473104417E-003,-3.233642491977662E-004,
2.486200000000000E+009,-9.368123719468713E-004,-1.368443045066670E-004,-1.033632899634540E-003,-2.987018087878823E-004,
2.486233333333334E+009,-9.867282351478934E-004,-1.515783806098625E-004,-9.994171559810638E-004,-2.491533232387155E-004,
2.486266666666667E+009,-9.248200221918523E-004,-1.900545321404934E-004,-9.924771729856730E-004,-1.735336409183219E-004,
2.486300000000000E+009,-1.027097343467176E-003,-2.928659669123590E-004,-9.210507851094008E-004,-1.236743846675381E-004,
2.486333333333334E+009,-1.028568949550390E-003,-1.465863751946017E-004,-8.849864825606346E-004,-2.318362967344001E-004,
2.486366666666667E+009,-8.937756065279245E-004,-2.282894856762141E-004,-7.771805976517499E-004,-2.205699420301244E-004,
2.486400000000000E+009,-9.456109837628901E-004,-1.628265454201028E-004,-9.158808388747275E-004,-3.019887371920049E-004,
2.486433333333334E+009,-8.422291139140725E-004,-2.022300031967461E-004,-8.839860674925149E-004,-1.462713844375685E-004,
2.486466666666667E+009,-9.845317108556628E-004,-1.932736049639061E-004,-8.785528480075300E-004,-8.010677265701816E-005,
2.486500000000000E+009,-9.210449061356485E-004,-1.623191637918353E-004,-8.658876759000123E-004,-2.197467838414013E-004,
2.486533333333334E+009,-9.179707267321646E-004,-2.261996851302683E-004,-9.246421977877617E-004,-1.981271634576842E-004,
2.486566666666667E+009,-9.305817075073719E-004,-1.507389097241685E-004,-9.135541622526944E-004,-1.671489735599607E-004,
2.486600000000000E+009,-1.020665164105594E-003,-1.030056955642067E-005,-8.481435943394899E-004,-2.351257171540055E-005,
2.486633333333334E+009,-9.764283895492554E-004,-1.916293258545920E-004,-9.634429006837308E-004,-9.770073666004464E-005,
2.486666666666667E+009,-9.723212569952011E-004,-1.735172372718807E-005,-1.046148710884154E-003,-6.253051105886698E-005,
2.486700000000000E+009,-8.330811979249120E-004,-7.431282574543729E-005,-9.651290602050722E-004,-7.642272248631343E-005,
2.486733333333334E+009,-8.020986570045352E-004,-8.227978833019733E-005,-8.759898482821882E-004,-1.715538674034178E-004,
2.486766666666667E+009,-7.710037752985954E-004,-3.394851955818012E-005,-9.740165551193059E-004,-3.460875450400636E-005,
2.486800000000000E+009,-8.841119124554098E-004,-1.746998605085537E-004,-1.002888544462621E-003,-9.392554056830704E-005,
2.486833333333334E+009,-8.141805883497000E-004,-5.447641160571948E-005,-8.588306955061853E-004,-1.097389831556939E-004,
2.486866666666667E+009,-8.486919105052948E-004,-5.468540985020809E-005,-1.033840351738036E-003,-2.962112557725050E-005,
2.486900000000000E+009,-8.275078726001084E-004,-7.938982162158936E-005,-1.010121079161763E-003,1.515180701971985E-005,
2.486933333333334E+009,-9.834986412897706E-004,-1.568445441080257E-004,-9.023241582326591E-004,-4.081181759829633E-005,
2.486966666666667E+009,-9.550836402922869E-004,-2.408200089121237E-005,-8.747474639676511E-004,-2.081393176922575E-005,
2.487000000000000E+009,-9.956735884770751E-004,-1.127542564063333E-004,-1.063312753103674E-003,-1.039557464537211E-004,
2.487033333333334E+009,-8.782648365013301E-004,3.168303737766109E-005,-8.772232686169446E-004,1.747747010085732E-004,
2.487066666666667E+009,-9.338824893347919E-004,-4.810744940186851E-005,-9.383808355778456E-004,2.255509571114089E-005,
2.487100000000000E+009,-8.934896904975176E-004,4.806038850801997E-005,-7.966682314872742E-004,3.344395736348815E-005,
2.487133333333334E+009,-7.683299481868744E-004,-7.617689698236063E-005,-8.189073996618390E-004,1.603966484253760E-005,
2.487166666666667E+009,-9.770659962669015E-004,4.216139132040553E-005,-9.615522576496005E-004,3.511516842991114E-005,
2.487200000000000E+009,-9.061214514076710E-004,1.435835292795673E-005,-8.730627596378326E-004,6.808523903600872E-005,
2.487233333333334E+009,-8.797553600743413E-004,-1.270965440198779E-004,-9.272479219362140E-004,8.985493877844419E-006,
2.487266666666667E+009,-9.162988862954080E-004,-1.582061372573662E-006,-9.852539515122771E-004,2.892961674660910E-005,
2.487300000000000E+009,-8.874109480530024E-004,6.294851004895463E-007,-9.546653600409627E-004,-5.197375139687210E-005,
2.487333333333334E+009,-8.654574630782008E-004,6.604273949051276E-005,-8.731425041332841E-004,-3.510981332510710E-005,
2.487366666666667E+009,-8.231258252635598E-004,9.717085777083412E-005,-8.379637729376555E-004,-4.966469350620173E-005,
2.487400000000000E+009,-8.853518520481885E-004,5.490799230756238E-005,-8.180561126209796E-004,1.250547793461010E-004,
2.487433333333334E+009,-9.700611117295921E-004,1.510664587840438E-004,-8.734039729461074E-004,2.157322523999028E-005,
2.487466666666667E+009,-1.000774325802922E-003,-7.969280704855919E-005,-8.327182149514556E-004,1.551025052322075E-004,
2.487500000000000E+009,-8.975725504569709E-004,1.439587067579851E-004,-9.239983046427369E-004,1.333934633294120E-004,
2.487533333333334E+009,-8.232684922404587E-004,9.890135697787628E-005,-9.472282836213708E-004,1.333758991677314E-004,
2.487566666666667E+009,-8.897791267372668E-004,6.709287117701024E-005,-8.928670431487262E-004,9.831770512391813E-006,
2.487600000000000E+009,-9.334080386906862E-004,1.330408704234287E-004,-8.728756802156568E-004,2.574900281615555E-005,
2.487633333333334E+009,-9.174009901471436E-004,1.440091909898911E-005,-9.737209766171873E-004,6.421057332772762E-005,
2.487666666666667E+009,-9.028005879372358E-004,-3.763674249057658E-005,-7.760204025544226E-004,1.046053439495154E-004,
2.487700000000000E+009,-8.598128333687782E-004,1.132978795794770E-004,-9.011822985485196E-004,1.332854299107567E-004,
2.487733333333334E+009,-9.193749283440411E-004,1.504566607763991E-004,-8.777610491961241E-004,1.408168318448588E-004,
2.487766666666667E+009,-8.230499806813896E-004,2.361989936616737E-005,-8.837688365019858E-004,2.418873191345483E-004,
2.487800000000000E+009,-8.524432196281850E-004,2.041206016656361E-006,-7.298246491700411E-004,7.131267466320423E-006,
2.487833333333334E+009,-8.148161577992141E-004,5.555028837989084E-005,-9.057903080247343E-004,-3.363240466569550E-005,
2.487866666666667E+009,-8.633647812530398E-004,1.340672170044854E-004,-9.079497540369630E-004,1.014365334413014E-004,
2.487900000000000E+009,-9.556558215990663E-004,1.746254711179063E-004,-7.687750039622188E-004,9.929313091561198E-005,
2.487933333333334E+009,-8.880687528289855E-004,1.378288143314421E-004,-9.161099442280829E-004,1.353561819996685E-004,
2.487966666666667E+009,-8.755559101700783E-004,2.304544323123992E-004,-7.830517133697867E-004,1.862892095232382E-004,
2.488000000000000E+009,-8.503558347001672E-004,1.622835407033563E-004,-8.221646421588957E-004,1.376857690047473E-004,
2.488033333333334E+009,-8.607110939919949E-004,1.235033123521134E-004,-9.222816443070769E-004,2.273918071296066E-004,
2.488066666666667E+009,-7.373135886155069E-004,1.672189828241244E-004,-7.738032727502286E-004,1.997278886847198E-004,
2.488100000000000E+009,-7.299233111552894E-004,5.833921750308946E-005,-8.523345459252596E-004,5.460536340251565E-005,
2.488133333333334E+009,-8.458822849206626E-004,1.530499575892463E-004,-9.303805418312550E-004,9.883785241981968E-005,
2.488166666666667E+009,-6.512840045616031E-004,1.394815044477582E-004,-6.465598125942051E-004,1.601434050826356E-004,
2.488200000000000E+009,-7.536657503806055E-004,2.349869464524090E-004,-8.414480835199356E-004,1.401513582095504E-004,
2.488233333333334E+009,-7.802130421623588E-004,7.420379552058876E-005,-9.919262956827879E-004,1.319028524449095E-004,
2.488266666666667E+009,-8.596127736382186E-004,1.107247517211363E-004,-8.380675571970642E-004,2.385295083513483E-004,
2.488300000000000E+009,-9.279291843995452E-004,2.041658153757453E-004,-9.492160752415657E-004,1.040641218423843E-004,
2.488333333333334E+009,-8.770598797127605E-004,1.495707547292113E-004,-8.788572740741074E-004,1.784040505299345E-004,
2.488366666666667E+009,-7.708508055657148E-004,1.964592811418697E-004,-9.525729692541063E-004,2.072546485578641E-004,
2.488400000000000E+009,-7.689043413847685E-004,1.730273506836966E-004,-7.584246923215687E-004,2.317767939530313E-004,
2.488433333333334E+009,-8.607951458543539E-004,2.322224754607305E-004,-8.455128408968449E-004,2.071592462016270E-004,
2.488466666666667E+009,-8.139300625771284E-004,1.946638076333329E-004,-8.548811310902238E-004,9.894283721223474E-005,
2.488500000000000E+009,-7.877828902564943E-004,2.628389629535377E-004,-8.319482440128923E-004,2.259265165776014E-004,
2.488533333333334E+009,-8.189129875972867E-004,2.151409862563014E-004,-9.171336423605681E-004,2.114650415023789E-004,
2.488566666666667E+009,-7.988790166564286E-004,1.996217906707898E-004,-7.275279494933784E-004,2.436353970551863E-004,
2.488600000000000E+009,-7.200100226327777E-004,2.150090585928410E-004,-9.237192571163178E-004,2.190973755205050E-004,
2.488633333333334E+009,-8.894429774954915E-004,2.174546389142051E-004,-8.243331103585661E-004,1.248568732989952E-004,
2.488666666666667E+009,-7.338522118516266E-004,3.529077803250402E-004,-8.453478221781552E-004,2.122393780155107E-004,
2.488700000000000E+009,-9.393357322551310E-004,2.151314110960811E-004,-8.817482739686966E-004,3.245797415729612E-004,
2.488733333333334E+009,-7.193813216872513E-004,3.014985995832831E-004,-8.283810457214713E-004,1.934817119035870E-004,
2.488766666666667E+009,-8.537278044968844E-004,3.420201246626675E-004,-8.038668893277645E-004,1.333291293121874E-004,
2.488800000000000E+009,-7.313988753594458E-004,2.678530581761152E-004,-7.998948567546904E-004,2.093981893267483E-004,
2.488833333333334E+009,-7.803394692018628E-004,1.257274416275322E-004,-7.892778958193958E-004,2.988186606671661E-004,
2.488866666666667E+009,-8.998873527161777E-004,1.566117134643719E-004,-8.100652485154569E-004,2.490366459824145E-004,
2.488900000000000E+009,-9.977940935641527E-004,4.059635102748871E-004,-8.067074231803417E-004,3.135428414680064E-004,
2.488933333333334E+009,-7.931669824756682E-004,4.776488058269024E-004,-7.120055379346013E-004,2.544361632317305E-004,
2.488966666666667E+009,-6.844223826192319E-004,2.783145755529404E-004,-7.361504831351340E-004,2.759767521638423E-004,
2.489000000000000E+009,-7.600829121656716E-004,2.684895298443735E-004,-7.029963890090585E-004,2.545893948990852E-004,
2.489033333333334E+009,-7.495463360100985E-004,4.008779651485384E-004,-6.987774977460504E-004,3.392123326193541E-004,
2.489066666666667E+009,-8.574256207793951E-004,3.394091909285635E-004,-7.536173216067255E-004,3.142788191325963E-004,
2.489100000000000E+009,-8.807099075056613E-004,4.935563774779439E-004,-8.424730622209609E-004,3.572160203475505E-004,
2.489133333333334E+009,-8.053420460782945E-004,3.615054301917553E-004,-9.359929244965315E-004,3.592194989323616E-004,
2.489166666666667E+009,-7.892329012975097E-004,3.437148989178240E-004,-8.198830182664096E-004,3.646533587016165E-004,
2.489200000000000E+009,-6.883947062306106E-004,4.542907117865980E-004,-8.373358868993819E-004,4.338744038250297E-004,
2.489233333333334E+009,-6.837298860773444E-004,3.036124981008470E-004,-7.448482792824507E-004,2.835716586560011E-004,
2.489266666666667E+009,-7.673635263927281E-004,3.253462782595307E-004,-7.857661694288254E-004,3.664722898975015E-004,
2.489300000000000E+009,-6.957867299206555E-004,3.657454508356750E-004,-7.042924989946187E-004,3.554062277544290E-004,
2.489333333333334E+009,-7.301500299945474E-004,3.651471924968064E-004,-7.328093633987010E-004,2.846424758899957E-004,
2.489366666666667E+009,-6.962689221836627E-004,3.460510633885860E-004,-7.151269237510860E-004,3.864979662466794E-004,
2.489400000000000E+009,-6.353318458423019E-004,2.717011375352740E-004,-8.437719079665840E-004,3.595185989979655E-004,
2.489433333333334E+009,-7.190417381934822E-004,3.897879796568304E-004,-6.392149953171611E-004,3.840824647340924E-004,
2.489466666666667E+009,-7.008760003373027E-004,3.366939781699330E-004,-7.006564992479980E-004,4.100685473531485E-004,
2.489500000000000E+009,-6.726261344738305E-004,2.682139456737787E-004,-6.735464558005333E-004,2.604832116048783E-004,
2.489533333333334E+009,-7.264536689035595E-004,3.391309001017362E-004,-8.611507946625352E-004,3.500480088405311E-004,
2.489566666666667E+009,-7.678312249481678E-004,1.687696640146896E-004,-8.077973034232855E-004,3.409630153328180E-004,
2.489600000000000E+009,-6.531369290314615E-004,3.167027607560158E-004,-7.853832794353366E-004,2.303460787516087E-004,
2.489633333333334E+009,-6.809454062022269E-004,3.021788434125483E-004,-7.558157085441053E-004,2.366008120588958E-004,
2.489666666666667E+009,-6.749197491444647E-004,4.042600048705936E-004,-7.353718392550945E-004,4.258104308973998E-004,
2.489700000000000E+009,-7.876729941926897E-004,5.840874509885907E-004,-6.967929657548666E-004,3.782324201893061E-004,
2.489733333333334E+009,-8.768230327405036E-004,3.191270807292312E-004,-7.518349448218942E-004,3.713004116434604E-004,
2.489766666666667E+009,-6.635057507082820E-004,3.910978848580271E-004,-7.281139260157943E-004,3.769178583752364E-004,
2.489800000000000E+009,-6.611020071431994E-004,4.002588102594018E-004,-7.390610990114510E-004,4.235526139382273E-004,
2.489833333333334E+009,-6.045858026482165E-004,3.308058367110789E-004,-6.344690918922424E-004,4.146102000959218E-004,
2.489866666666667E+009,-7.199713145382702E-004,3.874227113556117E-004,-7.399623864330351E-004,3.932669642381370E-004,
2.489900000000000E+009,-6.916582351550460E-004,4.179829265922308E-004,-6.427598418667913E-004,3.578317991923541E-004,
2.489933333333334E+009,-6.938332226127386E-004,5.292226560413837E-004,-6.961586768738926E-004,4.576261853799224E-004,
2.489966666666667E+009,-7.370669627562165E-004,5.263686180114746E-004,-7.475900347344577E-004,4.626779409591109E-004,
2.490000000000000E+009,-6.419056444428861E-004,4.010100674349815E-004,-6.392565555870533E-004,4.301038279663771E-004,
2.490033333333334E+009,-7.506320253014565E-004,4.334086552262306E-004,-8.273552521131933E-004,3.787083260249347E-004,
2.490066666666667E+009,-7.393414271064103E-004,5.207238718867302E-004,-7.695158710703254E-004,4.473617882467806E-004,
2.490100000000000E+009,-6.362407002598047E-004,4.691229260060936E-004,-6.352263735607266E-004,4.425378283485770E-004,
2.490133333333334E+009,-6.716046482324600E-004,4.050392017234117E-004,-7.585575222037733E-004,2.404064434813336E-004,
2.490166666666667E+009,-6.018520216457546E-004,4.401013429742307E-004,-5.804726970382035E-004,4.525229451246560E-004,
2.490200000000000E+009,-7.215815712697804E-004,4.127573629375547E-004,-6.627069087699056E-004,4.895841120742261E-004,
2.490233333333334E+009,-6.767433951608837E-004,3.153882571496069E-004,-5.651194951497018E-004,5.003041005693376E-004,
2.490266666666667E+009,-7.152365287765861E-004,4.754448600579053E-004,-6.446460611186922E-004,4.777849826496095E-004,
2.490300000000000E+009,-6.315768114291132E-004,3.259380173403770E-004,-5.826269043609500E-004,4.879111365880817E-004,
2.490333333333334E+009,-6.538963643833995E-004,4.399259050842375E-004,-6.654245080426335E-004,4.829839745070785E-004,
2.490366666666667E+009,-6.467859493568540E-004,3.809561894740909E-004,-6.439876160584390E-004,3.577031893655658E-004,
2.490400000000000E+009,-6.469186628237367E-004,4.110675945412368E-004,-5.944338045082986E-004,4.334977420512587E-004,
2.490433333333334E+009,-6.443561287596822E-004,4.964147228747606E-004,-6.273445324040949E-004,4.449186963029206E-004,
2.490466666666667E+009,-6.869615754112601E-004,5.985214957036078E-004,-7.486311369575560E-004,4.227957979310304E-004,
2.490500000000000E+009,-6.556071457453072E-004,3.705648414324969E-004,-6.473588291555643E-004,5.386155680753291E-004,
2.490533333333334E+009,-7.456971798092127E-004,5.298604373820126E-004,-6.878013373352587E-004,5.360232898965478E-004,
2.490566666666667E+009,-8.008603472262621E-004,5.014593480154872E-004,-6.362715503200889E-004,4.531136655714363E-004,
2.490600000000000E+009,-6.817245739512146E-004,5.414364277385175E-004,-5.380602669902146E-004,3.179492778144777E-004,
2.490633333333334E+009,-5.556821706704795E-004,5.297266179695725E-004,-6.112147821113467E-004,4.947787965647876E-004,
2.490666666666667E+009,-7.529551512561739E-004,5.430848686955869E-004,-7.357272552326322E-004,5.079049151390791E-004,
2.490700000000000E+009,-5.373421590775251E-004,5.293191061355174E-004,-6.962118786759675E-004,4.079355276189745E-004,
2.490733333333334E+009,-5.571621004492044E-004,4.502236843109131E-004,-6.016817642375827E-004,5.049562314525247E-004,
2.490766666666667E+009,-5.858246586285532E-004,5.791615694761276E-004,-7.305229082703590E-004,5.285954102873802E-004,
2.490800000000000E+009,-5.895555368624628E-004,6.122558843344450E-004,-6.960473256185651E-004,5.463659181259573E-004,
2.490833333333334E+009,-6.035176338627935E-004,5.265065701678395E-004,-6.390691269189119E-004,5.820840597152710E-004,
2.490866666666667E+009,-7.100539514794946E-004,4.484610108193010E-004,-6.624694215133786E-004,4.481341165956110E-004,
2.490900000000000E+009,-6.647894624620676E-004,4.926421097479761E-004,-6.245340919122100E-004,4.437252355273813E-004,
2.490933333333334E+009,-5.578248528763652E-004,5.342193180695176E-004,-7.078021299093962E-004,4.463920195121318E-004,
2.490966666666667E+009,-6.211267318576574E-004,4.915520548820496E-004,-5.974259693175554E-004,4.264585440978408E-004,
2.491000000000000E+009,-6.700053927488625E-004,4.464133817236871E-004,-6.398793775588274E-004,5.194329423829913E-004,
2.491033333333334E+009,-5.750588607043028E-004,5.075944354757667E-004,-6.014651735313237E-004,4.780934250447899E-004,
2.491066666666667E+009,-5.329193663783371E-004,5.255929427221417E-004,-5.254924180917442E-004,4.694547678809613E-004,
2.491100000000000E+009,-6.661579827778041E-004,5.498594255186617E-004,-6.331594195216894E-004,5.782396183349192E-004,
2.491133333333334E+009,-6.895970436744392E-004,4.788227088283747E-004,-6.411400972865522E-004,3.490435192361474E-004,
2.491166666666667E+009,-7.662318530492485E-004,6.136426818557084E-004,-5.906690494157374E-004,5.924131837673485E-004,
2.491200000000000E+009,-5.800420767627657E-004,3.044529876206070E-004,-6.256174528971314E-004,4.306252230890095E-004,
2.491233333333334E+009,-6.794198416173458E-004,4.106164269614965E-004,-6.020126747898758E-004,5.627417704090476E-004,
2.491266666666667E+009,-6.752781919203699E-004,6.338551756925881E-004,-6.081441533751786E-004,6.359160179272294E-004,
2.491300000000000E+009,-6.791774649173021E-004,4.169441817793995E-004,-6.129409302957356E-004,3.586050006560981E-004,
2.491333333333334E+009,-5.342849181033671E-004,4.263043811079115E-004,-5.522152059711516E-004,5.944109871052206E-004,
2.491366666666667E+009,-6.463261670432985E-004,6.368439644575119E-004,-5.716768209822476E-004,5.468338495120406E-004,
2.491400000000000E+009,-6.687204004265368E-004,3.876243426930159E-004,-6.557844462804496E-004,4.649022594094276E-004,
2.491433333333334E+009,-5.842451937496662E-004,5.277215968817473E-004,-4.471449647098780E-004,5.682996707037091E-004,
2.491466666666667E+009,-7.170955068431795E-004,6.764080608263612E-004,-6.458521238528192E-004,5.620545707643032E-004,
2.491500000000000E+009,-5.955551168881357E-004,5.523227155208588E-004,-5.484056309796870E-004,6.463282625190914E-004,
2.491533333333334E+009,-5.241714534349740E-004,5.040792166255415E-004,-5.235405988059938E-004,4.860724729951471E-004,
2.491566666666667E+009,-5.639030714519322E-004,4.553751496132463E-004,-7.460768101736903E-004,6.169558619149029E-004,
2.491600000000000E+009,-5.306160892359912E-004,5.130291683599353E-004,-5.300176562741399E-004,5.866779247298837E-004,
2.491633333333334E+009,-6.371171330101788E-004,4.851124831475318E-004,-4.870715492870659E-004,5.142116569913924E-004,
2.491666666666667E+009,-7.002917700447142E-004,6.476323469541967E-004,-7.122535025700927E-004,5.838441429659724E-004,
2.491700000000000E+009,-4.728769708890468E-004,5.416027852334082E-004,-5.609872168861330E-004,6.266838754527271E-004,
2.491733333333334E+009,-5.197807331569493E-004,6.049319636076689E-004,-4.957820638082922E-004,6.831698701716960E-004,
2.491766666666667E+009,-6.039618747308850E-004,5.489057512022555E-004,-4.760800802614540E-004,6.898388382978737E-004,
2.491800000000000E+009,-5.142533336766064E-004,5.414990009739995E-004,-5.520746926777065E-004,5.829976289533079E-004,
2.491833333333334E+009,-3.772634663619101E-004,5.981094436720014E-004,-5.494977231137455E-004,5.820010555908084E-004,
2.491866666666667E+009,-5.584084428846836E-004,6.403438746929169E-004,-5.907440790906549E-004,6.336666410788894E-004,
2.491900000000000E+009,-6.070021190680563E-004,6.477217539213598E-004,-4.965457483194768E-004,4.730536602437496E-004,
2.491933333333334E+009,-5.242157494649291E-004,5.605737678706646E-004,-6.117347511462867E-004,6.157989264465869E-004,
2.491966666666667E+009,-5.595102556981146E-004,6.221798830665648E-004,-4.654675140045583E-004,6.277633947320283E-004,
2.492000000000000E+009,-5.611613742075861E-004,4.921777290292084E-004,-5.335516761988401E-004,6.589404656551778E-004,
2.492033333333334E+009,-4.865290247835219E-004,6.220032228156924E-004,-5.018902011215687E-004,7.294871029444039E-004,
2.492066666666667E+009,-5.121768335811794E-004,6.210960564203560E-004,-4.642404092010111E-004,5.994979292154312E-004,
2.492100000000000E+009,-5.831845337525010E-004,8.252758998423815E-004,-3.974199062213302E-004,5.910922773182392E-004,
2.492133333333334E+009,-5.703031201846898E-004,6.004230817779899E-004,-5.230993847362697E-004,6.110966205596924E-004,
2.492166666666667E+009,-4.748789651785046E-004,6.312860059551895E-004,-6.263283430598676E-004,6.475534755736589E-004,
2.492200000000000E+009,-4.790283564943820E-004,7.447918178513646E-004,-4.774229018948972E-004,6.551577826030552E-004,
2.492233333333334E+009,-6.280210218392313E-004,6.971144466660917E-004,-5.101252463646233E-004,6.087889778427780E-004,
2.492266666666667E+009,-5.234684795141220E-004,6.802850402891636E-004,-4.978393553756177E-004,6.853358936496079E-004,
2.492300000000000E+009,-4.409060056786984E-004,6.840279675088823E-004,-4.260864807292819E-004,6.533435662277043E-004,
2.492333333333334E+009,-5.012307083234191E-004,6.294553750194609E-004,-4.920240025967360E-004,6.201662472449243E-004,
2.492366666666667E+009,-5.089212791062892E-004,7.584256818518043E-004,-4.270335484761745E-004,7.590882014483213E-004,
2.492400000000000E+009,-5.698431050404906E-004,6.851007929071784E-004,-4.623465065378696E-004,6.956465076655150E-004,
2.492433333333334E+009,-5.159527063369751E-004,6.906046182848513E-004,-5.565340979956091E-004,6.353534408845007E-004,
2.492466666666667E+009,-5.028399173170328E-004,6.604244699701667E-004,-4.960906226187944E-004,6.383599829860032E-004,
2.492500000000000E+009,-5.787805421277881E-004,6.598736508749425E-004,-5.104345036670566E-004,5.516422097571194E-004,
2.492533333333334E+009,-4.492003354243934E-004,6.578630418516696E-004,-5.184129113331437E-004,6.708249566145241E-004,
2.492566666666667E+009,-5.488541792146862E-004,6.282148533500731E-004,-5.279605975374579E-004,6.093223346397281E-004,
2.492600000000000E+009,-5.135384271852672E-004,7.152367616072297E-004,-4.543061368167400E-004,9.111635154113174E-004,
2.492633333333334E+009,-4.109256260562688E-004,6.605391972698271E-004,-5.267437081784010E-004,5.226902430877090E-004,
2.492666666666667E+009,-4.854765720665455E-004,6.555974832735956E-004,-5.435313796624541E-004,7.630329346284270E-004,
2.492700000000000E+009,-4.442681674845517E-004,7.031494169496000E-004,-5.737353349104524E-004,6.830599159002304E-004,
2.492733333333334E+009,-4.691585199907422E-004,6.660060025751591E-004,-5.168578354641795E-004,7.030877750366926E-004,
2.492766666666667E+009,-4.959678626619279E-004,7.183665875345469E-004,-3.989452088717371E-004,8.251826511695981E-004,
2.492800000000000E+009,-4.906433750875294E-004,7.199922110885382E-004,-4.378911107778549E-004,7.942714146338403E-004,
2.492833333333334E+009,-5.564027233049274E-004,9.021910955198109E-004,-5.305668455548585E-004,7.700793794356287E-004,
2.492866666666667E+009,-4.682096187025309E-004,6.453856476582587E-004,-3.967860538978130E-004,7.780532469041646E-004,
2.492900000000000E+009,-4.430715634953231E-004,6.003401940688491E-004,-4.846529045607895E-004,8.227596990764141E-004,
2.492933333333334E+009,-4.150054010096937E-004,7.802919717505574E-004,-5.161610897630453E-004,8.057816885411739E-004,
2.492966666666667E+009,-3.371466009411961E-004,7.706679170951247E-004,-5.009508458897471E-004,7.573702605441213E-004,
2.493000000000000E+009,-3.890656225848943E-004,8.910775068216026E-004,-5.183639004826546E-004,8.005837444216013E-004,
2.493033333333334E+009,-5.152017693035305E-004,7.230388000607491E-004,-3.795761731453240E-004,7.727878401055932E-004,
2.493066666666667E+009,-5.369077553041279E-004,8.179628057405353E-004,-5.578222917392850E-004,8.620481821708381E-004,
2.493100000000000E+009,-3.286753781139851E-004,8.122946019284427E-004,-3.372617065906525E-004,7.800293969921768E-004,
2.493133333333334E+009,-2.994096430484206E-004,7.784703630022705E-004,-4.760988813359290E-004,7.746418123133481E-004,
2.493166666666667E+009,-4.108065331820399E-004,7.162879337556660E-004,-2.313287841388956E-004,8.056942606344819E-004,
2.493200000000000E+009,-3.906652564182878E-004,7.409444660879672E-004,-4.420161130838096E-004,7.390553364530206E-004,
2.493233333333334E+009,-3.437573905102909E-004,7.918523042462766E-004,-4.550778539851308E-004,8.199900039471686E-004,
2.493266666666667E+009,-4.577314248308539E-004,8.890957687981427E-004,-2.668911474756897E-004,8.841793751344085E-004,
2.493300000000000E+009,-4.398128367029131E-004,8.304072543978691E-004,-4.613095661625266E-004,7.795451092533767E-004,
2.493333333333334E+009,-3.432077937759459E-004,7.704332820139825E-004,-4.779594892170280E-004,7.834424031898379E-004,
2.493366666666667E+009,-4.363389452919364E-004,8.336143800988793E-004,-3.390967613086104E-004,8.900953689590097E-004,
2.493400000000000E+009,-3.691869496833533E-004,8.864406845532358E-004,-4.086966509930790E-004,8.156842086464167E-004,
2.493433333333334E+009,-3.024154866579920E-004,7.695929380133748E-004,-3.810528432950378E-004,8.913406636565924E-004,
2.493466666666667E+009,-3.794864169321954E-004,1.050630118697882E-003,-3.622356744017452E-004,8.142106817103922E-004,
2.493500000000000E+009,-4.094548930879682E-004,8.552822982892394E-004,-2.447050064802170E-004,8.506718440912664E-004,
2.493533333333334E+009,-3.461780142970383E-004,9.971307590603828E-004,-3.755167126655579E-004,7.906102691777051E-004,
2.493566666666667E+009,-2.534509985707700E-004,8.309078984893858E-004,-4.309006908442825E-004,8.456535288132727E-004,
2.493600000000000E+009,-1.911825529532507E-004,8.044421556405723E-004,-2.740794734563679E-004,8.255793363787234E-004,
2.493633333333334E+009,-2.026725414907560E-004,9.995036525651813E-004,-2.759906346909702E-004,7.938907365314663E-004,
2.493666666666667E+009,-2.636975259520114E-004,9.378133108839393E-004,-2.282978821313009E-004,8.352657896466553E-004,
2.493700000000000E+009,-2.684994251467288E-004,8.565195021219552E-004,-2.050574694294483E-004,9.174086735583842E-004,
2.493733333333334E+009,-3.277986252214760E-004,9.443729650229216E-004,-4.380111640784890E-004,9.224521927535534E-004,
2.493766666666667E+009,-3.816788957919926E-004,7.639676332473755E-004,-9.878238779492676E-005,9.919460862874985E-004,
2.493800000000000E+009,-2.296588354511187E-004,9.101232863031328E-004,-4.077535413671285E-004,8.919764077290893E-004,
2.493833333333334E+009,-1.802316837711260E-004,9.823692962527275E-004,-2.462907577864826E-004,9.221846703439951E-004,
2.493866666666667E+009,-2.013479679590091E-004,9.118483867496252E-004,-3.099412424489856E-004,8.748744148761034E-004,
2.493900000000000E+009,-3.328411548864096E-004,8.280610200017691E-004,-2.438361698295921E-004,8.098342223092914E-004,
2.493933333333334E+009,-1.948071585502476E-004,8.238763548433781E-004,-2.532608050387353E-004,1.027181162498891E-003,
2.493966666666667E+009,-2.998317067977041E-004,7.995734340511262E-004,-2.565904869697988E-004,9.546768269501627E-004,
2.494000000000000E+009,-1.540911907795817E-004,8.052241755649447E-004,-1.936451299116015E-004,8.704212377779186E-004,
2.494033333333334E+009,-2.231332618976012E-004,1.073046354576945E-003,-2.780408540274948E-004,9.581476333551109E-004,
2.494066666666667E+009,-2.290445991093293E-004,7.652120548300445E-004,-3.201565705239773E-004,8.682588813826442E-004,
2.494100000000000E+009,-2.897280792240053E-004,9.855392854660749E-004,-2.616628771647811E-004,9.882714366540313E-004,
2.494133333333334E+009,-1.142908658948727E-004,1.006556209176779E-003,-2.161706506740302E-004,1.004809862934053E-003,
2.494166666666667E+009,-2.973820955958217E-004,1.027411082759500E-003,-1.449247793061659E-004,9.816823294386268E-004,
2.494200000000000E+009,-2.184369077440351E-004,8.477141382172704E-004,-1.437270984752104E-004,1.011426909826696E-003,
2.494233333333334E+009,-1.610881008673459E-004,9.268733556382358E-004,-2.036598598351702E-004,8.966214954853058E-004,
2.494266666666667E+009,-2.613222168292850E-004,9.179204353131354E-004,-1.756698475219309E-004,9.375349618494511E-004,
2.494300000000000E+009,-2.982964215334505E-004,9.400222916156054E-004,-1.597975351614878E-004,8.869915618561208E-004,
2.494333333333334E+009,-1.957372733158991E-004,1.075261854566634E-003,-5.140088615007699E-005,9.282890823669732E-004,
2.494366666666667E+009,-7.864881627028808E-005,1.012604101561010E-003,-1.550539163872600E-004,1.027489895932376E-003,
2.494400000000000E+009,-1.584543788339943E-004,8.864999981597066E-004,-1.217023673234507E-004,9.582646307535470E-004,
2.494433333333334E+009,-2.352429328311700E-005,1.007009064778686E-003,-2.482251729816198E-004,9.939293377101421E-004,
2.494466666666667E+009,-1.495848409831524E-004,1.003916608169675E-003,-1.871333224698901E-004,8.137751137837768E-004,
2.494500000000000E+009,-3.510586393531412E-004,8.463581907562912E-004,-1.754944387357682E-004,1.094615203328431E-003,
2.494533333333334E+009,-1.384185015922412E-004,1.003268174827099E-003,-1.635686203371733E-004,1.014249632135034E-003,
2.494566666666667E+009,-1.300075819017366E-004,1.135600730776787E-003,-9.563247294863686E-005,1.034527318552136E-003,
2.494600000000000E+009,-1.210365735460073E-004,1.104265684261918E-003,-1.285071484744549E-004,1.035894732922316E-003,
2.494633333333334E+009,-1.704796450212598E-004,1.004596939310432E-003,4.228904435876757E-005,8.688486414030194E-004,
2.494666666666667E+009,-1.326808123849332E-004,9.070939850062132E-004,-5.583372330875136E-005,1.065165619365871E-003,
2.494700000000000E+009,-4.363052721600980E-005,1.002844073809683E-003,-3.178129190928303E-005,9.171100100502372E-004,
2.494733333333334E+009,-1.369228903058684E-005,9.748458396643400E-004,-6.235788168851286E-005,9.895002003759146E-004,
2.494766666666667E+009,3.810525595326908E-005,1.199553022161126E-003,-2.871306605811697E-005,8.935349178500474E-004,
2.494800000000000E+009,-5.964065712760203E-005,9.749256423674524E-004,-6.614952872041613E-005,9.881147416308522E-004,
2.494833333333334E+009,1.738841820042580E-004,1.042176154442132E-003,1.918170164572075E-005,9.499614243395627E-004,
2.494866666666667E+009,-7.723740418441594E-005,9.066395577974618E-004,-7.767189526930451E-005,1.070633064955473E-003,
2.494900000000000E+009,1.493332238169387E-004,8.949865587055683E-004,3.456429112702608E-005,9.416423854418099E-004,
2.494933333333334E+009,-7.408202509395778E-005,9.850367205217481E-004,-4.523502502706833E-005,8.599877473898232E-004,
2.494966666666667E+009,-2.671775655471720E-005,9.760818211361766E-004,5.280009645503014E-005,1.003223587758839E-003,
2.495000000000000E+009,2.422213401587214E-005,9.893504902720451E-004,-9.762422268977389E-005,1.045822980813682E-003,
2.495033333333334E+009,1.804547791834921E-004,1.033596228808165E-003,5.608541323454119E-005,9.973364649340510E-004,
2.495066666666667E+009,1.171311523648910E-004,8.841551607474685E-004,1.187743328046054E-004,9.372800705023110E-004,
2.495100000000000E+009,1.455949968658388E-004,1.008735620416701E-003,6.245324766496196E-005,1.104103401303291E-003,
2.495133333333334E+009,1.358720619464293E-004,1.062691444531083E-003,9.659146599005908E-005,9.207563125528395E-004,
2.495166666666667E+009,2.029546594712883E-004,1.002167700789869E-003,2.044804714387283E-004,9.310880559496582E-004,
2.495200000000000E+009,3.980490510002710E-005,9.047813946381211E-004,1.214470557897585E-005,9.600962512195110E-004,
2.495233333333334E+009,8.528504986315966E-005,8.871133322827518E-004,6.226017285371199E-005,9.460403234697878E-004,
2.495266666666667E+009,7.368769729509950E-005,1.033216947689652E-003,2.051808260148391E-004,9.909487562254071E-004,
2.495300000000000E+009,2.586866321507841E-004,9.738646913319826E-004,2.087754837702960E-004,9.960985044017434E-004,
2.495333333333334E+009,8.428048022324219E-005,1.204123604111373E-003,2.173578104702756E-004,1.090119360014796E-003,
2.495366666666667E+009,1.632317289477214E-004,1.067027100361884E-003,2.780960057862103E-004,9.770572651177645E-004,
2.495400000000000E+009,1.729274081299081E-004,1.055883825756609E-003,2.140676224371418E-004,1.064439769834280E-003,
2.495433333333334E+009,2.559429849497974E-004,1.002575154416263E-003,1.395404833601788E-004,1.012530992738903E-003,
2.495466666666667E+009,2.060403057839721E-004,1.083994866348803E-003,2.898116654250771E-004,1.018911832943559E-003,
2.495500000000000E+009,2.795142936520279E-004,9.584844810888171E-004,1.968069263966754E-004,1.063336851075292E-003,
2.495533333333334E+009,3.851931542158127E-004,1.053115236572921E-003,1.957078784471378E-004,9.116963483393192E-004,
2.495566666666667E+009,1.846612140070647E-004,8.164803148247302E-004,2.628427173476666E-004,9.829207556322217E-004,
2.495600000000000E+009,3.388765617273748E-004,8.334437734447420E-004,2.905997389461845E-004,8.882207330316305E-004,
2.495633333333334E+009,3.906780621036887E-004,9.500990272499621E-004,3.262183163315058E-004,1.007698127068579E-003,
2.495666666666667E+009,2.854265912901610E-004,8.814728935249150E-004,3.415991668589413E-004,9.430979262106121E-004,
2.495700000000000E+009,3.381233545951545E-004,9.459612774662674E-004,3.590091946534813E-004,9.652359876781702E-004,
2.495733333333334E+009,2.830241865012795E-004,8.667543879710138E-004,2.508116303943098E-004,8.991638314910233E-004,
2.495766666666667E+009,3.237343917135149E-004,8.424351108260453E-004,3.010380023624748E-004,1.016591209918261E-003,
2.495800000000000E+009,3.549722023308277E-004,9.071220993064344E-004,2.127498300978914E-004,9.549227543175221E-004,
2.495833333333334E+009,2.977101830765605E-004,8.223830955103040E-004,3.386762982700020E-004,9.227013215422630E-004,
2.495866666666667E+009,3.844688180834055E-004,8.134959498420358E-004,3.323258715681732E-004,1.112695084884763E-003,
2.495900000000000E+009,4.393029375933111E-004,9.936246788129211E-004,2.628510410431773E-004,9.698642534203827E-004,
2.495933333333334E+009,4.316243866924197E-004,1.014029956422746E-003,2.964555460494012E-004,8.661880274303258E-004,
2.495966666666667E+009,4.340297600720078E-004,1.041674986481667E-003,4.708901396952570E-004,9.833694202825427E-004,
2.496000000000000E+009,3.035144181922078E-004,9.022294543683529E-004,4.357043362688273E-004,9.692122694104910E-004,
2.496033333333334E+009,4.825702344533056E-004,8.262651390396059E-004,3.527501248754561E-004,1.023092772811651E-003,
2.496066666666667E+009,5.254363059066236E-004,9.357997332699597E-004,5.509702605195344E-004,9.775146609172225E-004,
2.496100000000000E+009,3.897730202879757E-004,9.167355019599199E-004,3.969622775912285E-004,8.956769015640020E-004,
2.496133333333334E+009,3.858839627355337E-004,9.876315016299486E-004,4.673373186960816E-004,9.136435110121965E-004,
2.496166666666667E+009,4.319040453992784E-004,8.385107503272593E-004,3.770495823118836E-004,8.618728606961668E-004,
2.496200000000000E+009,5.138629931025207E-004,8.563715382479131E-004,4.207655729260296E-004,8.765887469053268E-004,
2.496233333333334E+009,4.500277282204479E-004,8.719119359739125E-004,5.514122312888503E-004,8.548501646146178E-004,
2.496266666666667E+009,4.785162745974958E-004,7.711300277151167E-004,3.777915553655475E-004,9.065733174793422E-004,
2.496300000000000E+009,3.009202191606164E-004,8.729058899916709E-004,4.919214406982064E-004,7.483645458705723E-004,
2.496333333333334E+009,5.121497088111937E-004,7.411295664496720E-004,5.363643285818398E-004,8.829070138745010E-004,
2.496366666666667E+009,3.805054002441466E-004,8.699104073457420E-004,5.726259551011026E-004,6.374051445163786E-004,
2.496400000000000E+009,5.601767334155738E-004,8.595242397859693E-004,6.002137670293450E-004,8.056210353970528E-004,
2.496433333333334E+009,6.510570528917015E-004,9.409322519786656E-004,5.343703087419272E-004,7.842498016543686E-004,
2.496466666666667E+009,5.826390697620809E-004,7.866266532801092E-004,5.560406134463847E-004,6.999100442044437E-004,
2.496500000000000E+009,5.470007890835404E-004,7.567725842818618E-004,6.422954029403627E-004,8.569353376515210E-004,
2.496533333333334E+009,4.709801869466901E-004,8.366458350792527E-004,4.772155662067235E-004,8.280731271952391E-004,
2.496566666666667E+009,6.645108805969358E-004,7.898472249507904E-004,6.376410019584000E-004,8.189495420083404E-004,
2.496600000000000E+009,5.828638677485287E-004,7.293504313565791E-004,5.367766716517508E-004,5.977711989544332E-004,
2.496633333333334E+009,5.257625598460436E-004,7.836035219952464E-004,6.553758867084980E-004,6.900312728248537E-004,
2.496666666666667E+009,6.053989054635167E-004,7.122569950297475E-004,6.289284210652113E-004,8.513976354151964E-004,
2.496700000000000E+009,5.849546869285405E-004,7.239914266392589E-004,4.562230024021119E-004,6.576838786713779E-004,
2.496733333333334E+009,5.479156970977783E-004,6.453407695516944E-004,6.599806365557015E-004,8.365715621039271E-004,
2.496766666666667E+009,5.277336458675563E-004,7.148211589083076E-004,6.723840488120914E-004,7.030859123915434E-004,
2.496800000000000E+009,6.937775178812444E-004,7.055379101075232E-004,5.505732842721045E-004,6.110604736022651E-004,
2.496833333333334E+009,7.140631205402315E-004,6.585618830285966E-004,7.025635568425059E-004,5.715381121262908E-004,
2.496866666666667E+009,7.425153162330389E-004,7.442053756676614E-004,6.033299723640084E-004,5.353094893507659E-004,
2.496900000000000E+009,6.553896237164736E-004,6.477361894212663E-004,6.349041359499097E-004,7.105875993147492E-004,
2.496933333333334E+009,6.769633037038147E-004,5.743334768339992E-004,7.554963231086731E-004,5.503511638380587E-004,
2.496966666666667E+009,5.449527525343001E-004,5.623658653348684E-004,6.621755892410874E-004,5.487299640662968E-004,
2.497000000000000E+009,5.937366513535380E-004,5.586023326031864E-004,6.150550907477737E-004,6.185210077092052E-004,
2.497033333333334E+009,6.134782452136278E-004,5.086200544610620E-004,6.642076186835766E-004,7.201591506600380E-004,
2.497066666666667E+009,7.395179127342999E-004,6.131075206212699E-004,6.493102991953492E-004,6.087312940508127E-004,
2.497100000000000E+009,6.204507662914693E-004,5.573415546678007E-004,5.900721298530698E-004,7.214113720692694E-004,
2.497133333333334E+009,7.160440436564386E-004,4.420003388077021E-004,7.232189527712762E-004,6.024896283634007E-004,
2.497166666666667E+009,6.524883792735636E-004,4.711939254775643E-004,6.942299078218639E-004,5.936363013461232E-004,
2.497200000000000E+009,6.272877799347043E-004,5.740738706663251E-004,6.582855712622404E-004,4.310415824875236E-004,
2.497233333333334E+009,7.783174514770508E-004,5.529646878130734E-004,6.823706789873540E-004,4.873908474110067E-004,
2.497266666666667E+009,5.874338676221669E-004,5.396761698648334E-004,6.343266577459872E-004,5.886710132472217E-004,
2.497300000000000E+009,6.759329698979855E-004,4.657513345591724E-004,6.150903645902872E-004,4.636887751985341E-004,
2.497333333333334E+009,7.372780237346888E-004,3.897209244314581E-004,7.096293265931308E-004,3.790445334743708E-004,
2.497366666666667E+009,5.864107515662909E-004,5.104588344693184E-004,7.568156579509378E-004,4.863313806708902E-004,
2.497400000000000E+009,5.997754633426666E-004,4.992428584955633E-004,7.010366534814239E-004,4.160092794336379E-004,
2.497433333333334E+009,6.797783426009119E-004,4.626725858543068E-004,5.978603148832917E-004,5.360938957892358E-004,
2.497466666666667E+009,6.581412162631750E-004,5.494158249348402E-004,7.659876719117165E-004,4.082379455212504E-004,
2.497500000000000E+009,6.888420321047306E-004,3.701961832121015E-004,7.833400159142911E-004,3.164001973345876E-004,
2.497533333333334E+009,7.120401714928448E-004,5.472558550536633E-004,6.171987042762339E-004,3.845580504275858E-004,
2.497566666666667E+009,7.410459802486002E-004,5.505776498466730E-004,5.324293742887676E-004,3.931390529032797E-004,
2.497600000000000E+009,7.212457712739706E-004,5.489353789016604E-004,6.242264644242823E-004,4.299686697777361E-004,
2.497633333333334E+009,6.167332176119089E-004,3.959093883167952E-004,6.551524857059121E-004,3.894208348356187E-004,
2.497666666666667E+009,7.821679464541376E-004,3.505455388221890E-004,6.446564802899957E-004,2.279280015500262E-004,
2.497700000000000E+009,6.249356665648520E-004,3.167405084241182E-004,6.154271541163325E-004,4.361311148386449E-004,
2.497733333333334E+009,5.754787125624716E-004,3.562448837328702E-004,6.539261084981263E-004,2.948657202068716E-004,
2.497766666666667E+009,5.601586890406907E-004,3.125853254459798E-004,5.937750684097409E-004,3.505407948978245E-004,
2.497800000000000E+009,7.220894331112504E-004,3.751517215278000E-004,5.995003157295287E-004,3.040392184630036E-004,
2.497833333333334E+009,6.322680274024606E-004,2.761368523351848E-004,6.278511136770248E-004,2.491242485120893E-004,
2.497866666666667E+009,6.103315390646458E-004,2.674656570889056E-004,6.898213177919388E-004,1.281834847759455E-004,
2.497900000000000E+009,5.661575705744326E-004,1.957505155587569E-004,7.758832653053105E-004,2.957353426609188E-004,
2.497933333333334E+009,6.038267747499049E-004,3.272428875789046E-004,8.138446137309074E-004,2.705105289351195E-004,
2.497966666666667E+009,9.033314418047667E-004,2.892626216635108E-004,6.864043534733355E-004,2.720489283092320E-004,
2.498000000000000E+009,7.248254260048270E-004,4.378173616714776E-004,7.639661780558527E-004,2.030200703302398E-004,
2.498033333333334E+009,7.114910404197872E-004,3.396368119865656E-004,6.548325764015317E-004,2.957565884571523E-004,
2.498066666666667E+009,6.709062145091593E-004,2.579786814749241E-004,7.590460008941591E-004,2.715836744755507E-004,
2.498100000000000E+009,7.502398802898824E-004,2.482921699993312E-004,6.079852464608848E-004,1.802360347937793E-004,
2.498133333333334E+009,7.602552650496364E-004,3.583031939342618E-004,5.654936539940536E-004,2.825264818966389E-004,
2.498166666666667E+009,6.475459667854011E-004,1.585919671924785E-004,6.853796658106148E-004,1.108148280763999E-004,
2.498200000000000E+009,6.664814427495003E-004,1.748736249282956E-004,6.296968786045909E-004,1.942674571182579E-004,
2.498233333333334E+009,5.403091781772673E-004,1.411572884535417E-004,6.435359246097505E-004,2.330041752429679E-004,
2.498266666666667E+009,6.236310000531375E-004,1.781695755198598E-004,6.764368736185134E-004,8.951532072387636E-005,
2.498300000000000E+009,6.931021925993264E-004,1.028755868901499E-004,6.542137125506997E-004,1.843589125201106E-004,
2.498333333333334E+009,4.352312826085836E-004,9.773669444257394E-005,6.833401857875288E-004,1.241938880411908E-004,
2.498366666666667E+009,6.433918024413288E-004,1.755987323122099E-004,5.694958963431418E-004,1.072117156581953E-004,
2.498400000000000E+009,5.714504513889551E-004,6.303148984443396E-005,5.639717564918101E-004,9.445862815482542E-005,
2.498433333333334E+009,5.197396385483444E-004,-4.279755012248643E-005,5.610185326077044E-004,1.818460295908153E-004,
2.498466666666667E+009,7.025454542599618E-004,9.991235128836706E-005,5.459333187900484E-004,6.238269270397723E-005,
2.498500000000000E+009,5.686886142939329E-004,1.748535578371957E-004,5.327179678715766E-004,7.371362880803645E-005,
2.498533333333334E+009,4.533813043963164E-004,9.213393786922097E-005,4.796219582203776E-004,6.220510113053024E-005,
2.498566666666667E+009,6.084956112317741E-004,2.923680767707992E-005,5.437072250060737E-004,1.545197155792266E-004,
2.498600000000000E+009,6.959954625926912E-004,4.615022044163197E-005,4.481030628085136E-004,4.824789357371628E-005,
2.498633333333334E+009,6.941771134734154E-004,4.484918463276699E-005,5.536079406738281E-004,2.678908822417725E-005,
2.498666666666667E+009,4.958563949912787E-004,-3.772333366214298E-005,5.303867510519922E-004,1.034815650200471E-004,
2.498700000000000E+009,5.527099710889161E-004,-5.836073978571221E-005,5.367012345232070E-004,9.800872066989541E-005,
2.498733333333334E+009,3.877661947626621E-004,1.062790943251457E-005,5.382328527048230E-004,6.230537110241130E-005,
2.498766666666667E+009,4.852406564168632E-004,7.059842027956620E-005,5.516819073818624E-004,3.811794886132702E-005,
2.498800000000000E+009,4.349250521045178E-004,9.372270869789645E-005,5.893028574064374E-004,-9.950087405741215E-005,
2.498833333333334E+009,6.307853618636727E-004,5.431065073935315E-005,4.830352263525128E-004,7.065587851684541E-005,
2.498866666666667E+009,4.761987656820566E-004,-1.622016384317249E-006,4.889671690762043E-004,-4.380793689051643E-005,
2.498900000000000E+009,4.187665181234479E-004,1.106552372220904E-004,5.106414901092649E-004,7.158976950449869E-005,
2.498933333333334E+009,3.207068366464227E-004,8.334482117788866E-006,5.182418972253799E-004,1.575642963871360E-004,
2.498966666666667E+009,3.823834122158587E-004,1.983304719033185E-005,5.162218003533781E-004,5.882177902094554E-006,
2.499000000000000E+009,5.568071501329541E-004,-3.623924931162037E-005,3.765221335925162E-004,6.445775215979666E-005,
2.499033333333334E+009,4.036026366520673E-004,-1.937340675794985E-005,4.050283168908209E-004,-1.396609150106087E-004,
2.499066666666667E+009,3.598541661631316E-004,-5.563109152717516E-005,4.069426213391125E-004,-5.473938654176891E-005,
2.499100000000000E+009,3.850452776532620E-004,1.385020586894825E-004,3.505072672851384E-004,9.585998486727476E-005,
2.499133333333334E+009,3.176268073730171E-004,6.865588511573151E-005,2.771953586488962E-004,-2.435328860883601E-005,
2.499166666666667E+009,2.615719859022647E-004,-2.835513441823423E-006,4.669566405937076E-004,6.383866548276274E-006,
2.499200000000000E+009,3.324458666611463E-004,1.402890193276107E-004,4.105661355424672E-004,1.655129017308354E-004,
2.499233333333334E+009,4.365252680145204E-004,-1.002997596515343E-004,3.471825039014220E-004,-5.242978295427747E-005,
2.499266666666667E+009,4.271666402928531E-004,-5.321245407685638E-005,3.105166251771152E-004,-2.891049552999903E-005,
2.499300000000000E+009,3.455879632383585E-004,-6.822346040280536E-005,3.710585297085345E-004,4.114555122214370E-005,
2.499333333333334E+009,3.693185572046787E-004,5.084814256406389E-005,3.702688263729215E-004,-2.095156924042385E-005,
2.499366666666667E+009,3.827156615443528E-004,-6.718966324115172E-005,3.266526036895812E-004,2.702092024264857E-005,
2.499400000000000E+009,4.210197075735778E-004,6.756089715054259E-005,1.530063454993069E-004,1.012538414215669E-004,
2.499433333333334E+009,2.912830095738173E-004,1.240044512087479E-004,4.569541488308460E-004,2.853805381164420E-005,
2.499466666666667E+009,4.072094743605703E-004,-5.145385148352943E-005,2.848488802555949E-004,7.534018368460238E-005,
2.499500000000000E+009,3.822685685008764E-004,-1.280941651202738E-004,2.851111348718405E-004,-2.334266173420474E-005,
2.499533333333334E+009,2.321091742487624E-004,-1.205845765070990E-004,4.093881871085614E-004,2.080130652757362E-004,
2.499566666666667E+009,2.664979547262192E-004,-2.382836282777134E-005,3.301335673313588E-004,7.133257167879492E-005,
2.499600000000000E+009,2.387360582360998E-004,-1.766334899002686E-004,2.388223074376583E-004,-1.950678961293306E-005,
2.499633333333334E+009,8.685787906870246E-005,2.442911863909103E-006,2.792840532492846E-004,-6.851449870737270E-005,
2.499666666666667E+009,3.008117491845042E-004,4.964613617630675E-005,3.836552787106484E-004,3.350744736962952E-005,
2.499700000000000E+009,2.106227766489610E-004,2.865696660592221E-005,2.548010379541665E-004,-8.631195669295266E-005,
2.499733333333334E+009,1.778779696905986E-004,-5.884673373657279E-005,2.263045316794887E-004,5.634748231386766E-005,
2.499766666666667E+009,3.114619757980108E-004,-3.689602453960106E-005,2.443812263663858E-004,-2.845065500878263E-005,
2.499800000000000E+009,2.494291984476149E-004,-8.204484765883535E-005,1.812257833080366E-004,-1.866965794761200E-005,
2.499833333333334E+009,9.677001071395353E-005,7.939412171253935E-005,1.888861297629774E-004,1.058189009199850E-004,
2.499866666666667E+009,1.332168612862006E-004,8.210727537516505E-005,2.111303765559569E-004,-6.920185114722699E-005,
2.499900000000000E+009,2.386576379649341E-004,-1.789373054634780E-004,1.301729207625613E-004,-1.106490090023726E-004,
2.499933333333334E+009,2.065597800537944E-004,3.974149876739830E-005,2.349475398659706E-004,1.487289955548476E-005,
2.499966666666667E+009,7.522460509790108E-005,4.480221832636744E-005,2.383364626439288E-004,7.502973312512040E-005,
2.500000000000000E+009,2.603930479381234E-004,-4.771030580741353E-005,1.950097212102264E-004,-4.306462506065145E-005,
