% Version 1.00
%
%freq[Hz];re:Trc1_S21;im:Trc1_S21;re:Trc2_S12;im:Trc2_S12;
2.480000000000000E+009,3.770626790355891E-004,-6.307700532488525E-004,4.892945289611816E-004,-7.864153594709933E-004,
2.480033333333334E+009,5.367493722587824E-004,-7.808754453435540E-004,5.220210296101868E-004,-6.915769772604108E-004,
2.480066666666667E+009,5.523267318494618E-004,-8.141952566802502E-004,4.676378448493779E-004,-6.745014106854796E-004,
2.480100000000000E+009,6.133943097665906E-004,-6.787900929339230E-004,5.467958399094641E-004,-7.768810028210282E-004,
2.480133333333334E+009,4.494466993492097E-004,-6.925589987076819E-004,4.774845729116350E-004,-6.884353933855891E-004,
2.480166666666667E+009,4.837443993892521E-004,-6.215646862983704E-004,4.491758299991489E-004,-8.253974956460297E-004,
2.480200000000000E+009,4.739228170365095E-004,-8.017114596441388E-004,5.692953127436340E-004,-8.631001110188663E-004,
2.480233333333334E+009,5.146039766259491E-004,-8.588901837356389E-004,3.688213473651558E-004,-7.839025929570198E-004,
2.480266666666667E+009,4.768278449773789E-004,-7.167084841057658E-004,3.875143884215504E-004,-8.658153819851577E-004,
2.480300000000000E+009,4.857908061239868E-004,-7.330769440159202E-004,4.909310955554247E-004,-8.666123030707240E-004,
2.480333333333334E+009,5.864200065843761E-004,-7.391529507003725E-004,3.645994293037802E-004,-8.664358756504953E-004,
2.480366666666667E+009,3.998694301117212E-004,-7.936878246255219E-004,5.082379211671650E-004,-8.111768402159214E-004,
2.480400000000000E+009,3.032059757970274E-004,-8.741175406612456E-004,3.419276326894760E-004,-8.292209822684526E-004,
2.480433333333334E+009,3.765937581192702E-004,-9.399785776622593E-004,3.274672199040651E-004,-7.494575693272054E-004,
2.480466666666667E+009,4.053981974720955E-004,-7.995891501195729E-004,4.058109479956329E-004,-7.696978864260018E-004,
2.480500000000000E+009,4.921025829389691E-004,-7.658402901142836E-004,4.732241795863956E-004,-8.227799553424120E-004,
2.480533333333334E+009,3.383702132850885E-004,-9.703126852400601E-004,1.264984166482464E-004,-9.220152860507369E-004,
2.480566666666667E+009,3.330788749735802E-004,-9.154096478596330E-004,2.628834627103061E-004,-9.590258705429733E-004,
2.480600000000000E+009,4.247041651979089E-004,-9.363819262944162E-004,3.528479428496212E-004,-7.902186480350792E-004,
2.480633333333334E+009,2.201228344347328E-004,-8.359926287084818E-004,3.649875288829207E-004,-8.137187105603516E-004,
2.480666666666667E+009,3.341046685818583E-004,-7.587587460875511E-004,3.874095273204148E-004,-8.471218170598149E-004,
2.480700000000000E+009,4.147186118643731E-004,-8.493160712532699E-004,3.802025166805834E-004,-8.218854782171547E-004,
2.480733333333334E+009,3.706105926539749E-004,-8.286032243631780E-004,3.607612452469766E-004,-9.603103972040117E-004,
2.480766666666667E+009,2.459726238157600E-004,-9.296615608036518E-004,2.904051798395813E-004,-9.913996327668428E-004,
2.480800000000000E+009,3.827393520623446E-004,-9.337020455859602E-004,2.189016959164292E-004,-9.863331215456128E-004,
2.480833333333334E+009,4.585831193253398E-004,-9.298034128732979E-004,2.893854398280382E-004,-9.217771003022790E-004,
2.480866666666667E+009,2.455669164191932E-004,-8.280748152174056E-004,3.560965124052018E-004,-9.044078178703785E-004,
2.480900000000000E+009,3.015681286342442E-004,-8.949316688813269E-004,3.211259318049997E-004,-9.692627936601639E-004,
2.480933333333334E+009,1.526189589640126E-004,-7.380019524134696E-004,3.236683551222086E-004,-9.903933387249708E-004,
2.480966666666667E+009,2.447553561069071E-004,-8.618652937002480E-004,2.123835874954239E-004,-8.608053321950138E-004,
2.481000000000000E+009,3.254043404012919E-004,-9.696859633550048E-004,2.677988959476352E-004,-1.036081695929170E-003,
2.481033333333334E+009,2.896475780289620E-004,-9.303893311880529E-004,3.149301919620484E-004,-1.016922877170146E-003,
2.481066666666667E+009,3.431578224990517E-004,-1.042111543938518E-003,1.868429826572537E-004,-1.073471852578223E-003,
2.481100000000000E+009,1.947603159351274E-004,-8.540072012692690E-004,9.039026917889714E-005,-1.104619936086237E-003,
2.481133333333334E+009,2.068717149086297E-004,-1.039406051859260E-003,1.624946889933199E-004,-9.662378579378128E-004,
2.481166666666667E+009,1.440148771507666E-004,-8.484144927933812E-004,3.469193179626018E-004,-9.652663720771670E-004,
2.481200000000000E+009,1.962827664101496E-004,-1.027114689350128E-003,2.330509450985119E-004,-9.996715234592557E-004,
2.481233333333334E+009,1.689896889729425E-004,-9.012696682475507E-004,2.002336696023122E-004,-9.906131308525801E-004,
2.481266666666667E+009,1.322432945016772E-004,-9.486761409789324E-004,6.722648686263710E-005,-1.007760176435113E-003,
2.481300000000000E+009,2.294210862601176E-004,-9.524651686660945E-004,6.251280137803406E-005,-1.061431365087628E-003,
2.481333333333334E+009,1.280266005778685E-004,-9.785130387172103E-004,1.163408596767113E-004,-9.507516515441239E-004,
2.481366666666667E+009,2.638356527313590E-004,-1.018124632537365E-003,1.729086216073483E-004,-9.334152564406395E-004,
2.481400000000000E+009,2.444275887683034E-004,-9.701816597953439E-004,2.067403256660327E-004,-8.781657670624554E-004,
2.481433333333334E+009,2.968868357129395E-004,-9.964498458430171E-004,1.490098657086492E-004,-9.634491289034486E-004,
2.481466666666667E+009,1.494077423558338E-005,-1.024543307721615E-003,1.801174366846681E-004,-1.083495677448809E-003,
2.481500000000000E+009,5.551866706809960E-005,-1.031212275847793E-003,1.137970684794709E-004,-1.075076637789607E-003,
2.481533333333334E+009,7.102120434865356E-005,-9.940181626006961E-004,4.841223562834784E-005,-9.757386869750917E-004,
2.481566666666667E+009,1.363905757898465E-004,-1.007062732242048E-003,1.045447497745045E-004,-1.127029652707279E-003,
2.481600000000000E+009,5.802693340228871E-005,-1.058305613696575E-003,-4.043891021865420E-005,-1.019275048747659E-003,
2.481633333333334E+009,2.675315045053139E-005,-1.052451319992542E-003,-2.273592508572619E-005,-1.118348911404610E-003,
2.481666666666667E+009,9.513447366771288E-006,-1.170945120975375E-003,-2.465301440679468E-005,-1.075252424925566E-003,
2.481700000000000E+009,4.919874845654704E-005,-9.901911253109574E-004,1.541518577141687E-004,-1.013198751024902E-003,
2.481733333333334E+009,-1.122784306062385E-004,-9.485685150139034E-004,7.969792932271957E-007,-1.026305253617466E-003,
2.481766666666667E+009,1.043305383063853E-005,-1.055199652910233E-003,4.188376624369994E-005,-1.060076407156885E-003,
2.481800000000000E+009,6.199683411978185E-005,-1.005978789180517E-003,-1.253509708476486E-005,-1.048259902745485E-003,
2.481833333333334E+009,-8.027755393413827E-005,-1.143111265264452E-003,1.432157114322763E-005,-1.076684566214681E-003,
2.481866666666667E+009,-7.764109614072368E-005,-1.101080444641411E-003,-5.969148332951590E-005,-9.782146662473679E-004,
2.481900000000000E+009,-1.785805070539936E-004,-9.541260078549385E-004,-2.223545016022399E-005,-1.116888714022934E-003,
2.481933333333334E+009,3.273628681199625E-005,-9.452179656364024E-004,-4.640534098143689E-005,-1.036352594383061E-003,
2.481966666666667E+009,-1.549638836877421E-004,-1.151307485997677E-003,-6.578186003025621E-005,-1.009391271509230E-003,
2.482000000000000E+009,3.867512714350596E-005,-1.080808346159756E-003,3.626338002504781E-005,-1.006475184112787E-003,
2.482033333333334E+009,-1.472354488214478E-004,-1.085990457795560E-003,-1.045750686898828E-004,-1.202563056722283E-003,
2.482066666666667E+009,-1.558084913995117E-004,-9.084219927899540E-004,-2.294268233526964E-005,-1.001800177618861E-003,
2.482100000000000E+009,-1.509198482381180E-004,-1.074868836440146E-003,-5.952563515165821E-005,-1.041706302203238E-003,
2.482133333333334E+009,-2.283102949149907E-004,-1.043611788190901E-003,-8.599566353950650E-005,-9.335853974334896E-004,
2.482166666666667E+009,-1.540515513624996E-004,-1.118088141083717E-003,-1.707405317574740E-004,-9.074585395865142E-004,
2.482200000000000E+009,-1.389309909427539E-004,-9.970146929845214E-004,-2.045079309027642E-004,-1.183573156595230E-003,
2.482233333333334E+009,-9.178069740300998E-005,-1.034091925248504E-003,-3.040068258997053E-004,-1.123303314670920E-003,
2.482266666666667E+009,-1.503904059063643E-004,-1.069205114617944E-003,-1.745358895277605E-004,-1.111236168071628E-003,
2.482300000000000E+009,-7.274874951690435E-005,-1.037353998981416E-003,-2.104489540215582E-004,-1.035946770571172E-003,
2.482333333333334E+009,-2.370548609178513E-004,-1.055922941304743E-003,-3.255366755183786E-004,-1.136107253842056E-003,
2.482366666666667E+009,-1.759896404109895E-004,-9.592186543159187E-004,-2.120492281392217E-004,-1.026803976856172E-003,
2.482400000000000E+009,-2.212266117567197E-004,-9.492009412497282E-004,-1.895861205412075E-004,-1.061167102307081E-003,
2.482433333333334E+009,-1.513410388724878E-004,-9.741304093040526E-004,-1.500090584158897E-004,-9.532069670967758E-004,
2.482466666666667E+009,-3.912617394234985E-004,-1.078828237950802E-003,-1.844887010520324E-004,-9.977091103792191E-004,
2.482500000000000E+009,-1.638594403630123E-004,-1.115287537686527E-003,-2.675681898836047E-004,-9.789614705368877E-004,
2.482533333333334E+009,-3.264011756982654E-004,-1.032469677738845E-003,-2.390676381764934E-004,-1.073008170351386E-003,
2.482566666666667E+009,-2.570730866864324E-004,-1.147876959294081E-003,-3.839769633486867E-004,-1.037911744788289E-003,
2.482600000000000E+009,-2.545346214901656E-004,-1.096396706998348E-003,-3.481351013761014E-004,-1.111497171223164E-003,
2.482633333333334E+009,-3.761699772439897E-004,-9.948114166036248E-004,-2.081524580717087E-004,-1.174021395854652E-003,
2.482666666666667E+009,-4.249674093443900E-004,-1.003208104521036E-003,-3.448492789175361E-004,-9.429203928448260E-004,
2.482700000000000E+009,-3.810679481830448E-004,-9.249807917512953E-004,-3.268171858508140E-004,-1.006723032332957E-003,
2.482733333333334E+009,-3.194370947312564E-004,-1.075325533747673E-003,-3.691534511744976E-004,-1.043975702486932E-003,
2.482766666666667E+009,-3.870811196975410E-004,-9.654304594732821E-004,-4.881110216956586E-004,-1.077665947377682E-003,
2.482800000000000E+009,-3.124292998109013E-004,-1.100773923099041E-003,-3.396241227164865E-004,-9.952135151252151E-004,
2.482833333333334E+009,-4.466809041332454E-004,-1.189316972158849E-003,-4.126477579120547E-004,-1.157253282144666E-003,
2.482866666666667E+009,-3.781996492762119E-004,-1.040054252371192E-003,-3.638566413428634E-004,-9.512565447948873E-004,
2.482900000000000E+009,-4.960733931511641E-004,-1.242822501808405E-003,-5.197411519475281E-004,-9.954511187970638E-004,
2.482933333333334E+009,-4.266266187187284E-004,-1.062910887412727E-003,-3.076662542298436E-004,-1.044239266775549E-003,
2.482966666666667E+009,-4.796343855559826E-004,-1.011481741443276E-003,-4.828547534998506E-004,-1.016727299429476E-003,
2.483000000000000E+009,-5.018645315431058E-004,-1.073651248589158E-003,-3.181514912284911E-004,-1.023913966491818E-003,
2.483033333333334E+009,-4.269897472113371E-004,-8.669594535604119E-004,-4.031769640278071E-004,-9.728313307277858E-004,
2.483066666666667E+009,-4.408325476106256E-004,-9.846928296610713E-004,-4.282805311959237E-004,-9.834134252741933E-004,
2.483100000000000E+009,-6.191761349327862E-004,-1.154106459580362E-003,-5.607923958450556E-004,-9.280385565944016E-004,
2.483133333333334E+009,-4.401771293487400E-004,-1.040560426190496E-003,-5.019541713409126E-004,-1.058386173099279E-003,
2.483166666666667E+009,-5.683172494173050E-004,-1.090304576791823E-003,-4.107952699996531E-004,-9.800586849451065E-004,
2.483200000000000E+009,-4.980786470696330E-004,-8.560072164982557E-004,-5.134759121574462E-004,-1.104423194192350E-003,
2.483233333333334E+009,-5.723251379095018E-004,-1.009764266200364E-003,-5.665043136104941E-004,-1.049303915351629E-003,
2.483266666666667E+009,-4.725917533505708E-004,-9.800610132515431E-004,-4.877575265709311E-004,-1.052053412422538E-003,
2.483300000000000E+009,-6.492142565548420E-004,-9.471677476540208E-004,-6.342366104945540E-004,-8.547364850528538E-004,
2.483333333333334E+009,-5.057209637016058E-004,-9.975386783480644E-004,-6.207310943864286E-004,-9.702110546641052E-004,
2.483366666666667E+009,-5.533322691917419E-004,-9.930785745382309E-004,-6.258780485950410E-004,-1.015077345073223E-003,
2.483400000000000E+009,-5.162184243090451E-004,-1.064467243850231E-003,-5.831174203194678E-004,-9.276716737076640E-004,
2.483433333333334E+009,-4.953454481437802E-004,-9.644585079513490E-004,-5.687152734026313E-004,-1.005455502308905E-003,
2.483466666666667E+009,-4.857212188653648E-004,-8.718858007341623E-004,-5.839047371409833E-004,-8.154271054081619E-004,
2.483500000000000E+009,-6.833645747974515E-004,-9.099252638407052E-004,-6.216353503987193E-004,-1.088878256268799E-003,
2.483533333333334E+009,-6.247468409128487E-004,-9.302373509854078E-004,-4.980218946002424E-004,-8.852693135850132E-004,
2.483566666666667E+009,-4.989794106222689E-004,-8.731159614399076E-004,-6.433536764234304E-004,-8.526702877134085E-004,
2.483600000000000E+009,-5.473440396599472E-004,-9.558013407513499E-004,-6.442503654398024E-004,-9.450897341594100E-004,
2.483633333333334E+009,-6.146829109638929E-004,-9.476701379753649E-004,-6.725683924742043E-004,-7.729955250397325E-004,
2.483666666666667E+009,-5.577505216933787E-004,-9.242563974112272E-004,-6.218568887561560E-004,-9.534212877042592E-004,
2.483700000000000E+009,-6.756623624823988E-004,-7.555486517958343E-004,-6.016669212840498E-004,-8.598453132435679E-004,
2.483733333333334E+009,-6.949069793336093E-004,-8.362488588318229E-004,-6.989521207287908E-004,-7.824875647202134E-004,
2.483766666666667E+009,-8.398318896070123E-004,-8.214476983994246E-004,-7.288881461136043E-004,-8.365507237613201E-004,
2.483800000000000E+009,-5.888394662179053E-004,-8.132669026963413E-004,-6.795712979510427E-004,-8.102920255623758E-004,
2.483833333333334E+009,-6.777350208722055E-004,-7.973924512043595E-004,-6.763170822523534E-004,-8.428454748354852E-004,
2.483866666666667E+009,-7.788478396832943E-004,-9.189728880301118E-004,-8.589887293055654E-004,-7.760018925182521E-004,
2.483900000000000E+009,-7.825429202057421E-004,-7.836286677047610E-004,-7.815439021214843E-004,-8.106274763122201E-004,
2.483933333333334E+009,-6.750150932930410E-004,-7.678646361455321E-004,-8.384756511077285E-004,-9.407128673046827E-004,
2.483966666666667E+009,-8.278848836198449E-004,-7.129909354262054E-004,-7.420827168971300E-004,-9.217067272402346E-004,
2.484000000000000E+009,-8.522570715285838E-004,-8.698182064108551E-004,-6.120748585090041E-004,-7.083716336637735E-004,
2.484033333333334E+009,-6.946476059965789E-004,-7.706650067120791E-004,-6.843744777143002E-004,-8.490475593134761E-004,
2.484066666666667E+009,-8.681116742081940E-004,-8.635952253825963E-004,-7.022845093160868E-004,-7.526649278588593E-004,
2.484100000000000E+009,-7.335501140914857E-004,-6.862935842946172E-004,-7.852256530895829E-004,-7.489364943467081E-004,
2.484133333333334E+009,-6.276210187934339E-004,-8.780734497122467E-004,-8.328874828293920E-004,-6.835981039330363E-004,
2.484166666666667E+009,-8.746130624786019E-004,-7.266104803420603E-004,-8.314814185723662E-004,-7.602637633681297E-004,
2.484200000000000E+009,-7.262837025336921E-004,-7.838357123546302E-004,-6.970406393520534E-004,-7.921370561234653E-004,
2.484233333333334E+009,-9.126422810368240E-004,-6.814045482315123E-004,-8.207220234908164E-004,-6.975653232075274E-004,
2.484266666666667E+009,-7.884937804192305E-004,-8.338597253896296E-004,-8.445386774837971E-004,-7.691671489737928E-004,
2.484300000000000E+009,-8.336181635968387E-004,-7.524367538280785E-004,-8.016410283744335E-004,-7.503007072955370E-004,
2.484333333333334E+009,-6.486993515864015E-004,-7.674220250919461E-004,-7.992552709765732E-004,-6.862860172986984E-004,
2.484366666666667E+009,-8.896816871128976E-004,-7.070868159644306E-004,-9.485617047175765E-004,-6.557909073308110E-004,
2.484400000000000E+009,-8.535497472621501E-004,-7.430895348079503E-004,-7.099288050085306E-004,-7.209443720057607E-004,
2.484433333333334E+009,-8.672922267578542E-004,-7.857705350033939E-004,-7.385727367363870E-004,-6.084917113184929E-004,
2.484466666666667E+009,-8.181608282029629E-004,-6.972792325541377E-004,-8.658052538521588E-004,-7.296756375581026E-004,
2.484500000000000E+009,-8.004079572856426E-004,-6.794511573389173E-004,-8.281889022327960E-004,-7.457836763933301E-004,
2.484533333333334E+009,-9.225207613781095E-004,-6.456469418480992E-004,-8.455927018076181E-004,-6.169638363644481E-004,
2.484566666666667E+009,-9.188539697788656E-004,-5.655597778968513E-004,-9.042950114235282E-004,-5.848115542903543E-004,
2.484600000000000E+009,-8.955797529779375E-004,-5.793441087007523E-004,-7.645416771993041E-004,-6.215489120222628E-004,
2.484633333333334E+009,-8.742169593460858E-004,-5.635800771415234E-004,-8.729600813239813E-004,-5.645616911351681E-004,
2.484666666666667E+009,-9.575441363267601E-004,-6.433809758163989E-004,-9.880268480628729E-004,-6.490954547189176E-004,
2.484700000000000E+009,-8.709758403711021E-004,-6.461898447014391E-004,-8.782296790741384E-004,-5.912394844926894E-004,
2.484733333333334E+009,-9.501660242676735E-004,-7.083264063112438E-004,-9.004105813801289E-004,-5.588504718616605E-004,
2.484766666666667E+009,-8.622527238912880E-004,-5.998872802592814E-004,-9.213455487042666E-004,-6.066233036108315E-004,
2.484800000000000E+009,-9.940032614395022E-004,-6.055859266780317E-004,-9.533276315778494E-004,-5.946510354988277E-004,
2.484833333333334E+009,-8.453913615085185E-004,-5.120702553540468E-004,-1.036914298310876E-003,-6.275456980802119E-004,
2.484866666666667E+009,-9.353721980005503E-004,-5.096144159324467E-004,-9.685177938081324E-004,-5.690657417289913E-004,
2.484900000000000E+009,-9.146030060946941E-004,-5.091091734357178E-004,-1.116291969083250E-003,-5.556445685215294E-004,
2.484933333333334E+009,-8.259505848400295E-004,-6.616127211600542E-004,-7.950614672154188E-004,-4.598602536134422E-004,
2.484966666666667E+009,-9.054925758391619E-004,-6.219429778866470E-004,-8.763095247559249E-004,-4.892107681371272E-004,
2.485000000000000E+009,-8.581962902098894E-004,-4.368825466372073E-004,-9.374744840897620E-004,-4.808892554137856E-004,
2.485033333333334E+009,-9.181534405797720E-004,-7.055678870528936E-004,-9.180043125525117E-004,-4.144452977925539E-004,
2.485066666666667E+009,-8.761161589063704E-004,-5.400670925155282E-004,-9.253410389646888E-004,-4.209350736346096E-004,
2.485100000000000E+009,-8.139982819557190E-004,-4.834851424675435E-004,-8.664408815093339E-004,-4.805037751793861E-004,
2.485133333333334E+009,-1.072391169145703E-003,-5.711063859052956E-004,-1.116134924814105E-003,-5.864500417374075E-004,
2.485166666666667E+009,-8.803275413811207E-004,-4.804109630640596E-004,-8.580340654589236E-004,-4.321729356888682E-004,
2.485200000000000E+009,-8.562887087464333E-004,-3.157786268275231E-004,-8.540339767932892E-004,-3.902603639289737E-004,
2.485233333333334E+009,-8.215426350943744E-004,-5.124766030348837E-004,-1.059997361153364E-003,-3.064800985157490E-004,
2.485266666666667E+009,-9.330592583864927E-004,-3.529936657287180E-004,-9.031796362251043E-004,-4.488600243348628E-004,
2.485300000000000E+009,-1.050138846039772E-003,-4.896461614407599E-004,-9.301863610744476E-004,-3.801571729127318E-004,
2.485333333333334E+009,-8.172589587047696E-004,-5.012988694943488E-004,-9.409089107066393E-004,-4.616543010342866E-004,
2.485366666666667E+009,-8.833581814542413E-004,-3.813385555986315E-004,-8.927333401516080E-004,-4.337943391874433E-004,
2.485400000000000E+009,-9.478512220084667E-004,-4.791097017005086E-004,-8.318257168866694E-004,-4.247034667059779E-004,
2.485433333333334E+009,-1.011640182696283E-003,-3.062695031985641E-004,-9.773614583536983E-004,-4.843587812501937E-004,
2.485466666666667E+009,-8.861442911438644E-004,-3.070899692829698E-004,-9.767621522769332E-004,-2.566778566688299E-004,
2.485500000000000E+009,-9.081281605176628E-004,-3.142863570246846E-004,-9.658893104642630E-004,-3.203352680429816E-004,
2.485533333333334E+009,-9.955085115507245E-004,-2.867501461878419E-004,-9.058222058229148E-004,-3.191306605003774E-004,
2.485566666666667E+009,-8.614361868239939E-004,-3.399710403755307E-004,-9.443252347409725E-004,-2.817461790982634E-004,
2.485600000000000E+009,-9.520350722596049E-004,-4.237438552081585E-004,-8.411802118644118E-004,-2.918842656072229E-004,
2.485633333333334E+009,-9.505235939286649E-004,-4.501988296397030E-004,-8.749982807785273E-004,-3.773733042180538E-004,
2.485666666666667E+009,-9.253835305571556E-004,-2.952049253508449E-004,-1.033633947372437E-003,-2.613601391203702E-004,
2.485700000000000E+009,-8.793640299700201E-004,-2.531640348024666E-004,-9.855161188170314E-004,-2.341390500077978E-004,
2.485733333333334E+009,-9.551221155561507E-004,-2.976651885546744E-004,-9.641430224291980E-004,-4.215214867144823E-004,
2.485766666666667E+009,-9.223100496456027E-004,-2.392645110376179E-004,-9.631256689317524E-004,-2.730695705395192E-004,
2.485800000000000E+009,-1.045809010975063E-003,-3.083855262957513E-004,-1.064604264684022E-003,-1.975192717509344E-004,
2.485833333333334E+009,-8.680936298333108E-004,-1.690006029093638E-004,-9.237048798240721E-004,-1.828824460972101E-004,
2.485866666666667E+009,-9.160739136859775E-004,-2.058298414340243E-004,-1.020662835799158E-003,-2.805848489515483E-004,
2.485900000000000E+009,-9.535421268083155E-004,-1.899545022752136E-004,-1.019641524180770E-003,-1.123506226576865E-004,
2.485933333333334E+009,-1.039599068462849E-003,-2.191083622165024E-004,-8.314790320582688E-004,-3.129102988168597E-004,
2.485966666666667E+009,-1.079855952411890E-003,-2.585442853160203E-004,-1.026988262310624E-003,-2.945017768070102E-004,
2.486000000000000E+009,-1.091922749765217E-003,-1.758657163009048E-004,-1.056312001310289E-003,-2.350519207539037E-004,
2.486033333333334E+009,-1.044755685143173E-003,-4.422030178830028E-004,-9.537358419038355E-004,-3.532683185767382E-004,
2.486066666666667E+009,-1.054007676430047E-003,-2.467533631715924E-004,-9.173094294965267E-004,-2.716548042371869E-004,
2.486100000000000E+009,-8.863390539772809E-004,-1.799181191017851E-004,-8.356368634849787E-004,-2.100600249832496E-004,
2.486133333333334E+009,-8.852957980707288E-004,-1.880854106275365E-004,-8.750603883527219E-004,-2.364572428632528E-004,
2.486166666666667E+009,-9.096664143726230E-004,-1.805492211133242E-004,-8.669478702358902E-004,-1.443131041014567E-004,
2.486200000000000E+009,-9.447966585867107E-004,-1.749118528096005E-004,-1.021926291286945E-003,-2.382638776907697E-004,
2.486233333333334E+009,-8.777093025855720E-004,-2.389223518548533E-004,-8.604461909271777E-004,-2.048563619609922E-004,
2.486266666666667E+009,-1.075179548934102E-003,-2.230908576166257E-004,-8.817978086881340E-004,-7.664906297577545E-005,
2.486300000000000E+009,-9.802891872823238E-004,-2.307920076418668E-004,-9.246012778021395E-004,-4.254891609889455E-005,
2.486333333333334E+009,-8.739692857488990E-004,-6.891685188747942E-005,-9.616038296371698E-004,-1.257697585970163E-004,
2.486366666666667E+009,-1.046758377924562E-003,-1.786764769349247E-004,-9.921345626935363E-004,-1.707810588413850E-004,
2.486400000000000E+009,-9.296648786403239E-004,-1.057504687196342E-005,-1.052521867677569E-003,-1.275926479138434E-004,
2.486433333333334E+009,-1.013933448120952E-003,-1.191087940242142E-004,-9.081285097636282E-004,-2.204080374212936E-004,
2.486466666666667E+009,-1.005956088192761E-003,-1.741395390126854E-004,-9.495242265984416E-004,-1.627753226784989E-004,
2.486500000000000E+009,-1.003562938421965E-003,-1.644243602640927E-004,-9.049568907357752E-004,-2.138729760190472E-004,
2.486533333333334E+009,-9.783101268112660E-004,-5.036686343373731E-005,-8.350817952305079E-004,-1.908993726829067E-004,
2.486566666666667E+009,-8.541327551938593E-004,-8.261881157523021E-005,-8.903865236788988E-004,-7.797440775902942E-005,
2.486600000000000E+009,-9.116357541643083E-004,-1.956013293238357E-004,-9.875798132270575E-004,-1.309455983573571E-004,
2.486633333333334E+009,-9.335542563349009E-004,3.057852518395521E-005,-9.763833950273693E-004,-4.014961086795665E-005,
2.486666666666667E+009,-8.513053180649877E-004,-2.243995695607737E-004,-8.872839389368892E-004,-1.151067772298120E-004,
2.486700000000000E+009,-9.539452730678022E-004,-1.215444935951382E-004,-9.705174597911537E-004,-1.047040132107213E-004,
2.486733333333334E+009,-1.019348623231053E-003,-3.308691157144494E-005,-8.868328295648098E-004,-2.644389460328966E-004,
2.486766666666667E+009,-9.254564647562802E-004,-1.757505560817663E-005,-8.873507613316178E-004,8.865433756000130E-007,
2.486800000000000E+009,-9.516631253063679E-004,-3.955730426241644E-005,-9.132599807344377E-004,1.017912563838763E-005,
2.486833333333334E+009,-8.655886631458998E-004,2.917815436376259E-005,-1.047835685312748E-003,-1.160770625574514E-004,
2.486866666666667E+009,-8.555119857192040E-004,-1.097760105039924E-004,-8.708753157407045E-004,1.558998155815061E-005,
2.486900000000000E+009,-8.175102993845940E-004,-7.592873589601368E-005,-8.587645133957267E-004,-1.298443530686200E-004,
2.486933333333334E+009,-9.216358885169029E-004,-8.474811329506338E-005,-9.214268648065627E-004,1.664500450715423E-005,
2.486966666666667E+009,-9.632962173782289E-004,5.761620195698924E-005,-1.071105245500803E-003,-2.412309413557523E-006,
2.487000000000000E+009,-9.029259672388434E-004,-5.087067984277383E-005,-8.532104548066855E-004,-1.067613484337926E-004,
2.487033333333334E+009,-8.707047090865672E-004,3.609164559748024E-005,-7.621652912348509E-004,-4.511291263042949E-005,
2.487066666666667E+009,-1.006420818157494E-003,-1.423828653059900E-004,-9.271089802496135E-004,-8.493319182889536E-005,
2.487100000000000E+009,-9.463114547543228E-004,1.065158267010702E-005,-9.544098866172135E-004,3.139508044114336E-005,
2.487133333333334E+009,-9.097751462832093E-004,-5.430537567008287E-005,-8.794128079898655E-004,4.294503014534712E-005,
2.487166666666667E+009,-8.645363850519061E-004,-9.338702511740848E-005,-8.286018855869770E-004,-5.682094069925370E-006,
2.487200000000000E+009,-8.998495177365840E-004,-4.179891038802452E-005,-9.874915704131126E-004,4.908912524115294E-005,
2.487233333333334E+009,-8.749788976274431E-004,9.604089427739382E-005,-9.357146336697042E-004,-1.065421456587501E-004,
2.487266666666667E+009,-8.307370590046048E-004,-6.238140485947952E-005,-9.455413674004376E-004,-4.414750947034918E-005,
2.487300000000000E+009,-1.004296354949474E-003,7.893497240729630E-005,-7.480242638848722E-004,-9.336527728009969E-005,
2.487333333333334E+009,-8.708257810212672E-004,-5.927923484705389E-005,-9.495153790339828E-004,4.184804492979311E-005,
2.487366666666667E+009,-8.952592033892870E-004,2.872841832868289E-005,-8.467863663099706E-004,7.252161594806239E-005,
2.487400000000000E+009,-8.250157115980983E-004,-5.563193190027960E-005,-9.588296525180340E-004,7.419400208164007E-005,
2.487433333333334E+009,-9.047624189406633E-004,1.732523960527033E-004,-1.096803229302168E-003,1.748672220855951E-004,
2.487466666666667E+009,-9.766401490196586E-004,-1.491192961111665E-006,-9.554678108543158E-004,5.317427348927595E-005,
2.487500000000000E+009,-9.044447797350586E-004,-9.551494258630555E-006,-8.990538190118969E-004,-2.688004860829096E-005,
2.487533333333334E+009,-9.376010857522488E-004,2.914451033575460E-005,-8.444640552625060E-004,2.844350092345849E-005,
2.487566666666667E+009,-9.644664241932333E-004,-4.793077823705971E-005,-8.018008666113019E-004,9.339617099612951E-005,
2.487600000000000E+009,-8.847737917676568E-004,6.149621185613796E-005,-8.690250688232482E-004,3.011125772900414E-005,
2.487633333333334E+009,-8.945111185312271E-004,1.922118644870352E-005,-8.893292979337275E-004,5.429574594018050E-005,
2.487666666666667E+009,-8.304547518491745E-004,1.210629707202315E-004,-1.016392139717937E-003,1.054714812198654E-004,
2.487700000000000E+009,-8.476938819512725E-004,5.292392961564474E-005,-8.364383247680962E-004,6.996704905759543E-005,
2.487733333333334E+009,-8.813706226646900E-004,1.229862682521343E-004,-1.009951927699149E-003,1.085111798602156E-004,
2.487766666666667E+009,-1.042460207827389E-003,1.397204759996384E-004,-7.666792953386903E-004,-7.203226232377347E-006,
2.487800000000000E+009,-8.447932777926326E-004,6.486301572294906E-005,-8.383300737477839E-004,1.184626380563714E-004,
2.487833333333334E+009,-8.969249902293086E-004,1.229889021487907E-004,-8.933442877605557E-004,2.064898581011221E-004,
2.487866666666667E+009,-8.998818229883909E-004,1.202260464197025E-004,-8.882919792085886E-004,4.629249087884091E-005,
2.487900000000000E+009,-9.381326381117106E-004,1.581839169375598E-004,-8.444940904155374E-004,4.410654582898133E-005,
2.487933333333334E+009,-1.049340586178005E-003,2.271106932312250E-004,-8.364093955606222E-004,1.486776891397312E-004,
2.487966666666667E+009,-9.830931667238474E-004,2.017483784584329E-004,-9.093945263884962E-004,8.071328193182126E-005,
2.488000000000000E+009,-8.201956516131759E-004,8.386125409742817E-005,-1.004829537123442E-003,1.995155034819618E-004,
2.488033333333334E+009,-8.880181121639907E-004,1.637780660530552E-004,-9.554865537211299E-004,1.937013585120440E-004,
2.488066666666667E+009,-8.863537805154920E-004,1.774635893525556E-004,-8.521272684447467E-004,2.238314045825973E-004,
2.488100000000000E+009,-8.587711490690708E-004,7.820373139111325E-005,-8.991158683784306E-004,1.252407237188891E-004,
2.488133333333334E+009,-9.760572575032711E-004,1.945410767802969E-004,-8.214010158553720E-004,2.049113099928945E-004,
2.488166666666667E+009,-8.531895000487566E-004,1.722421729937196E-004,-9.511008975096047E-004,2.298512117704377E-004,
2.488200000000000E+009,-9.011863730847836E-004,1.770212984411046E-004,-8.023112895898521E-004,3.170275304000825E-004,
2.488233333333334E+009,-9.168309043161571E-004,1.539332297397777E-004,-7.195048383437097E-004,1.134795675170608E-004,
2.488266666666667E+009,-7.056095637381077E-004,1.732524833641946E-004,-7.954921456985176E-004,2.172368986066431E-004,
2.488300000000000E+009,-7.800832390785217E-004,2.743688528425992E-004,-6.526668439619243E-004,1.589701787452214E-005,
2.488333333333334E+009,-8.533720974810422E-004,1.572597393533215E-004,-7.600699318572879E-004,1.593614579178393E-004,
2.488366666666667E+009,-7.822281913831830E-004,2.677738375496119E-004,-6.763750570826232E-004,2.527335891500115E-004,
2.488400000000000E+009,-8.173320093192160E-004,2.359118370804936E-004,-6.089333328418434E-004,2.372564194956794E-004,
2.488433333333334E+009,-8.630193769931793E-004,1.074509273166768E-004,-9.200558415614069E-004,1.691840006969869E-004,
2.488466666666667E+009,-8.396052871830761E-004,2.115589450113475E-004,-8.466289727948606E-004,2.859414380509406E-004,
2.488500000000000E+009,-9.098523296415806E-004,8.004355913726613E-005,-8.426511194556952E-004,2.724957594182342E-004,
2.488533333333334E+009,-8.687715162523091E-004,1.485090324422345E-004,-8.489288156852126E-004,1.848040847107768E-004,
2.488566666666667E+009,-8.359519415535033E-004,2.644441556185484E-004,-8.355459431186318E-004,1.895158493425697E-004,
2.488600000000000E+009,-8.113334770314395E-004,2.899168757721782E-004,-8.776825270615518E-004,1.831059926189482E-004,
2.488633333333334E+009,-8.377855410799384E-004,2.960799429274630E-005,-8.003176772035658E-004,1.516682823421434E-004,
2.488666666666667E+009,-8.622878231108189E-004,2.333437150809914E-004,-8.642576867714524E-004,1.963298127520829E-004,
2.488700000000000E+009,-8.765883394517005E-004,2.923983556684107E-004,-8.745075901970267E-004,1.659404078964144E-004,
2.488733333333334E+009,-7.839517784304917E-004,1.862180506577715E-004,-8.385332184843719E-004,2.612974785733968E-004,
2.488766666666667E+009,-6.997343734838069E-004,2.742412616498768E-004,-8.164870669133961E-004,3.084554045926780E-004,
2.488800000000000E+009,-8.637401042506099E-004,3.783710999414325E-004,-9.219121420755982E-004,3.407043986953795E-004,
2.488833333333334E+009,-7.729349308647215E-004,2.386459818808362E-004,-8.597224368713796E-004,3.205825632903725E-004,
2.488866666666667E+009,-8.528986945748329E-004,2.892339834943414E-004,-7.787523791193962E-004,2.679002645891160E-004,
2.488900000000000E+009,-7.202606648206711E-004,3.612388682086021E-004,-8.774862508289516E-004,3.269998705945909E-004,
2.488933333333334E+009,-9.380512055940926E-004,2.990421489812434E-004,-8.315158775076270E-004,2.558985142968595E-004,
2.488966666666667E+009,-9.460163419134915E-004,2.897185913752765E-004,-9.176931343972683E-004,3.457230341155082E-004,
2.489000000000000E+009,-6.856394466012716E-004,2.952298382297158E-004,-9.560482576489449E-004,3.049733350053430E-004,
2.489033333333334E+009,-7.222863496281207E-004,4.579804372042418E-004,-8.457312360405922E-004,3.076359571423382E-004,
2.489066666666667E+009,-7.287746993824840E-004,2.885249850805849E-004,-7.693662191741169E-004,3.027694765478373E-004,
2.489100000000000E+009,-7.594021153636277E-004,2.491189516149461E-004,-7.822866318747401E-004,3.520773316267878E-004,
2.489133333333334E+009,-7.194452919065952E-004,3.500004531815648E-004,-8.507146849296987E-004,2.319333580089733E-004,
2.489166666666667E+009,-7.576803327538073E-004,4.856566083617508E-004,-8.561935392208397E-004,2.949662448372692E-004,
2.489200000000000E+009,-6.731163593940437E-004,4.458353796508163E-004,-7.704144809395075E-004,2.913963980972767E-004,
2.489233333333334E+009,-8.716303273104131E-004,2.466122678015381E-004,-7.937220507301390E-004,3.616924223024398E-004,
2.489266666666667E+009,-6.698168581351638E-004,3.785217413678765E-004,-8.117024553939700E-004,3.603262593969703E-004,
2.489300000000000E+009,-7.252376526594162E-004,3.654690808616579E-004,-7.159676752053201E-004,4.595259961206466E-004,
2.489333333333334E+009,-6.525902426801622E-004,4.769137303810567E-004,-7.338981959037483E-004,4.328853392507881E-004,
2.489366666666667E+009,-7.869100663810968E-004,3.581672208383679E-004,-8.801578078418970E-004,3.838143602479249E-004,
2.489400000000000E+009,-7.178377709351480E-004,3.921522002201527E-004,-8.469788590446115E-004,3.631875442806631E-004,
2.489433333333334E+009,-8.149140048772097E-004,3.536099684424698E-004,-6.526324432343245E-004,3.725700080394745E-004,
2.489466666666667E+009,-7.182959816418588E-004,3.992336860392243E-004,-8.091860800050199E-004,3.218750061932951E-004,
2.489500000000000E+009,-5.884207785129547E-004,3.454073157627136E-004,-7.845883956179023E-004,5.419233348220587E-004,
2.489533333333334E+009,-7.105038384906948E-004,3.059885930269957E-004,-5.707747768610716E-004,5.231229006312788E-004,
2.489566666666667E+009,-7.696326356381178E-004,3.840109566226602E-004,-7.470507989637554E-004,5.307149840518832E-004,
2.489600000000000E+009,-6.390837370418012E-004,2.919147373177111E-004,-8.656576974317431E-004,3.626433608587831E-004,
2.489633333333334E+009,-7.279765559360385E-004,4.920183564536274E-004,-7.805414497852325E-004,3.476942947600037E-004,
2.489666666666667E+009,-7.745479815639556E-004,3.087881195824593E-004,-8.282255730591714E-004,4.866033850703389E-004,
2.489700000000000E+009,-6.693034083582461E-004,4.625146684702486E-004,-7.191197364591062E-004,3.583979851100594E-004,
2.489733333333334E+009,-7.293118396773934E-004,2.136134717147797E-004,-7.019456825219095E-004,3.918588045053184E-004,
2.489766666666667E+009,-9.027199121192098E-004,4.161069809924811E-004,-8.061905973590910E-004,5.338427727110684E-004,
2.489800000000000E+009,-7.163507980294526E-004,4.045015957672149E-004,-7.792156538926065E-004,3.934793930966407E-004,
2.489833333333334E+009,-7.317590643651784E-004,4.249716585036367E-004,-6.460831500589848E-004,3.573978901840746E-004,
2.489866666666667E+009,-6.302049150690436E-004,3.819240955635905E-004,-6.582410424016416E-004,3.393314545974135E-004,
2.489900000000000E+009,-5.976961110718548E-004,3.124234790448099E-004,-7.923918310552836E-004,3.222247469238937E-004,
2.489933333333334E+009,-6.699507357552648E-004,3.643884556367993E-004,-7.681696442887187E-004,4.733139649033546E-004,
2.489966666666667E+009,-6.870778161101043E-004,3.506000502966344E-004,-6.691048038192093E-004,3.335821384098381E-004,
2.490000000000000E+009,-6.424020393751562E-004,4.030482668895274E-004,-7.947609992697835E-004,5.286305095069110E-004,
2.490033333333334E+009,-6.299481610767543E-004,3.002806915901601E-004,-6.656011682935059E-004,2.592823293525726E-004,
2.490066666666667E+009,-6.159291369840503E-004,3.461253363639116E-004,-6.972340634092689E-004,3.557989257387817E-004,
2.490100000000000E+009,-7.850396214053035E-004,4.570343298837543E-004,-8.507402963005006E-004,3.023577446583659E-004,
2.490133333333334E+009,-6.539509631693363E-004,4.183730634395033E-004,-5.923088174313307E-004,3.058240399695933E-004,
2.490166666666667E+009,-6.143490318208933E-004,2.964310406241566E-004,-8.196067065000534E-004,3.560206387192011E-004,
2.490200000000000E+009,-6.597727769985795E-004,3.695243794936687E-004,-7.409168174490333E-004,4.577068611979485E-004,
2.490233333333334E+009,-6.657885387539864E-004,3.648397105280310E-004,-5.756829050369561E-004,4.812029073946178E-004,
2.490266666666667E+009,-7.538601639680564E-004,3.271384048275650E-004,-6.689036963507533E-004,3.473636461421847E-004,
2.490300000000000E+009,-6.046379567123950E-004,4.378930898383260E-004,-5.855652852915227E-004,3.839455603156239E-004,
2.490333333333334E+009,-6.707910215482116E-004,5.985652096569538E-004,-7.490562275052071E-004,5.334454472176731E-004,
2.490366666666667E+009,-6.376939709298313E-004,3.384198644198477E-004,-7.172915502451360E-004,4.917588084936142E-004,
2.490400000000000E+009,-6.259632646106184E-004,4.076361074112356E-004,-6.450747605413199E-004,4.802922194357961E-004,
2.490433333333334E+009,-6.364409928210080E-004,5.138604319654405E-004,-6.749676540493965E-004,4.327955830376595E-004,
2.490466666666667E+009,-6.266487762331963E-004,4.059236089233309E-004,-5.690545658580959E-004,3.762299602385610E-004,
2.490500000000000E+009,-6.790506886318326E-004,5.174106918275356E-004,-7.023460930213332E-004,4.282454901840538E-004,
2.490533333333334E+009,-6.860378198325634E-004,3.965276118833572E-004,-6.613211589865387E-004,3.970100660808384E-004,
2.490566666666667E+009,-6.066617206670344E-004,4.789773956872523E-004,-6.531112594529986E-004,5.833663162775338E-004,
2.490600000000000E+009,-4.095761978533119E-004,3.880659060087055E-004,-6.997546879574657E-004,5.356640322133899E-004,
2.490633333333334E+009,-6.091073155403137E-004,4.848989192396402E-004,-5.873556365258992E-004,5.965074524283409E-004,
2.490666666666667E+009,-7.225140579976142E-004,5.407080170698464E-004,-6.977029261179268E-004,5.458724335767329E-004,
2.490700000000000E+009,-5.519203841686249E-004,5.452990881167352E-004,-7.658293470740318E-004,4.116752534173429E-004,
2.490733333333334E+009,-6.682013045065105E-004,6.759772077202797E-004,-6.902393652126193E-004,4.025223606731743E-004,
2.490766666666667E+009,-5.284040234982967E-004,3.938156296499074E-004,-5.692840786650777E-004,5.087339086458087E-004,
2.490800000000000E+009,-6.324370624497533E-004,5.832620663568378E-004,-6.542717455886304E-004,5.121544236317277E-004,
2.490833333333334E+009,-6.754893693141639E-004,6.275526247918606E-004,-6.657444755546749E-004,5.289069376885891E-004,
2.490866666666667E+009,-7.180455140769482E-004,5.765539244748652E-004,-7.430586847476661E-004,5.040822434239090E-004,
2.490900000000000E+009,-5.745408707298338E-004,5.977566470392048E-004,-5.139202112331986E-004,4.781223542522639E-004,
2.490933333333334E+009,-7.212881464511156E-004,4.726951010525227E-004,-5.411258898675442E-004,4.871448909398168E-004,
2.490966666666667E+009,-6.443453021347523E-004,5.550631321966648E-004,-5.472432821989059E-004,5.298851174302399E-004,
2.491000000000000E+009,-5.830235895700753E-004,5.218337173573673E-004,-5.457627703435719E-004,4.916898906230927E-004,
2.491033333333334E+009,-5.457103834487498E-004,4.821620823349804E-004,-6.787409656681120E-004,6.071403622627258E-004,
2.491066666666667E+009,-6.071711541153491E-004,5.648604128509760E-004,-5.533010698854923E-004,6.501687457785010E-004,
2.491100000000000E+009,-5.273068672977388E-004,5.373887252062559E-004,-6.327845039777458E-004,5.081272684037685E-004,
2.491133333333334E+009,-4.981924430467188E-004,5.337325856089592E-004,-5.725668161176145E-004,5.287879612296820E-004,
2.491166666666667E+009,-8.028231095522642E-004,6.516808643937111E-004,-4.759484436362982E-004,3.586010134313256E-004,
2.491200000000000E+009,-6.220795912668109E-004,4.959946963936091E-004,-5.588936037383974E-004,5.345510435290635E-004,
2.491233333333334E+009,-5.280540208332241E-004,4.767027276102454E-004,-5.154268583282828E-004,5.470890901051462E-004,
2.491266666666667E+009,-5.204973858781159E-004,5.365943652577698E-004,-7.330366061069071E-004,6.165117956697941E-004,
2.491300000000000E+009,-4.963453975506127E-004,5.116746760904789E-004,-6.013488164171577E-004,5.428231088444591E-004,
2.491333333333334E+009,-6.679189391434193E-004,5.373788881115615E-004,-5.190910305827856E-004,4.845405346713960E-004,
2.491366666666667E+009,-5.153675447218120E-004,5.956601817160845E-004,-6.793860229663551E-004,6.363377906382084E-004,
2.491400000000000E+009,-6.219518836587668E-004,5.915584624744952E-004,-6.004752358421683E-004,5.685469368472695E-004,
2.491433333333334E+009,-6.771917105652392E-004,5.998589331284165E-004,-4.947538836859167E-004,5.500992992892861E-004,
2.491466666666667E+009,-6.267976132221520E-004,4.448318504728377E-004,-6.477258866652846E-004,5.352621083147824E-004,
2.491500000000000E+009,-6.087688961997628E-004,6.491226959042251E-004,-5.142476293258369E-004,5.099709960632026E-004,
2.491533333333334E+009,-6.181518547236919E-004,4.816236032638699E-004,-5.997986881993711E-004,5.847066640853882E-004,
2.491566666666667E+009,-6.404733285307884E-004,6.424090825021267E-004,-6.777219823561609E-004,7.007053936831653E-004,
2.491600000000000E+009,-5.409166915342212E-004,5.071911145932972E-004,-6.671638693660498E-004,5.028004525229335E-004,
2.491633333333334E+009,-7.278117700479925E-004,6.590181146748364E-004,-6.929149967618287E-004,6.203074590303004E-004,
2.491666666666667E+009,-4.169586463831365E-004,6.310315802693367E-004,-6.293448968790472E-004,5.787783302366734E-004,
2.491700000000000E+009,-7.173175108619034E-004,5.692509002983570E-004,-5.522446590475738E-004,4.985811538062990E-004,
2.491733333333334E+009,-5.621235468424857E-004,6.187185645103455E-004,-6.675143376924098E-004,5.499268881976605E-004,
2.491766666666667E+009,-6.480274605564773E-004,6.001818692311645E-004,-6.623700028285384E-004,5.882864934392273E-004,
2.491800000000000E+009,-5.766293033957481E-004,5.648732767440379E-004,-6.046090857125819E-004,5.870462628081441E-004,
2.491833333333334E+009,-6.771088228560984E-004,6.461782613769174E-004,-5.689436220563948E-004,5.295771989040077E-004,
2.491866666666667E+009,-5.507258465513587E-004,5.421478417702019E-004,-5.292326677590609E-004,7.160948007367551E-004,
2.491900000000000E+009,-3.846806939691305E-004,5.290260887704790E-004,-6.422451697289944E-004,6.119711324572563E-004,
2.491933333333334E+009,-4.745455516967922E-004,5.478612729348242E-004,-6.523829069919884E-004,5.869594169780612E-004,
2.491966666666667E+009,-4.116710915695876E-004,4.607681476045400E-004,-4.821280599571765E-004,5.818446516059339E-004,
2.492000000000000E+009,-6.100733880884945E-004,6.914833793416619E-004,-5.663375486619771E-004,6.426544860005379E-004,
2.492033333333334E+009,-6.387325120158494E-004,4.309542709961534E-004,-4.664660082198679E-004,5.856318166479468E-004,
2.492066666666667E+009,-5.543243023566902E-004,7.177117513492703E-004,-5.604798207059503E-004,5.811597220599651E-004,
2.492100000000000E+009,-4.131831810809672E-004,5.705748917534947E-004,-4.745239275507629E-004,6.354441866278648E-004,
2.492133333333334E+009,-5.366362165659666E-004,6.013864185661078E-004,-5.527118337340653E-004,5.422701942734420E-004,
2.492166666666667E+009,-5.494887591339648E-004,5.812425515614450E-004,-5.880579701624811E-004,7.015784503892064E-004,
2.492200000000000E+009,-4.928245325572789E-004,5.675980355590582E-004,-4.995045019313693E-004,5.631094099953771E-004,
2.492233333333334E+009,-3.835095849353820E-004,6.729380111210048E-004,-4.242398135829717E-004,6.470201769843698E-004,
2.492266666666667E+009,-5.656019202433527E-004,6.489217048510909E-004,-6.376276724040508E-004,6.101494072936475E-004,
2.492300000000000E+009,-5.728051764890552E-004,6.429475615732372E-004,-5.206246278248727E-004,4.958118079230189E-004,
2.492333333333334E+009,-4.570701275952160E-004,6.307606236077845E-004,-5.017137737013400E-004,7.339619915001094E-004,
2.492366666666667E+009,-6.286584539338946E-004,6.699190707877278E-004,-5.493735079653561E-004,8.590808138251305E-004,
2.492400000000000E+009,-5.772606236860156E-004,6.410623900592327E-004,-4.460250202100724E-004,6.453528185375035E-004,
2.492433333333334E+009,-5.558604607358575E-004,7.758813444525003E-004,-5.473017226904631E-004,6.387255270965397E-004,
2.492466666666667E+009,-6.024423055350781E-004,8.139291312545538E-004,-3.878740826621652E-004,5.641008610837162E-004,
2.492500000000000E+009,-5.462538101710379E-004,6.771243060939014E-004,-5.437823128886521E-004,8.795655448921025E-004,
2.492533333333334E+009,-4.251942737028003E-004,6.102544139139354E-004,-4.787190991919488E-004,7.143077091313899E-004,
2.492566666666667E+009,-3.525216889102012E-004,7.379641756415367E-004,-5.142611917108297E-004,7.759287836961448E-004,
2.492600000000000E+009,-4.765439080074430E-004,6.749700987711549E-004,-4.387863154988736E-004,6.775639485567808E-004,
2.492633333333334E+009,-4.592777113430202E-004,5.630180239677429E-004,-5.092812352813780E-004,7.738186395727098E-004,
2.492666666666667E+009,-5.250342655926943E-004,7.293137605302036E-004,-4.331050440669060E-004,6.724613485857844E-004,
2.492700000000000E+009,-4.738158604595810E-004,6.643079104833305E-004,-3.628760750871152E-004,7.361924508586526E-004,
2.492733333333334E+009,-5.574819515459240E-004,7.385416538454592E-004,-4.018824256490916E-004,7.742056623101234E-004,
2.492766666666667E+009,-3.857450792565942E-004,6.938789156265557E-004,-4.966710112057626E-004,7.102576782926917E-004,
2.492800000000000E+009,-4.885340458713472E-004,6.364593864418566E-004,-2.997666306328028E-004,8.232220425270498E-004,
2.492833333333334E+009,-4.959432990290225E-004,7.696055108681321E-004,-5.040040705353022E-004,7.425994263030589E-004,
2.492866666666667E+009,-5.972928483970463E-004,8.248423691838980E-004,-4.299704451113939E-004,6.812026258558035E-004,
2.492900000000000E+009,-5.022647674195468E-004,6.733975606039167E-004,-5.760921631008387E-004,7.874130387790501E-004,
2.492933333333334E+009,-3.926985955331475E-004,7.550662849098444E-004,-4.652929492294788E-004,7.837960147298873E-004,
2.492966666666667E+009,-3.623220545705408E-004,9.277539211325347E-004,-5.477773374877870E-004,7.669697515666485E-004,
2.493000000000000E+009,-4.581457178574055E-004,7.452833815477788E-004,-5.307967658154666E-004,7.770585361868143E-004,
2.493033333333334E+009,-4.416127922013402E-004,8.460715180262923E-004,-3.144827496726066E-004,8.176578558050096E-004,
2.493066666666667E+009,-4.190204781480134E-004,7.162905531004071E-004,-3.778815153054893E-004,8.463581907562912E-004,
2.493100000000000E+009,-3.999893669970334E-004,7.794157718308270E-004,-4.262826987542212E-004,7.684643496759236E-004,
2.493133333333334E+009,-4.459956544451416E-004,7.573395268991590E-004,-4.544217663351446E-004,7.397925946861506E-004,
2.493166666666667E+009,-4.628711321856827E-004,6.981409969739616E-004,-3.663790412247181E-004,7.688797777518630E-004,
2.493200000000000E+009,-4.315520345699042E-004,8.388279820792377E-004,-3.682774549815804E-004,7.849991088733077E-004,
2.493233333333334E+009,-4.543984250631183E-004,7.338956347666681E-004,-3.968700475525111E-004,8.789189741946757E-004,
2.493266666666667E+009,-4.046104149892926E-004,9.837823454290628E-004,-3.746002621483058E-004,9.678042260929942E-004,
2.493300000000000E+009,-3.711108583956957E-004,8.540982962585986E-004,-4.802515904884785E-004,7.713341037742794E-004,
2.493333333333334E+009,-5.134269595146179E-004,8.992713410407305E-004,-3.595303569454700E-004,9.247981361113489E-004,
2.493366666666667E+009,-4.251645586919040E-004,7.719276472926140E-004,-4.492330190259963E-004,8.169911452569068E-004,
2.493400000000000E+009,-4.509623977355659E-004,9.461781010031700E-004,-3.248730208724737E-004,9.526218054816127E-004,
2.493433333333334E+009,-2.689750981517136E-004,7.982220849953592E-004,-4.124796250835061E-004,8.129442576318979E-004,
2.493466666666667E+009,-4.512751766014844E-004,8.219915325753391E-004,-3.621982468757778E-004,8.386443369090557E-004,
2.493500000000000E+009,-3.812392533291131E-004,7.910125423222780E-004,-3.752298944164068E-004,7.747912895865738E-004,
2.493533333333334E+009,-3.291575703769922E-004,8.126247557811439E-004,-2.843152906280011E-004,9.594354196451604E-004,
2.493566666666667E+009,-3.729965828824788E-004,7.556288619525731E-004,-3.407550684642047E-004,9.010013891384006E-004,
2.493600000000000E+009,-4.363902262412012E-004,9.166813688352704E-004,-3.924760385416448E-004,8.606213377788663E-004,
2.493633333333334E+009,-3.816075331997126E-004,9.009134373627603E-004,-2.708652464207262E-004,7.182911504060030E-004,
2.493666666666667E+009,-3.622346848715097E-004,8.571012294851244E-004,-4.480405768845230E-004,8.535579545423389E-004,
2.493700000000000E+009,-1.979656663024798E-004,1.050697755999863E-003,-3.817405377048999E-004,7.008317625150085E-004,
2.493733333333334E+009,-3.748523304238915E-004,1.039892435073853E-003,-2.957255928777158E-004,8.894357597455382E-004,
2.493766666666667E+009,-3.286902792751789E-004,7.762463646940887E-004,-2.685409854166210E-004,9.429391939193010E-004,
2.493800000000000E+009,-2.299916523043066E-004,8.978328551165760E-004,-3.086821816395968E-004,7.459545740857720E-004,
2.493833333333334E+009,-2.963856968563050E-004,8.595768595114350E-004,-2.668650413397700E-004,8.749826811254025E-004,
2.493866666666667E+009,-1.563472178531811E-004,9.563974454067648E-004,-3.542274935171008E-004,7.936624460853636E-004,
2.493900000000000E+009,-3.522265178617090E-004,9.120481554418802E-004,-2.546535106375814E-004,9.010219364427030E-004,
2.493933333333334E+009,-3.590759879443795E-004,9.444567258469760E-004,-1.625560107640922E-004,8.821330266073346E-004,
2.493966666666667E+009,-3.455191908869892E-004,8.588190539740026E-004,-1.765684428391978E-004,8.538278634659946E-004,
2.494000000000000E+009,-2.219698217231780E-004,8.641041349619627E-004,-3.198405611328781E-004,9.124195785261691E-004,
2.494033333333334E+009,-2.855371276382357E-004,8.387226844206452E-004,-2.117762778652832E-004,9.716077474877238E-004,
2.494066666666667E+009,-2.450853644404560E-004,7.862482452765107E-004,-1.454868615837768E-004,9.184932569041848E-004,
2.494100000000000E+009,-3.454470715951175E-004,8.766187820583582E-004,-2.273711579618976E-004,1.054654130712152E-003,
2.494133333333334E+009,-2.588652714621276E-004,9.390034829266369E-004,-1.557359792059287E-004,1.075458712875843E-003,
2.494166666666667E+009,-3.370654885657132E-004,9.059786098077893E-004,-2.241736074211076E-004,9.527626680210233E-004,
2.494200000000000E+009,-1.742016611387953E-004,8.521444397047162E-004,-7.945533434394747E-005,9.154573199339211E-004,
2.494233333333334E+009,-1.968663418665528E-004,8.743195212446153E-004,-2.434936905046925E-004,1.014898414723575E-003,
2.494266666666667E+009,-9.844059241004288E-005,8.946798625402153E-004,-5.786058682133444E-005,8.571770158596337E-004,
2.494300000000000E+009,-2.797523338813335E-004,9.217110346071422E-004,-9.661350486567244E-005,8.107274188660085E-004,
2.494333333333334E+009,-2.164887264370918E-004,9.918988216668367E-004,-3.418421692913398E-005,9.705076226964593E-004,
2.494366666666667E+009,-1.597061491338536E-004,9.336445364169776E-004,-3.916098648915067E-005,1.093810424208641E-003,
2.494400000000000E+009,-1.718088024063036E-004,9.883041493594647E-004,-5.464346031658351E-005,9.379576658830047E-004,
2.494433333333334E+009,-2.411621680948883E-004,1.133087789639831E-003,-1.294172834604979E-004,1.000650692731142E-003,
2.494466666666667E+009,-1.130699965870008E-004,1.025256467983127E-003,-8.627519127912819E-005,1.075624371878803E-003,
2.494500000000000E+009,-1.201700288220309E-004,9.005236788652837E-004,-1.374626153847203E-004,9.427157347090542E-004,
2.494533333333334E+009,-1.155933787231334E-004,1.014534733258188E-003,-1.457911130273715E-004,8.970345370471478E-004,
2.494566666666667E+009,-1.113402322516777E-004,9.995783912017942E-004,-1.137180079240352E-004,1.008543767966330E-003,
2.494600000000000E+009,-2.383118262514472E-004,1.012184889987111E-003,1.092325837817043E-004,9.514010744169354E-004,
2.494633333333334E+009,-6.198811024660245E-005,9.024137980304658E-004,-7.157804066082463E-005,1.012662076391280E-003,
2.494666666666667E+009,-2.949065310531296E-005,9.888205677270889E-004,-5.235910793999210E-005,9.508694638498128E-004,
2.494700000000000E+009,-1.151076357928105E-004,1.095625455491245E-003,-2.188206235587131E-005,1.017285278066993E-003,
2.494733333333334E+009,-8.112780778901652E-005,9.538573794998229E-004,-8.998761040857062E-005,1.016470952890813E-003,
2.494766666666667E+009,-9.943660552380607E-005,9.738522931002080E-004,2.915386357926764E-005,9.525708155706525E-004,
2.494800000000000E+009,7.540997467003763E-005,9.868646739050746E-004,-1.598681701580063E-004,1.039169961586595E-003,
2.494833333333334E+009,2.377319833613001E-005,1.118010724894702E-003,-3.064355041715317E-005,9.810373885557056E-004,
2.494866666666667E+009,2.405602208455093E-005,9.616608731448650E-004,-4.971052840119228E-005,1.026791404001415E-003,
2.494900000000000E+009,-1.291322405450046E-004,8.535223314538598E-004,-3.861789082293399E-005,1.112091122195125E-003,
2.494933333333334E+009,6.635695172008127E-005,8.241092436946929E-004,-2.555110841058195E-004,1.030563493259251E-003,
2.494966666666667E+009,1.059289352269843E-004,1.034040353260934E-003,-1.039964990923181E-005,1.066860975697637E-003,
2.495000000000000E+009,1.099418004741892E-004,8.449139422737062E-004,-1.567709841765463E-005,8.814791217446327E-004,
2.495033333333334E+009,9.168302494799718E-005,1.012847060337663E-003,1.621017327124719E-005,9.045175975188613E-004,
2.495066666666667E+009,5.137810876476578E-005,9.659131756052375E-004,1.120977140089963E-005,1.126620685681701E-003,
2.495100000000000E+009,3.751472104340792E-005,9.328724117949605E-004,5.594691538135521E-005,8.905663853511214E-004,
2.495133333333334E+009,3.252838359912857E-005,9.836611570790410E-004,5.469685493153520E-005,1.137081999331713E-003,
2.495166666666667E+009,1.278740237466991E-004,1.065287273377180E-003,1.057493354892358E-004,1.037786249071360E-003,
2.495200000000000E+009,-8.557291585020721E-005,9.009873028844595E-004,7.854613068047911E-005,1.097271218895912E-003,
2.495233333333334E+009,2.365175459999591E-004,9.715738124214113E-004,1.467539841542020E-004,1.061562332324684E-003,
2.495266666666667E+009,1.925785327330232E-004,1.146988011896610E-003,1.328738435404375E-004,9.339406387880445E-004,
2.495300000000000E+009,2.008483716053888E-004,1.022670301608741E-003,2.198375877924264E-004,1.021181349642575E-003,
2.495333333333334E+009,6.039850995875895E-005,9.149716352112591E-004,2.693160204216838E-004,1.076966756954789E-003,
2.495366666666667E+009,2.231214602943510E-004,1.011732965707779E-003,2.113140217261389E-004,9.196179453283548E-004,
2.495400000000000E+009,2.366278931731358E-004,8.817128255032003E-004,2.357195335207507E-004,8.722541970200837E-004,
2.495433333333334E+009,1.766245259204879E-004,9.968326194211841E-004,2.388150751357898E-004,1.043311203829944E-003,
2.495466666666667E+009,2.522726717870683E-004,8.909733151085675E-004,2.678749442566186E-004,1.029800972901285E-003,
2.495500000000000E+009,4.219235561322421E-004,1.040844246745110E-003,2.757300972007215E-004,9.682393283583224E-004,
2.495533333333334E+009,3.170866984874010E-004,9.367637685500085E-004,2.199359732912853E-004,8.328057592734695E-004,
2.495566666666667E+009,3.027018683496863E-004,9.329398744739592E-004,2.436627546558157E-004,9.347539744339883E-004,
2.495600000000000E+009,2.960412239190191E-004,1.041126088239253E-003,1.938615023391321E-004,1.066920580342412E-003,
2.495633333333334E+009,3.883547324221581E-004,9.975081775337458E-004,4.367500368971378E-004,1.091563259251416E-003,
2.495666666666667E+009,3.204505483154208E-004,9.587253443896771E-004,3.584215010050684E-004,1.040289527736604E-003,
2.495700000000000E+009,2.752911532297730E-004,1.005154917947948E-003,3.160257474519312E-004,9.264118270948529E-004,
2.495733333333334E+009,3.489114751573652E-004,9.847832843661308E-004,2.822666720021516E-004,1.024815137498081E-003,
2.495766666666667E+009,3.211937437299639E-004,9.384466684423387E-004,3.831709036603570E-004,8.678936865180731E-004,
2.495800000000000E+009,3.959527239203453E-004,8.756366441957653E-004,2.795314358081669E-004,9.919527219608426E-004,
2.495833333333334E+009,2.621504245325923E-004,7.307063206098974E-004,5.524869193322957E-004,9.504423360340297E-004,
2.495866666666667E+009,2.325987879885361E-004,9.221856598742306E-004,4.350019444245845E-004,8.686674991622567E-004,
2.495900000000000E+009,2.988566702697426E-004,9.207928669638932E-004,4.168298328295350E-004,9.762164554558694E-004,
2.495933333333334E+009,4.461361968424171E-004,9.602792561054230E-004,4.353224940132350E-004,9.643121156841517E-004,
2.495966666666667E+009,3.251083253417164E-004,9.483021567575634E-004,3.888163773808628E-004,9.670758154243231E-004,
2.496000000000000E+009,3.838826669380069E-004,9.787526214495301E-004,3.772607888095081E-004,9.702963870950043E-004,
2.496033333333334E+009,2.799498033709824E-004,8.529233164153993E-004,4.270457138773054E-004,9.614311275072396E-004,
2.496066666666667E+009,3.744086716324091E-004,9.293063194490969E-004,4.166984872426838E-004,9.809521725401282E-004,
2.496100000000000E+009,4.402988706715405E-004,8.295590523630381E-004,4.141319368500263E-004,8.555350359529257E-004,
2.496133333333334E+009,6.364679429680109E-004,7.636998780071735E-004,4.292012599762529E-004,8.612555684521794E-004,
2.496166666666667E+009,4.319919680710882E-004,7.607669103890657E-004,4.641889536287636E-004,9.034033864736557E-004,
2.496200000000000E+009,4.082557861693203E-004,8.855114574544132E-004,4.799912567250431E-004,8.254870190285146E-004,
2.496233333333334E+009,6.434640381485224E-004,7.624849677085877E-004,4.642708809114993E-004,8.958114194683731E-004,
2.496266666666667E+009,4.301277222111821E-004,8.927290327847004E-004,4.483410739339888E-004,8.966184104792774E-004,
2.496300000000000E+009,5.595157272182405E-004,9.084619814530015E-004,4.832998092751950E-004,9.077822323888540E-004,
2.496333333333334E+009,5.598920397460461E-004,8.258539019152522E-004,4.778543079737574E-004,7.228736649267376E-004,
2.496366666666667E+009,5.531387287192047E-004,8.907812880352140E-004,4.944507381878793E-004,7.803360931575298E-004,
2.496400000000000E+009,5.593297537416220E-004,8.367092814296484E-004,5.094177904538810E-004,8.062957786023617E-004,
2.496433333333334E+009,4.506087861955166E-004,7.675217348150909E-004,5.467600421980023E-004,8.665659115649760E-004,
2.496466666666667E+009,5.863193073309958E-004,7.852743146941066E-004,5.714036524295807E-004,7.097807829268277E-004,
2.496500000000000E+009,6.378014804795384E-004,6.504452321678400E-004,5.169627256691456E-004,8.146632462739945E-004,
2.496533333333334E+009,5.491492338478565E-004,6.742327241227031E-004,5.776318721473217E-004,7.838094606995583E-004,
2.496566666666667E+009,5.460975226014853E-004,7.220426341518760E-004,5.903443088755012E-004,7.828089292161167E-004,
2.496600000000000E+009,5.277738091535866E-004,7.306762854568660E-004,8.107731700874865E-004,7.676670211367309E-004,
2.496633333333334E+009,4.759561852551997E-004,9.077941067516804E-004,6.267163553275168E-004,8.419023361057043E-004,
2.496666666666667E+009,5.280273617245257E-004,7.274399395100772E-004,5.616236012428999E-004,6.696581258438528E-004,
2.496700000000000E+009,5.041351541876793E-004,7.641675765626133E-004,4.192322376184166E-004,5.482243723236024E-004,
2.496733333333334E+009,6.051452946849167E-004,7.192886550910771E-004,6.444909377023578E-004,7.094969623722136E-004,
2.496766666666667E+009,6.724942941218615E-004,7.404373027384281E-004,6.671765004284680E-004,6.132730632089078E-004,
2.496800000000000E+009,5.201886524446309E-004,7.362481555901468E-004,6.221515941433609E-004,6.851039361208677E-004,
2.496833333333334E+009,5.098137771710753E-004,6.700661033391953E-004,5.640343879349530E-004,6.667647976428270E-004,
2.496866666666667E+009,7.039289921522141E-004,6.898170686326921E-004,6.698570214211941E-004,6.818209076300263E-004,
2.496900000000000E+009,4.771194653585553E-004,6.418329430744052E-004,5.140268476679921E-004,6.381081766448915E-004,
2.496933333333334E+009,7.544949767179787E-004,6.800859118811786E-004,5.242465413175523E-004,6.739834789186716E-004,
2.496966666666667E+009,7.427277741953731E-004,7.270079222507775E-004,6.279585068114102E-004,7.247253670357168E-004,
2.497000000000000E+009,7.009635446593165E-004,5.103265866637230E-004,6.302400142885745E-004,7.280036224983633E-004,
2.497033333333334E+009,5.777012556791306E-004,6.971794646233320E-004,6.206133402884007E-004,5.771667347289622E-004,
2.497066666666667E+009,6.848449120298028E-004,5.334036541171372E-004,5.622368189506233E-004,4.676066164392978E-004,
2.497100000000000E+009,6.296333158388734E-004,6.630966672673821E-004,6.246802513487637E-004,5.070907645858824E-004,
2.497133333333334E+009,6.780308904126287E-004,6.117912707850337E-004,6.910567171871662E-004,5.186515045352280E-004,
2.497166666666667E+009,8.069744217209518E-004,3.570978005882353E-004,6.261467933654785E-004,5.852375761605799E-004,
2.497200000000000E+009,6.878963322378695E-004,3.848490596283227E-004,6.900778971612454E-004,4.121156234759837E-004,
2.497233333333334E+009,7.170890457928181E-004,5.852934555150569E-004,7.462190696969628E-004,4.496801702771336E-004,
2.497266666666667E+009,7.185241556726396E-004,5.563133163377643E-004,7.605169084854424E-004,4.005624505225569E-004,
2.497300000000000E+009,6.701849633827806E-004,5.697970627807081E-004,6.751591572538018E-004,3.934143169317395E-004,
2.497333333333334E+009,6.532768020406365E-004,4.510019498411566E-004,6.646335823461413E-004,3.473949327599257E-004,
2.497366666666667E+009,6.052672397345305E-004,4.957563360221684E-004,7.205766160041094E-004,3.650944272521883E-004,
2.497400000000000E+009,6.247842684388161E-004,4.827347584068775E-004,6.048757350072265E-004,5.763762746937573E-004,
2.497433333333334E+009,6.970117101445794E-004,4.610489122569561E-004,7.117025088518858E-004,4.891931894235313E-004,
2.497466666666667E+009,7.131493184715509E-004,3.619376511778683E-004,6.778308306820691E-004,4.825687501579523E-004,
2.497500000000000E+009,5.704987561330199E-004,3.078131703659892E-004,7.798586157150567E-004,3.912560641765595E-004,
2.497533333333334E+009,6.558937602676451E-004,4.457016475498676E-004,6.200374918989837E-004,3.206998808309436E-004,
2.497566666666667E+009,6.313355406746268E-004,5.302502540871501E-004,7.139875087887049E-004,3.927447542082518E-004,
2.497600000000000E+009,6.808163016103208E-004,3.681928792502731E-004,7.335186237469316E-004,2.617982972878963E-004,
2.497633333333334E+009,7.323229801841080E-004,3.092151600867510E-004,7.075241301208735E-004,4.117103526368737E-004,
2.497666666666667E+009,6.168078980408609E-004,1.817304291762412E-004,7.063527591526508E-004,3.588038671296090E-004,
2.497700000000000E+009,5.766493268311024E-004,2.465063007548451E-004,5.923205753788352E-004,3.719016094692051E-004,
2.497733333333334E+009,7.261122809723020E-004,3.131599805783480E-004,5.230482202023268E-004,3.819721750915051E-004,
2.497766666666667E+009,6.515385466627777E-004,3.209304122719914E-004,7.504172390326858E-004,3.965378855355084E-004,
2.497800000000000E+009,5.570375942625105E-004,3.423864254727960E-004,6.797800306230784E-004,3.943462797906250E-004,
2.497833333333334E+009,5.027109873481095E-004,1.998479274334386E-004,5.889866733923554E-004,3.212333831470460E-004,
2.497866666666667E+009,6.920349551364780E-004,1.305683690588921E-004,7.389770471490920E-004,2.894374774768949E-004,
2.497900000000000E+009,7.932781591080129E-004,2.560914435889572E-004,6.138870958238840E-004,2.008422889048234E-004,
2.497933333333334E+009,6.325815920718014E-004,2.660230093169957E-004,6.164111546240747E-004,3.125735674984753E-004,
2.497966666666667E+009,6.576859741471708E-004,2.383822866249830E-004,7.729729986749589E-004,2.621748135425150E-004,
2.498000000000000E+009,6.818521651439369E-004,2.587842172943056E-004,6.682111998088658E-004,2.476281370036304E-004,
2.498033333333334E+009,6.190110580064356E-004,2.207534271292388E-004,7.278787670657039E-004,2.006770082516596E-004,
2.498066666666667E+009,5.437713116407394E-004,1.360360765829682E-004,7.067406550049782E-004,1.705022586975247E-004,
2.498100000000000E+009,5.986362812109292E-004,2.513288054615259E-004,6.249747239053249E-004,2.373639872530475E-004,
2.498133333333334E+009,6.583930226042867E-004,2.454071363899857E-004,7.700009155087173E-004,3.237783676013351E-004,
2.498166666666667E+009,5.278962780721486E-004,1.570456515764818E-004,7.126416312530637E-004,2.092730719596148E-004,
2.498200000000000E+009,7.059543859213591E-004,6.991862028371543E-005,6.035928381606937E-004,5.683437120751478E-005,
2.498233333333334E+009,5.642698961310089E-004,2.412944159004837E-004,6.005940376780927E-004,2.365941181778908E-004,
2.498266666666667E+009,5.141431465744972E-004,1.947102282429114E-004,5.811355076730251E-004,2.976033720187843E-004,
2.498300000000000E+009,5.408889846876264E-004,9.102980402531102E-005,5.956557579338551E-004,1.690534263616428E-004,
2.498333333333334E+009,5.812348099425435E-004,9.119151218328625E-005,5.146057810634375E-004,2.916201483458281E-004,
2.498366666666667E+009,6.240339716896415E-004,1.580407115397975E-004,5.395213956944645E-004,6.231462612049654E-005,
2.498400000000000E+009,6.125767831690610E-004,1.605768047738820E-004,6.134270224720240E-004,1.866760430857539E-004,
2.498433333333334E+009,5.995514220558107E-004,-1.136236605816521E-004,4.498190828599036E-004,1.581786200404167E-004,
2.498466666666667E+009,6.301290704868734E-004,1.140803069574758E-004,5.861975951120257E-004,5.905086800339632E-005,
2.498500000000000E+009,4.526207048911601E-004,1.558170042699203E-004,5.712851998396218E-004,6.288078293437138E-005,
2.498533333333334E+009,5.811574519611895E-004,8.234678534790874E-005,6.295718485489488E-004,5.483868881128728E-005,
2.498566666666667E+009,5.103904404677451E-004,3.084633135586046E-005,6.089975358918309E-004,5.295179289532825E-005,
2.498600000000000E+009,5.119001725688577E-004,-2.331574796698988E-005,5.193435354158282E-004,-3.841552825178951E-005,
2.498633333333334E+009,6.753332563675940E-004,1.308825012529269E-004,5.271786358207464E-004,4.348709626356140E-005,
2.498666666666667E+009,4.553401377052069E-004,8.728518878342584E-005,5.780705832876265E-004,6.289416342042387E-005,
2.498700000000000E+009,5.943414871580899E-004,9.209050040226430E-005,4.717678821180016E-004,9.758172382134944E-005,
2.498733333333334E+009,4.661476123146713E-004,1.216605160152540E-004,5.960196140222251E-004,5.908456387260230E-006,
2.498766666666667E+009,4.652973730117083E-004,1.547745196148753E-004,5.566169857047498E-004,1.212326242239215E-004,
2.498800000000000E+009,5.030522006563842E-004,1.405661023454741E-004,4.952044691890478E-004,-7.482175715267658E-005,
2.498833333333334E+009,4.356152785476297E-004,1.584530309628462E-006,4.391816328279674E-004,1.131814278778620E-004,
2.498866666666667E+009,5.193866090849042E-004,6.475748705270235E-006,5.543091101571918E-004,-6.028662028256804E-005,
2.498900000000000E+009,4.865668015554547E-004,1.756915007717907E-004,4.378915473353118E-004,1.397952200932195E-005,
2.498933333333334E+009,4.664163279812783E-004,3.280493911006488E-005,5.484848516061902E-004,-1.295371384912869E-005,
2.498966666666667E+009,5.496844532899559E-004,3.954448038712144E-005,3.493800759315491E-004,-6.177340401336551E-005,
2.499000000000000E+009,4.737453418783844E-004,7.469045522157103E-005,4.278506385162473E-004,1.459610484744189E-005,
2.499033333333334E+009,3.946729120798409E-004,6.602978828595951E-005,5.287468666210771E-004,9.399211558047682E-005,
2.499066666666667E+009,3.052041283808649E-004,-9.308814333053306E-005,3.696974017657340E-004,-1.450632589694578E-005,
2.499100000000000E+009,4.441106575541198E-004,9.032456728164107E-005,4.767893406096846E-004,1.000442352960818E-005,
2.499133333333334E+009,4.807457444258034E-004,1.633064675843343E-005,4.313341632951051E-004,-1.150979878730141E-004,
2.499166666666667E+009,3.682593815028667E-004,-3.312472836114466E-005,4.754764959216118E-004,2.535815474402625E-005,
2.499200000000000E+009,4.651383205782622E-004,-6.058285725885071E-005,4.692106740549207E-004,-1.163217621069634E-005,
2.499233333333334E+009,4.205683071631938E-004,8.664737106300890E-005,4.067950358148664E-004,-2.919673352153041E-005,
2.499266666666667E+009,4.120327648706734E-004,2.225209391326644E-005,4.345430934336036E-004,1.314286237175111E-005,
2.499300000000000E+009,4.076240002177656E-004,-1.610519830137491E-004,3.845038299914450E-004,-1.275984104722738E-004,
2.499333333333334E+009,3.668231074698269E-004,2.247280281153508E-005,4.104659601580352E-004,1.548797808936797E-005,
2.499366666666667E+009,4.405241343192756E-004,3.171944626956247E-005,3.572906134650111E-004,-6.328115705400705E-005,
2.499400000000000E+009,2.477751695550978E-004,1.119216813094681E-005,4.110680893063545E-004,6.421416037483141E-005,
2.499433333333334E+009,4.557561478577554E-004,-1.648528632358648E-005,1.257305120816454E-004,-1.520238729426637E-004,
2.499466666666667E+009,2.590006333775818E-004,-2.976754694827832E-005,3.620922798290849E-004,1.291803346248344E-005,
2.499500000000000E+009,3.314218774903566E-004,7.274119707290083E-005,2.524384181015194E-004,-8.426717977272347E-005,
2.499533333333334E+009,2.813733590301126E-004,9.429286365048029E-006,2.930948685389012E-004,-5.559157216339372E-005,
2.499566666666667E+009,9.920767479343340E-005,-9.477073035668582E-005,1.540726225357503E-004,-5.970059282844886E-005,
2.499600000000000E+009,9.298214718000963E-005,-9.202031651511788E-005,1.693250669632107E-004,-1.868966865004040E-005,
2.499633333333334E+009,2.100547571899369E-004,-1.242316739080707E-005,2.545218740124255E-004,-5.799300197395496E-005,
2.499666666666667E+009,2.750725252553821E-004,-2.494055479473900E-005,2.927244931925088E-004,8.316567254951224E-005,
2.499700000000000E+009,3.110022225882858E-004,-3.014389221789315E-005,2.459503593854606E-004,3.943311821785756E-005,
2.499733333333334E+009,2.057673991657794E-004,-1.299112191190943E-004,2.199890586780384E-004,6.015916369506158E-005,
2.499766666666667E+009,2.263741771457717E-004,3.211962678051350E-007,2.120327844750136E-004,2.149101601389702E-005,
2.499800000000000E+009,2.215555432485417E-004,1.270475913770497E-004,3.311871259938926E-004,-7.899833690316882E-006,
2.499833333333334E+009,3.092465922236443E-004,6.171940913191065E-005,4.069697170052677E-004,-4.313742465456016E-005,
2.499866666666667E+009,3.009393694810569E-004,2.930166192527395E-005,1.906147081172094E-004,5.025031350669451E-005,
2.499900000000000E+009,1.321719610132277E-004,2.310924464836717E-004,3.453611279837787E-004,-9.082610290533921E-007,
2.499933333333334E+009,2.405060222372413E-004,-2.865703936549835E-005,1.493935415055603E-004,6.807791214669123E-005,
2.499966666666667E+009,1.439493207726628E-004,3.359300535521470E-005,2.294221194460988E-004,1.416843224433251E-005,
2.500000000000000E+009,1.337897701887414E-004,4.040112980874255E-005,3.099658642895520E-004,4.557130159810185E-005,
