% Version 1.00
%
%freq[Hz];re:Trc1_S21;im:Trc1_S21;re:Trc2_S12;im:Trc2_S12;
2.480000000000000E+009,4.862039641011506E-004,-7.425622316077352E-004,5.783868255093694E-004,-6.866824696771801E-004,
2.480033333333334E+009,4.250482306815684E-004,-7.166488794609904E-004,5.754521698690951E-004,-7.808491354808211E-004,
2.480066666666667E+009,4.490346764214337E-004,-7.034041918814182E-004,5.097261164337397E-004,-7.418327732011676E-004,
2.480100000000000E+009,4.877964965999126E-004,-8.115400560200214E-004,4.144709673710167E-004,-7.919188938103616E-004,
2.480133333333334E+009,4.078247293364257E-004,-6.446061306633055E-004,4.795001586899161E-004,-6.491066887974739E-004,
2.480166666666667E+009,5.231733666732907E-004,-7.655019871890545E-004,3.186730318702757E-004,-7.787314243614674E-004,
2.480200000000000E+009,3.691504534799606E-004,-8.002803660929203E-004,3.938738664146513E-004,-8.004253613762558E-004,
2.480233333333334E+009,4.568646836560220E-004,-7.580689270980656E-004,4.228191392030567E-004,-8.713569841347635E-004,
2.480266666666667E+009,4.245444724801928E-004,-7.945684483274818E-004,3.820709243882448E-004,-8.021047688089311E-004,
2.480300000000000E+009,4.576203064061701E-004,-9.247396956197918E-004,4.966458654962480E-004,-8.154430543072522E-004,
2.480333333333334E+009,5.201227031648159E-004,-6.832106155343354E-004,4.702657170128077E-004,-6.436815019696951E-004,
2.480366666666667E+009,3.601444186642766E-004,-8.428157889284194E-004,3.501021128613502E-004,-7.929297862574458E-004,
2.480400000000000E+009,4.501146322581917E-004,-7.284427410922945E-004,5.166842602193356E-004,-9.441829170100391E-004,
2.480433333333334E+009,5.135216633789241E-004,-9.426414035260677E-004,4.682583094108850E-004,-8.855573250912130E-004,
2.480466666666667E+009,4.448741092346609E-004,-8.576084510423243E-004,5.176505655981600E-004,-9.106612997129560E-004,
2.480500000000000E+009,3.746681322809309E-004,-9.174703736789525E-004,4.220107221044600E-004,-8.437428623437882E-004,
2.480533333333334E+009,4.345277848187834E-004,-8.261994807980955E-004,3.803704748861492E-004,-7.870733970776200E-004,
2.480566666666667E+009,2.969499619212002E-004,-7.780839805491269E-004,4.905759124085307E-004,-8.252206607721746E-004,
2.480600000000000E+009,3.716412757057697E-004,-8.540050475858152E-004,3.753734927158803E-004,-9.106874931603670E-004,
2.480633333333334E+009,2.936126256827265E-004,-8.864215342327952E-004,4.249874327797443E-004,-7.803274784237146E-004,
2.480666666666667E+009,3.950277750845999E-004,-9.120313334278762E-004,2.993156085722148E-004,-8.408249705098569E-004,
2.480700000000000E+009,2.266102965222672E-004,-7.911643479019404E-004,3.857449337374419E-004,-8.932598284445703E-004,
2.480733333333334E+009,2.756349567789584E-004,-1.034286222420633E-003,4.572637262754142E-004,-8.871901081874967E-004,
2.480766666666667E+009,4.627826274372637E-004,-7.864563958719373E-004,3.081461472902447E-004,-9.537455043755472E-004,
2.480800000000000E+009,5.020701210014522E-004,-8.341163629665971E-004,3.790589107666165E-004,-9.522047475911677E-004,
2.480833333333334E+009,3.075669810641557E-004,-9.119061287492514E-004,3.744025307241827E-004,-8.610002696514130E-004,
2.480866666666667E+009,4.648060130421072E-004,-9.066736092790961E-004,2.345006505493075E-004,-1.001200871542096E-003,
2.480900000000000E+009,2.553105296101421E-004,-8.424503612332046E-004,2.413872862234712E-004,-9.289302979595959E-004,
2.480933333333334E+009,2.948127221316099E-004,-9.238343336619437E-004,2.885652356781066E-004,-9.072343236766756E-004,
2.480966666666667E+009,3.074139240197837E-004,-8.426096756011248E-004,3.372973296791315E-004,-1.124098198488355E-003,
2.481000000000000E+009,2.709839027374983E-004,-9.598421747796238E-004,2.396054624114186E-004,-1.059016445651650E-003,
2.481033333333334E+009,2.373183961026371E-004,-8.789592538960278E-004,2.612604293972254E-004,-9.278342477045953E-004,
2.481066666666667E+009,2.652833063621074E-004,-9.059515432454646E-004,2.789012505672872E-004,-9.827619651332498E-004,
2.481100000000000E+009,1.740461593726650E-004,-8.821872761473060E-004,1.840530894696713E-004,-8.319558692164719E-004,
2.481133333333334E+009,1.288937783101574E-004,-9.873346425592899E-004,3.273635811638087E-004,-8.764021331444383E-004,
2.481166666666667E+009,1.296780101256445E-004,-9.626496466808021E-004,1.883618679130450E-004,-9.107698570005596E-004,
2.481200000000000E+009,3.227566776331514E-004,-9.980641771107912E-004,3.020362928509712E-004,-1.058289315551519E-003,
2.481233333333334E+009,2.530061465222389E-004,-8.104663575068116E-004,1.822387712309137E-004,-1.048518694005907E-003,
2.481266666666667E+009,2.140521246474236E-004,-9.790434269234538E-004,2.202445903094485E-004,-9.202224900946021E-004,
2.481300000000000E+009,1.965646661119536E-004,-1.009923173114657E-003,1.308767969021574E-004,-9.680350194685161E-004,
2.481333333333334E+009,2.245458017569035E-004,-8.842393872328103E-004,1.477071346016601E-004,-1.057874877005816E-003,
2.481366666666667E+009,2.088201581500471E-004,-9.780118707567453E-004,1.308728678850457E-004,-9.101515752263367E-004,
2.481400000000000E+009,1.438283215975389E-004,-9.983691852539778E-004,1.217494136653841E-004,-1.081203809008002E-003,
2.481433333333334E+009,1.066906988853589E-004,-1.011159038171172E-003,1.762926112860441E-004,-8.621933520771563E-004,
2.481466666666667E+009,2.347979461774230E-004,-9.614807204343379E-004,1.751937379594892E-004,-1.092053367756307E-003,
2.481500000000000E+009,7.223967986647040E-005,-9.091295651160181E-004,7.861649646656588E-005,-1.100758905522525E-003,
2.481533333333334E+009,1.717939885566011E-004,-9.611601126380265E-004,2.174791552533861E-005,-1.060579088516533E-003,
2.481566666666667E+009,1.581173128215596E-004,-9.131721453741193E-004,1.867060927907005E-005,-1.046920544467866E-003,
2.481600000000000E+009,7.955818000482395E-005,-9.708335273899138E-004,5.334036541171372E-005,-1.159556908532977E-003,
2.481633333333334E+009,1.292078086407855E-004,-1.053061569109559E-003,-1.401770441589179E-005,-1.016982132568955E-003,
2.481666666666667E+009,6.863455928396434E-005,-9.962139884009957E-004,1.358330773655325E-004,-1.078327535651624E-003,
2.481700000000000E+009,-3.679104338516481E-005,-1.127514173276722E-003,7.901986828073859E-005,-1.158449449576438E-003,
2.481733333333334E+009,1.248072385351406E-005,-1.110486569814384E-003,9.517637226963416E-005,-1.010217005386949E-003,
2.481766666666667E+009,1.019359697238542E-004,-1.026115030981600E-003,-7.348370854742825E-005,-1.126281102187932E-003,
2.481800000000000E+009,-3.694002953125164E-005,-1.208890229463577E-003,-6.620406929869205E-005,-1.153002260252833E-003,
2.481833333333334E+009,-7.033608198980801E-006,-1.027238555252552E-003,9.106570360017940E-006,-1.161682303063572E-003,
2.481866666666667E+009,-6.900469452375546E-005,-9.945530910044909E-004,-1.171214826172218E-004,-1.002655131742358E-003,
2.481900000000000E+009,-7.615432696184143E-005,-1.079143839888275E-003,-9.950425737770274E-005,-1.124098082073033E-003,
2.481933333333334E+009,-1.969300647033379E-004,-1.050061429850757E-003,-1.696328545222059E-004,-1.008672523312271E-003,
2.481966666666667E+009,-1.634685031604022E-004,-1.062932307831943E-003,-2.648390072863549E-004,-1.049637910909951E-003,
2.482000000000000E+009,-8.463484846288338E-005,-1.027134014293551E-003,-8.455076749669388E-005,-1.104513066820800E-003,
2.482033333333334E+009,-3.342821946716867E-005,-9.919906733557582E-004,-8.860315574565902E-005,-1.078155823051930E-003,
2.482066666666667E+009,-2.215753484051675E-004,-1.103720976971090E-003,-1.231052301591262E-004,-1.092661055736244E-003,
2.482100000000000E+009,-1.958395878318697E-004,-1.111833727918565E-003,-2.183638753194828E-005,-1.202614163048565E-003,
2.482133333333334E+009,-1.827599335229024E-004,-1.009206636808813E-003,-8.618034917162731E-005,-1.123385271057487E-003,
2.482166666666667E+009,5.620466617983766E-005,-1.153890858404338E-003,-4.772889951709658E-005,-1.084413263015449E-003,
2.482200000000000E+009,-4.266272662789561E-005,-1.062516123056412E-003,-1.712452649371699E-004,-9.789187461137772E-004,
2.482233333333334E+009,-1.815521100070328E-004,-9.543771739117801E-004,-2.237053558928892E-004,-1.101747155189514E-003,
2.482266666666667E+009,-1.353425031993538E-004,-1.051133265718818E-003,-2.825020346790552E-004,-1.069397549144924E-003,
2.482300000000000E+009,-1.995470374822617E-004,-1.137073151767254E-003,-1.066994154825807E-004,-1.120274420827627E-003,
2.482333333333334E+009,-2.393121540080756E-004,-1.027687918394804E-003,-2.334593300474808E-004,-1.056864624843001E-003,
2.482366666666667E+009,-1.853580761235207E-004,-1.132068573497236E-003,-3.988128446508199E-004,-1.118752290494740E-003,
2.482400000000000E+009,-1.726421760395169E-004,-1.166075700893998E-003,-2.379194920649752E-004,-1.034179935231805E-003,
2.482433333333334E+009,-2.824848634190857E-004,-9.328936575911939E-004,-2.224330237368122E-004,-1.081013702787459E-003,
2.482466666666667E+009,-2.930249902419746E-004,-1.009814441204071E-003,-1.604823482921347E-004,-9.056512499228120E-004,
2.482500000000000E+009,-1.506630360381678E-004,-1.042499556206167E-003,-1.132482648245059E-004,-1.046522753313184E-003,
2.482533333333334E+009,-3.494376724120230E-004,-9.410845814272761E-004,-1.724963949527592E-004,-9.921322343870997E-004,
2.482566666666667E+009,-2.636397839523852E-004,-1.123632653616369E-003,-1.682431757217273E-004,-1.072978251613677E-003,
2.482600000000000E+009,-3.811432106886059E-004,-1.198842190206051E-003,-2.996437251567841E-004,-1.110115204937756E-003,
2.482633333333334E+009,-2.483006101101637E-004,-9.462246089242399E-004,-3.812908544205129E-004,-1.005668775178492E-003,
2.482666666666667E+009,-3.631272702477872E-004,-1.055108383297920E-003,-2.688219828996807E-004,-1.078699016943574E-003,
2.482700000000000E+009,-3.604492521844804E-004,-1.049511483870447E-003,-3.818988625425845E-004,-9.632736328057945E-004,
2.482733333333334E+009,-3.263862454332411E-004,-1.052088802680373E-003,-3.076907014474273E-004,-1.138306222856045E-003,
2.482766666666667E+009,-3.423432644922286E-004,-9.496167767792940E-004,-3.421799628995359E-004,-1.051305211149156E-003,
2.482800000000000E+009,-3.099786408711225E-004,-1.022021868266165E-003,-3.994981525465846E-004,-9.249067516066134E-004,
2.482833333333334E+009,-3.954244311898947E-004,-9.476889390498400E-004,-3.163432411383838E-004,-9.688529535196722E-004,
2.482866666666667E+009,-3.690960584208369E-004,-1.031537191011012E-003,-2.996750117745251E-004,-9.287447901442647E-004,
2.482900000000000E+009,-4.006370727438480E-004,-1.023075892589986E-003,-3.340507391840220E-004,-1.109136384911835E-003,
2.482933333333334E+009,-4.497114859987050E-004,-9.607172105461359E-004,-5.299824988469482E-004,-1.027082791551948E-003,
2.482966666666667E+009,-4.202672280371189E-004,-1.048224512487650E-003,-3.950633399654180E-004,-1.120860921218991E-003,
2.483000000000000E+009,-3.487431677058339E-004,-1.004895893856883E-003,-4.284338501747698E-004,-9.035386028699577E-004,
2.483033333333334E+009,-6.130990805104375E-004,-1.088718534447253E-003,-3.816652751993388E-004,-9.281841339543462E-004,
2.483066666666667E+009,-4.311178054194897E-004,-1.107431016862392E-003,-4.005870723631233E-004,-1.017058850266039E-003,
2.483100000000000E+009,-4.893072764389217E-004,-8.907958981581032E-004,-4.146562714595348E-004,-9.498845902271569E-004,
2.483133333333334E+009,-4.212622006889433E-004,-1.132857636548579E-003,-5.735352169722319E-004,-9.740330860950053E-004,
2.483166666666667E+009,-4.200003750156611E-004,-1.008955179713666E-003,-5.531740607693791E-004,-1.175653422251344E-003,
2.483200000000000E+009,-6.609744741581380E-004,-1.039982773363590E-003,-5.644324119202793E-004,-1.092053018510342E-003,
2.483233333333334E+009,-5.017045768909156E-004,-1.065757940523326E-003,-5.901728291064501E-004,-1.101941801607609E-003,
2.483266666666667E+009,-5.134465754963458E-004,-1.104940776713193E-003,-5.259453901089728E-004,-9.537164587527514E-004,
2.483300000000000E+009,-5.328988190740347E-004,-8.876409847289324E-004,-5.855379858985543E-004,-9.077406721189618E-004,
2.483333333333334E+009,-5.615523550659418E-004,-9.762485278770328E-004,-5.877513322047889E-004,-9.645249228924513E-004,
2.483366666666667E+009,-6.168169202283025E-004,-1.001540338620544E-003,-6.148406537249684E-004,-9.105030912905932E-004,
2.483400000000000E+009,-5.140898283571005E-004,-9.634072775952518E-004,-5.722350324504077E-004,-9.410380735062063E-004,
2.483433333333334E+009,-5.955945234745741E-004,-9.998227469623089E-004,-5.917537491768599E-004,-9.575429139658809E-004,
2.483466666666667E+009,-6.683668470941484E-004,-9.415392996743321E-004,-7.303075981326401E-004,-1.019619521684945E-003,
2.483500000000000E+009,-6.241770461201668E-004,-1.049050595611334E-003,-6.300361128523946E-004,-9.857338154688478E-004,
2.483533333333334E+009,-6.352104828692973E-004,-9.110068203881383E-004,-5.841385573148727E-004,-1.067659934051335E-003,
2.483566666666667E+009,-7.394066196866334E-004,-9.688520221970975E-004,-6.474747788161039E-004,-8.207094506360591E-004,
2.483600000000000E+009,-7.169481250457466E-004,-9.637311450205743E-004,-5.946843884885311E-004,-9.240409126505256E-004,
2.483633333333334E+009,-6.490921368822455E-004,-7.294918759725988E-004,-7.758724968880415E-004,-9.295697673223913E-004,
2.483666666666667E+009,-6.759931566193700E-004,-8.695841534063220E-004,-6.105277570895851E-004,-8.733778377063572E-004,
2.483700000000000E+009,-5.628815852105618E-004,-8.965454180724919E-004,-6.778552196919918E-004,-8.445978164672852E-004,
2.483733333333334E+009,-7.289908244274557E-004,-1.018431386910379E-003,-7.369437371380627E-004,-7.558124489150941E-004,
2.483766666666667E+009,-7.562742684967816E-004,-7.173895719461143E-004,-7.384896161966026E-004,-8.808874408714473E-004,
2.483800000000000E+009,-5.949362530373037E-004,-8.535986416973174E-004,-6.712093017995358E-004,-8.021969115361571E-004,
2.483833333333334E+009,-6.677967030555010E-004,-8.844255935400724E-004,-7.177779916673899E-004,-9.294282644987106E-004,
2.483866666666667E+009,-7.651980849914253E-004,-1.066614757291973E-003,-6.787877646274865E-004,-8.751865825615823E-004,
2.483900000000000E+009,-6.845446187071502E-004,-8.992042276076973E-004,-6.455047987401485E-004,-8.762109791859984E-004,
2.483933333333334E+009,-8.482494158670306E-004,-8.830116130411625E-004,-5.976590327918530E-004,-8.294566068798304E-004,
2.483966666666667E+009,-7.484803791157901E-004,-8.736050222069025E-004,-7.196514052338898E-004,-8.378204656764865E-004,
2.484000000000000E+009,-8.081401465460658E-004,-7.269059424288571E-004,-7.006095256656408E-004,-8.986893808469176E-004,
2.484033333333334E+009,-7.085317629389465E-004,-7.924003293737769E-004,-6.298976950347424E-004,-8.377043413929641E-004,
2.484066666666667E+009,-5.845380364917219E-004,-7.640356197953224E-004,-7.753519457764924E-004,-7.058830233290792E-004,
2.484100000000000E+009,-6.618821062147617E-004,-8.969019982032478E-004,-7.556497002951801E-004,-8.753388538025320E-004,
2.484133333333334E+009,-8.197301649488509E-004,-7.308688946068287E-004,-7.053645094856620E-004,-7.503397064283490E-004,
2.484166666666667E+009,-8.041488472372294E-004,-7.301493315026164E-004,-8.142939768731594E-004,-7.799959275871515E-004,
2.484200000000000E+009,-7.929031853564084E-004,-7.343038450926542E-004,-7.958405767567456E-004,-8.611336816102266E-004,
2.484233333333334E+009,-7.798239821568131E-004,-7.026357925496995E-004,-7.928520790301263E-004,-8.498056558892131E-004,
2.484266666666667E+009,-8.415355696342886E-004,-7.724574534222484E-004,-9.128675446845591E-004,-7.040753262117505E-004,
2.484300000000000E+009,-9.758705855347216E-004,-7.608487503603101E-004,-7.637313101440668E-004,-7.502726512029767E-004,
2.484333333333334E+009,-8.675369899719954E-004,-6.861616857349873E-004,-7.872534915804863E-004,-7.178814848884940E-004,
2.484366666666667E+009,-8.991616778075695E-004,-7.616099319420755E-004,-8.744326187297702E-004,-6.152499699965119E-004,
2.484400000000000E+009,-7.154560298658907E-004,-9.428037446923554E-004,-7.143052062019706E-004,-6.641641375608742E-004,
2.484433333333334E+009,-8.564087329432368E-004,-7.194526842795312E-004,-8.483494748361409E-004,-6.928108050487936E-004,
2.484466666666667E+009,-9.506275528110564E-004,-7.421400514431298E-004,-9.273787727579474E-004,-6.358588580042124E-004,
2.484500000000000E+009,-7.573525654152036E-004,-5.530398921109736E-004,-8.732322603464127E-004,-7.070202264003456E-004,
2.484533333333334E+009,-7.085053948685527E-004,-6.744260899722576E-004,-7.579589728266001E-004,-5.609713844023645E-004,
2.484566666666667E+009,-8.748624823056161E-004,-6.263632676564157E-004,-7.813216652721167E-004,-7.277856348082423E-004,
2.484600000000000E+009,-8.444256382063031E-004,-6.520226597785950E-004,-9.353437344543636E-004,-6.451057852245867E-004,
2.484633333333334E+009,-8.349775453098118E-004,-7.261651335284114E-004,-8.603307069279254E-004,-7.098572677932680E-004,
2.484666666666667E+009,-1.065276446752250E-003,-6.765156867913902E-004,-8.537375251762569E-004,-6.440355791710317E-004,
2.484700000000000E+009,-1.076037297025323E-003,-5.908611346967518E-004,-9.868571069091559E-004,-6.280470406636596E-004,
2.484733333333334E+009,-8.915000362321734E-004,-6.371989147737622E-004,-7.419878966175020E-004,-5.580271244980395E-004,
2.484766666666667E+009,-8.493772475048900E-004,-6.107372464612126E-004,-9.331252658739686E-004,-5.773817538283765E-004,
2.484800000000000E+009,-9.967441437765956E-004,-6.518098525702953E-004,-7.871663547120988E-004,-5.238658050075173E-004,
2.484833333333334E+009,-8.604585891589522E-004,-5.841724923811853E-004,-8.930204203352332E-004,-6.251236773096025E-004,
2.484866666666667E+009,-1.004481688141823E-003,-5.267507513053715E-004,-8.411496528424323E-004,-5.978964036330581E-004,
2.484900000000000E+009,-9.720512316562235E-004,-5.880427197553217E-004,-1.010682783089578E-003,-6.470667431131005E-004,
2.484933333333334E+009,-9.140686597675085E-004,-6.112301489338279E-004,-1.008316525258124E-003,-5.295241717249155E-004,
2.484966666666667E+009,-9.085879428312182E-004,-3.891501401085407E-004,-9.483664180152118E-004,-4.775836132466793E-004,
2.485000000000000E+009,-1.007506973110139E-003,-5.725158262066543E-004,-9.042862220667303E-004,-4.067111294716597E-004,
2.485033333333334E+009,-9.065681952051818E-004,-4.925391986034811E-004,-1.012017135508359E-003,-3.740731917787343E-004,
2.485066666666667E+009,-1.087641809135675E-003,-6.237421184778214E-004,-9.027930791489780E-004,-5.205550114624202E-004,
2.485100000000000E+009,-7.575936615467072E-004,-5.638960865326226E-004,-9.468327625654638E-004,-5.719927139580250E-004,
2.485133333333334E+009,-1.001606462523341E-003,-3.764950670301914E-004,-8.639251464046538E-004,-3.786740417126566E-004,
2.485166666666667E+009,-1.015448127873242E-003,-4.235685337334871E-004,-9.926448110491037E-004,-4.400786128826439E-004,
2.485200000000000E+009,-9.678148780949414E-004,-3.510363749228418E-004,-8.381800726056099E-004,-4.938427009619772E-004,
2.485233333333334E+009,-8.986109169200063E-004,-3.923845652025193E-004,-9.915489936247468E-004,-4.043780500069261E-004,
2.485266666666667E+009,-9.675538167357445E-004,-2.556740655563772E-004,-9.627253166399896E-004,-4.873313009738922E-004,
2.485300000000000E+009,-9.084629127755761E-004,-4.400335892569274E-004,-9.944856865331531E-004,-3.987587697338313E-004,
2.485333333333334E+009,-9.811241179704666E-004,-4.571501631289721E-004,-8.554570958949626E-004,-4.186783917248249E-004,
2.485366666666667E+009,-8.742067147977650E-004,-3.624722594395280E-004,-9.533994016237557E-004,-3.978507593274117E-004,
2.485400000000000E+009,-9.805398294702172E-004,-3.304680285509676E-004,-1.012960332445800E-003,-2.996716066263616E-004,
2.485433333333334E+009,-9.148601093329489E-004,-4.119372752029449E-004,-1.018831855617464E-003,-3.532767877914012E-004,
2.485466666666667E+009,-9.848166955634952E-004,-2.745872479863465E-004,-9.516203426755965E-004,-4.233050276525319E-004,
2.485500000000000E+009,-9.293742477893829E-004,-4.095118783880025E-004,-8.517560199834406E-004,-3.666427801363170E-004,
2.485533333333334E+009,-8.432035683654249E-004,-3.087910008616746E-004,-1.019171788357198E-003,-3.513517149258405E-004,
2.485566666666667E+009,-8.853121544234455E-004,-3.544568608049303E-004,-8.966667810454965E-004,-3.847212938126177E-004,
2.485600000000000E+009,-8.902964764274657E-004,-3.924867487512529E-004,-9.119806927628815E-004,-4.574364866130054E-004,
2.485633333333334E+009,-9.990280959755182E-004,-3.994146827608347E-004,-9.289546869695187E-004,-3.186108369845897E-004,
2.485666666666667E+009,-7.589270244352520E-004,-2.679069002624601E-004,-8.942148415371776E-004,-1.645844313316047E-004,
2.485700000000000E+009,-9.570247493684292E-004,-1.950206788023934E-004,-9.228025446645916E-004,-3.180410130880773E-004,
2.485733333333334E+009,-9.811092168092728E-004,-2.243351627839729E-004,-8.074424113146961E-004,-4.218683461658657E-004,
2.485766666666667E+009,-8.813995518721640E-004,-1.957729255082086E-004,-7.661455892957747E-004,-3.875995462294668E-004,
2.485800000000000E+009,-8.937766542658210E-004,-2.533229708205909E-004,-9.235934121534228E-004,-3.510982205625624E-004,
2.485833333333334E+009,-9.696448687463999E-004,-4.002652422059327E-004,-8.023591362871230E-004,-2.523756702430546E-004,
2.485866666666667E+009,-7.676259265281260E-004,-3.404059098102152E-004,-8.149150526151061E-004,-3.005084581673145E-004,
2.485900000000000E+009,-9.933940600603819E-004,-3.820066631305963E-004,-1.099576940760016E-003,-3.909543738700450E-004,
2.485933333333334E+009,-9.274153853766620E-004,-3.583703655749559E-004,-8.682587649673224E-004,-2.240537578472868E-004,
2.485966666666667E+009,-9.393615764565766E-004,-1.798564917407930E-004,-9.335353388451040E-004,-2.580194268375635E-004,
2.486000000000000E+009,-8.263205527327955E-004,-2.459652314428240E-004,-8.705873624421656E-004,-2.323779772268608E-004,
2.486033333333334E+009,-9.125811047852039E-004,-2.837689244188368E-004,-8.969646878540516E-004,-3.205078246537596E-004,
2.486066666666667E+009,-9.377597016282380E-004,-2.666911750566214E-004,-8.860403904691339E-004,-2.128203050233424E-004,
2.486100000000000E+009,-9.712196770124137E-004,-2.047135058091953E-004,-8.128192857839167E-004,-1.843130012275651E-004,
2.486133333333334E+009,-9.143619681708515E-004,-1.820519391912967E-004,-8.361767395399511E-004,-2.190510567743331E-004,
2.486166666666667E+009,-8.999725687317550E-004,-2.840199740603566E-004,-9.398525580763817E-004,-2.394673210801557E-004,
2.486200000000000E+009,-1.000335672870278E-003,-1.597009541001171E-004,-9.073765831999481E-004,-2.412472385913134E-004,
2.486233333333334E+009,-8.887880831025541E-004,-2.325541427126154E-004,-1.006855396553874E-003,-1.346091885352507E-004,
2.486266666666667E+009,-9.603640064597130E-004,-1.588095910847187E-004,-9.144652867689729E-004,-2.109718916472048E-004,
2.486300000000000E+009,-9.549658279865980E-004,-1.053485320881009E-004,-9.491846431046724E-004,-2.135536196874455E-004,
2.486333333333334E+009,-1.047776546329260E-003,-9.136397420661524E-005,-8.230010862462223E-004,-2.183625038014725E-004,
2.486366666666667E+009,-9.523387416265905E-004,-4.405907748150639E-005,-9.982204064726830E-004,-8.940726547734812E-005,
2.486400000000000E+009,-1.046369434334338E-003,-8.452691690763459E-005,-1.031654886901379E-003,-1.377017906634137E-004,
2.486433333333334E+009,-9.304549312219024E-004,-7.232755888253450E-005,-8.390491711907089E-004,-1.500160433351994E-004,
2.486466666666667E+009,-9.825432207435370E-004,-1.455730380257592E-004,-9.869191562756896E-004,-1.134265985456295E-004,
2.486500000000000E+009,-8.887563017196953E-004,-8.294916187878698E-005,-8.283958304673433E-004,-1.361362665193155E-004,
2.486533333333334E+009,-8.773746667429805E-004,-1.406424999004230E-004,-9.511804673820734E-004,-1.325388002442196E-004,
2.486566666666667E+009,-9.434127714484930E-004,-6.869569187983871E-005,-8.742007776163518E-004,-1.923075324157253E-004,
2.486600000000000E+009,-8.628048817627132E-004,-6.565301009686664E-005,-9.202148648910224E-004,-1.771944807842374E-004,
2.486633333333334E+009,-9.579850011505187E-004,-1.689560158411041E-004,-9.240980143658817E-004,-1.386335934512317E-004,
2.486666666666667E+009,-1.028567901812494E-003,-6.103857595007867E-005,-9.123924537561834E-004,-2.375506737735122E-004,
2.486700000000000E+009,-9.182799840345979E-004,-1.086209158529528E-004,-8.740987977944315E-004,-9.846911416389048E-005,
2.486733333333334E+009,-1.019302522763610E-003,-9.501016029389575E-005,-1.016876427456737E-003,1.474540840717964E-005,
2.486766666666667E+009,-9.087058715522289E-004,-5.899127063457854E-005,-9.401959832757711E-004,-1.112833488150500E-004,
2.486800000000000E+009,-9.355060756206513E-004,3.213103627786040E-005,-1.120972796343267E-003,-2.047279704129323E-004,
2.486833333333334E+009,-1.099908375181258E-003,-1.761710882419720E-004,-9.884478058665991E-004,4.129062290303409E-005,
2.486866666666667E+009,-9.681332740001380E-004,-8.061638254730497E-006,-8.918322273530066E-004,1.784304549801163E-005,
2.486900000000000E+009,-9.189508855342865E-004,7.678077054151800E-006,-9.323826525360346E-004,-2.921143459388986E-005,
2.486933333333334E+009,-8.973186486400664E-004,3.375977030373178E-005,-9.709698497317731E-004,-1.668992990744300E-005,
2.486966666666667E+009,-9.114660206250846E-004,2.327753281861078E-005,-9.635817841626704E-004,-8.999308920465410E-005,
2.487000000000000E+009,-7.734036189503968E-004,5.032530680182390E-005,-1.013035187497735E-003,-4.412009002408013E-005,
2.487033333333334E+009,-8.631896344013512E-004,-5.087427416583523E-005,-9.316239738836885E-004,1.778710975486320E-005,
2.487066666666667E+009,-9.590912959538400E-004,4.056430407217704E-005,-1.039167633280158E-003,5.736120510846376E-005,
2.487100000000000E+009,-9.063664474524558E-004,-1.328618527622894E-004,-9.861501166597009E-004,-5.538697587326169E-005,
2.487133333333334E+009,-8.042193949222565E-004,1.700370776234195E-004,-7.800027960911393E-004,-6.174446752993390E-005,
2.487166666666667E+009,-9.877188131213188E-004,2.939170190074947E-005,-9.104520431719720E-004,7.348662620643154E-005,
2.487200000000000E+009,-1.026410376653075E-003,2.912674290200812E-006,-1.002729870378971E-003,-3.100267713307403E-005,
2.487233333333334E+009,-8.560116402804852E-004,1.533632712380495E-005,-9.380765259265900E-004,-1.330775558017194E-005,
2.487266666666667E+009,-7.536953198723495E-004,-8.744793740333989E-005,-8.338551269844174E-004,5.507829337147996E-005,
2.487300000000000E+009,-9.202303481288254E-004,-8.023819100344554E-005,-8.604405447840691E-004,1.033660591929220E-004,
2.487333333333334E+009,-1.000993535853922E-003,-2.515003325243015E-005,-9.319765376858413E-004,1.286665501538664E-004,
2.487366666666667E+009,-7.188561139628291E-004,-9.855928510660306E-006,-7.952558808028698E-004,-1.203275951411342E-005,
2.487400000000000E+009,-7.637434755451977E-004,-3.756228034035303E-005,-9.985492797568440E-004,-3.196629040758126E-005,
2.487433333333334E+009,-8.119386038742960E-004,1.872061329777353E-005,-9.275634074583650E-004,-6.751679848093772E-006,
2.487466666666667E+009,-9.198301122523844E-004,-2.329408016521484E-005,-8.705451036803424E-004,4.739101495943032E-005,
2.487500000000000E+009,-8.441564277745783E-004,9.784930625755806E-006,-8.461042307317257E-004,1.140107342507690E-004,
2.487533333333334E+009,-1.027502818033099E-003,-1.402897305524675E-005,-9.020630968734622E-004,3.491064126137644E-005,
2.487566666666667E+009,-8.351085125468671E-004,-2.995617978740484E-005,-9.481390588916838E-004,1.157585484179435E-005,
2.487600000000000E+009,-8.001992828212678E-004,-1.348562727798708E-005,-1.025969511829317E-003,9.029111242853105E-005,
2.487633333333334E+009,-8.058783714659512E-004,6.298851803876460E-005,-8.727135718800128E-004,-1.496600816608407E-005,
2.487666666666667E+009,-8.869569865055382E-004,-8.913995770853944E-006,-9.216207545250654E-004,6.942458276171237E-005,
2.487700000000000E+009,-8.601514273323119E-004,1.546108542243019E-004,-9.258469217456877E-004,2.364497049711645E-005,
2.487733333333334E+009,-8.247686200775206E-004,1.544030965305865E-004,-8.327501709572971E-004,1.315925474045798E-004,
2.487766666666667E+009,-9.543974883854389E-004,4.010733391623944E-005,-8.200560114346445E-004,3.176488826284185E-005,
2.487800000000000E+009,-7.330433581955731E-004,1.384701463393867E-004,-8.871506433933973E-004,1.015043671941385E-004,
2.487833333333334E+009,-7.784846820868552E-004,5.840595258632675E-005,-1.039723167195916E-003,5.312512439559214E-005,
2.487866666666667E+009,-8.299373439513147E-004,1.866593811428174E-004,-8.811109582893550E-004,1.409264659741893E-004,
2.487900000000000E+009,-7.647374877706170E-004,2.144579484593123E-004,-8.960323175415397E-004,1.671986829023808E-004,
2.487933333333334E+009,-9.325668797828257E-004,1.138340085162781E-004,-9.843446314334869E-004,1.566665159771219E-004,
2.487966666666667E+009,-8.775381720624864E-004,7.699130219407380E-005,-9.597134194336832E-004,2.243389753857628E-004,
2.488000000000000E+009,-9.379221592098475E-004,2.118511765729636E-004,-9.531193645671010E-004,1.051483341143467E-004,
2.488033333333334E+009,-9.987336816266179E-004,1.364343916065991E-004,-9.412494837306440E-004,1.841087359935045E-004,
2.488066666666667E+009,-1.009184168651700E-003,7.457735773641616E-005,-9.402139694429934E-004,2.086519525619224E-004,
2.488100000000000E+009,-1.000229036435485E-003,2.796903136186302E-004,-9.145555086433888E-004,1.546659332234412E-004,
2.488133333333334E+009,-8.684480562806130E-004,1.087744822143577E-004,-7.611963083036244E-004,7.467083923984319E-005,
2.488166666666667E+009,-8.715960429981351E-004,1.296851260121912E-004,-9.001862490549684E-004,6.859551649540663E-005,
2.488200000000000E+009,-8.520390256308019E-004,1.537761854706332E-004,-8.461779798381031E-004,2.320746862096712E-004,
2.488233333333334E+009,-7.881839410401881E-004,3.494658740237355E-004,-8.282108465209603E-004,1.817430602386594E-004,
2.488266666666667E+009,-9.276497294194996E-004,1.616298395674676E-004,-9.126327349804342E-004,1.587391743669286E-004,
2.488300000000000E+009,-8.317022002302110E-004,2.798863570205867E-004,-8.486433653160930E-004,9.998753375839442E-005,
2.488333333333334E+009,-6.914691184647381E-004,1.256451505469158E-004,-9.866544278338552E-004,2.064441650873050E-004,
2.488366666666667E+009,-8.324132650159299E-004,1.687175827100873E-004,-8.168969070538878E-004,2.144010650226846E-004,
2.488400000000000E+009,-8.713766001164913E-004,2.160549483960494E-004,-9.044379112310708E-004,1.346822973573580E-004,
2.488433333333334E+009,-9.069580119103193E-004,3.535345604177564E-004,-7.887456449680030E-004,1.408287353115156E-004,
2.488466666666667E+009,-7.812866242602468E-004,2.499378751963377E-004,-8.651479147374630E-004,3.200725186616182E-004,
2.488500000000000E+009,-8.571970392949879E-004,2.455592912156135E-004,-7.142640533857048E-004,2.965927415061742E-004,
2.488533333333334E+009,-7.477279286831617E-004,2.951911883428693E-004,-7.870766567066312E-004,1.443948131054640E-004,
2.488566666666667E+009,-8.239109301939607E-004,1.636886881897226E-004,-9.032025118358433E-004,3.398681583348662E-004,
2.488600000000000E+009,-7.315559196285904E-004,2.795431646518409E-004,-8.443942060694099E-004,3.184369707014412E-004,
2.488633333333334E+009,-6.383721483871341E-004,2.592772652860731E-004,-8.378263446502388E-004,3.031538217328489E-004,
2.488666666666667E+009,-7.962663657963276E-004,3.152809222228825E-004,-7.881302153691649E-004,1.358820009045303E-004,
2.488700000000000E+009,-7.084321114234626E-004,3.531053953338414E-004,-7.922680815681815E-004,2.871294273063541E-004,
2.488733333333334E+009,-8.147676126100123E-004,2.048751048278064E-004,-8.190119988285005E-004,2.845845592673868E-004,
2.488766666666667E+009,-8.074604556895793E-004,3.164030204061419E-004,-8.730325498618186E-004,3.016084956470877E-004,
2.488800000000000E+009,-8.139741839841008E-004,3.087031363975257E-004,-6.573426071554422E-004,1.903022348415107E-004,
2.488833333333334E+009,-6.531663821078837E-004,1.444577355869114E-004,-8.177345735020936E-004,2.158499119104818E-004,
2.488866666666667E+009,-6.873004604130983E-004,3.151158452965319E-004,-8.533630170859397E-004,2.606799826025963E-004,
2.488900000000000E+009,-8.759704651311040E-004,1.952906750375405E-004,-9.152791462838650E-004,3.260775119997561E-004,
2.488933333333334E+009,-8.635830599814653E-004,2.419048396404833E-004,-8.921154076233506E-004,3.465860500000417E-004,
2.488966666666667E+009,-7.577493088319898E-004,2.665169886313379E-004,-7.887727697379887E-004,2.362053346587345E-004,
2.489000000000000E+009,-7.198787061497569E-004,2.558238920755684E-004,-7.600901299156249E-004,3.239722573198378E-004,
2.489033333333334E+009,-8.334344602189958E-004,2.950016641989350E-004,-7.432453567162156E-004,3.117777232546359E-004,
2.489066666666667E+009,-8.451814646832645E-004,2.593499375507236E-004,-7.342333556152880E-004,2.662538317963481E-004,
2.489100000000000E+009,-8.949618786573410E-004,3.076170105487108E-004,-7.587081054225564E-004,1.663235598243773E-004,
2.489133333333334E+009,-7.593065965920687E-004,2.804836840368807E-004,-8.777955663390458E-004,3.218379570171237E-004,
2.489166666666667E+009,-7.563009858131409E-004,1.528572029201314E-004,-7.869331748224795E-004,3.018328279722482E-004,
2.489200000000000E+009,-8.184247999452055E-004,3.565066726878285E-004,-8.163989987224340E-004,2.761932846624404E-004,
2.489233333333334E+009,-7.480536005459726E-004,3.214358002878726E-004,-7.650752668268979E-004,2.012961049331352E-004,
2.489266666666667E+009,-7.032681605778635E-004,3.852116642519832E-004,-7.691277423873544E-004,3.411412180867046E-004,
2.489300000000000E+009,-6.897636339999735E-004,2.724060323089361E-004,-6.139759207144380E-004,3.902521857526153E-004,
2.489333333333334E+009,-7.466917741112411E-004,3.582712379284203E-004,-8.983898442238569E-004,3.983797214459628E-004,
2.489366666666667E+009,-8.255479042418301E-004,3.611923602875322E-004,-6.636297330260277E-004,4.346864297986031E-004,
2.489400000000000E+009,-8.172067464329302E-004,4.299185238778591E-004,-7.288503111340106E-004,3.447755007073283E-004,
2.489433333333334E+009,-6.323403213173151E-004,3.783251449931413E-004,-6.450056098401547E-004,3.406667965464294E-004,
2.489466666666667E+009,-4.947744309902191E-004,2.246226504212245E-004,-8.463191916234791E-004,3.871691296808422E-004,
2.489500000000000E+009,-7.318066782318056E-004,3.191570867784321E-004,-7.048725965432823E-004,3.467014757916331E-004,
2.489533333333334E+009,-7.444506045430899E-004,4.453661385923624E-004,-6.530709797516465E-004,4.430488625075668E-004,
2.489566666666667E+009,-6.312725599855185E-004,4.633613280020654E-004,-6.043990724720061E-004,3.019566938746721E-004,
2.489600000000000E+009,-8.296059677377343E-004,4.576445207931101E-004,-7.140791276469827E-004,4.910880234092474E-004,
2.489633333333334E+009,-9.157187305390835E-004,3.716192150022835E-004,-8.848474826663733E-004,3.573737049009651E-004,
2.489666666666667E+009,-8.140450227074325E-004,4.581953980959952E-004,-7.505285320803523E-004,3.562391211744398E-004,
2.489700000000000E+009,-6.902631721459329E-004,4.210838815197349E-004,-7.471953867934644E-004,4.224171279929578E-004,
2.489733333333334E+009,-6.737332441844046E-004,5.623635952360928E-004,-8.131869835779071E-004,3.362103016115725E-004,
2.489766666666667E+009,-6.627424736507237E-004,4.616099759005010E-004,-7.424730574712157E-004,4.206931625958532E-004,
2.489800000000000E+009,-7.636409136466682E-004,4.941514926031232E-004,-6.993273273110390E-004,4.924008972011507E-004,
2.489833333333334E+009,-6.735022179782391E-004,4.269223427399993E-004,-7.562156533822417E-004,4.419662873260677E-004,
2.489866666666667E+009,-6.599240587092936E-004,4.783540789503604E-004,-6.815297529101372E-004,4.917971091344953E-004,
2.489900000000000E+009,-6.822397117502987E-004,4.387473745737225E-004,-7.204824942164123E-004,3.175687161274254E-004,
2.489933333333334E+009,-6.820072303526104E-004,4.469752602744848E-004,-7.860791520215571E-004,4.329489311203361E-004,
2.489966666666667E+009,-6.660457001999021E-004,4.971642629243434E-004,-6.061604944989085E-004,4.307853232603520E-004,
2.490000000000000E+009,-7.251380011439323E-004,3.170476993545890E-004,-6.490809610113502E-004,3.926440258510411E-004,
2.490033333333334E+009,-6.901065353304148E-004,3.868273925036192E-004,-5.812334129586816E-004,2.980380668304861E-004,
2.490066666666667E+009,-6.514105480164290E-004,4.971351590938866E-004,-6.735071656294167E-004,3.827479085884988E-004,
2.490100000000000E+009,-7.972167222760618E-004,4.428388783708215E-004,-6.990966503508389E-004,4.636163939721882E-004,
2.490133333333334E+009,-6.549728568643332E-004,3.209559072274715E-004,-7.251690840348601E-004,4.225932934787124E-004,
2.490166666666667E+009,-8.219365845434368E-004,4.255109815858305E-004,-7.504713139496744E-004,3.875342954415828E-004,
2.490200000000000E+009,-6.191864376887679E-004,4.594757920131087E-004,-6.817625253461301E-004,5.034772912040353E-004,
2.490233333333334E+009,-7.081980584189296E-004,4.680047568399459E-004,-6.468027131631970E-004,4.318116116337478E-004,
2.490266666666667E+009,-5.396035849116743E-004,4.171141772530973E-004,-6.380847189575434E-004,3.336202644277364E-004,
2.490300000000000E+009,-6.056893034838140E-004,4.901935462839901E-004,-7.603720878250897E-004,5.807628040201962E-004,
2.490333333333334E+009,-6.472183740697801E-004,4.761791497003287E-004,-5.764256929978728E-004,4.247892647981644E-004,
2.490366666666667E+009,-6.151626002974808E-004,2.738651528488845E-004,-6.863460293971002E-004,4.941953811794519E-004,
2.490400000000000E+009,-6.795934750698507E-004,5.370097351260483E-004,-5.444507114589214E-004,5.006908322684467E-004,
2.490433333333334E+009,-6.801795680075884E-004,4.294350219424814E-004,-5.509294569492340E-004,5.111428326927126E-004,
2.490466666666667E+009,-7.079469505697489E-004,4.297198029235005E-004,-6.786954472772777E-004,4.294939280953258E-004,
2.490500000000000E+009,-5.264613428153098E-004,5.415207706391811E-004,-7.288583437912166E-004,4.805336939170957E-004,
2.490533333333334E+009,-7.124165422283113E-004,4.428000829648227E-004,-6.397539982572198E-004,4.243731091264635E-004,
2.490566666666667E+009,-6.218772614374757E-004,4.514389147516340E-004,-6.580943590961397E-004,4.595763166435063E-004,
2.490600000000000E+009,-5.584238097071648E-004,4.551180754788220E-004,-7.098948117345572E-004,4.299574356991798E-004,
2.490633333333334E+009,-7.099934155121446E-004,4.196907393634319E-004,-6.444802857004106E-004,3.753610071726143E-004,
2.490666666666667E+009,-6.275785854086280E-004,4.652179486583918E-004,-7.395085413008928E-004,5.210425588302314E-004,
2.490700000000000E+009,-6.432529189623892E-004,2.256137231597677E-004,-8.077163365669549E-004,4.834407300222665E-004,
2.490733333333334E+009,-4.837143060285598E-004,5.414461484178901E-004,-5.786812980659306E-004,5.903229466639459E-004,
2.490766666666667E+009,-5.356083856895566E-004,3.467111091595143E-004,-6.932047544978559E-004,3.511126851662993E-004,
2.490800000000000E+009,-6.644483655691147E-004,5.166805349290371E-004,-6.455027614720166E-004,5.035327048972249E-004,
2.490833333333334E+009,-5.179966683499515E-004,3.922898613382131E-004,-6.215820903889835E-004,4.601486725732684E-004,
2.490866666666667E+009,-5.465553840622306E-004,4.932000301778317E-004,-4.676046373788267E-004,4.551467427518219E-004,
2.490900000000000E+009,-6.065013003535569E-004,5.421498208306730E-004,-5.453136982396245E-004,5.912248161621392E-004,
2.490933333333334E+009,-5.389283760450780E-004,5.349940620362759E-004,-5.674893618561328E-004,5.197784048505127E-004,
2.490966666666667E+009,-5.372896557673812E-004,4.923763917759061E-004,-6.117878947407007E-004,4.861690104007721E-004,
2.491000000000000E+009,-4.569180600810796E-004,5.075480439700186E-004,-6.578042521141470E-004,4.692175425589085E-004,
2.491033333333334E+009,-7.051468710415065E-004,6.362639251165092E-004,-5.905961734242737E-004,6.769517203792930E-004,
2.491066666666667E+009,-4.685820604208857E-004,4.521285882219672E-004,-6.203397060744464E-004,5.870762397535145E-004,
2.491100000000000E+009,-6.414327654056251E-004,4.557566717267036E-004,-5.581662408076227E-004,6.321009714156389E-004,
2.491133333333334E+009,-6.322364788502455E-004,4.877189057879150E-004,-6.719555822201073E-004,6.034732796251774E-004,
2.491166666666667E+009,-5.826484411954880E-004,5.398823996074498E-004,-6.402906728908420E-004,4.920159117318690E-004,
2.491200000000000E+009,-6.548398523591459E-004,5.357979098334909E-004,-6.514952983707190E-004,4.366501816548407E-004,
2.491233333333334E+009,-4.278176347725093E-004,5.807088455185294E-004,-6.061946041882038E-004,4.314773250371218E-004,
2.491266666666667E+009,-5.156483966857195E-004,5.827971035614610E-004,-6.372065399773419E-004,5.523787112906575E-004,
2.491300000000000E+009,-6.114630377851427E-004,6.074613193050027E-004,-6.087218644097447E-004,4.844018258154392E-004,
2.491333333333334E+009,-6.287058349698782E-004,3.470179799478501E-004,-6.585344090126455E-004,4.769525548908860E-004,
2.491366666666667E+009,-6.983809289522469E-004,5.900734686292708E-004,-5.688683013431728E-004,6.258279317989945E-004,
2.491400000000000E+009,-6.638414924964309E-004,5.693025887012482E-004,-7.267209002748132E-004,6.417564582079649E-004,
2.491433333333334E+009,-6.004452006891370E-004,5.538769764825702E-004,-5.126819014549255E-004,6.513609550893307E-004,
2.491466666666667E+009,-4.821251495741308E-004,4.761669260915369E-004,-6.453749956563115E-004,5.798476049676538E-004,
2.491500000000000E+009,-6.460391450673342E-004,5.869810702279210E-004,-5.989858182147145E-004,5.508509348146617E-004,
2.491533333333334E+009,-5.819260841235519E-004,6.690779700875282E-004,-2.732408756855875E-004,6.677002529613674E-004,
2.491566666666667E+009,-6.324076093733311E-004,5.159094580449164E-004,-5.248882807791233E-004,6.290479796007276E-004,
2.491600000000000E+009,-5.266937660053372E-004,5.815728800371289E-004,-6.161353085190058E-004,5.592486704699695E-004,
2.491633333333334E+009,-5.798946949653328E-004,6.066327332518995E-004,-6.035275873728097E-004,4.981043166480959E-004,
2.491666666666667E+009,-4.988777800463140E-004,6.352499476633966E-004,-4.646138695534319E-004,6.861752481199801E-004,
2.491700000000000E+009,-3.655831096693873E-004,5.735074519179761E-004,-5.294172442518175E-004,6.256057531572878E-004,
2.491733333333334E+009,-6.538419402204454E-004,6.239506183192134E-004,-6.555737345479429E-004,5.670813261531293E-004,
2.491766666666667E+009,-6.147652748040855E-004,6.091076065786183E-004,-4.932794254273176E-004,5.834237090311945E-004,
2.491800000000000E+009,-5.756627069786191E-004,6.593329017050564E-004,-6.010953220538795E-004,5.109224002808332E-004,
2.491833333333334E+009,-5.614827969111502E-004,4.350869858171791E-004,-5.339728086255491E-004,6.126582156866789E-004,
2.491866666666667E+009,-5.532104987651110E-004,6.495508132502437E-004,-5.554340896196663E-004,5.446156719699502E-004,
2.491900000000000E+009,-6.204476812854409E-004,5.560895660892129E-004,-5.082073621451855E-004,6.482371245510876E-004,
2.491933333333334E+009,-6.446440238505602E-004,7.175933569669724E-004,-5.242348415777087E-004,5.813145544379950E-004,
2.491966666666667E+009,-5.801349761895835E-004,5.852098111063242E-004,-6.296540377661586E-004,6.476190756075084E-004,
2.492000000000000E+009,-5.342662334442139E-004,6.280265515670180E-004,-5.800420767627657E-004,6.855340907350183E-004,
2.492033333333334E+009,-5.996255786158145E-004,6.317730294540525E-004,-4.072286828886718E-004,6.349955801852047E-004,
2.492066666666667E+009,-5.003808764740825E-004,5.282009951770306E-004,-5.941087729297578E-004,6.495796260423958E-004,
2.492100000000000E+009,-5.714978324249387E-004,6.826654425822198E-004,-4.586497670970857E-004,6.083702319301665E-004,
2.492133333333334E+009,-8.183076279237866E-004,6.484394543804228E-004,-5.007123691029847E-004,6.045983172953129E-004,
2.492166666666667E+009,-5.862453836016357E-004,6.776400259695947E-004,-5.849724984727800E-004,5.883713020011783E-004,
2.492200000000000E+009,-5.493378266692162E-004,6.661617662757635E-004,-5.034719943068922E-004,5.949214682914317E-004,
2.492233333333334E+009,-5.997329717501998E-004,6.388039328157902E-004,-6.591217243112624E-004,6.171676795929670E-004,
2.492266666666667E+009,-4.613025521393865E-004,8.194628753699362E-004,-4.908257978968322E-004,6.043693283572793E-004,
2.492300000000000E+009,-6.454010144807398E-004,7.179339881986380E-004,-5.453777266666293E-004,6.538438610732555E-004,
2.492333333333334E+009,-5.163474706932902E-004,6.173009751364589E-004,-5.779380444437265E-004,6.793477223254740E-004,
2.492366666666667E+009,-5.133800441399217E-004,6.229840219020844E-004,-6.029577343724668E-004,7.067865226417780E-004,
2.492400000000000E+009,-5.134522216394544E-004,5.015663336962462E-004,-3.751958720386028E-004,8.557761320844293E-004,
2.492433333333334E+009,-6.055346457287669E-004,5.820663063786924E-004,-6.636498728767037E-004,6.916402489878237E-004,
2.492466666666667E+009,-6.642404478043318E-004,6.667572306469083E-004,-5.802171654067934E-004,6.151557900011540E-004,
2.492500000000000E+009,-5.098081892356277E-004,6.279591470956802E-004,-5.920312250964344E-004,7.680759881623089E-004,
2.492533333333334E+009,-5.366980913095176E-004,8.093512733466923E-004,-4.836854932364076E-004,6.798501708544791E-004,
2.492566666666667E+009,-4.118698998354375E-004,6.899493164382875E-004,-4.452108114492148E-004,5.782874650321901E-004,
2.492600000000000E+009,-3.092136757913977E-004,7.727995398454368E-004,-5.963747971691191E-004,7.284184102900326E-004,
2.492633333333334E+009,-4.970411537215114E-004,6.115438300184906E-004,-4.220215196255595E-004,7.539344951510429E-004,
2.492666666666667E+009,-5.010749446228147E-004,6.779741961508989E-004,-4.162178956903517E-004,7.280111312866211E-004,
2.492700000000000E+009,-4.826301010325551E-004,6.335122743621469E-004,-3.855942049995065E-004,7.333073881454766E-004,
2.492733333333334E+009,-4.548571014311165E-004,6.217688787728548E-004,-4.050151037517935E-004,7.177260704338551E-004,
2.492766666666667E+009,-4.063825472258031E-004,6.806798628531396E-004,-3.488871734589338E-004,6.630067364312708E-004,
2.492800000000000E+009,-5.690851248800755E-004,8.076505037024617E-004,-3.830011701211333E-004,6.752642220817506E-004,
2.492833333333334E+009,-3.938078880310059E-004,6.523954216390848E-004,-4.613506607711315E-004,6.977780140005052E-004,
2.492866666666667E+009,-5.175661062821746E-004,7.021347410045564E-004,-5.163706955499947E-004,7.715236861258745E-004,
2.492900000000000E+009,-4.822499176952988E-004,7.329932996071875E-004,-5.445546121336520E-004,7.440596236847341E-004,
2.492933333333334E+009,-4.886512178927660E-004,8.535947417840362E-004,-2.778107882477343E-004,7.713600643910468E-004,
2.492966666666667E+009,-5.161379231140018E-004,7.304282044060528E-004,-5.246730870567262E-004,7.824111962690949E-004,
2.493000000000000E+009,-3.893752000294626E-004,8.162804879248142E-004,-4.918504273518920E-004,7.994583575055003E-004,
2.493033333333334E+009,-4.179213137831539E-004,7.905734819360077E-004,-3.290996246505529E-004,7.531973533332348E-004,
2.493066666666667E+009,-4.338319413363934E-004,7.363375043496490E-004,-3.473937977105379E-004,7.027499377727509E-004,
2.493100000000000E+009,-4.320833832025528E-004,8.322173380292952E-004,-5.873019690625370E-004,7.235212251543999E-004,
2.493133333333334E+009,-4.320354782976210E-004,8.207019418478012E-004,-4.324153997004032E-004,8.323860820382834E-004,
2.493166666666667E+009,-3.428245254326612E-004,6.894937250763178E-004,-2.440562675474212E-004,6.690470036119223E-004,
2.493200000000000E+009,-3.569301916286349E-004,7.732825470156968E-004,-3.440758446231484E-004,8.097772952169180E-004,
2.493233333333334E+009,-2.813003375194967E-004,8.177508716471493E-004,-4.647581372410059E-004,7.800718885846436E-004,
2.493266666666667E+009,-3.326339356135577E-004,7.982576498761773E-004,-3.163503715768457E-004,7.359497249126434E-004,
2.493300000000000E+009,-3.624016826506704E-004,8.733358699828386E-004,-3.486036439426243E-004,8.902164408937097E-004,
2.493333333333334E+009,-4.205263685435057E-004,7.510912837460637E-004,-2.942396677099168E-004,7.119112415239215E-004,
2.493366666666667E+009,-4.188879975117743E-004,7.430067053064704E-004,-5.489488248713315E-004,8.350317948497832E-004,
2.493400000000000E+009,-3.587155952118337E-004,7.264487794600427E-004,-3.468373324722052E-004,8.220255840569735E-004,
2.493433333333334E+009,-3.883679164573550E-004,6.874170503579080E-004,-4.298996063880622E-004,8.051771437749267E-004,
2.493466666666667E+009,-3.116421285085380E-004,8.915429934859276E-004,-3.255846386309713E-004,8.359646308235824E-004,
2.493500000000000E+009,-3.609891573432833E-004,8.564388845115900E-004,-3.428237978368998E-004,7.974451873451471E-004,
2.493533333333334E+009,-4.197889065835625E-004,8.501440170221031E-004,-4.251555947121233E-004,9.202299406751990E-004,
2.493566666666667E+009,-4.573675687424839E-004,8.766336832195520E-004,-3.160857304465026E-004,9.198498446494341E-004,
2.493600000000000E+009,-3.990282421000302E-004,7.902795914560556E-004,-4.097933415323496E-004,8.385283290408552E-004,
2.493633333333334E+009,-2.981678117066622E-004,8.367931586690247E-004,-3.533846465870738E-004,7.772560929879546E-004,
2.493666666666667E+009,-4.012208082713187E-004,7.624381687492132E-004,-3.007133491337299E-004,9.076006826944649E-004,
2.493700000000000E+009,-3.689804871100932E-004,8.026806171983481E-004,-3.141550696454942E-004,9.255722980014980E-004,
2.493733333333334E+009,-2.920153201557696E-004,9.865334723144770E-004,-2.834070764947683E-004,9.675647597759962E-004,
2.493766666666667E+009,-2.733322908170521E-004,9.424558957107365E-004,-3.712172037921846E-004,9.695044718682766E-004,
2.493800000000000E+009,-1.688816410023719E-004,9.583438513800502E-004,-3.248847788199782E-004,7.980979280546308E-004,
2.493833333333334E+009,-3.477222344372422E-004,8.966839523054659E-004,-4.344288900028914E-004,8.596084662713110E-004,
2.493866666666667E+009,-2.251417172374204E-004,9.119526948779821E-004,-4.102693928871304E-004,1.036358065903187E-003,
2.493900000000000E+009,-3.107515512965620E-004,9.446863550692797E-004,-2.808292338158935E-004,9.643383673392236E-004,
2.493933333333334E+009,-3.242039820179343E-004,8.293705177493393E-004,-2.164537290809676E-004,9.955744026228786E-004,
2.493966666666667E+009,-3.894359688274562E-004,8.699049940332770E-004,-3.554677823558450E-004,8.085404406301677E-004,
2.494000000000000E+009,-2.553047088440508E-004,9.313738555647433E-004,-2.785389369819313E-004,8.907416486181319E-004,
2.494033333333334E+009,-2.891305775847286E-004,8.039035019464791E-004,-2.268239186378196E-004,9.308245498687029E-004,
2.494066666666667E+009,-2.764145319815725E-004,9.838116820901632E-004,-2.137981791747734E-004,8.976348326541483E-004,
2.494100000000000E+009,-3.885806945618242E-004,9.913054527714849E-004,-2.855562488548458E-004,9.324990678578615E-004,
2.494133333333334E+009,-1.345693599432707E-004,7.890122360549867E-004,-3.099448513239622E-004,9.110097307711840E-004,
2.494166666666667E+009,-2.632600953802466E-004,8.981497376225889E-004,-1.848666433943436E-004,8.970372728072107E-004,
2.494200000000000E+009,-1.911835133796558E-004,8.783453376963735E-004,-1.465577952330932E-004,9.801167761906982E-004,
2.494233333333334E+009,-1.574105590407271E-005,9.238990023732185E-004,-2.458921808283776E-004,9.170749108307064E-004,
2.494266666666667E+009,-1.275492686545476E-004,1.005563302896917E-003,-1.724307512631640E-004,9.644542587921023E-004,
2.494300000000000E+009,-1.976210623979569E-004,9.712462779134512E-004,-2.573637466412038E-004,8.840795489959419E-004,
2.494333333333334E+009,-1.528988941572607E-004,1.061934046447277E-003,-1.772782125044614E-004,9.871267247945070E-004,
2.494366666666667E+009,-5.106057506054640E-005,9.510484524071217E-004,-7.625050784554333E-005,9.246882982552052E-004,
2.494400000000000E+009,-6.469862273661420E-005,1.063830102793872E-003,-1.774030097294599E-004,1.017529284581542E-003,
2.494433333333334E+009,-5.059016621089540E-005,9.926179191097617E-004,-1.447742251912132E-004,9.459370048716664E-004,
2.494466666666667E+009,-2.610295487102121E-004,9.855082025751472E-004,-1.158220911747776E-004,9.342269622720778E-004,
2.494500000000000E+009,-6.442613084800541E-005,1.005504163913429E-003,-7.870401896070689E-005,9.500824962742627E-004,
2.494533333333334E+009,2.035290344792884E-005,1.039546797983348E-003,-1.091963567887433E-004,1.065267249941826E-003,
2.494566666666667E+009,-9.687910642242059E-005,1.022939803078771E-003,-1.787081600923557E-005,9.986605728045106E-004,
2.494600000000000E+009,-4.881153290625662E-005,1.001925789751113E-003,-9.207664697896689E-005,9.024916798807681E-004,
2.494633333333334E+009,-1.673635561019182E-004,9.354456560686231E-004,-1.062265509972349E-004,9.931653039529920E-004,
2.494666666666667E+009,-5.673716441378929E-005,9.506752830930054E-004,-1.072671584552154E-004,9.922168683260679E-004,
2.494700000000000E+009,-3.563286009011790E-005,1.012366497889161E-003,-1.987794094020501E-004,1.024066237732768E-003,
2.494733333333334E+009,-2.392084934399463E-005,1.021385309286416E-003,-3.439013380557299E-005,9.374851360917091E-004,
2.494766666666667E+009,8.050996257225052E-005,1.034325454384089E-003,-1.504562715126667E-005,9.908139472827315E-004,
2.494800000000000E+009,9.764311835169792E-005,1.028322032652795E-003,4.623881977749988E-005,1.051067025400698E-003,
2.494833333333334E+009,-1.244942832272500E-004,1.091253827326000E-003,-9.700293594505638E-005,9.942031465470791E-004,
2.494866666666667E+009,-8.868986333254725E-005,1.060334267094731E-003,6.847497570561245E-005,1.016392372548580E-003,
2.494900000000000E+009,-1.731327211018652E-005,1.045721466653049E-003,4.004242873634212E-005,9.994851425290108E-004,
2.494933333333334E+009,-3.289377127657645E-005,9.760206448845565E-004,-2.317284997843672E-005,1.056993962265551E-003,
2.494966666666667E+009,1.603192868060432E-005,1.055986387655139E-003,9.314111593994312E-006,1.114808837883174E-003,
2.495000000000000E+009,9.421297363587655E-006,1.083484035916627E-003,6.389107875293121E-005,9.486317867413163E-004,
2.495033333333334E+009,7.194690260803327E-005,8.438656223006547E-004,-6.250417936826125E-005,1.016248250380158E-003,
2.495066666666667E+009,2.175014742533676E-005,9.506037458777428E-004,5.270760811981745E-005,9.462856105528772E-004,
2.495100000000000E+009,7.349956285906956E-005,9.412573417648673E-004,2.452463013469242E-005,9.541479521431029E-004,
2.495133333333334E+009,8.122770668705925E-005,1.043164986185730E-003,7.740036380710080E-005,9.522176114842296E-004,
2.495166666666667E+009,1.321063027717173E-004,1.068133045919240E-003,6.625114474445581E-005,9.893313981592655E-004,
2.495200000000000E+009,9.153842984233052E-005,1.011976273730397E-003,3.625125827966258E-006,9.891616646200419E-004,
2.495233333333334E+009,1.972375030163676E-004,8.584031020291150E-004,9.412006329512224E-005,1.014762325212359E-003,
2.495266666666667E+009,2.305908710695803E-004,9.789924370124936E-004,2.401233068667352E-004,9.832549840211868E-004,
2.495300000000000E+009,5.858997974428348E-005,1.019711606204510E-003,1.964197290362790E-004,9.882488520815969E-004,
2.495333333333334E+009,2.491946506779641E-004,9.850207716226578E-004,2.505165757611394E-004,1.081503927707672E-003,
2.495366666666667E+009,2.174406254198402E-004,1.058952184394002E-003,8.026343130040914E-005,9.844761807471514E-004,
2.495400000000000E+009,1.055640968843363E-004,8.718793978914619E-004,1.428831455996260E-004,9.592254064045847E-004,
2.495433333333334E+009,2.571401419118047E-004,8.715433068573475E-004,1.840427867136896E-004,8.863974362611771E-004,
2.495466666666667E+009,1.749588409438729E-004,9.277178323827684E-004,2.264015347464010E-004,1.038937480188906E-003,
2.495500000000000E+009,1.459273480577394E-004,9.797227103263140E-004,2.062140702037141E-004,9.377013193443418E-004,
2.495533333333334E+009,2.720979391597211E-004,9.307380532845855E-004,1.672364014666528E-004,8.587987977080047E-004,
2.495566666666667E+009,4.019653424620628E-004,1.143649569712579E-003,2.831804158631712E-004,9.934370173141360E-004,
2.495600000000000E+009,1.584513811394572E-004,1.017666421830654E-003,1.886171085061505E-004,1.040863222442567E-003,
2.495633333333334E+009,2.312075230292976E-004,1.012143329717219E-003,2.572471858002245E-004,9.099221206270158E-004,
2.495666666666667E+009,2.789000573102385E-004,1.030262559652329E-003,1.893125008791685E-004,8.973972289822996E-004,
2.495700000000000E+009,3.376366512384266E-004,1.001674216240645E-003,2.512724895495921E-004,9.216943872161210E-004,
2.495733333333334E+009,1.941466907737777E-004,1.151056378148496E-003,3.042293246835470E-004,9.432976949028671E-004,
2.495766666666667E+009,3.613832814153284E-004,9.337883093394339E-004,2.597220300231129E-004,9.646970429457724E-004,
2.495800000000000E+009,3.028649662155658E-004,8.731235866434872E-004,3.209585847798735E-004,8.076754165813327E-004,
2.495833333333334E+009,3.726662544067949E-004,8.603606256656349E-004,2.932493516709656E-004,1.007286948151887E-003,
2.495866666666667E+009,4.003394569735974E-004,8.516631205566227E-004,4.719828139059246E-004,9.682780364528298E-004,
2.495900000000000E+009,4.923124215565622E-004,8.721229969523847E-004,2.785077376756817E-004,9.154415456578136E-004,
2.495933333333334E+009,4.990640445612371E-004,9.230592986568809E-004,3.264287079218775E-004,9.376828093081713E-004,
2.495966666666667E+009,4.245717718731612E-004,8.640256710350514E-004,3.379335103090853E-004,8.484857971780002E-004,
2.496000000000000E+009,4.292416560929269E-004,8.751300629228354E-004,5.053249769844115E-004,1.060398994013667E-003,
2.496033333333334E+009,4.346625064499676E-004,9.245086694136262E-004,2.927744935732335E-004,8.682156912982464E-004,
2.496066666666667E+009,3.950705577153713E-004,9.223300148732960E-004,5.514757940545678E-004,8.702715858817101E-004,
2.496100000000000E+009,4.347673675511032E-004,8.609537035226822E-004,4.001874185632914E-004,7.854354917071760E-004,
2.496133333333334E+009,4.164826532360166E-004,9.454584796912968E-004,3.685106348711997E-004,8.456889190711081E-004,
2.496166666666667E+009,4.796010325662792E-004,8.527747122570872E-004,4.601345572154969E-004,9.860994759947062E-004,
2.496200000000000E+009,4.650199261959642E-004,8.357802289538086E-004,4.402225022204220E-004,8.336955797858536E-004,
2.496233333333334E+009,4.894664743915200E-004,7.105236873030663E-004,4.282314621377736E-004,7.791412062942982E-004,
2.496266666666667E+009,5.165362963452935E-004,8.809135761111975E-004,4.630899056792259E-004,8.303808281198144E-004,
2.496300000000000E+009,4.702358564827591E-004,8.486817241646349E-004,6.542909541167319E-004,8.870675810612738E-004,
2.496333333333334E+009,5.053922068327665E-004,7.754371035844088E-004,4.809334059245884E-004,9.575744625180960E-004,
2.496366666666667E+009,5.616903654299676E-004,7.473613950423896E-004,3.770525800064206E-004,9.266575216315687E-004,
2.496400000000000E+009,4.488300182856619E-004,7.759742438793182E-004,4.675872041843832E-004,7.275269599631429E-004,
2.496433333333334E+009,6.097270525060594E-004,7.806142093613744E-004,5.818094359710813E-004,8.626176277175546E-004,
2.496466666666667E+009,5.389660946093500E-004,7.797602447681129E-004,5.339048802852631E-004,7.617860101163387E-004,
2.496500000000000E+009,5.097997491247952E-004,8.186224731616676E-004,5.093209911137819E-004,8.204758632928133E-004,
2.496533333333334E+009,4.782968317158520E-004,8.538662223145366E-004,5.992993828840554E-004,8.636926650069654E-004,
2.496566666666667E+009,6.394608062691987E-004,7.052000728435814E-004,5.503386491909623E-004,7.510729483328760E-004,
2.496600000000000E+009,5.679734167642891E-004,7.852300186641514E-004,4.687189939431846E-004,7.782822358421981E-004,
2.496633333333334E+009,5.516911041922867E-004,7.433329010382295E-004,5.202028551138938E-004,6.965888314880431E-004,
2.496666666666667E+009,8.337871404364705E-004,6.077911239117384E-004,6.852970691397786E-004,6.301119574345648E-004,
2.496700000000000E+009,6.422729347832501E-004,6.911531672812998E-004,6.326778675429523E-004,7.718488923273981E-004,
2.496733333333334E+009,5.585050676018000E-004,6.813170621171594E-004,6.422685692086816E-004,7.466866518370807E-004,
2.496766666666667E+009,6.385142914950848E-004,5.379642825573683E-004,5.538509576581419E-004,6.262697861529887E-004,
2.496800000000000E+009,4.829362733289599E-004,6.408538902178407E-004,6.515018758364022E-004,6.470317603088915E-004,
2.496833333333334E+009,5.524760344997048E-004,7.341827731579542E-004,7.486873073503375E-004,7.031593122519553E-004,
2.496866666666667E+009,5.593961104750633E-004,7.373936823569238E-004,7.290857029147446E-004,7.249414338730276E-004,
2.496900000000000E+009,5.509871407411993E-004,6.105235661379993E-004,5.607669008895755E-004,6.716943462379277E-004,
2.496933333333334E+009,6.289237062446773E-004,5.888096056878567E-004,6.178156472742558E-004,6.992320995777845E-004,
2.496966666666667E+009,6.748235900886357E-004,5.781141808256507E-004,6.394896190613508E-004,8.153859525918961E-004,
2.497000000000000E+009,6.616184255108237E-004,6.031732773408294E-004,6.121730548329651E-004,6.495924317277968E-004,
2.497033333333334E+009,7.314751856029034E-004,6.400343845598400E-004,6.906282505951822E-004,6.006362964399159E-004,
2.497066666666667E+009,5.159969441592693E-004,6.601504283025861E-004,6.880231667310000E-004,5.069881444796920E-004,
2.497100000000000E+009,6.709989975206554E-004,5.661917966790497E-004,7.645296282134950E-004,5.034440546296537E-004,
2.497133333333334E+009,7.259639096446335E-004,5.062032723799348E-004,6.723121041432023E-004,4.934995668008924E-004,
2.497166666666667E+009,6.409810739569366E-004,6.217398913577199E-004,7.150786113925278E-004,6.243134848773480E-004,
2.497200000000000E+009,6.471229135058820E-004,6.151613197289407E-004,5.353890010155737E-004,6.316481158137322E-004,
2.497233333333334E+009,7.836903678253293E-004,5.491095944307745E-004,7.839278550818563E-004,4.800785973202437E-004,
2.497266666666667E+009,7.032217108644545E-004,3.845250757876784E-004,6.488239159807563E-004,6.036261911503971E-004,
2.497300000000000E+009,5.987442564219236E-004,4.973822506144643E-004,7.117192726582289E-004,4.845601215492934E-004,
2.497333333333334E+009,7.030813721939921E-004,4.894696176052094E-004,6.824037409387529E-004,5.541065474972129E-004,
2.497366666666667E+009,7.343173492699862E-004,4.394902207423002E-004,6.763956043869257E-004,4.605755384545773E-004,
2.497400000000000E+009,7.956878398545086E-004,5.677860463038087E-004,6.764229037798941E-004,4.629081522580236E-004,
2.497433333333334E+009,7.201704429462552E-004,3.684381081257016E-004,6.163805956020951E-004,3.958560409955680E-004,
2.497466666666667E+009,7.023621001280844E-004,5.550077767111361E-004,7.034614682197571E-004,3.577568859327585E-004,
2.497500000000000E+009,6.152355927042663E-004,4.102328384760767E-004,7.253655930981040E-004,4.015475278720260E-004,
2.497533333333334E+009,6.808878388255835E-004,4.130967136006802E-004,7.177861989475787E-004,5.252022529020906E-004,
2.497566666666667E+009,6.677592173218727E-004,4.292619705665857E-004,8.044932619668543E-004,3.427439951337874E-004,
2.497600000000000E+009,7.291881483979523E-004,4.097074270248413E-004,6.677215569652617E-004,3.753296623472124E-004,
2.497633333333334E+009,5.832648603245616E-004,2.770292921923101E-004,6.814584485255182E-004,4.178342933300883E-004,
2.497666666666667E+009,6.035722326487303E-004,3.991852572653443E-004,6.314776837825775E-004,3.751741314772517E-004,
2.497700000000000E+009,8.605757611803711E-004,3.497995494399220E-004,6.635861354880035E-004,4.422255733516067E-004,
2.497733333333334E+009,7.013436988927424E-004,2.580301079433411E-004,8.137231925502420E-004,4.214927903376520E-004,
2.497766666666667E+009,6.232349551282823E-004,2.667051448952407E-004,6.529454258270562E-004,2.702734200283885E-004,
2.497800000000000E+009,6.995308795012534E-004,3.167956310790032E-004,6.966272485442460E-004,2.291866985615343E-004,
2.497833333333334E+009,6.826035096310079E-004,3.517803270369768E-004,5.422813701443374E-004,2.464137214701623E-004,
2.497866666666667E+009,5.906125297769904E-004,2.615857229102403E-004,6.958673475310206E-004,3.830696223303676E-004,
2.497900000000000E+009,7.103569223545492E-004,1.739118015393615E-004,6.531219696626067E-004,2.361261576879770E-004,
2.497933333333334E+009,6.316383369266987E-004,3.504028427414596E-004,6.601066561415792E-004,3.654650936368853E-004,
2.497966666666667E+009,6.579137407243252E-004,3.492707619443536E-004,6.785230361856520E-004,3.864812315441668E-004,
2.498000000000000E+009,5.828277789987624E-004,1.302656164625660E-004,6.888266652822495E-004,3.138635365758091E-004,
2.498033333333334E+009,7.866055238991976E-004,2.763518423307687E-004,5.217603757046163E-004,3.632245061453432E-004,
2.498066666666667E+009,6.747458828613162E-004,2.673875424079597E-004,6.864566239528358E-004,3.616476606111974E-004,
2.498100000000000E+009,6.046005873940885E-004,3.034225956071168E-004,5.050967447459698E-004,1.782271283445880E-004,
2.498133333333334E+009,3.859876014757901E-004,1.668626064201817E-004,5.307117826305330E-004,2.582365414127708E-004,
2.498166666666667E+009,5.469156894832850E-004,1.275921677006409E-004,6.451231893151999E-004,1.424495712853968E-004,
2.498200000000000E+009,6.091120303608477E-004,1.518806966487318E-004,5.561691941693425E-004,1.762720930855721E-004,
2.498233333333334E+009,6.009135977365077E-004,8.029038144741207E-005,7.612659246660769E-004,1.885451201815158E-004,
2.498266666666667E+009,6.154334987513721E-004,1.592366425029468E-005,6.404701853170991E-004,1.083726892829873E-004,
2.498300000000000E+009,6.412765360437334E-004,2.760964271146804E-004,6.694360636174679E-004,4.369773523649201E-005,
2.498333333333334E+009,6.509860977530479E-004,2.306428941665217E-004,5.912428023293614E-004,2.140689612133429E-004,
2.498366666666667E+009,5.880934768356383E-004,2.151392982341349E-004,5.185889312997460E-004,9.955681889550760E-005,
2.498400000000000E+009,6.123739294707775E-004,3.883532554027624E-005,5.526894819922745E-004,4.280986104276963E-005,
2.498433333333334E+009,5.540080019272864E-004,5.389859143178910E-005,6.812298088334501E-004,1.324594195466489E-004,
2.498466666666667E+009,5.801165243610740E-004,1.622844138182700E-004,6.187877734191716E-004,-3.562084430086543E-006,
2.498500000000000E+009,5.966658936813474E-004,1.063788149622269E-004,6.391956121660769E-004,2.712069363042247E-005,
2.498533333333334E+009,5.402726237662137E-004,2.563669404480606E-004,4.600676766131073E-004,2.975054485432338E-005,
2.498566666666667E+009,6.163917132653296E-004,1.219753903569654E-004,4.751440428663045E-004,1.073158855433576E-004,
2.498600000000000E+009,4.861758789047599E-004,1.576886425027624E-004,5.687114899046719E-004,9.987680095946416E-005,
2.498633333333334E+009,5.047329468652606E-004,-5.651208084600512E-006,4.785376950167120E-004,2.395101182628423E-005,
2.498666666666667E+009,5.354476743377745E-004,5.740819324273616E-005,4.530641599558294E-004,8.096356032183394E-005,
2.498700000000000E+009,5.715144798159599E-004,4.299004649510607E-005,4.703165614046156E-004,1.139034429797903E-005,
2.498733333333334E+009,6.446157931350172E-004,6.187878170749173E-005,6.108878296799958E-004,2.347815279790666E-005,
2.498766666666667E+009,5.523674190044403E-004,8.323942893184722E-005,4.774881526827812E-004,-2.231576399935875E-005,
2.498800000000000E+009,5.264451610855758E-004,1.191867995657958E-004,4.822119080927223E-004,1.053866144502536E-004,
2.498833333333334E+009,6.563142524100840E-004,1.913940104714129E-005,4.498980415519327E-004,1.480592036386952E-004,
2.498866666666667E+009,3.756526275537908E-004,1.539793884148821E-004,4.640353145077825E-004,4.330512456363067E-005,
2.498900000000000E+009,4.726627375930548E-004,5.871073517482728E-005,4.942041123285890E-004,-1.433275901945308E-004,
2.498933333333334E+009,4.143819678574801E-004,-7.938596354506444E-006,5.158883286640048E-004,-2.011064498219639E-005,
2.498966666666667E+009,4.858236352447420E-004,2.799829235300422E-005,4.340613668318838E-004,-5.138565938977990E-006,
2.499000000000000E+009,5.748253897763789E-004,2.584935646154918E-005,5.546745960600674E-004,9.449853678233922E-005,
2.499033333333334E+009,4.126068670302630E-004,1.364468062092783E-005,4.929411807097495E-004,-7.974315849423874E-006,
2.499066666666667E+009,4.602827539201826E-004,-1.429942494723946E-004,2.654026902746409E-004,1.360729766020086E-005,
2.499100000000000E+009,3.837576659861952E-004,4.365604036138393E-005,4.779700830113143E-004,3.171237767674029E-005,
2.499133333333334E+009,3.868206695187837E-004,7.694894156884402E-005,5.090971244499087E-004,-1.705031536403112E-005,
2.499166666666667E+009,4.360236052889377E-004,-5.477520971908234E-005,3.220793732907623E-004,-1.103043250623159E-004,
2.499200000000000E+009,4.324285255279392E-004,1.207417371915653E-004,4.806687647942454E-004,-2.469245009706356E-005,
2.499233333333334E+009,4.914638702757657E-004,-4.495038592722267E-005,5.039041861891747E-004,-1.148817100329325E-004,
2.499266666666667E+009,3.338577516842634E-004,9.357688395539299E-005,3.636689798440784E-004,4.049356721225195E-005,
2.499300000000000E+009,4.370847018435597E-004,-2.046373847406358E-004,3.896092239301652E-004,-4.157518560532481E-006,
2.499333333333334E+009,3.743086999747902E-004,9.159590990748256E-005,3.392213257029653E-004,-6.144317740108818E-005,
2.499366666666667E+009,2.315862657269463E-004,-1.845138513090205E-006,3.281885292381048E-004,4.373976480565034E-005,
2.499400000000000E+009,4.360991879366338E-004,1.755340927047655E-004,3.246304695494473E-004,2.081693855870981E-005,
2.499433333333334E+009,3.301908145658672E-004,-3.326736623421311E-005,3.134453145321459E-004,-3.348938480485231E-005,
2.499466666666667E+009,4.353852127678692E-004,-1.579134841449559E-004,2.840192173607647E-004,-5.294276888889726E-006,
2.499500000000000E+009,2.757316105999053E-004,-2.804942414513789E-005,2.193945110775530E-004,-1.793893025023863E-004,
2.499533333333334E+009,1.922108931466937E-004,6.577961175935343E-005,2.215581625932828E-004,-4.031397838843986E-005,
2.499566666666667E+009,1.814108254620805E-004,-1.219172463606810E-005,3.734917263500392E-004,-9.655723260948435E-005,
2.499600000000000E+009,3.284007252659649E-004,-4.775248089572415E-005,2.320133062312380E-004,-1.049387865350582E-004,
2.499633333333334E+009,3.198942577000707E-004,-2.399307959422004E-005,2.413432084722444E-004,-1.048317644745112E-004,
2.499666666666667E+009,3.353089559823275E-004,-6.760160613339394E-005,2.898999082390219E-004,8.189985965145752E-005,
2.499700000000000E+009,3.319729876238853E-004,-7.736114639556035E-005,3.427285409998149E-004,8.557670662412420E-005,
2.499733333333334E+009,1.975824561668560E-004,-4.175346111878753E-005,2.302688517374918E-004,5.410204539657570E-005,
2.499766666666667E+009,1.201286868308671E-004,7.695893145864829E-005,1.892419531941414E-004,6.410312380467076E-006,
2.499800000000000E+009,1.897990732686594E-004,-2.086497988784686E-005,1.760803424986079E-004,-8.446227730019018E-005,
2.499833333333334E+009,2.621920430101454E-004,2.609647344797850E-005,2.041437546722591E-004,9.413598490937147E-006,
2.499866666666667E+009,7.471832213923335E-005,1.088378412532620E-004,1.190709954244085E-004,5.047064405516721E-005,
2.499900000000000E+009,2.764325763564557E-004,1.029687628033571E-004,2.596767444629222E-004,1.767214598658029E-005,
2.499933333333334E+009,3.629518323577941E-005,8.084660657914355E-005,2.232255937997252E-004,-1.960153895197436E-005,
2.499966666666667E+009,1.671547215664759E-004,-2.112810761900619E-005,4.880874621449038E-005,8.821752271614969E-005,
2.500000000000000E+009,1.205914522870444E-004,-1.133721016230993E-004,1.574312191223726E-004,-7.350624218815938E-005,
