% Version 1.00
%
%freq[Hz];re:Trc1_S21;im:Trc1_S21;re:Trc2_S12;im:Trc2_S12;
2.480000000000000E+009,6.539510213769972E-004,-7.285394822247326E-004,4.267507174517959E-004,-6.261521484702826E-004,
2.480033333333334E+009,5.201118183322251E-004,-7.872111746110022E-004,4.802363691851497E-004,-8.135729585774243E-004,
2.480066666666667E+009,4.435598384588957E-004,-6.971280090510845E-004,5.303635261952877E-004,-6.717086071148515E-004,
2.480100000000000E+009,4.813154519069940E-004,-6.428075721487403E-004,3.944225027225912E-004,-7.678071269765496E-004,
2.480133333333334E+009,5.690914113074541E-004,-8.035689825192094E-004,5.489928880706430E-004,-7.141293608583510E-004,
2.480166666666667E+009,4.916300531476736E-004,-8.821075316518545E-004,5.284161888994277E-004,-8.080977713689208E-004,
2.480200000000000E+009,5.551194772124291E-004,-6.790417828597128E-004,4.676095559261739E-004,-6.551211117766798E-004,
2.480233333333334E+009,5.290195113047957E-004,-6.738423835486174E-004,3.139007603749633E-004,-8.210024680010974E-004,
2.480266666666667E+009,4.507279663812369E-004,-7.693199440836906E-004,4.783509066328406E-004,-9.544187341816723E-004,
2.480300000000000E+009,4.313485696911812E-004,-8.010632591322064E-004,3.968870441894978E-004,-7.395971333608031E-004,
2.480333333333334E+009,4.789388331118971E-004,-6.487786886282265E-004,5.223064217716456E-004,-8.390040602535009E-004,
2.480366666666667E+009,4.093714815098792E-004,-9.416408720426261E-004,3.118697786703706E-004,-8.530204067938030E-004,
2.480400000000000E+009,3.831492213066667E-004,-6.457796553149819E-004,4.780466842930764E-004,-6.968890666030347E-004,
2.480433333333334E+009,3.463046741671860E-004,-8.503825520165265E-004,3.416788240429014E-004,-8.866111165843904E-004,
2.480466666666667E+009,4.502358497120440E-004,-8.699448080733419E-004,5.195491248741746E-004,-7.693758234381676E-004,
2.480500000000000E+009,4.451752174645662E-004,-8.714906289242208E-004,3.754027129616588E-004,-9.023911552503705E-004,
2.480533333333334E+009,3.806538006756455E-004,-9.921687887981534E-004,4.043648950755596E-004,-9.456933476030827E-004,
2.480566666666667E+009,3.050763916689903E-004,-8.901560213416815E-004,3.802725987043232E-004,-9.364804136566818E-004,
2.480600000000000E+009,5.056572845205665E-004,-8.086569141596556E-004,4.664565203711391E-004,-8.001289097592235E-004,
2.480633333333334E+009,2.458158705849201E-004,-1.047083875164390E-003,2.459004754200578E-004,-8.371427538804710E-004,
2.480666666666667E+009,2.511944039724767E-004,-7.594389608129859E-004,5.129392957314849E-004,-9.373313514515758E-004,
2.480700000000000E+009,3.239873331040144E-004,-9.705165866762400E-004,3.821354475803673E-004,-9.021502337418497E-004,
2.480733333333334E+009,2.552133810240775E-004,-8.678732556290925E-004,3.125497896689922E-004,-1.038602087646723E-003,
2.480766666666667E+009,2.849343873094767E-004,-9.767654119059444E-004,4.666114691644907E-004,-1.011845422908664E-003,
2.480800000000000E+009,3.010831424035132E-004,-9.827024769037962E-004,4.205056175123900E-004,-8.528797188773751E-004,
2.480833333333334E+009,2.756870235316455E-004,-9.083871264010668E-004,3.391243226360530E-004,-1.065973192453384E-003,
2.480866666666667E+009,3.410047211218625E-004,-9.125786018557847E-004,2.736942260526121E-004,-7.626332226209343E-004,
2.480900000000000E+009,1.236871758010238E-004,-8.256022119894624E-004,2.635214477777481E-004,-8.670479874126613E-004,
2.480933333333334E+009,3.703861148096621E-004,-1.056030974723399E-003,3.295966307632625E-004,-9.175878367386758E-004,
2.480966666666667E+009,2.229090168839321E-004,-9.191508870571852E-004,2.554166712798178E-004,-1.087815384380519E-003,
2.481000000000000E+009,3.807180619332939E-004,-1.028620637953281E-003,2.815264160744846E-004,-1.044337521307170E-003,
2.481033333333334E+009,1.863128272816539E-004,-1.020636060275137E-003,3.717428189702332E-004,-9.451924124732614E-004,
2.481066666666667E+009,1.753272081259638E-004,-8.987231994979084E-004,3.452338278293610E-004,-1.080307411029935E-003,
2.481100000000000E+009,2.556402469053865E-004,-8.887439034879208E-004,2.981951402034611E-004,-9.516218560747802E-004,
2.481133333333334E+009,2.062133426079527E-004,-1.012364751659334E-003,1.855473528848961E-004,-9.101338800974190E-004,
2.481166666666667E+009,2.098050172207877E-004,-8.411323651671410E-004,1.568875159136951E-004,-1.034529879689217E-003,
2.481200000000000E+009,2.263721398776397E-004,-1.009107916615903E-003,1.471006253268570E-004,-1.022533630020917E-003,
2.481233333333334E+009,2.694129943847656E-004,-9.127457160502672E-004,3.764991924981587E-005,-9.463321184739471E-004,
2.481266666666667E+009,1.808059896575287E-004,-1.038424787111580E-003,9.755712380865589E-005,-9.950370294973254E-004,
2.481300000000000E+009,1.687014737399295E-004,-8.702789782546461E-004,1.353264524368569E-004,-9.946654317900538E-004,
2.481333333333334E+009,1.522173697594553E-004,-1.080550951883197E-003,8.164323662640527E-005,-1.040539820678532E-003,
2.481366666666667E+009,1.987321011256427E-004,-1.178777194581926E-003,1.993830665014684E-004,-1.064638607203960E-003,
2.481400000000000E+009,1.492796436650679E-004,-1.000678399577737E-003,1.564952253829688E-004,-1.041263458319008E-003,
2.481433333333334E+009,1.168589224107564E-004,-1.010105130262673E-003,2.121277502737939E-004,-1.202428014948964E-003,
2.481466666666667E+009,1.135135171352886E-004,-9.208107949234545E-004,1.284462487092242E-004,-1.039093360304833E-003,
2.481500000000000E+009,1.066836921381764E-004,-9.798901155591011E-004,9.584824147168547E-005,-9.691420709714294E-004,
2.481533333333334E+009,1.214929652633146E-004,-1.202993327751756E-003,5.252940172795206E-005,-9.950946550816298E-004,
2.481566666666667E+009,4.525050826487131E-005,-9.299474186263979E-004,5.817330020363443E-005,-1.089844387024641E-003,
2.481600000000000E+009,2.916460834967438E-005,-9.858109988272190E-004,2.245395589852706E-004,-1.015745103359222E-003,
2.481633333333334E+009,7.684125739615411E-005,-9.792364435270429E-004,7.244139851536602E-005,-1.100719091482461E-003,
2.481666666666667E+009,-7.595626084366813E-005,-9.607815882191062E-004,6.778239185223356E-005,-9.973335545510054E-004,
2.481700000000000E+009,-7.458978507202119E-005,-9.199054329656065E-004,1.089347861125134E-004,-1.015370828099549E-003,
2.481733333333334E+009,-1.915768007165752E-005,-1.222691731527448E-003,9.342828707303852E-005,-1.120949280448258E-003,
2.481766666666667E+009,4.413661008584313E-005,-1.171137788332999E-003,-1.361451286356896E-004,-1.009361585602164E-003,
2.481800000000000E+009,-4.141794124734588E-005,-8.946816669777036E-004,-2.557345214881934E-005,-9.958338923752308E-004,
2.481833333333334E+009,-8.974319644039497E-005,-1.039698137901723E-003,-1.342156792816240E-005,-9.922143071889877E-004,
2.481866666666667E+009,-1.926633922266774E-005,-1.129981828853488E-003,-1.627230813028291E-005,-1.001803786493838E-003,
2.481900000000000E+009,2.686281368369237E-005,-1.050820923410356E-003,-2.164513171010185E-005,-9.969994425773621E-004,
2.481933333333334E+009,-1.270900975214317E-004,-1.073324354365468E-003,2.833924008882605E-005,-1.017373171634972E-003,
2.481966666666667E+009,-5.409284858615138E-005,-9.981876937672496E-004,-9.340410906588659E-005,-1.070953672751784E-003,
2.482000000000000E+009,-6.957755249459297E-005,-1.117033069022000E-003,-8.638181316200644E-005,-1.100415014661849E-003,
2.482033333333334E+009,-2.304970694240183E-004,-1.056939014233649E-003,3.546898733475246E-005,-1.060850336216390E-003,
2.482066666666667E+009,-1.022964934236370E-004,-1.087832730263472E-003,-3.433160600252450E-005,-1.050228835083544E-003,
2.482100000000000E+009,-1.702968729659915E-004,-1.169447554275394E-003,-3.199123239028268E-005,-1.088186516426504E-003,
2.482133333333334E+009,-1.590552856214345E-004,-1.131582306697965E-003,-1.947115670191124E-004,-1.081469468772411E-003,
2.482166666666667E+009,-1.757051650201902E-004,-1.103163813240826E-003,-1.334553089691326E-004,-1.087789423763752E-003,
2.482200000000000E+009,-5.463269917527214E-005,-1.121118664741516E-003,-1.386750082019717E-004,-1.019689021632075E-003,
2.482233333333334E+009,-7.304623431991786E-005,-1.181276980787516E-003,-2.024898712988943E-004,-9.722948889248073E-004,
2.482266666666667E+009,-2.011608448810875E-004,-1.113434904254973E-003,-1.075544205377810E-004,-9.903947357088327E-004,
2.482300000000000E+009,-2.034903300227597E-004,-1.059207599610090E-003,-2.400603261776269E-004,-1.020553172565997E-003,
2.482333333333334E+009,-3.651494043879211E-004,-1.125078648328781E-003,-2.808873250614852E-004,-1.153984107077122E-003,
2.482366666666667E+009,-2.211245737271383E-004,-9.942298056557775E-004,-1.058307097991929E-004,-1.124639995396137E-003,
2.482400000000000E+009,-2.820290683303028E-004,-1.103095361031592E-003,-1.395025610690936E-004,-1.207303022965789E-003,
2.482433333333334E+009,-2.363538224017248E-004,-1.068410463631153E-003,-1.224154693773016E-004,-1.166160218417645E-003,
2.482466666666667E+009,-2.563353336881846E-004,-1.103185117244721E-003,-1.993481419049203E-004,-1.050847116857767E-003,
2.482500000000000E+009,-2.392134629189968E-004,-1.051947358064354E-003,-2.418266085442156E-004,-1.106215175241232E-003,
2.482533333333334E+009,-3.031351370736957E-004,-1.051379134878516E-003,-2.833684557117522E-004,-1.018944545648992E-003,
2.482566666666667E+009,-2.785031974781305E-004,-1.210952759720385E-003,-3.466074995230883E-004,-9.878175333142281E-004,
2.482600000000000E+009,-2.900403051171452E-004,-1.184347318485379E-003,-3.488619695417583E-004,-9.820222621783614E-004,
2.482633333333334E+009,-2.989137719850987E-004,-1.057423884049058E-003,-4.179251263849437E-004,-1.213307608850300E-003,
2.482666666666667E+009,-4.043506924062967E-004,-1.059281057678163E-003,-4.061547224409878E-004,-9.921386372298002E-004,
2.482700000000000E+009,-3.252952010370791E-004,-1.101066009141505E-003,-2.663067134562880E-004,-9.988541714847088E-004,
2.482733333333334E+009,-3.652189043350518E-004,-1.053778221830726E-003,-3.826212196145207E-004,-9.260609513148665E-004,
2.482766666666667E+009,-4.243178118485957E-004,-1.157571095973253E-003,-3.674082399811596E-004,-1.000565593130887E-003,
2.482800000000000E+009,-3.066737845074385E-004,-1.029335428029299E-003,-4.822546034120023E-004,-1.007756218314171E-003,
2.482833333333334E+009,-3.244154504500330E-004,-9.937970899045467E-004,-3.954609564971179E-004,-9.750270401127636E-004,
2.482866666666667E+009,-4.210574843455106E-004,-1.001680386252701E-003,-3.816545358859003E-004,-1.090569887310267E-003,
2.482900000000000E+009,-4.455909656826407E-004,-1.030229148454964E-003,-4.376287106424570E-004,-1.004157238639891E-003,
2.482933333333334E+009,-4.541256348602474E-004,-1.029558246955276E-003,-4.067746049258858E-004,-1.043739146552980E-003,
2.482966666666667E+009,-3.908181970473379E-004,-1.151027856394649E-003,-2.609547809697688E-004,-9.747843723744154E-004,
2.483000000000000E+009,-2.905820147134364E-004,-1.020236988551915E-003,-4.173846682533622E-004,-9.774778736755252E-004,
2.483033333333334E+009,-3.556556766852737E-004,-1.118935761041939E-003,-4.716578114312142E-004,-9.905935730785132E-004,
2.483066666666667E+009,-3.084079944528639E-004,-9.959676535800099E-004,-3.476061392575502E-004,-9.866408072412014E-004,
2.483100000000000E+009,-4.351787501946092E-004,-9.267777786590159E-004,-5.151219083927572E-004,-1.022848766297102E-003,
2.483133333333334E+009,-5.166256451047957E-004,-9.700638474896550E-004,-5.241898470558226E-004,-9.746779105626047E-004,
2.483166666666667E+009,-4.765695484820753E-004,-8.880277746357024E-004,-3.525478823576123E-004,-9.357152739539743E-004,
2.483200000000000E+009,-5.120462155900896E-004,-8.909878088161349E-004,-5.900685209780932E-004,-1.100134570151568E-003,
2.483233333333334E+009,-5.689602694474161E-004,-1.011840999126434E-003,-4.926799447275698E-004,-1.049638027325273E-003,
2.483266666666667E+009,-4.699119017459452E-004,-9.851607028394938E-004,-5.268747918307781E-004,-1.020219177007675E-003,
2.483300000000000E+009,-5.607876810245216E-004,-8.429929148405790E-004,-5.697287269867957E-004,-9.078003349713981E-004,
2.483333333333334E+009,-6.219040369614959E-004,-9.265445405617356E-004,-4.746479098685086E-004,-9.555561118759215E-004,
2.483366666666667E+009,-5.159502034075558E-004,-8.760784403420985E-004,-7.008629618212581E-004,-9.559901664033532E-004,
2.483400000000000E+009,-4.991225432604551E-004,-9.319331729784608E-004,-6.202176446095109E-004,-9.522389154881239E-004,
2.483433333333334E+009,-5.780850187875330E-004,-8.516220259480178E-004,-6.214104359969497E-004,-1.012793974950910E-003,
2.483466666666667E+009,-5.211153766140342E-004,-1.124594244174659E-003,-6.110210088081658E-004,-9.553892305120826E-004,
2.483500000000000E+009,-6.383578293025494E-004,-9.641500655561686E-004,-4.768809594679624E-004,-9.289361769333482E-004,
2.483533333333334E+009,-5.394995678216219E-004,-1.013121451251209E-003,-6.171464920043945E-004,-9.542466141283512E-004,
2.483566666666667E+009,-5.202231695875526E-004,-9.244743851013482E-004,-6.135511794127524E-004,-9.288556175306439E-004,
2.483600000000000E+009,-5.905803991481662E-004,-9.767061565071344E-004,-5.739161861129105E-004,-8.586480980738998E-004,
2.483633333333334E+009,-6.391135975718498E-004,-9.781682165339589E-004,-6.247443961910904E-004,-8.493370842188597E-004,
2.483666666666667E+009,-6.222309311851859E-004,-9.650174179114401E-004,-6.162090576253831E-004,-8.962467545643449E-004,
2.483700000000000E+009,-7.889952394180000E-004,-8.694720454514027E-004,-6.381499115377665E-004,-9.283775580115616E-004,
2.483733333333334E+009,-6.896434351801872E-004,-7.936523179523647E-004,-6.275740452110767E-004,-9.070616797544062E-004,
2.483766666666667E+009,-7.691057980991900E-004,-9.525731438770890E-004,-6.732795154675841E-004,-1.013109576888382E-003,
2.483800000000000E+009,-7.162975380197167E-004,-7.482342189177871E-004,-6.674366886727512E-004,-8.326785755343735E-004,
2.483833333333334E+009,-6.189657724462450E-004,-8.030993631109595E-004,-7.684467709623277E-004,-8.894421625882387E-004,
2.483866666666667E+009,-8.214642293751240E-004,-8.977176039479673E-004,-7.966133998706937E-004,-8.426330750808120E-004,
2.483900000000000E+009,-7.585872663185000E-004,-8.231135434471071E-004,-8.300343179143965E-004,-8.845634874887765E-004,
2.483933333333334E+009,-6.929211667738855E-004,-8.232166874222457E-004,-7.332769455388188E-004,-8.678499725647271E-004,
2.483966666666667E+009,-9.175583254545927E-004,-7.310175569728017E-004,-7.619617390446365E-004,-7.542151724919677E-004,
2.484000000000000E+009,-7.280528079718351E-004,-7.586894207634032E-004,-6.362423300743103E-004,-7.768750656396151E-004,
2.484033333333334E+009,-6.620418280363083E-004,-9.094668203033507E-004,-8.478597155772150E-004,-8.398744976148009E-004,
2.484066666666667E+009,-7.362480391748250E-004,-8.402640232816339E-004,-8.414612966589630E-004,-8.175211842171848E-004,
2.484100000000000E+009,-7.001023041084409E-004,-7.328130886889994E-004,-7.677309331484139E-004,-8.747918764129281E-004,
2.484133333333334E+009,-7.984143448993564E-004,-7.384050986729562E-004,-7.340151933021843E-004,-7.617225055582821E-004,
2.484166666666667E+009,-8.251964463852346E-004,-6.607067771255970E-004,-7.205293513834477E-004,-7.250495837070048E-004,
2.484200000000000E+009,-8.082523127086461E-004,-7.997964276000857E-004,-7.245418964885175E-004,-6.440936704166234E-004,
2.484233333333334E+009,-7.300556753762066E-004,-6.996223819442093E-004,-7.466991664841771E-004,-6.304177804850042E-004,
2.484266666666667E+009,-7.113569881767035E-004,-7.454529404640198E-004,-7.732482627034187E-004,-8.032327168621123E-004,
2.484300000000000E+009,-8.686975925229490E-004,-6.881452281959355E-004,-9.530116221867502E-004,-7.231005583889782E-004,
2.484333333333334E+009,-8.725715451873839E-004,-6.481710006482899E-004,-7.801284082233906E-004,-7.135818595997989E-004,
2.484366666666667E+009,-8.740411140024662E-004,-5.640949239023030E-004,-8.561466820538044E-004,-6.857950356788933E-004,
2.484400000000000E+009,-6.949699018150568E-004,-7.609279127791524E-004,-8.094755467027426E-004,-7.976890192367137E-004,
2.484433333333334E+009,-5.744727677665651E-004,-5.541499122045934E-004,-9.114888380281627E-004,-5.741226486861706E-004,
2.484466666666667E+009,-7.752126548439264E-004,-7.041771314106882E-004,-9.050376829691231E-004,-7.245658198371530E-004,
2.484500000000000E+009,-9.095090790651739E-004,-5.880770622752607E-004,-9.051003144122660E-004,-7.277010008692741E-004,
2.484533333333334E+009,-9.323539561592042E-004,-6.124047795310617E-004,-8.926110458560288E-004,-5.672183469869196E-004,
2.484566666666667E+009,-1.046311925165355E-003,-5.364672397263348E-004,-8.965546730905771E-004,-6.523444317281246E-004,
2.484600000000000E+009,-7.483555818907917E-004,-6.244232645258308E-004,-9.531741379760206E-004,-6.658110651187599E-004,
2.484633333333334E+009,-1.060624956153333E-003,-6.179977208375931E-004,-8.918442181311548E-004,-6.846381002105773E-004,
2.484666666666667E+009,-8.684516651555896E-004,-5.440346430987120E-004,-8.662010077387095E-004,-6.616768077947199E-004,
2.484700000000000E+009,-8.107231697067618E-004,-6.966729415580630E-004,-8.841129019856453E-004,-5.612975801341236E-004,
2.484733333333334E+009,-9.606305393390358E-004,-6.267964490689337E-004,-8.783008088357747E-004,-5.514327203854919E-004,
2.484766666666667E+009,-1.002022763714194E-003,-6.657404010184109E-004,-9.068468934856355E-004,-4.838146269321442E-004,
2.484800000000000E+009,-9.105571079999209E-004,-7.347554201260209E-004,-8.723738719709218E-004,-5.958187393844128E-004,
2.484833333333334E+009,-8.814278990030289E-004,-4.981629317626357E-004,-7.718516280874610E-004,-5.148865748196840E-004,
2.484866666666667E+009,-8.416527416557074E-004,-7.126448326744139E-004,-8.906020666472614E-004,-5.814859177917242E-004,
2.484900000000000E+009,-9.145895601250231E-004,-4.812271508853883E-004,-8.692363626323640E-004,-5.494812503457069E-004,
2.484933333333334E+009,-9.599543991498649E-004,-7.284667226485908E-004,-9.196102037094533E-004,-5.167053313925862E-004,
2.484966666666667E+009,-8.766739629209042E-004,-5.196449346840382E-004,-9.153200662694871E-004,-5.746088572777808E-004,
2.485000000000000E+009,-9.417414548806846E-004,-4.246743919793516E-004,-9.694268810562789E-004,-5.300861084833741E-004,
2.485033333333334E+009,-1.037356210872531E-003,-5.258992896415293E-004,-9.394281660206616E-004,-5.182480090297759E-004,
2.485066666666667E+009,-9.185059461742640E-004,-5.664795171469450E-004,-1.021671108901501E-003,-5.180715234018862E-004,
2.485100000000000E+009,-1.011310494504869E-003,-5.048721213825047E-004,-9.106611250899732E-004,-5.546650500036776E-004,
2.485133333333334E+009,-9.072228567674756E-004,-6.605995586141944E-004,-9.536741417832673E-004,-4.401340556796640E-004,
2.485166666666667E+009,-8.500480325892568E-004,-5.563265876844525E-004,-8.656717254780233E-004,-4.196483932901174E-004,
2.485200000000000E+009,-1.036242581903935E-003,-3.146014641970396E-004,-9.630510467104614E-004,-5.603509489446878E-004,
2.485233333333334E+009,-9.051741217263043E-004,-5.272362031973898E-004,-8.363491506315768E-004,-4.018468607682735E-004,
2.485266666666667E+009,-1.026358455419540E-003,-5.764826200902462E-004,-8.188903448171914E-004,-3.915296110790223E-004,
2.485300000000000E+009,-1.161255873739719E-003,-3.069525700993836E-004,-9.097697329707444E-004,-4.328717477619648E-004,
2.485333333333334E+009,-1.079216832295060E-003,-3.973842831328511E-004,-8.938725804910064E-004,-5.573608796112239E-004,
2.485366666666667E+009,-9.038293501362205E-004,-2.920521365012974E-004,-9.348440216854215E-004,-5.146908806636930E-004,
2.485400000000000E+009,-8.177696145139635E-004,-4.677354590967298E-004,-1.025154604576528E-003,-3.030311490874738E-004,
2.485433333333334E+009,-9.667592239566147E-004,-2.977221447508782E-004,-1.062841271050274E-003,-4.421819467097521E-004,
2.485466666666667E+009,-8.905431022867560E-004,-4.324603360146284E-004,-9.870879584923387E-004,-3.178950864821672E-004,
2.485500000000000E+009,-1.028458820655942E-003,-4.549232253339142E-004,-9.171224664896727E-004,-3.468399518169463E-004,
2.485533333333334E+009,-7.147738942876458E-004,-2.422242832835764E-004,-8.777111652307212E-004,-3.112348495051265E-004,
2.485566666666667E+009,-1.043373136781156E-003,-3.884954785462469E-004,-9.102853946387768E-004,-5.106591270305216E-004,
2.485600000000000E+009,-1.110568409785628E-003,-3.147418901789933E-004,-7.800378953106701E-004,-3.397882683202624E-004,
2.485633333333334E+009,-9.899344295263290E-004,-4.078019119333476E-004,-9.791938355192542E-004,-3.216238110326231E-004,
2.485666666666667E+009,-8.594383252784610E-004,-3.430852375458926E-004,-9.033622918650508E-004,-3.112136619165540E-004,
2.485700000000000E+009,-9.844105225056410E-004,-2.604319306556135E-004,-1.036158762872219E-003,-3.259413642808795E-004,
2.485733333333334E+009,-1.020371681079269E-003,-2.956413372885436E-004,-8.782814838923514E-004,-3.892052336595953E-004,
2.485766666666667E+009,-9.882426820695400E-004,-1.484496897319332E-004,-9.450546349398792E-004,-2.263384376419708E-004,
2.485800000000000E+009,-9.423183510079980E-004,-3.536691947374493E-004,-1.066244323737919E-003,-4.439342592377216E-004,
2.485833333333334E+009,-7.729571661911905E-004,-3.773815988097340E-004,-1.005070982500911E-003,-3.286145802121609E-004,
2.485866666666667E+009,-8.077866514213383E-004,-2.988419146277010E-004,-9.487509378232062E-004,-3.000808646902442E-004,
2.485900000000000E+009,-8.845260017551482E-004,-2.877743390854448E-004,-9.939537849277258E-004,-3.620497591327876E-004,
2.485933333333334E+009,-9.397316607646644E-004,-2.118407428497449E-004,-8.925455040298402E-004,-2.721358032431454E-004,
2.485966666666667E+009,-8.972014184109867E-004,-1.757050195010379E-004,-8.855070336721838E-004,-2.758414775598794E-004,
2.486000000000000E+009,-8.914967183955014E-004,-2.472961205057800E-004,-8.828941499814391E-004,-2.429835149087012E-004,
2.486033333333334E+009,-9.842618601396680E-004,-2.715320151764900E-004,-7.818388403393328E-004,-2.543767041061074E-004,
2.486066666666667E+009,-9.803255088627338E-004,-2.751060528680682E-004,-8.792360895313323E-004,-2.245002106064931E-004,
2.486100000000000E+009,-8.917562081478536E-004,-2.930088085122407E-004,-9.286277345381677E-004,-1.869315601652488E-004,
2.486133333333334E+009,-8.560225833207369E-004,-2.971166977658868E-004,-1.006183098070324E-003,-1.558429648866877E-004,
2.486166666666667E+009,-9.732175967656076E-004,-1.163356646429747E-004,-1.048484118655324E-003,-3.028076025657356E-004,
2.486200000000000E+009,-9.054006077349186E-004,-2.258668973809108E-004,-8.983176667243242E-004,-9.278504148824140E-005,
2.486233333333334E+009,-9.105431381613016E-004,-1.452102442272008E-004,-8.461356046609581E-004,-2.032585907727480E-004,
2.486266666666667E+009,-9.618798503652215E-004,-1.685128081589937E-004,-1.082646311260760E-003,-2.078257530229166E-004,
2.486300000000000E+009,-9.239995852112770E-004,-2.600160951260477E-004,-9.092703694477677E-004,-1.027882681228221E-004,
2.486333333333334E+009,-8.890419849194586E-004,-2.214334817836061E-004,-8.792293374426663E-004,-1.184581124107353E-004,
2.486366666666667E+009,-8.235190180130303E-004,-6.478377326857299E-005,-8.789490093477070E-004,-2.222305338364095E-004,
2.486400000000000E+009,-9.534062701277435E-004,-1.151820906670764E-004,-9.379828115925193E-004,-2.870960161089897E-004,
2.486433333333334E+009,-9.913370013237000E-004,-1.523088430985808E-004,-1.061581308022142E-003,-1.500576036050916E-004,
2.486466666666667E+009,-1.079986221157014E-003,-1.818337332224473E-004,-8.290637633763254E-004,-2.009101735893637E-004,
2.486500000000000E+009,-9.616997558623552E-004,-1.629023754503578E-004,-1.022617449052632E-003,-2.103301667375490E-004,
2.486533333333334E+009,-8.887067087925971E-004,-1.236622483702377E-004,-9.747782023623586E-004,-8.822167001198977E-005,
2.486566666666667E+009,-9.134676074609160E-004,-9.981563925975934E-005,-8.953070500865579E-004,-2.115700044669211E-004,
2.486600000000000E+009,-9.825293673202395E-004,4.409922985360026E-005,-8.795883622951806E-004,-1.659937261138111E-004,
2.486633333333334E+009,-9.493804536759853E-004,-1.611034822417423E-004,-9.172384743578732E-004,-1.782373437890783E-004,
2.486666666666667E+009,-8.128999616019428E-004,-5.163210880709812E-005,-1.013296889141202E-003,-1.155381978605874E-004,
2.486700000000000E+009,-8.323602960444987E-004,-3.596620445023291E-005,-9.670014842413366E-004,-7.432911661453545E-005,
2.486733333333334E+009,-8.618418360128999E-004,-2.083560102619231E-004,-8.896104409359396E-004,-4.574381819111295E-005,
2.486766666666667E+009,-1.073649153113365E-003,-1.920506329042837E-004,-9.794100187718868E-004,-1.222410646732897E-004,
2.486800000000000E+009,-9.929235093295574E-004,6.869258504593745E-005,-9.542940533719957E-004,2.054696051345673E-005,
2.486833333333334E+009,-9.761459077708423E-004,-2.185187258874066E-005,-9.006956825032830E-004,-6.318670057225972E-005,
2.486866666666667E+009,-9.159033070318401E-004,-2.423487785563339E-005,-8.537298417650163E-004,-1.236759999301285E-004,
2.486900000000000E+009,-8.947782334871590E-004,2.282059176650364E-005,-8.375900797545910E-004,5.407374919741415E-005,
2.486933333333334E+009,-9.915798436850309E-004,-2.856117316696327E-005,-8.773062145337462E-004,-3.545634535839781E-005,
2.486966666666667E+009,-8.856978965923190E-004,-4.194114444544539E-005,-9.822332067415118E-004,-1.182411651825532E-004,
2.487000000000000E+009,-9.648192790336907E-004,1.656091080803890E-005,-9.609949192963541E-004,-9.817253885557875E-005,
2.487033333333334E+009,-9.444062015973032E-004,6.033145837136544E-005,-9.279004298150539E-004,-2.043434942606837E-004,
2.487066666666667E+009,-9.791008196771145E-004,5.723600406781770E-005,-1.002276781946421E-003,-8.465985592920333E-005,
2.487100000000000E+009,-9.353613713756204E-004,3.909676252078498E-006,-8.752397261559963E-004,4.140883447689703E-006,
2.487133333333334E+009,-8.977086981758475E-004,-1.415754086337984E-004,-9.204429225064814E-004,1.322376629104838E-004,
2.487166666666667E+009,-9.275471675209701E-004,1.177641752292402E-005,-8.186511695384979E-004,1.326193741988391E-004,
2.487200000000000E+009,-9.848452173173428E-004,3.800355625571683E-005,-1.032491563819349E-003,-3.605950041674078E-005,
2.487233333333334E+009,-9.139457251876593E-004,1.284469472011551E-004,-9.349445463158190E-004,-9.021383448271081E-005,
2.487266666666667E+009,-9.876294061541557E-004,-7.848572568036616E-005,-9.099106537178159E-004,9.189175762003288E-005,
2.487300000000000E+009,-9.501829044893384E-004,1.107703719753772E-004,-7.899273768998683E-004,1.132747456722427E-005,
2.487333333333334E+009,-9.329989552497864E-004,1.139312225859612E-004,-8.346442482434213E-004,-5.747672912548296E-005,
2.487366666666667E+009,-8.466520230285823E-004,2.307288013980724E-005,-9.640494245104492E-004,-6.588197720702738E-005,
2.487400000000000E+009,-9.128763340413570E-004,1.560133205202874E-005,-9.838570840656757E-004,2.047949419647921E-005,
2.487433333333334E+009,-8.702036575414240E-004,1.670514757279307E-004,-7.917134207673371E-004,1.180406798084732E-006,
2.487466666666667E+009,-9.031629888340831E-004,1.418816827936098E-005,-7.946995319798589E-004,1.547726424178109E-004,
2.487500000000000E+009,-9.265477419830859E-004,2.355554752284661E-004,-8.288242970593274E-004,-2.090975067403633E-005,
2.487533333333334E+009,-8.159152348525822E-004,1.879816118162125E-004,-8.984778542071581E-004,-6.987572123762220E-005,
2.487566666666667E+009,-1.054985332302749E-003,1.595542198629119E-005,-8.163424790836871E-004,-3.209039221019339E-007,
2.487600000000000E+009,-9.393270011059940E-004,1.502090308349580E-004,-8.047922165133059E-004,1.202648491016589E-004,
2.487633333333334E+009,-8.634702535346150E-004,1.650676276767626E-004,-8.219899609684944E-004,7.992747123353183E-005,
2.487666666666667E+009,-8.717585005797446E-004,6.337626109598205E-005,-8.688510861247778E-004,6.202820077305660E-005,
2.487700000000000E+009,-8.708738605491817E-004,7.049865962471813E-005,-8.989276248030365E-004,2.015049540204927E-004,
2.487733333333334E+009,-9.123707422986627E-004,7.507395639549941E-005,-1.011074054986239E-003,2.253115962957963E-005,
2.487766666666667E+009,-9.817128302529454E-004,-1.819932003854774E-005,-9.624608792364597E-004,1.318897411692888E-004,
2.487800000000000E+009,-8.955277153290808E-004,6.769900210201740E-005,-8.597650448791683E-004,-2.001732173084747E-005,
2.487833333333334E+009,-8.923928253352642E-004,1.715319667709991E-004,-8.597445557825267E-004,1.014851732179523E-004,
2.487866666666667E+009,-8.675079443491995E-004,1.319309376413003E-004,-8.058210369199514E-004,2.537136606406421E-004,
2.487900000000000E+009,-9.215256432071328E-004,1.018356779241003E-004,-8.744340739212930E-004,1.933538587763906E-004,
2.487933333333334E+009,-7.904173107817769E-004,2.617195423226804E-004,-9.160258923657239E-004,1.582701806910336E-004,
2.487966666666667E+009,-1.015724614262581E-003,1.272419031010941E-004,-8.118650293909013E-004,2.208411460742354E-004,
2.488000000000000E+009,-8.758520707488060E-004,5.636474088532850E-005,-9.458790882490575E-004,1.042511794366874E-004,
2.488033333333334E+009,-8.919622632674873E-004,1.172667907667346E-004,-8.517111418768764E-004,2.982212754432112E-004,
2.488066666666667E+009,-8.871135069057345E-004,2.165567711926997E-004,-8.743390790186822E-004,1.465736277168617E-004,
2.488100000000000E+009,-8.422389510087669E-004,2.076312375720590E-005,-9.590311092324555E-004,1.949048746610060E-004,
2.488133333333334E+009,-8.637412684038281E-004,1.225241867359728E-004,-9.016550029627979E-004,9.135490836342797E-005,
2.488166666666667E+009,-9.550872491672635E-004,1.977337815333158E-004,-7.697853143326938E-004,1.742133754305542E-004,
2.488200000000000E+009,-7.106958073563874E-004,2.556542458478361E-004,-8.288727840408683E-004,2.243402850581333E-004,
2.488233333333334E+009,-8.875307394191623E-004,1.585328864166513E-004,-9.634685702621937E-004,2.232654805993661E-004,
2.488266666666667E+009,-8.780742064118385E-004,1.404642098350450E-004,-7.943517412059009E-004,1.050425635185093E-004,
2.488300000000000E+009,-9.364773286506534E-004,6.502000178443268E-005,-8.475121576339006E-004,1.143661793321371E-004,
2.488333333333334E+009,-8.636144339106977E-004,2.963395963888615E-004,-9.599425247870386E-004,3.087010409217328E-004,
2.488366666666667E+009,-8.035467471927404E-004,2.433892077533528E-004,-9.166745585389435E-004,3.303402045276016E-004,
2.488400000000000E+009,-8.239723974838853E-004,2.330574498046190E-004,-7.297730771824718E-004,1.514065952505916E-004,
2.488433333333334E+009,-9.509751107543707E-004,2.180205046897754E-004,-8.694302523508668E-004,2.799717476591468E-004,
2.488466666666667E+009,-7.617579540237784E-004,2.791682200040668E-004,-8.249607635661960E-004,2.048477617790923E-004,
2.488500000000000E+009,-8.816905319690704E-004,1.659514382481575E-004,-8.602691232226789E-004,2.407829306321219E-004,
2.488533333333334E+009,-8.685536449775100E-004,3.532170958351344E-004,-7.830387912690640E-004,2.209224330727011E-004,
2.488566666666667E+009,-9.238542988896370E-004,1.837987074395642E-004,-7.946614059619606E-004,3.513016563374549E-004,
2.488600000000000E+009,-6.564915529452264E-004,1.274191454285756E-004,-8.773039444349706E-004,3.270354645792395E-004,
2.488633333333334E+009,-8.480961550958455E-004,2.587505150586367E-004,-8.577388362027705E-004,2.350352733628824E-004,
2.488666666666667E+009,-7.916921749711037E-004,3.011959197465330E-004,-7.189280004240573E-004,3.657663182821125E-004,
2.488700000000000E+009,-8.870637393556535E-004,2.160550648113713E-004,-8.461581310257316E-004,2.791836741380394E-004,
2.488733333333334E+009,-8.203693432733417E-004,3.866857732646167E-004,-8.718753815628588E-004,2.432965266052634E-004,
2.488766666666667E+009,-8.710187976248562E-004,4.562797548715025E-004,-8.522265707142651E-004,1.246242027264088E-004,
2.488800000000000E+009,-7.620215183123946E-004,3.192564763594419E-004,-8.054744685068727E-004,2.679769531823695E-004,
2.488833333333334E+009,-7.620855467393994E-004,2.933641371782869E-004,-7.874830625951290E-004,1.559273659950122E-004,
2.488866666666667E+009,-8.074953802861273E-004,4.155180940870196E-004,-7.809734670445323E-004,1.678238913882524E-004,
2.488900000000000E+009,-8.295812876895070E-004,2.596327976789326E-004,-8.172442903742194E-004,3.767230373341590E-004,
2.488933333333334E+009,-7.058402989059687E-004,3.814775263890624E-004,-9.371394407935441E-004,3.759566461667419E-004,
2.488966666666667E+009,-5.756124155595899E-004,4.256837128195912E-004,-7.370546227321029E-004,1.461224746890366E-004,
2.489000000000000E+009,-7.588205044157803E-004,1.704779715510085E-004,-8.705842192284763E-004,2.592897508293390E-004,
2.489033333333334E+009,-7.802025647833943E-004,2.068756875814870E-004,-8.092961506918073E-004,3.173005825374275E-004,
2.489066666666667E+009,-7.168573210947216E-004,3.193005686625838E-004,-7.107966812327504E-004,3.971409751102328E-004,
2.489100000000000E+009,-7.229872280731797E-004,3.535656433086842E-004,-7.380406605079770E-004,2.798446221277118E-004,
2.489133333333334E+009,-7.018501637503505E-004,3.869061765726656E-004,-8.171657682396472E-004,2.150728687411174E-004,
2.489166666666667E+009,-7.196869119070470E-004,1.652514765737578E-004,-6.933138938620687E-004,3.256713971495628E-004,
2.489200000000000E+009,-8.008792065083981E-004,2.165253245038912E-004,-8.477141382172704E-004,4.118655633646995E-004,
2.489233333333334E+009,-6.254218169488013E-004,3.508926311042160E-004,-8.174290414899588E-004,4.140768724028021E-004,
2.489266666666667E+009,-8.171520312316716E-004,2.709525579120964E-004,-7.254157098941505E-004,3.882296732626855E-004,
2.489300000000000E+009,-7.050831918604672E-004,3.449305368121713E-004,-6.597590399906039E-004,3.787209279835224E-004,
2.489333333333334E+009,-8.040746324695647E-004,4.589933669194579E-004,-7.011371781118214E-004,2.143267629435286E-004,
2.489366666666667E+009,-7.325308397412300E-004,3.460071166045964E-004,-7.337780552916229E-004,2.541693393141031E-004,
2.489400000000000E+009,-8.076107478700578E-004,3.421750443521887E-004,-7.301465957425535E-004,4.262363072484732E-004,
2.489433333333334E+009,-7.440121262334287E-004,2.719905169215053E-004,-7.291930378414691E-004,3.796804521698505E-004,
2.489466666666667E+009,-6.614139419980347E-004,3.225353430025280E-004,-6.286415155045688E-004,3.991324629168958E-004,
2.489500000000000E+009,-7.090149447321892E-004,4.403046623338014E-004,-6.263768882490695E-004,3.957408189307898E-004,
2.489533333333334E+009,-8.099385886453092E-004,4.153239424340427E-004,-7.220379775390029E-004,4.052307631354779E-004,
2.489566666666667E+009,-7.469015545211732E-004,5.319159827195108E-004,-6.940594175830483E-004,4.344676563050598E-004,
2.489600000000000E+009,-6.684187683276832E-004,2.353563759243116E-004,-6.279634544625878E-004,3.343061835039407E-004,
2.489633333333334E+009,-6.780903786420822E-004,4.357227298896760E-004,-6.562549970112741E-004,2.457769005559385E-004,
2.489666666666667E+009,-8.399912621825934E-004,4.334677942097187E-004,-7.282427395693958E-004,3.359378024470061E-004,
2.489700000000000E+009,-6.391228525899351E-004,4.755822883453220E-004,-6.883959867991507E-004,2.890031028073281E-004,
2.489733333333334E+009,-6.134284776635468E-004,2.783887030091137E-004,-7.514749304391444E-004,2.970898349303752E-004,
2.489766666666667E+009,-7.553029572591186E-004,3.821537538897246E-004,-7.537436322309077E-004,4.427716485224664E-004,
2.489800000000000E+009,-7.499637431465089E-004,4.367161309346557E-004,-7.781626190990210E-004,3.560756158549339E-004,
2.489833333333334E+009,-7.398433517664671E-004,3.915448905900121E-004,-6.796325324103236E-004,4.042670771013945E-004,
2.489866666666667E+009,-6.240802467800677E-004,4.639211110770702E-004,-7.543045212514699E-004,4.766230995301157E-004,
2.489900000000000E+009,-6.972405244596303E-004,3.425295872148126E-004,-6.567223463207483E-004,4.042155051138252E-004,
2.489933333333334E+009,-6.423801532946527E-004,3.768057504203171E-004,-6.424502353183925E-004,4.784959601238370E-004,
2.489966666666667E+009,-5.338617484085262E-004,2.897614613175392E-004,-6.804492441006005E-004,4.321134765632451E-004,
2.490000000000000E+009,-6.490260711871088E-004,4.563058610074222E-004,-6.641781073994935E-004,4.308688512537628E-004,
2.490033333333334E+009,-7.046755636110902E-004,4.355818673502654E-004,-7.173685589805245E-004,4.907868569716811E-004,
2.490066666666667E+009,-6.203465745784342E-004,3.392181533854455E-004,-6.480966112576425E-004,3.869269858114421E-004,
2.490100000000000E+009,-5.746125243604183E-004,3.930612874682993E-004,-6.207609549164772E-004,4.259976558387280E-004,
2.490133333333334E+009,-7.662813877686858E-004,5.445529241114855E-004,-7.466073147952557E-004,4.576191713567823E-004,
2.490166666666667E+009,-5.766359972767532E-004,3.978858003392816E-004,-6.607791874557734E-004,4.636310914065689E-004,
2.490200000000000E+009,-6.583053618669510E-004,3.902212774846703E-004,-7.243328145705164E-004,4.336246929597110E-004,
2.490233333333334E+009,-7.720388821326196E-004,5.745077505707741E-004,-7.215552031993866E-004,4.472763394005597E-004,
2.490266666666667E+009,-7.166636642068625E-004,5.021797260269523E-004,-6.506424979306758E-004,4.552519822027534E-004,
2.490300000000000E+009,-7.021853234618902E-004,5.103725125081837E-004,-6.574892904609442E-004,4.167076549492776E-004,
2.490333333333334E+009,-6.204087985679507E-004,4.547704593278468E-004,-6.695850752294064E-004,4.435370210558176E-004,
2.490366666666667E+009,-6.034045363776386E-004,4.783291951753199E-004,-5.669930833391845E-004,4.961502854712308E-004,
2.490400000000000E+009,-5.635876441374421E-004,5.465533467940986E-004,-6.309258751571178E-004,4.440764896571636E-004,
2.490433333333334E+009,-7.056981557980180E-004,4.121157689951360E-004,-6.627647671848536E-004,3.643463132902980E-004,
2.490466666666667E+009,-6.439967546612024E-004,3.885163459926844E-004,-7.659337134100497E-004,4.581660905387253E-004,
2.490500000000000E+009,-7.570713059976697E-004,4.968809080310166E-004,-7.792668766342104E-004,3.930247039534152E-004,
2.490533333333334E+009,-6.465572514571250E-004,5.200393497943878E-004,-6.346403388306499E-004,2.923731517512351E-004,
2.490566666666667E+009,-7.707094773650169E-004,4.565591225400567E-004,-6.410500500351191E-004,4.718686104752123E-004,
2.490600000000000E+009,-5.700430483557284E-004,4.650340706575662E-004,-6.995687726885080E-004,5.161091103218496E-004,
2.490633333333334E+009,-7.761049782857299E-004,4.833731218241155E-004,-6.568519747816026E-004,4.476089961826801E-004,
2.490666666666667E+009,-5.233177216723561E-004,3.307703882455826E-004,-6.578774191439152E-004,4.276136751286686E-004,
2.490700000000000E+009,-6.317684892565012E-004,3.410431090742350E-004,-6.948309601284564E-004,4.322372842580080E-004,
2.490733333333334E+009,-6.867878837510943E-004,5.621328600682318E-004,-7.464802474714816E-004,5.251617985777557E-004,
2.490766666666667E+009,-6.318025989457965E-004,4.828415403608233E-004,-6.083592306822538E-004,5.075382068753243E-004,
2.490800000000000E+009,-6.855209358036518E-004,5.124484305270016E-004,-6.498486618511379E-004,4.591974429786205E-004,
2.490833333333334E+009,-7.115558837540448E-004,5.675670108757913E-004,-7.118544890545309E-004,5.254109273664653E-004,
2.490866666666667E+009,-7.030789274722338E-004,4.417596792336553E-004,-5.571009241975844E-004,4.988043219782412E-004,
2.490900000000000E+009,-5.628138897009194E-004,5.607163766399026E-004,-6.194780580699444E-004,4.247835313435644E-004,
2.490933333333334E+009,-4.743346362374723E-004,5.439601955004036E-004,-7.559839286841452E-004,5.258889286778867E-004,
2.490966666666667E+009,-6.133457645773888E-004,4.074756870977581E-004,-7.343024481087923E-004,4.860153712797910E-004,
2.491000000000000E+009,-7.234510849229991E-004,4.393637645989656E-004,-5.586189217865467E-004,5.604717880487442E-004,
2.491033333333334E+009,-6.881419103592634E-004,5.343838129192591E-004,-6.387910689227283E-004,4.892604192718864E-004,
2.491066666666667E+009,-6.115576834417880E-004,5.618871073238552E-004,-5.755243473686278E-004,4.775155393872410E-004,
2.491100000000000E+009,-5.686036893166602E-004,5.593538517132402E-004,-6.994701107032597E-004,4.830621182918549E-004,
2.491133333333334E+009,-5.372115992940962E-004,5.014672642573714E-004,-6.262109382078052E-004,4.076408513356000E-004,
2.491166666666667E+009,-6.175679736770690E-004,5.791307776235044E-004,-5.840768571943045E-004,4.882252542302012E-004,
2.491200000000000E+009,-7.047448307275772E-004,6.453713867813349E-004,-5.338033661246300E-004,4.438337346073240E-004,
2.491233333333334E+009,-5.625793710350990E-004,5.849952576681972E-004,-5.960280541330576E-004,5.794249591417611E-004,
2.491266666666667E+009,-4.451634013094008E-004,5.710939294658601E-004,-5.167243070900440E-004,5.284686340019107E-004,
2.491300000000000E+009,-5.751563003286719E-004,5.676904693245888E-004,-5.565408500842750E-004,5.372836021706462E-004,
2.491333333333334E+009,-6.247364217415452E-004,6.150615517981350E-004,-7.269110647030175E-004,4.853229911532253E-004,
2.491366666666667E+009,-5.330409621819854E-004,5.258409073576331E-004,-5.745778908021748E-004,5.804545362479985E-004,
2.491400000000000E+009,-4.776563146151602E-004,4.860752378590405E-004,-4.798707086592913E-004,4.777844587806612E-004,
2.491433333333334E+009,-6.019435822963715E-004,6.127012311480939E-004,-4.629453469533473E-004,5.646341596730053E-004,
2.491466666666667E+009,-4.363707557786256E-004,6.398144760169089E-004,-6.152126006782055E-004,6.058767321519554E-004,
2.491500000000000E+009,-5.255131400190294E-004,6.592437275685370E-004,-5.424704286269844E-004,5.132732330821455E-004,
2.491533333333334E+009,-4.690800851676613E-004,6.344576249830425E-004,-6.319161038845778E-004,5.593062378466129E-004,
2.491566666666667E+009,-6.461541051976383E-004,5.801412044093013E-004,-6.433734670281410E-004,6.486925994977355E-004,
2.491600000000000E+009,-7.260465063154697E-004,5.923932767473161E-004,-5.076661473140121E-004,5.516029195860028E-004,
2.491633333333334E+009,-5.393731407821178E-004,6.267584976740181E-004,-5.938408430665731E-004,6.438398268073797E-004,
2.491666666666667E+009,-6.031100056134164E-004,5.468027084134519E-004,-5.676806322298944E-004,5.724538350477815E-004,
2.491700000000000E+009,-5.211298121139407E-004,6.761164986528456E-004,-5.358824855647981E-004,5.521035054698587E-004,
2.491733333333334E+009,-5.061651463620365E-004,4.981768433935940E-004,-5.082387360744178E-004,5.441791727207601E-004,
2.491766666666667E+009,-6.689597503282130E-004,6.216131732799113E-004,-4.565939307212830E-004,6.049408693797886E-004,
2.491800000000000E+009,-4.833168641198427E-004,6.379571859724820E-004,-6.573248538188636E-004,5.797604680992663E-004,
2.491833333333334E+009,-5.024424172006548E-004,5.998933338560164E-004,-7.087487028911710E-004,5.432847538031638E-004,
2.491866666666667E+009,-5.299330805428326E-004,6.707797874696553E-004,-6.775229121558368E-004,6.447922205552459E-004,
2.491900000000000E+009,-5.797097110189498E-004,6.130443653091788E-004,-4.559111839625984E-004,6.184423109516501E-004,
2.491933333333334E+009,-5.509011680260301E-004,6.623651715926826E-004,-5.082674906589091E-004,6.492602406069636E-004,
2.491966666666667E+009,-5.561364232562482E-004,7.272431976161897E-004,-5.488085444085300E-004,7.099689100869000E-004,
2.492000000000000E+009,-4.631707852240652E-004,5.252099945209920E-004,-4.720611032098532E-004,6.020448054187000E-004,
2.492033333333334E+009,-5.552567890845239E-004,7.328576175495982E-004,-5.234112031757832E-004,5.998729029670358E-004,
2.492066666666667E+009,-7.387144141830504E-004,7.291818037629128E-004,-4.907065303996205E-004,6.618184270337224E-004,
2.492100000000000E+009,-5.917734233662486E-004,6.716175703331828E-004,-5.405379342846572E-004,7.061728974804282E-004,
2.492133333333334E+009,-5.281871999613941E-004,6.352085620164871E-004,-4.465138190425932E-004,7.125976262614131E-004,
2.492166666666667E+009,-5.769279086962342E-004,6.769184255972505E-004,-5.931399064138532E-004,5.884287529624999E-004,
2.492200000000000E+009,-4.983691615052521E-004,6.734762573614717E-004,-5.885589634999633E-004,6.223758100531995E-004,
2.492233333333334E+009,-5.647482466883957E-004,7.871146081015468E-004,-5.383233656175435E-004,5.901823751628399E-004,
2.492266666666667E+009,-5.042140837758780E-004,6.711768219247460E-004,-4.522041708696634E-004,6.631308933719993E-004,
2.492300000000000E+009,-3.450070507824421E-004,6.581174675375223E-004,-4.962864913977683E-004,6.431084475480020E-004,
2.492333333333334E+009,-5.151040386408567E-004,6.648571579717100E-004,-4.863514914177358E-004,6.240375223569572E-004,
2.492366666666667E+009,-3.888914361596108E-004,6.499508162960410E-004,-4.565266135614365E-004,7.852400303818286E-004,
2.492400000000000E+009,-5.474626086652279E-004,7.598625961691141E-004,-5.964806769043207E-004,7.180053507909179E-004,
2.492433333333334E+009,-4.852389683946967E-004,6.469056243076921E-004,-5.070961196906865E-004,6.849814672023058E-004,
2.492466666666667E+009,-4.757193964906037E-004,7.123885443434119E-004,-5.380669026635587E-004,7.186128059402108E-004,
2.492500000000000E+009,-5.528254550881684E-004,6.454644026234746E-004,-5.514044896699488E-004,8.033874910324812E-004,
2.492533333333334E+009,-3.494855482131243E-004,7.839466561563313E-004,-5.455943755805492E-004,7.216337253339589E-004,
2.492566666666667E+009,-4.431482520885766E-004,7.469737902283669E-004,-5.927367019467056E-004,7.025201339274645E-004,
2.492600000000000E+009,-4.894420271739364E-004,7.307605119422078E-004,-3.964974603150040E-004,6.448912899941206E-004,
2.492633333333334E+009,-5.991690559312701E-004,7.036936003714800E-004,-5.230183596722782E-004,6.627247203141451E-004,
2.492666666666667E+009,-4.588549782056361E-004,7.594008347950876E-004,-4.544162366073579E-004,7.096253102645278E-004,
2.492700000000000E+009,-4.920726059935987E-004,6.417863187380135E-004,-4.642675339709967E-004,7.705806056037545E-004,
2.492733333333334E+009,-4.727546765934676E-004,5.892769549973309E-004,-5.142015288583934E-004,8.240947499871254E-004,
2.492766666666667E+009,-5.729791009798646E-004,8.644147892482579E-004,-5.119194393046200E-004,6.637725746259093E-004,
2.492800000000000E+009,-4.018305917270482E-004,6.824616575613618E-004,-5.426128045655787E-004,7.492562290281057E-004,
2.492833333333334E+009,-3.384443698450923E-004,8.238308946602047E-004,-4.037950129713863E-004,6.901388987898827E-004,
2.492866666666667E+009,-3.942638286389411E-004,6.765782600268722E-004,-4.439307085704058E-004,9.144503274001181E-004,
2.492900000000000E+009,-4.653890209738165E-004,7.606979925185442E-004,-4.260761779733002E-004,6.825794698670507E-004,
2.492933333333334E+009,-3.865709295496345E-004,6.974043790251017E-004,-4.484796663746238E-004,6.927553331479430E-004,
2.492966666666667E+009,-4.478491027839482E-004,6.690068403258920E-004,-4.801420145668089E-004,7.416384178213775E-004,
2.493000000000000E+009,-3.241758968215436E-004,7.014346774667501E-004,-4.815184511244297E-004,7.442945498041809E-004,
2.493033333333334E+009,-4.312222008593381E-004,8.672776166349649E-004,-2.677391457837075E-004,8.437049691565335E-004,
2.493066666666667E+009,-3.632256120909005E-004,8.171409717760980E-004,-3.940289898309857E-004,9.144672076217830E-004,
2.493100000000000E+009,-3.393500519450754E-004,7.879183394834399E-004,-3.947469522245228E-004,7.672334322705865E-004,
2.493133333333334E+009,-3.560320474207401E-004,7.083520758897066E-004,-3.499975136946887E-004,7.607464795000851E-004,
2.493166666666667E+009,-4.131941241212189E-004,8.256449364125729E-004,-4.370913375169039E-004,7.496897014789283E-004,
2.493200000000000E+009,-2.836038765963167E-004,8.619945729151368E-004,-3.818024124484509E-004,8.441443787887693E-004,
2.493233333333334E+009,-2.576975675765425E-004,8.511078776791692E-004,-3.527073713485152E-004,8.736510644666851E-004,
2.493266666666667E+009,-3.992640995420516E-004,7.387583609670401E-004,-4.781734314747155E-004,7.263638544827700E-004,
2.493300000000000E+009,-2.997135161422193E-004,7.432877318933606E-004,-2.955012605525553E-004,8.882026304490864E-004,
2.493333333333334E+009,-4.270951030775905E-004,9.157757158391178E-004,-4.287668270990253E-004,8.730510598979890E-004,
2.493366666666667E+009,-2.961912832688540E-004,7.517765625379980E-004,-3.978303575422615E-004,7.954848697409034E-004,
2.493400000000000E+009,-3.546196094248444E-004,8.167959749698639E-004,-4.344974586274475E-004,8.622616878710687E-004,
2.493433333333334E+009,-3.428242343943566E-004,8.954780059866607E-004,-4.335702979005873E-004,8.958551334217191E-004,
2.493466666666667E+009,-3.344333672430366E-004,7.782690227031708E-004,-3.183680528309196E-004,8.303920039907098E-004,
2.493500000000000E+009,-5.487504531629384E-004,7.693620282225311E-004,-3.826261672656983E-004,8.482065168209374E-004,
2.493533333333334E+009,-2.266817755298689E-004,8.681252948008478E-004,-3.475166449788958E-004,8.634204859845340E-004,
2.493566666666667E+009,-4.015087033621967E-004,8.061390253715217E-004,-3.970165271311998E-004,8.796468027867377E-004,
2.493600000000000E+009,-2.118102565873414E-004,9.965187637135387E-004,-2.388423163210973E-004,7.730547222308815E-004,
2.493633333333334E+009,-3.579324984457344E-004,8.511713240295649E-004,-3.460728330537677E-004,8.819736540317535E-004,
2.493666666666667E+009,-2.352075243834406E-004,8.786908001638949E-004,-1.939862268045545E-004,7.524199900217354E-004,
2.493700000000000E+009,-2.707631792873144E-004,8.064698195084930E-004,-2.591780212242156E-004,8.731125853955746E-004,
2.493733333333334E+009,-3.137252351734787E-004,8.383095846511424E-004,-2.915413933806121E-004,8.339905762113631E-004,
2.493766666666667E+009,-3.329005849082023E-004,8.113149087876082E-004,-3.942716575693339E-004,8.461339748464525E-004,
2.493800000000000E+009,-2.466487640049309E-004,1.028870814479888E-003,-2.867823641281575E-004,8.245306671597064E-004,
2.493833333333334E+009,-1.702508452581242E-004,7.599703385494649E-004,-2.554961829446256E-004,1.014437992125750E-003,
2.493866666666667E+009,-2.486003795638681E-004,8.987817564047873E-004,-3.993757709395140E-004,9.325318387709558E-004,
2.493900000000000E+009,-2.412317408015952E-004,8.764062658883631E-004,-3.375846135895699E-004,9.449373465031385E-004,
2.493933333333334E+009,-3.283444093540311E-004,9.558211313560605E-004,-3.390589845366776E-004,9.256925550289452E-004,
2.493966666666667E+009,-2.671446418389678E-004,9.359921095892787E-004,-3.023006429430097E-004,9.387902682647109E-004,
2.494000000000000E+009,-2.426114806439728E-004,8.977577090263367E-004,-2.224297786597163E-004,9.052947862073779E-004,
2.494033333333334E+009,-2.382464881520718E-004,9.467710042372346E-004,-2.290538104716688E-004,1.028151484206319E-003,
2.494066666666667E+009,-2.121080324286595E-004,9.817206300795078E-004,-2.741610514931381E-004,9.268323192372918E-004,
2.494100000000000E+009,-2.718244213610888E-004,9.312919573858380E-004,-2.496192755643278E-004,9.152897982858121E-004,
2.494133333333334E+009,-2.935058728326112E-004,1.042121322825551E-003,-2.102918660966680E-004,1.041733543388546E-003,
2.494166666666667E+009,-1.714450045255944E-004,9.189451811835170E-004,-1.948081626323983E-004,9.277597418986261E-004,
2.494200000000000E+009,-3.553984861355275E-004,1.086588948965073E-003,-2.628027577884495E-004,8.469638996757567E-004,
2.494233333333334E+009,-2.159872965421528E-004,8.753019501455128E-004,-2.985423780046403E-004,9.528705850243568E-004,
2.494266666666667E+009,-3.050917002838105E-004,7.934748427942395E-004,-1.609736500540748E-004,1.012474764138460E-003,
2.494300000000000E+009,-8.748842810746282E-005,1.074720872566104E-003,-1.338503207080066E-004,1.053779502399266E-003,
2.494333333333334E+009,-1.404166250722483E-004,8.241106988862157E-004,-8.345919923158363E-005,9.848016779869795E-004,
2.494366666666667E+009,-2.261871704831719E-004,9.363687131553888E-004,-1.220634076162241E-004,1.018045586533845E-003,
2.494400000000000E+009,-2.448771265335381E-004,9.963136399164796E-004,-1.513323222752661E-004,9.990711696445942E-004,
2.494433333333334E+009,-2.226747601525858E-004,1.101896632462740E-003,-5.542015423998237E-005,9.833711665123701E-004,
2.494466666666667E+009,-2.912690397351980E-004,1.079651294276118E-003,9.667415724834427E-006,9.061152231879532E-004,
2.494500000000000E+009,-6.292924081208184E-005,9.466111660003662E-004,-1.574043271830306E-004,1.059635076671839E-003,
2.494533333333334E+009,-1.234857627423480E-004,1.032002619467676E-003,-5.404249532148242E-005,9.721334208734334E-004,
2.494566666666667E+009,-3.604939047363587E-005,9.736825013533235E-004,7.751810335321352E-005,9.392955689691007E-004,
2.494600000000000E+009,-7.884626393206418E-005,1.012338092550635E-003,-1.310761872446165E-004,9.840781567618251E-004,
2.494633333333334E+009,-1.263133744942024E-004,1.013935077935457E-003,-3.058549918932840E-005,1.013310509733856E-003,
2.494666666666667E+009,1.031820829666685E-006,8.134819217957556E-004,-1.164249915746041E-004,9.995843283832073E-004,
2.494700000000000E+009,-7.374824781436473E-005,9.094318374991417E-004,-9.062911703949794E-005,9.882380254566670E-004,
2.494733333333334E+009,-5.082912684883922E-005,9.620980708859861E-004,-1.308202354266541E-005,9.709561127237976E-004,
2.494766666666667E+009,7.567783904960379E-005,9.062338504008949E-004,3.274254049756564E-005,1.045360229909420E-003,
2.494800000000000E+009,4.130230445298366E-005,1.043735304847360E-003,-2.201013376179617E-005,8.442782564088702E-004,
2.494833333333334E+009,3.369200203451328E-005,9.738817461766303E-004,-1.457353391742799E-005,9.117508889175952E-004,
2.494866666666667E+009,-1.576366230437998E-005,1.043369411490858E-003,7.004371582297608E-005,1.053914311341941E-003,
2.494900000000000E+009,6.951639079488814E-005,1.116037950851023E-003,8.708079258212820E-005,1.133381621912122E-003,
2.494933333333334E+009,7.626134902238846E-005,7.547965506091714E-004,1.082399612641893E-004,9.667571284808219E-004,
2.494966666666667E+009,5.005414277547970E-005,8.321345667354763E-004,1.030028797686100E-004,1.060181879438460E-003,
2.495000000000000E+009,4.095285839866847E-005,1.149408519268036E-003,1.025401652441360E-004,9.561466868035495E-004,
2.495033333333334E+009,1.185440851259045E-004,9.819447295740247E-004,5.416290514403954E-005,1.005222089588642E-003,
2.495066666666667E+009,1.340197777608410E-004,8.715646690689027E-004,5.457511360873468E-005,1.057322835549712E-003,
2.495100000000000E+009,1.459530903957784E-004,1.021648058667779E-003,7.493243174394593E-005,9.681435767561197E-004,
2.495133333333334E+009,1.100762965506874E-004,8.946142042987049E-004,1.853832800406963E-004,9.561019833199680E-004,
2.495166666666667E+009,4.677159449784085E-005,1.076688989996910E-003,1.228675537277013E-004,1.041790237650275E-003,
2.495200000000000E+009,4.058106787852012E-005,9.143443894572556E-004,-5.141364090377465E-005,1.060382579453290E-003,
2.495233333333334E+009,3.022545424755663E-004,1.034409040585160E-003,1.383807248203084E-004,9.311318863183260E-004,
2.495266666666667E+009,1.650902413530275E-004,1.061650109477341E-003,8.276024163933471E-005,9.573995484970510E-004,
2.495300000000000E+009,9.550355753162876E-005,9.800749830901623E-004,1.272543013328686E-004,1.052903127856553E-003,
2.495333333333334E+009,2.005547576118261E-004,9.191394783556461E-004,2.591919037513435E-004,9.032197413034737E-004,
2.495366666666667E+009,1.395862782374024E-004,9.937855647876859E-004,4.917805927107111E-005,1.033982844091952E-003,
2.495400000000000E+009,2.671061665751040E-004,8.852975443005562E-004,1.916066394187510E-004,1.057348446920514E-003,
2.495433333333334E+009,1.969538425328210E-004,1.101160654798150E-003,2.449057647027075E-004,1.002404023893178E-003,
2.495466666666667E+009,3.244964755140245E-004,8.552023791708052E-004,3.105791693087667E-004,1.003619981929660E-003,
2.495500000000000E+009,2.942839637398720E-004,9.980110917240381E-004,3.448736679274589E-004,1.029811450280249E-003,
2.495533333333334E+009,1.325247430941090E-004,1.005955040454865E-003,1.897097681649029E-004,1.016650232486427E-003,
2.495566666666667E+009,2.365276304772124E-004,1.025269390083849E-003,1.817502634366974E-004,9.627711260691285E-004,
2.495600000000000E+009,4.050975257996470E-004,9.455512627027929E-004,2.793251769617200E-004,9.015943505801261E-004,
2.495633333333334E+009,1.346282224403694E-004,1.002027187496424E-003,1.574835769133642E-004,1.135389786213636E-003,
2.495666666666667E+009,1.861809723777697E-004,9.118310408666730E-004,3.420617431402206E-004,9.967734804376960E-004,
2.495700000000000E+009,3.744661225937307E-004,1.035333960317075E-003,3.712907491717488E-004,8.528988109901547E-004,
2.495733333333334E+009,2.891644835472107E-004,8.106474415399134E-004,3.065314667765051E-004,7.727862102910876E-004,
2.495766666666667E+009,2.942232822533697E-004,1.039941678754985E-003,2.183710603276268E-004,1.043091760948300E-003,
2.495800000000000E+009,3.876942209899426E-004,1.057085581123829E-003,4.526579868979752E-004,9.591859416104853E-004,
2.495833333333334E+009,3.584988007787615E-004,8.328295662067831E-004,2.782082883641124E-004,9.784010471776128E-004,
2.495866666666667E+009,3.358079702593386E-004,9.583177161403000E-004,3.361975250300020E-004,9.528354858048260E-004,
2.495900000000000E+009,3.451455850154162E-004,8.780663483776152E-004,3.359435359016061E-004,1.094621722586453E-003,
2.495933333333334E+009,3.398880944587290E-004,8.047015871852636E-004,4.049291892442852E-004,8.763124933466315E-004,
2.495966666666667E+009,4.291521618142724E-004,7.820716709829867E-004,4.123469698242843E-004,9.512170217931271E-004,
2.496000000000000E+009,4.133378388360143E-004,8.733264985494316E-004,4.953208845108748E-004,9.135340806096792E-004,
2.496033333333334E+009,4.073052259627730E-004,9.259629296138883E-004,3.937263390980661E-004,8.085055160336196E-004,
2.496066666666667E+009,4.279870481695980E-004,8.491363259963691E-004,5.079386755824089E-004,8.604393224231899E-004,
2.496100000000000E+009,5.303696962073445E-004,8.273414568975568E-004,3.432780504226685E-004,9.163270005956292E-004,
2.496133333333334E+009,4.254036757629365E-004,9.278234792873263E-004,4.224705335218459E-004,7.744142203591764E-004,
2.496166666666667E+009,4.234048537909985E-004,9.098902810364962E-004,5.139974527992308E-004,8.619165164418519E-004,
2.496200000000000E+009,6.113789277151227E-004,8.093495271168649E-004,5.247563240118325E-004,8.642704342491925E-004,
2.496233333333334E+009,3.990285622421652E-004,8.603518363088369E-004,3.348538884893060E-004,8.345689275301993E-004,
2.496266666666667E+009,5.016142386011779E-004,8.028488955460489E-004,4.443904035724700E-004,8.030741591937840E-004,
2.496300000000000E+009,6.675596814602613E-004,8.092510979622603E-004,3.707980795297772E-004,8.458472439087927E-004,
2.496333333333334E+009,5.140130524523556E-004,8.904869901016355E-004,4.928651032969356E-004,8.938914397731423E-004,
2.496366666666667E+009,6.751391338184476E-004,7.851675618439913E-004,4.603967245202512E-004,8.542706491425633E-004,
2.496400000000000E+009,4.565435810945928E-004,7.914743036963046E-004,5.420331726782024E-004,7.615081849507988E-004,
2.496433333333334E+009,4.819119349122047E-004,8.262021001428366E-004,5.770553834736347E-004,7.662829011678696E-004,
2.496466666666667E+009,5.303815123625100E-004,6.242610979825258E-004,4.751390079036355E-004,5.887238658033311E-004,
2.496500000000000E+009,5.136586260050535E-004,6.726186256855726E-004,6.073938566260040E-004,7.618814124725759E-004,
2.496533333333334E+009,6.684849504381418E-004,7.897317409515381E-004,5.992125952616334E-004,8.099843980744481E-004,
2.496566666666667E+009,6.622379878535867E-004,7.041228236630559E-004,4.565506242215633E-004,7.507411064580083E-004,
2.496600000000000E+009,5.945176235400140E-004,7.457301835529506E-004,5.970040801912546E-004,8.104517473839223E-004,
2.496633333333334E+009,5.598651478067040E-004,7.046781247481704E-004,6.568128010258079E-004,7.330763619393110E-004,
2.496666666666667E+009,6.294209160842001E-004,7.537860074080527E-004,4.618164093699306E-004,6.958724698051810E-004,
2.496700000000000E+009,5.775149911642075E-004,7.098996429704130E-004,5.547736654989421E-004,8.154734969139099E-004,
2.496733333333334E+009,5.809575086459518E-004,7.244994048960507E-004,5.602717865258455E-004,6.601280183531344E-004,
2.496766666666667E+009,6.941091269254684E-004,7.263633888214827E-004,6.210139836184681E-004,6.168030085973442E-004,
2.496800000000000E+009,6.612039869651198E-004,6.396903772838414E-004,5.659487214870751E-004,6.986791850067675E-004,
2.496833333333334E+009,5.095804226584733E-004,5.026716389693320E-004,4.742497403640300E-004,6.717588985338807E-004,
2.496866666666667E+009,6.068754591979086E-004,6.711974274367094E-004,4.691637295763940E-004,6.948481895960867E-004,
2.496900000000000E+009,6.059334264136851E-004,7.466429378837347E-004,6.751965847797692E-004,6.519820308312774E-004,
2.496933333333334E+009,7.028591353446245E-004,5.113416700623930E-004,6.894941325299442E-004,6.442681769840419E-004,
2.496966666666667E+009,7.126043201424182E-004,5.707118543796241E-004,6.678900681436062E-004,6.523928022943437E-004,
2.497000000000000E+009,7.540876977145672E-004,6.018576095812023E-004,6.895653787069023E-004,6.097513833083212E-004,
2.497033333333334E+009,8.163673337548971E-004,5.488222232088447E-004,6.978715537115932E-004,4.545288684312254E-004,
2.497066666666667E+009,7.595887291245163E-004,6.034077377989888E-004,7.083780365064740E-004,6.804796867072582E-004,
2.497100000000000E+009,7.020508637651801E-004,5.310002597980201E-004,5.399377550929785E-004,6.151190609671176E-004,
2.497133333333334E+009,6.598192267119885E-004,4.507180419750512E-004,4.554805927909911E-004,5.425312556326389E-004,
2.497166666666667E+009,7.266824250109494E-004,6.218440248630941E-004,6.791554624214768E-004,5.507253808900714E-004,
2.497200000000000E+009,7.078876369632781E-004,6.997933960519731E-004,6.280546076595783E-004,6.998848402872682E-004,
2.497233333333334E+009,5.574159440584481E-004,6.792037165723741E-004,6.799731636419892E-004,5.246830405667424E-004,
2.497266666666667E+009,7.064899546094239E-004,6.238259375095367E-004,6.543167983181775E-004,5.096180830150843E-004,
2.497300000000000E+009,7.562629762105644E-004,4.035589809063822E-004,7.679334958083928E-004,5.793278105556965E-004,
2.497333333333334E+009,7.848549867048860E-004,6.410397472791374E-004,6.152616697363555E-004,5.824118852615356E-004,
2.497366666666667E+009,8.546168683096767E-004,4.081580846104771E-004,5.565051105804741E-004,5.757119506597519E-004,
2.497400000000000E+009,5.624337354674935E-004,5.304404767230153E-004,7.393378182314336E-004,3.706764546222985E-004,
2.497433333333334E+009,8.197116549126804E-004,4.592471232172102E-004,5.860078963451088E-004,6.140309269540012E-004,
2.497466666666667E+009,6.869432982057333E-004,3.621620708145201E-004,8.076598169282079E-004,3.786397282965481E-004,
2.497500000000000E+009,7.362020551227033E-004,3.996439918410033E-004,6.335143116302788E-004,3.912718093488365E-004,
2.497533333333334E+009,7.544208201579750E-004,5.333605222404003E-004,7.200755062513053E-004,4.112205060664564E-004,
2.497566666666667E+009,6.676162010990083E-004,3.876892442349345E-004,6.333790952339768E-004,2.932455099653453E-004,
2.497600000000000E+009,7.233954966068268E-004,3.150580741930753E-004,6.061395979486406E-004,4.704957536887378E-004,
2.497633333333334E+009,7.431192789226770E-004,3.797410463448614E-004,6.211659638211131E-004,2.511191705707461E-004,
2.497666666666667E+009,6.746411090716720E-004,3.312363114673644E-004,7.402332266792655E-004,3.254107432439923E-004,
2.497700000000000E+009,7.200913969427347E-004,3.743550623767078E-004,6.148656248115003E-004,2.437355433357880E-004,
2.497733333333334E+009,7.443208014592528E-004,1.474426098866388E-004,7.192132179625332E-004,3.896784619428217E-004,
2.497766666666667E+009,6.754496134817600E-004,3.971077967435122E-004,6.305375718511641E-004,4.598217201419175E-004,
2.497800000000000E+009,6.453507230617106E-004,4.052365547977388E-004,6.720734527334571E-004,3.312208282295615E-004,
2.497833333333334E+009,5.678443121723831E-004,2.364378306083381E-004,5.687635857611895E-004,3.346728044562042E-004,
2.497866666666667E+009,7.481136708520353E-004,3.213902527932078E-004,6.409117486327887E-004,2.866620197892189E-004,
2.497900000000000E+009,5.490963812917471E-004,3.020762233063579E-004,6.538745365105569E-004,3.025563491974026E-004,
2.497933333333334E+009,6.443195161409676E-004,2.379474317422137E-004,7.432624115608633E-004,2.388044376857579E-004,
2.497966666666667E+009,5.862479447387159E-004,1.153617777163163E-004,6.069386727176607E-004,2.112128422595561E-004,
2.498000000000000E+009,6.642442895099521E-004,1.414819562342018E-004,6.796247325837612E-004,2.348141279071569E-004,
2.498033333333334E+009,6.474471301771700E-004,3.438274725340307E-004,6.380264530889690E-004,2.249348472105339E-004,
2.498066666666667E+009,7.077414193190634E-004,2.619732986204326E-004,7.294960669241846E-004,1.595382782397792E-004,
2.498100000000000E+009,7.672719075344503E-004,1.620129332877696E-004,7.066109683364630E-004,8.709479152457789E-005,
2.498133333333334E+009,6.717687938362360E-004,2.259001194033772E-004,5.932179046794772E-004,2.381210797466338E-004,
2.498166666666667E+009,5.168981733731926E-004,2.547379990573973E-004,7.482334040105343E-004,9.985010547097772E-005,
2.498200000000000E+009,6.865350878797472E-004,8.644106856081635E-005,5.761094507761300E-004,2.747535472735763E-004,
2.498233333333334E+009,5.840778467245400E-004,3.862212543026544E-005,8.126785978674889E-004,2.582209526735824E-005,
2.498266666666667E+009,5.792893352918327E-004,1.158724699052982E-004,5.078130634501576E-004,1.887197722680867E-004,
2.498300000000000E+009,4.989313893020153E-004,1.390183315379545E-004,6.275115883909166E-004,9.959812450688332E-005,
2.498333333333334E+009,6.426342879422009E-004,2.531826321501285E-004,6.207735859788954E-004,1.423159264959395E-004,
2.498366666666667E+009,6.882932502776384E-004,8.568700286559761E-005,5.915575893595815E-004,2.116452815243974E-004,
2.498400000000000E+009,6.711756577715278E-004,2.354417811147869E-004,6.408712943084538E-004,1.365482166875154E-004,
2.498433333333334E+009,5.615908303298056E-004,8.659707964397967E-005,6.106605869717896E-004,2.563208981882781E-004,
2.498466666666667E+009,5.785104585811496E-004,8.590776997152716E-005,5.433030310086906E-004,1.192279960378073E-004,
2.498500000000000E+009,5.734466249123216E-004,1.155554928118363E-004,5.574714159592986E-004,6.265836873353692E-006,
2.498533333333334E+009,6.050831289030612E-004,5.078372123534791E-005,4.955055192112923E-004,8.683144551469013E-005,
2.498566666666667E+009,6.117681623436511E-004,9.409935591975227E-005,6.207749829627574E-004,5.333866647561081E-005,
2.498600000000000E+009,5.144470487721264E-004,1.798857556423172E-004,4.788900259882212E-004,8.365047688130289E-005,
2.498633333333334E+009,4.721665172837675E-004,5.075116860098206E-005,5.499722319655120E-004,1.216854871017858E-004,
2.498666666666667E+009,5.151940858922899E-004,6.971273251110688E-005,5.586881306953728E-004,1.172343909274787E-004,
2.498700000000000E+009,5.344391101971269E-004,7.579056546092033E-005,5.655346903949976E-004,1.916632172651589E-004,
2.498733333333334E+009,5.438287043944001E-004,-6.101901453803293E-005,4.973158938810229E-004,-7.671146886423230E-005,
2.498766666666667E+009,5.952189676463604E-004,2.233733903267421E-005,5.501325940713286E-004,-1.393891466250352E-006,
2.498800000000000E+009,5.182632012292743E-004,7.697846740484238E-005,4.261634312570095E-004,-1.807597800507210E-005,
2.498833333333334E+009,5.097857210785151E-004,8.486057777190581E-005,5.587581545114517E-004,9.313165355706587E-005,
2.498866666666667E+009,3.991876728832722E-004,1.736480589897838E-005,4.223379946779460E-004,5.230684473644942E-005,
2.498900000000000E+009,4.593817866407335E-004,5.683319250238128E-005,4.306242044549435E-004,-4.065781467943452E-005,
2.498933333333334E+009,4.890432464890182E-004,2.521885653550271E-005,4.088142013642937E-004,5.533439980354160E-005,
2.498966666666667E+009,4.891614662483335E-004,1.693137528491207E-005,3.982064663432539E-004,4.984374027117156E-005,
2.499000000000000E+009,4.404811770655215E-004,-8.583474846091121E-005,4.932702286168933E-004,7.359986921073869E-005,
2.499033333333334E+009,4.716878174804151E-004,1.655599044170231E-005,4.790376988239586E-004,-2.689873690542299E-005,
2.499066666666667E+009,3.837912809103727E-004,-9.315622446592897E-005,2.697254240047187E-004,1.172768315882422E-004,
2.499100000000000E+009,4.364239284768701E-004,6.897070124978200E-005,3.996307204943150E-004,-1.737672027957160E-005,
2.499133333333334E+009,4.533076426014304E-004,4.446164166438393E-005,3.937557921744883E-004,-3.125634975731373E-005,
2.499166666666667E+009,4.560445668175817E-004,2.968064472952392E-005,4.251169448252767E-004,-2.712540117499884E-005,
2.499200000000000E+009,3.891483647748828E-004,4.145290949963965E-005,3.762001579161733E-004,9.890706678561401E-006,
2.499233333333334E+009,3.483705804683268E-004,-1.555461494717747E-004,3.406152536626905E-004,-1.305086607317207E-005,
2.499266666666667E+009,4.140390665270388E-004,1.378869492327794E-004,4.173049237579107E-004,-4.683992301579565E-005,
2.499300000000000E+009,3.567789099179208E-004,-6.696698255836964E-005,3.375139203853905E-004,1.864206183199713E-006,
2.499333333333334E+009,2.857715589925647E-004,-1.240439305547625E-004,4.744498583022505E-004,-2.774480890366249E-005,
2.499366666666667E+009,3.681454109027982E-004,7.344393816310912E-005,4.030252748634666E-004,8.969796908786520E-005,
2.499400000000000E+009,3.931393730454147E-004,8.665101631777361E-005,3.115540021099150E-004,-1.037785659718793E-005,
2.499433333333334E+009,3.087568911723793E-004,3.017642302438617E-005,2.773590385913849E-004,-6.932934775250033E-005,
2.499466666666667E+009,3.722130786627531E-004,-1.489456481067464E-004,3.747234004549682E-004,-6.137786840554327E-006,
2.499500000000000E+009,1.931348815560341E-004,-3.459686922724359E-005,2.423566329525784E-004,-3.599976844270714E-005,
2.499533333333334E+009,3.109575773123652E-004,1.003819706966169E-004,3.603542863857001E-004,-1.016197929857299E-004,
2.499566666666667E+009,1.901049690786749E-004,-5.370857252273709E-005,2.162022137781605E-004,-5.105065065436065E-005,
2.499600000000000E+009,1.776099088601768E-004,-8.574993989896029E-005,3.260901721660048E-004,1.442915709048975E-005,
2.499633333333334E+009,3.818905970547348E-004,-3.877750350511633E-005,2.645952336024493E-004,-1.144153939094394E-004,
2.499666666666667E+009,2.374539180891588E-004,-4.778847869602032E-005,2.761768118944019E-004,-5.790455907117575E-005,
2.499700000000000E+009,2.376317861489952E-004,-1.566478022141382E-004,2.869630116038024E-004,6.450757609854918E-006,
2.499733333333334E+009,3.027076600119472E-004,-7.851775444578379E-005,1.884427183540538E-004,3.601583011914045E-005,
2.499766666666667E+009,2.439366071484983E-004,-3.635725443018600E-005,2.614031836856157E-004,5.576031981036067E-005,
2.499800000000000E+009,3.693773760460317E-004,-4.171031469013542E-005,2.326194662600756E-004,-2.629673872434069E-005,
2.499833333333334E+009,2.507525787223131E-004,-2.703677637327928E-005,2.066548331640661E-004,-8.097885438473895E-005,
2.499866666666667E+009,5.171788143343292E-005,-5.102665454614908E-006,2.451544569339603E-004,-8.437309588771313E-005,
2.499900000000000E+009,1.732758537400514E-004,-4.786293629877036E-006,3.447509079705924E-004,5.361853982321918E-005,
2.499933333333334E+009,2.494417130947113E-004,-3.506363282212988E-005,2.527596952859312E-004,3.190658389939927E-005,
2.499966666666667E+009,2.138617855962366E-004,9.633858280722052E-005,2.615319972392172E-004,-3.813383591477759E-005,
2.500000000000000E+009,1.409925607731566E-004,-3.247409722462180E-006,1.942417729878798E-004,-8.543102012481540E-005,
