% Version 1.00
%
%freq[Hz];re:Trc1_S21;im:Trc1_S21;re:Trc2_S12;im:Trc2_S12;
2.480000000000000E+009,4.433027002960444E-003,1.680523389950395E-003,4.406390711665154E-003,1.651118160225451E-003,
2.480033333333334E+009,4.595471546053886E-003,1.543287304230034E-003,4.344590939581394E-003,1.494181109592319E-003,
2.480066666666667E+009,4.518740344792604E-003,1.529928529635072E-003,4.477101378142834E-003,1.528995926491916E-003,
2.480100000000000E+009,4.415917675942183E-003,1.545436098240316E-003,4.471357446163893E-003,1.607933663763106E-003,
2.480133333333334E+009,4.481076262891293E-003,1.384131493978202E-003,4.399323835968971E-003,1.421862165443599E-003,
2.480166666666667E+009,4.446987528353930E-003,1.569781452417374E-003,4.576830193400383E-003,1.520011574029923E-003,
2.480200000000000E+009,4.426834639161825E-003,1.399000058881939E-003,4.523428156971932E-003,1.532089780084789E-003,
2.480233333333334E+009,4.516746383160353E-003,1.441506203263998E-003,4.458342678844929E-003,1.419661566615105E-003,
2.480266666666667E+009,4.407876636832953E-003,1.357641303911805E-003,4.412299022078514E-003,1.408753567375243E-003,
2.480300000000000E+009,4.486990626901388E-003,1.302717835642397E-003,4.593391437083483E-003,1.298472750931978E-003,
2.480333333333334E+009,4.411944188177586E-003,1.362050184980035E-003,4.445166327059269E-003,1.214546849951148E-003,
2.480366666666667E+009,4.452825523912907E-003,1.365427859127522E-003,4.504843614995480E-003,1.381488633342087E-003,
2.480400000000000E+009,4.438799805939198E-003,1.450590556487441E-003,4.406523890793324E-003,1.214682008139789E-003,
2.480433333333334E+009,4.446234088391066E-003,1.284957746975124E-003,4.362135659903288E-003,1.310907187871635E-003,
2.480466666666667E+009,4.349592141807079E-003,1.303042517974973E-003,4.474449902772903E-003,1.236643176525831E-003,
2.480500000000000E+009,4.407665226608515E-003,1.070359256118536E-003,4.406540188938379E-003,1.372248982079327E-003,
2.480533333333334E+009,4.546583164483309E-003,1.217001699842513E-003,4.435183014720678E-003,1.257955329492688E-003,
2.480566666666667E+009,4.454164765775204E-003,1.323846750892699E-003,4.497976507991552E-003,1.239524572156370E-003,
2.480600000000000E+009,4.372534342110157E-003,1.165007008239627E-003,4.424758721143007E-003,1.171440701000392E-003,
2.480633333333334E+009,4.428887739777565E-003,1.117471954785287E-003,4.401278682053089E-003,1.150849973782897E-003,
2.480666666666667E+009,4.478427115827799E-003,1.310674007982016E-003,4.681682679802179E-003,1.170223578810692E-003,
2.480700000000000E+009,4.402535501867533E-003,1.049386220984161E-003,4.577693529427052E-003,1.190297771245241E-003,
2.480733333333334E+009,4.400416277348995E-003,1.109187141992152E-003,4.490914754569531E-003,1.031001214869320E-003,
2.480766666666667E+009,4.485278856009245E-003,1.139163621701300E-003,4.475839436054230E-003,1.253075082786381E-003,
2.480800000000000E+009,4.536359570920467E-003,1.074181054718792E-003,4.492071922868490E-003,1.053397078067064E-003,
2.480833333333334E+009,4.427631385624409E-003,9.933323599398136E-004,4.545935895293951E-003,9.944911580532789E-004,
2.480866666666667E+009,4.508217796683312E-003,1.023994293063879E-003,4.415072966367006E-003,1.136409235186875E-003,
2.480900000000000E+009,4.604673944413662E-003,9.733174229040742E-004,4.596622660756111E-003,1.063134055584669E-003,
2.480933333333334E+009,4.496553912758827E-003,1.109318225644529E-003,4.473510663956404E-003,9.440499125048518E-004,
2.480966666666667E+009,4.628329537808895E-003,1.028031227178872E-003,4.648318979889154E-003,9.641609503887594E-004,
2.481000000000000E+009,4.531763494014740E-003,1.036278670653701E-003,4.613358993083239E-003,1.018336275592446E-003,
2.481033333333334E+009,4.579388536512852E-003,8.838580106385052E-004,4.501227289438248E-003,8.947704918682575E-004,
2.481066666666667E+009,4.590478260070086E-003,9.792521595954895E-004,4.646667279303074E-003,1.081075984984636E-003,
2.481100000000000E+009,4.570140503346920E-003,9.291975293308497E-004,4.619077779352665E-003,9.297864744439721E-004,
2.481133333333334E+009,4.574944265186787E-003,9.391459752805531E-004,4.748411010950804E-003,9.992833947762847E-004,
2.481166666666667E+009,4.606175702065229E-003,9.186059469357133E-004,4.617616068571806E-003,1.021157251670957E-003,
2.481200000000000E+009,4.583010450005531E-003,9.374518995173276E-004,4.640824627131224E-003,9.968861704692245E-004,
2.481233333333334E+009,4.626695066690445E-003,8.555515669286251E-004,4.680475220084190E-003,9.196410537697375E-004,
2.481266666666667E+009,4.652114585042000E-003,8.609813521616161E-004,4.858730826526880E-003,9.651736472733319E-004,
2.481300000000000E+009,4.724202677607536E-003,8.767872932367027E-004,4.772462416440249E-003,7.483563967980444E-004,
2.481333333333334E+009,4.537173546850681E-003,8.421756792813540E-004,4.735265858471394E-003,8.773274021223187E-004,
2.481366666666667E+009,4.814514424651861E-003,8.170707733370364E-004,4.750555381178856E-003,7.965212571434677E-004,
2.481400000000000E+009,4.715721122920513E-003,8.840760565362871E-004,4.794659093022347E-003,8.628900395706296E-004,
2.481433333333334E+009,4.802719224244356E-003,9.149947436526418E-004,4.684224724769592E-003,7.448640535585582E-004,
2.481466666666667E+009,4.626637790352106E-003,9.805125882849097E-004,4.521859344094992E-003,7.337257266044617E-004,
2.481500000000000E+009,4.586867522448301E-003,9.374947985634208E-004,4.667772445827723E-003,7.001760532148182E-004,
2.481533333333334E+009,4.585622344166040E-003,8.258871966972947E-004,4.812276922166348E-003,7.014049333520234E-004,
2.481566666666667E+009,4.681834019720554E-003,6.345515721477568E-004,4.829772282391787E-003,6.115367868915200E-004,
2.481600000000000E+009,4.753985907882452E-003,7.195675279945135E-004,4.794713575392962E-003,6.609073607251048E-004,
2.481633333333334E+009,4.714157432317734E-003,6.693595787510276E-004,4.629181697964668E-003,8.109594346024096E-004,
2.481666666666667E+009,4.785298369824886E-003,6.495704874396324E-004,4.728978034108877E-003,6.484584882855415E-004,
2.481700000000000E+009,4.693035036325455E-003,6.636543548665941E-004,4.655074793845415E-003,7.419593166559935E-004,
2.481733333333334E+009,4.685835912823677E-003,5.908634630031884E-004,4.778708331286907E-003,6.339477258734405E-004,
2.481766666666667E+009,4.741359036415815E-003,5.768030532635748E-004,4.648078698664904E-003,5.274954019114375E-004,
2.481800000000000E+009,4.709087312221527E-003,4.657118115574122E-004,4.805840086191893E-003,5.226372159086168E-004,
2.481833333333334E+009,4.734428599476814E-003,5.593404057435691E-004,4.693288356065750E-003,6.008928176015616E-004,
2.481866666666667E+009,4.705128259956837E-003,3.859048301819712E-004,4.691787995398045E-003,4.225631128065288E-004,
2.481900000000000E+009,4.649134352803230E-003,5.967644974589348E-004,4.752597771584988E-003,5.931923515163362E-004,
2.481933333333334E+009,4.640505649149418E-003,4.873012367170304E-004,4.643356893211603E-003,5.849418230354786E-004,
2.481966666666667E+009,4.713964648544788E-003,3.223521052859724E-004,4.647603724151850E-003,4.702623700723052E-004,
2.482000000000000E+009,4.500154405832291E-003,5.291848792694509E-004,4.681759979575872E-003,5.213904078118503E-004,
2.482033333333334E+009,4.588373471051455E-003,5.916715599596500E-004,4.748692270368338E-003,4.343010368756950E-004,
2.482066666666667E+009,4.549970850348473E-003,3.573545254766941E-004,4.584453999996185E-003,3.686870622914285E-004,
2.482100000000000E+009,4.519289359450340E-003,3.976843436248601E-004,4.589905962347984E-003,5.222135805524886E-004,
2.482133333333334E+009,4.575860686600208E-003,3.877683484461159E-004,4.559631459414959E-003,4.226476885378361E-004,
2.482166666666667E+009,4.670280497521162E-003,3.782408603001386E-004,4.671311471611261E-003,2.571190125308931E-004,
2.482200000000000E+009,4.578868392854929E-003,4.015089361928403E-004,4.601838532835245E-003,4.451895656529814E-004,
2.482233333333334E+009,4.555161111056805E-003,3.533426206558943E-004,4.537389148026705E-003,4.057803598698229E-004,
2.482266666666667E+009,4.608304239809513E-003,3.035210247617215E-004,4.620615858584642E-003,4.119260993320495E-004,
2.482300000000000E+009,4.623660352081060E-003,4.216222732793540E-004,4.590386524796486E-003,2.634034026414156E-004,
2.482333333333334E+009,4.650750197470188E-003,3.272156754974276E-004,4.551322199404240E-003,2.723280631471425E-004,
2.482366666666667E+009,4.642374813556671E-003,4.103022511117160E-004,4.673464223742485E-003,1.471330760978162E-004,
2.482400000000000E+009,4.686199128627777E-003,9.172618592856452E-005,4.693989176303148E-003,2.011474425671622E-004,
2.482433333333334E+009,4.549140110611916E-003,2.173073298763484E-004,4.734825342893601E-003,2.892238262575120E-004,
2.482466666666667E+009,4.436892457306385E-003,2.640039601828903E-004,4.740774165838957E-003,1.775694836396724E-004,
2.482500000000000E+009,4.777105059474707E-003,2.924154978245497E-004,4.748826380819082E-003,8.802346565062180E-005,
2.482533333333334E+009,4.517231602221727E-003,4.900779458694160E-005,4.664454143494368E-003,2.612423850223422E-004,
2.482566666666667E+009,4.655184224247932E-003,1.553348120069131E-004,4.745447076857090E-003,1.838539465097711E-004,
2.482600000000000E+009,4.678176715970039E-003,1.728250354062766E-004,4.698809701949358E-003,1.844196085585281E-004,
2.482633333333334E+009,4.783101845532656E-003,1.871796557679772E-004,4.715443123131990E-003,2.540830755606294E-004,
2.482666666666667E+009,4.764648620039225E-003,7.422031194437295E-005,4.768576938658953E-003,-6.098584708524868E-005,
2.482700000000000E+009,4.864830058068037E-003,1.468092377763242E-004,4.568874370306730E-003,2.117130788974464E-004,
2.482733333333334E+009,4.870438016951084E-003,9.973977284971625E-005,4.876066464930773E-003,1.527261629234999E-004,
2.482766666666667E+009,4.904293920844793E-003,1.220182602992281E-004,4.791215062141419E-003,1.256874675163999E-004,
2.482800000000000E+009,4.819402936846018E-003,1.170841860584915E-004,4.932154435664415E-003,3.635651228250936E-005,
2.482833333333334E+009,4.781592171639204E-003,-3.425538670853712E-005,4.847546108067036E-003,2.974235576402862E-005,
2.482866666666667E+009,4.697924014180899E-003,-8.226549834944308E-005,4.824355244636536E-003,4.418909611558775E-007,
2.482900000000000E+009,4.778357222676277E-003,7.156783249229193E-005,4.796690307557583E-003,2.228533230663743E-005,
2.482933333333334E+009,4.810572136193514E-003,-7.670631021028385E-005,4.843149799853563E-003,-2.113534947056905E-006,
2.482966666666667E+009,4.786542616784573E-003,-3.893194298143499E-005,4.822590854018927E-003,1.724270259728655E-004,
2.483000000000000E+009,4.781287163496018E-003,-4.047936818096787E-005,4.783350042998791E-003,-1.003001525532454E-004,
2.483033333333334E+009,4.800741095095873E-003,-7.647474558325484E-005,4.916389007121325E-003,-1.225481246365234E-004,
2.483066666666667E+009,4.759513773024082E-003,-2.958999175461941E-005,4.870524164289236E-003,-4.737217022920959E-005,
2.483100000000000E+009,4.796079825609922E-003,7.720905705355108E-005,4.726420156657696E-003,2.792500163195655E-005,
2.483133333333334E+009,4.754939116537571E-003,-2.341794315725565E-004,4.870489239692688E-003,-7.431527046719566E-005,
2.483166666666667E+009,4.738207440823317E-003,-2.886480069719255E-004,4.928476177155972E-003,-7.976085908012465E-005,
2.483200000000000E+009,5.006660241633654E-003,-4.106410051463172E-005,4.793857224285603E-003,-1.240909332409501E-004,
2.483233333333334E+009,4.882683046162128E-003,-1.651104830671102E-004,4.859222099184990E-003,-1.193065763800405E-004,
2.483266666666667E+009,4.805596079677343E-003,-2.883644483517855E-004,4.961018450558186E-003,-1.606330479262397E-004,
2.483300000000000E+009,4.827155731618404E-003,-3.313567049190169E-006,4.890956450253725E-003,-1.582231197971851E-004,
2.483333333333334E+009,4.926410969346762E-003,-1.698732667136937E-004,4.771101288497448E-003,-2.017212391365320E-004,
2.483366666666667E+009,4.755368921905756E-003,-1.250836794497445E-004,4.789914470165968E-003,-2.195515553466976E-004,
2.483400000000000E+009,4.830849822610617E-003,-2.178299910156056E-004,4.740122705698013E-003,-2.304359368281439E-004,
2.483433333333334E+009,4.661276936531067E-003,-3.246402193326503E-004,4.796439316123724E-003,-3.899947332683951E-004,
2.483466666666667E+009,4.818109329789877E-003,-2.748506376519799E-004,4.808354191482067E-003,-1.925761316670105E-004,
2.483500000000000E+009,4.800649359822273E-003,-3.234220494050533E-004,4.822825081646442E-003,-3.676386841107160E-004,
2.483533333333334E+009,4.706240259110928E-003,-4.690153000410646E-004,4.697667434811592E-003,-2.648174122441560E-004,
2.483566666666667E+009,4.821595270186663E-003,-3.697344509419054E-004,4.745247773826122E-003,-3.215518663637340E-004,
2.483600000000000E+009,4.755928181111813E-003,-3.993895079474896E-004,4.646724555641413E-003,-2.251551777590066E-004,
2.483633333333334E+009,4.695520270615816E-003,-2.976249961648136E-004,4.634853918105364E-003,-3.590441774576902E-004,
2.483666666666667E+009,4.682479891926050E-003,-3.554502618499100E-004,4.630521871149540E-003,-2.870800381060690E-004,
2.483700000000000E+009,4.587946925312281E-003,-3.585317463148385E-004,4.654508084058762E-003,-2.255595172755420E-004,
2.483733333333334E+009,4.662138409912586E-003,-3.115142462775111E-004,4.665730055421591E-003,-4.559372900985181E-004,
2.483766666666667E+009,4.777321126312017E-003,-3.304908750578761E-004,4.694778006523848E-003,-3.790260525420308E-004,
2.483800000000000E+009,4.737647715955973E-003,-5.229556118138135E-004,4.750531166791916E-003,-5.179707659408450E-004,
2.483833333333334E+009,4.697303753346205E-003,-4.095774202141911E-004,4.792366176843643E-003,-4.178493109066039E-004,
2.483866666666667E+009,4.688172601163387E-003,-4.424855578690767E-004,4.605853464454413E-003,-5.740009946748614E-004,
2.483900000000000E+009,4.649238195270300E-003,-4.640152910724282E-004,4.718301817774773E-003,-5.348023842088878E-004,
2.483933333333334E+009,4.602040164172649E-003,-5.324718658812344E-004,4.736509639769793E-003,-5.679911118932068E-004,
2.483966666666667E+009,4.600359592586756E-003,-4.561230889521539E-004,4.747746512293816E-003,-4.875500162597746E-004,
2.484000000000000E+009,4.813578445464373E-003,-5.312394350767136E-004,4.610336385667324E-003,-5.924818105995655E-004,
2.484033333333334E+009,4.624851979315281E-003,-5.802872474305332E-004,4.641113337129355E-003,-6.891180528327823E-004,
2.484066666666667E+009,4.683193285018206E-003,-7.272920338436961E-004,4.761444870382547E-003,-5.989709170535207E-004,
2.484100000000000E+009,4.740359261631966E-003,-7.150894380174577E-004,4.533742088824511E-003,-6.360941333696246E-004,
2.484133333333334E+009,4.749472718685865E-003,-6.790604093112052E-004,4.837832879275084E-003,-7.074467721395195E-004,
2.484166666666667E+009,4.610732197761536E-003,-5.416161147877574E-004,4.827311262488365E-003,-7.972172461450100E-004,
2.484200000000000E+009,4.864064510911703E-003,-6.946024950593710E-004,4.641077481210232E-003,-6.915312842465937E-004,
2.484233333333334E+009,4.695402458310127E-003,-6.855627289041877E-004,4.800803959369659E-003,-7.294191746041179E-004,
2.484266666666667E+009,4.772203508764505E-003,-8.289655670523644E-004,4.756672773510218E-003,-7.692673825658858E-004,
2.484300000000000E+009,4.636873956769705E-003,-7.843449129723012E-004,4.683938808739185E-003,-8.554747328162193E-004,
2.484333333333334E+009,4.743600729852915E-003,-7.823756895959377E-004,4.818725399672985E-003,-7.480892818421125E-004,
2.484366666666667E+009,4.762336146086454E-003,-7.704463205300272E-004,4.773126449435949E-003,-7.289216737262905E-004,
2.484400000000000E+009,4.724242258816958E-003,-8.756052702665329E-004,4.763376433402300E-003,-9.223975357599556E-004,
2.484433333333334E+009,4.674295429140329E-003,-8.040453540161252E-004,4.899948835372925E-003,-7.932960870675743E-004,
2.484466666666667E+009,4.838264547288418E-003,-8.238903246819973E-004,4.769036080688238E-003,-8.365868707187474E-004,
2.484500000000000E+009,4.853663966059685E-003,-8.584478637203574E-004,4.813085775822401E-003,-8.729323744773865E-004,
2.484533333333334E+009,4.808268509805203E-003,-8.829046855680645E-004,4.629674367606640E-003,-8.508749888278544E-004,
2.484566666666667E+009,4.616886377334595E-003,-8.101749699562788E-004,4.906735848635435E-003,-9.082176256924868E-004,
2.484600000000000E+009,4.786974750459194E-003,-8.684373460710049E-004,4.764987155795097E-003,-9.666819241829217E-004,
2.484633333333334E+009,5.011501722037792E-003,-8.660233579576016E-004,4.747411701828241E-003,-9.026487823575735E-004,
2.484666666666667E+009,4.828171804547310E-003,-9.518597507849336E-004,4.717716015875340E-003,-8.095733937807381E-004,
2.484700000000000E+009,4.773546475917101E-003,-1.037026406265795E-003,4.769727122038603E-003,-9.341686381958425E-004,
2.484733333333334E+009,4.708728287369013E-003,-9.301110403612256E-004,4.753447137773037E-003,-9.471952798776329E-004,
2.484766666666667E+009,4.704978317022324E-003,-1.074516098015010E-003,4.800944589078426E-003,-1.095768762752414E-003,
2.484800000000000E+009,4.604363348335028E-003,-1.093643018975854E-003,4.733537323772907E-003,-1.123876427300274E-003,
2.484833333333334E+009,4.723642021417618E-003,-9.914851980283856E-004,4.806211683899164E-003,-9.917765855789185E-004,
2.484866666666667E+009,4.736537579447031E-003,-9.873559465631843E-004,4.804660566151142E-003,-1.005419064313173E-003,
2.484900000000000E+009,4.758338909596205E-003,-1.030485494993627E-003,4.640276543796063E-003,-1.081237685866654E-003,
2.484933333333334E+009,4.617737606167793E-003,-1.016077585518360E-003,4.645541310310364E-003,-1.057963236235082E-003,
2.484966666666667E+009,4.698269534856081E-003,-1.116731320507824E-003,4.664367996156216E-003,-1.156275742687285E-003,
2.485000000000000E+009,4.733241163194180E-003,-1.077979570254684E-003,4.666788969188929E-003,-1.177762052975595E-003,
2.485033333333334E+009,4.600965883582830E-003,-1.096631865948439E-003,4.659821279346943E-003,-1.129912328906357E-003,
2.485066666666667E+009,4.624666180461645E-003,-1.098471810109913E-003,4.565398674458265E-003,-1.140587497502565E-003,
2.485100000000000E+009,4.504913464188576E-003,-1.158186933025718E-003,4.639693535864353E-003,-1.226167310960591E-003,
2.485133333333334E+009,4.510574042797089E-003,-1.136490842327476E-003,4.525387659668922E-003,-1.140769338235259E-003,
2.485166666666667E+009,4.496412351727486E-003,-1.198163954541087E-003,4.609046969562769E-003,-1.219933852553368E-003,
2.485200000000000E+009,4.482890944927931E-003,-1.150130410678685E-003,4.549701698124409E-003,-1.188413589261472E-003,
2.485233333333334E+009,4.504945594817400E-003,-1.195664633996785E-003,4.612674470990896E-003,-1.195305841974914E-003,
2.485266666666667E+009,4.525620955973864E-003,-1.161692198365927E-003,4.647174850106239E-003,-1.091349287889898E-003,
2.485300000000000E+009,4.496492445468903E-003,-1.269125612452626E-003,4.635116551071405E-003,-1.275198766961694E-003,
2.485333333333334E+009,4.703315440565348E-003,-1.222310122102499E-003,4.587390460073948E-003,-1.175537938252091E-003,
2.485366666666667E+009,4.510005470365286E-003,-1.292153494432569E-003,4.475413355976343E-003,-1.120116212405264E-003,
2.485400000000000E+009,4.406948573887348E-003,-1.155743259005249E-003,4.509958904236555E-003,-1.200626720674336E-003,
2.485433333333334E+009,4.487866070121527E-003,-1.200902741402388E-003,4.523393698036671E-003,-1.242671743966639E-003,
2.485466666666667E+009,4.492835141718388E-003,-1.218999968841672E-003,4.462690092623234E-003,-1.202512066811323E-003,
2.485500000000000E+009,4.567661322653294E-003,-1.197112491354346E-003,4.574190359562635E-003,-1.213944167830050E-003,
2.485533333333334E+009,4.523078445345163E-003,-1.330511760897934E-003,4.560516215860844E-003,-1.253387657925487E-003,
2.485566666666667E+009,4.605216439813376E-003,-1.307977945543826E-003,4.537086002528667E-003,-1.333458116278052E-003,
2.485600000000000E+009,4.485462792217732E-003,-1.517694327048957E-003,4.480293020606041E-003,-1.401858637109399E-003,
2.485633333333334E+009,4.528669640421867E-003,-1.390375313349068E-003,4.588037729263306E-003,-1.412827405147255E-003,
2.485666666666667E+009,4.578138701617718E-003,-1.294041168875992E-003,4.577632993459702E-003,-1.382331014610827E-003,
2.485700000000000E+009,4.521750845015049E-003,-1.446153968572617E-003,4.429766908288002E-003,-1.379772555083036E-003,
2.485733333333334E+009,4.555046558380127E-003,-1.448955968953669E-003,4.535943735390902E-003,-1.363802817650139E-003,
2.485766666666667E+009,4.428551066666842E-003,-1.507611945271492E-003,4.533234052360058E-003,-1.472749514505267E-003,
2.485800000000000E+009,4.433415830135346E-003,-1.406639348715544E-003,4.512681625783444E-003,-1.552873640321195E-003,
2.485833333333334E+009,4.387677181512117E-003,-1.410277094691992E-003,4.611025098711252E-003,-1.465309644117951E-003,
2.485866666666667E+009,4.365352913737297E-003,-1.536173280328512E-003,4.506726749241352E-003,-1.744994544424117E-003,
2.485900000000000E+009,4.533191677182913E-003,-1.565685146488249E-003,4.637645091861486E-003,-1.538007287308574E-003,
2.485933333333334E+009,4.476890899240971E-003,-1.464209984987974E-003,4.549825098365545E-003,-1.550961518660188E-003,
2.485966666666667E+009,4.631916992366314E-003,-1.599514624103904E-003,4.559314809739590E-003,-1.564410980790854E-003,
2.486000000000000E+009,4.471745807677507E-003,-1.653001294471324E-003,4.422533325850964E-003,-1.568521372973919E-003,
2.486033333333334E+009,4.635717719793320E-003,-1.730873365886509E-003,4.530974663794041E-003,-1.563691417686641E-003,
2.486066666666667E+009,4.524224437773228E-003,-1.761498162522912E-003,4.529456142336130E-003,-1.641199458390474E-003,
2.486100000000000E+009,4.515778273344040E-003,-1.640064991079271E-003,4.506466910243034E-003,-1.697259140200913E-003,
2.486133333333334E+009,4.513234831392765E-003,-1.782493898645043E-003,4.454595502465963E-003,-1.715181278996170E-003,
2.486166666666667E+009,4.553480539470911E-003,-1.819471013732255E-003,4.455316811800003E-003,-1.774293370544910E-003,
2.486200000000000E+009,4.530309699475765E-003,-1.606753095984459E-003,4.514194559305906E-003,-1.786533393897116E-003,
2.486233333333334E+009,4.472075495868921E-003,-1.766207860782743E-003,4.502539988607168E-003,-1.639711554162204E-003,
2.486266666666667E+009,4.554871004074812E-003,-1.772259944118559E-003,4.567132797092199E-003,-1.693852478638291E-003,
2.486300000000000E+009,4.560170695185661E-003,-1.741884276270866E-003,4.534348845481873E-003,-1.618936308659613E-003,
2.486333333333334E+009,4.566093906760216E-003,-1.865492085926235E-003,4.476742353290319E-003,-1.673374674282968E-003,
2.486366666666667E+009,4.387673921883106E-003,-1.769728376530111E-003,4.499447066336870E-003,-1.710867276415229E-003,
2.486400000000000E+009,4.405190702527762E-003,-1.758227241225541E-003,4.551831167191267E-003,-1.848992309533060E-003,
2.486433333333334E+009,4.525420255959034E-003,-1.798958168365061E-003,4.481975920498371E-003,-1.686467090621591E-003,
2.486466666666667E+009,4.381744191050530E-003,-1.748604234308004E-003,4.393752198666334E-003,-1.856290386058390E-003,
2.486500000000000E+009,4.435960203409195E-003,-1.898058224469423E-003,4.431224428117275E-003,-1.888258731923997E-003,
2.486533333333334E+009,4.415897652506828E-003,-1.821004203520715E-003,4.406864289194346E-003,-1.833233516663313E-003,
2.486566666666667E+009,4.464222583919764E-003,-1.727375783957541E-003,4.373000934720039E-003,-1.557100797072053E-003,
2.486600000000000E+009,4.425342194736004E-003,-1.879566814750433E-003,4.401904065161943E-003,-1.806042506359518E-003,
2.486633333333334E+009,4.510894883424044E-003,-1.682541915215552E-003,4.376841709017754E-003,-1.792264054529369E-003,
2.486666666666667E+009,4.352615680545569E-003,-2.008912619203329E-003,4.346435423940420E-003,-1.837383140809834E-003,
2.486700000000000E+009,4.371421411633492E-003,-1.931677572429180E-003,4.295446909964085E-003,-1.871867571026087E-003,
2.486733333333334E+009,4.265257623046637E-003,-1.890898682177067E-003,4.300372675061226E-003,-1.847623614594340E-003,
2.486766666666667E+009,4.259028472006321E-003,-1.823538215830922E-003,4.350039176642895E-003,-1.827448955737054E-003,
2.486800000000000E+009,4.160915035754442E-003,-1.823054277338088E-003,4.265691619366407E-003,-1.817154232412577E-003,
2.486833333333334E+009,4.249279387295246E-003,-1.732588396407664E-003,4.363446962088347E-003,-1.691213226877153E-003,
2.486866666666667E+009,4.292899277061224E-003,-1.774707576259971E-003,4.278604406863451E-003,-1.792710041627288E-003,
2.486900000000000E+009,4.324175883084536E-003,-1.845275633968413E-003,4.326191265136004E-003,-1.830631168559194E-003,
2.486933333333334E+009,4.323523491621018E-003,-1.825361396186054E-003,4.218784160912037E-003,-1.846141181886196E-003,
2.486966666666667E+009,4.267585463821888E-003,-1.892673200927675E-003,4.389253910630941E-003,-1.855614711530507E-003,
2.487000000000000E+009,4.202320706099272E-003,-1.871802611276507E-003,4.295912571251392E-003,-1.885590143501759E-003,
2.487033333333334E+009,4.250796046108007E-003,-1.907321042381227E-003,4.253146704286337E-003,-1.884224475361407E-003,
2.487066666666667E+009,4.287552554160357E-003,-1.899275346659124E-003,4.219340626150370E-003,-1.981865381821990E-003,
2.487100000000000E+009,4.357479978352785E-003,-1.881748670712113E-003,4.407496657222509E-003,-1.957078697159886E-003,
2.487133333333334E+009,4.261299036443234E-003,-2.015884965658188E-003,4.099152982234955E-003,-1.925647491589189E-003,
2.487166666666667E+009,4.202578682452440E-003,-1.894022570922971E-003,4.189945757389069E-003,-2.056112978607416E-003,
2.487200000000000E+009,4.183134529739618E-003,-2.024512272328138E-003,4.255992826074362E-003,-1.955488231033087E-003,
2.487233333333334E+009,4.378417506814003E-003,-2.091213827952743E-003,4.226255230605602E-003,-2.000219654291868E-003,
2.487266666666667E+009,4.188164137303829E-003,-2.093573799356818E-003,4.364622756838799E-003,-2.063025720417500E-003,
2.487300000000000E+009,4.196128342300654E-003,-2.140494296327233E-003,4.247152712196112E-003,-2.122124191373587E-003,
2.487333333333334E+009,4.116881638765335E-003,-2.129507018253207E-003,4.220255650579929E-003,-2.081997692584992E-003,
2.487366666666667E+009,4.123380873352289E-003,-2.138266805559397E-003,4.095279611647129E-003,-2.171025145798922E-003,
2.487400000000000E+009,4.250973928719759E-003,-2.151485299691558E-003,4.247716628015041E-003,-2.194686094298959E-003,
2.487433333333334E+009,4.053301177918911E-003,-2.141808625310659E-003,4.163693170994520E-003,-2.169305458664894E-003,
2.487466666666667E+009,4.204571247100830E-003,-2.264876151457429E-003,4.201785195618868E-003,-2.128467662259936E-003,
2.487500000000000E+009,4.076878074556589E-003,-2.098167547956109E-003,4.345227032899857E-003,-2.143771620467305E-003,
2.487533333333334E+009,4.238477908074856E-003,-2.216520486399531E-003,4.303828347474337E-003,-2.339785220101476E-003,
2.487566666666667E+009,4.159567877650261E-003,-2.112560439854860E-003,4.278704058378935E-003,-2.276007086038590E-003,
2.487600000000000E+009,4.312990233302116E-003,-2.322504762560129E-003,4.372112918645144E-003,-2.212419873103499E-003,
2.487633333333334E+009,4.233928397297859E-003,-2.207650803029537E-003,4.329182207584381E-003,-2.178372116759419E-003,
2.487666666666667E+009,4.221842158585787E-003,-2.276096260175109E-003,4.178459290415049E-003,-2.181168179959059E-003,
2.487700000000000E+009,4.225545562803745E-003,-2.270177938044071E-003,4.176042973995209E-003,-2.286431612446904E-003,
2.487733333333334E+009,4.029036965221167E-003,-2.272670157253742E-003,4.198829177767038E-003,-2.448103623464704E-003,
2.487766666666667E+009,4.266995936632156E-003,-2.445914316922426E-003,4.217312671244144E-003,-2.249540761113167E-003,
2.487800000000000E+009,4.197882488369942E-003,-2.299431944265962E-003,4.111377988010645E-003,-2.389527158811688E-003,
2.487833333333334E+009,4.278727807104588E-003,-2.462971024215221E-003,4.181472584605217E-003,-2.327795838937163E-003,
2.487866666666667E+009,4.187037702649832E-003,-2.402166835963726E-003,4.229677375406027E-003,-2.490841317921877E-003,
2.487900000000000E+009,4.209155682474375E-003,-2.394743263721466E-003,4.222350195050240E-003,-2.272889483720064E-003,
2.487933333333334E+009,4.146492574363947E-003,-2.404995961114764E-003,4.145555198192596E-003,-2.314068842679262E-003,
2.487966666666667E+009,4.107902292162180E-003,-2.370811300352216E-003,4.124043975025415E-003,-2.445832127705216E-003,
2.488000000000000E+009,4.098250530660152E-003,-2.291043056175113E-003,4.249049350619316E-003,-2.490308368578553E-003,
2.488033333333334E+009,4.067396279424429E-003,-2.432624110952020E-003,4.108030349016190E-003,-2.360309707000852E-003,
2.488066666666667E+009,4.093601834028959E-003,-2.282177563756704E-003,4.228766076266766E-003,-2.444060286507011E-003,
2.488100000000000E+009,3.986644558608532E-003,-2.400222001597285E-003,4.169131629168987E-003,-2.409034874290228E-003,
2.488133333333334E+009,4.120249301195145E-003,-2.481170464307070E-003,4.153980407863855E-003,-2.468056511133909E-003,
2.488166666666667E+009,4.223875235766172E-003,-2.428059931844473E-003,4.111389629542828E-003,-2.399447141215205E-003,
2.488200000000000E+009,4.168337211012840E-003,-2.417301060631871E-003,4.143093712627888E-003,-2.461081836372614E-003,
2.488233333333334E+009,3.950614016503096E-003,-2.320034662261605E-003,4.048461560159922E-003,-2.464845543727279E-003,
2.488266666666667E+009,4.193447064608336E-003,-2.333495998755097E-003,4.006375093013048E-003,-2.405261155217886E-003,
2.488300000000000E+009,4.162319470196962E-003,-2.343351254239678E-003,4.048014525324106E-003,-2.412966918200254E-003,
2.488333333333334E+009,4.074186086654663E-003,-2.394942799583077E-003,3.959287889301777E-003,-2.477453323081136E-003,
2.488366666666667E+009,3.983545582741499E-003,-2.359859412536025E-003,3.930825740098953E-003,-2.335940720513463E-003,
2.488400000000000E+009,4.038864746689796E-003,-2.506774617359042E-003,4.092059098184109E-003,-2.276483923196793E-003,
2.488433333333334E+009,4.164099693298340E-003,-2.475186716765165E-003,4.179882816970348E-003,-2.351982519030571E-003,
2.488466666666667E+009,4.148417152464390E-003,-2.308802912011743E-003,4.097730387002230E-003,-2.392166061326861E-003,
2.488500000000000E+009,3.870964050292969E-003,-2.370052505284548E-003,4.049514885991812E-003,-2.385543659329414E-003,
2.488533333333334E+009,4.062741529196501E-003,-2.396932104602456E-003,4.128181375563145E-003,-2.453270601108670E-003,
2.488566666666667E+009,4.162444733083248E-003,-2.489847363904119E-003,4.039312247186899E-003,-2.462333068251610E-003,
2.488600000000000E+009,4.001570399850607E-003,-2.425574697554112E-003,4.141586367040873E-003,-2.449374413117766E-003,
2.488633333333334E+009,4.010737407952547E-003,-2.530982252210379E-003,4.029761534184218E-003,-2.470978070050478E-003,
2.488666666666667E+009,4.039896186441183E-003,-2.383188111707568E-003,4.037756007164717E-003,-2.695471979677677E-003,
2.488700000000000E+009,4.089813213795424E-003,-2.553852042183280E-003,4.094351548701525E-003,-2.565251896157861E-003,
2.488733333333334E+009,3.951844293624163E-003,-2.687965054064989E-003,4.102209117263556E-003,-2.726371167227626E-003,
2.488766666666667E+009,3.989854361861944E-003,-2.602146938443184E-003,3.961442038416863E-003,-2.636739285662770E-003,
2.488800000000000E+009,4.117880482226610E-003,-2.628077520057559E-003,4.042994230985642E-003,-2.514264546334744E-003,
2.488833333333334E+009,3.948851488530636E-003,-2.645149361342192E-003,4.015864804387093E-003,-2.642298582941294E-003,
2.488866666666667E+009,3.981229849159718E-003,-2.630807459354401E-003,4.115115385502577E-003,-2.585864393040538E-003,
2.488900000000000E+009,3.930540289729834E-003,-2.676191972568631E-003,4.068152047693729E-003,-2.751002321019769E-003,
2.488933333333334E+009,3.910169471055269E-003,-2.738699316978455E-003,4.058157093822956E-003,-2.646245295181871E-003,
2.488966666666667E+009,4.005320835858584E-003,-2.755904104560614E-003,3.999695647507906E-003,-2.867931732907891E-003,
2.489000000000000E+009,3.857787698507309E-003,-2.643505111336708E-003,4.001467488706112E-003,-2.767555415630341E-003,
2.489033333333334E+009,3.998299594968557E-003,-2.793286927044392E-003,4.182106815278530E-003,-2.852994715794921E-003,
2.489066666666667E+009,3.951156046241522E-003,-2.777043497189879E-003,4.032169934362173E-003,-2.874000696465373E-003,
2.489100000000000E+009,3.820216283202171E-003,-2.673544222488999E-003,3.903993172571063E-003,-2.798702102154493E-003,
2.489133333333334E+009,3.952843602746725E-003,-2.863521454855800E-003,4.021247383207083E-003,-2.821721369400621E-003,
2.489166666666667E+009,3.999062813818455E-003,-2.883389825001359E-003,3.891425905749202E-003,-2.872960641980171E-003,
2.489200000000000E+009,4.023319575935602E-003,-2.803778275847435E-003,3.927010111510754E-003,-2.914634766057134E-003,
2.489233333333334E+009,3.869064152240753E-003,-2.869851188734174E-003,3.994437400251627E-003,-2.891256939619780E-003,
2.489266666666667E+009,4.006025847047567E-003,-2.846328774467111E-003,3.890736727043986E-003,-2.893637865781784E-003,
2.489300000000000E+009,4.073273856192827E-003,-2.918170066550374E-003,4.048144910484552E-003,-3.043333068490028E-003,
2.489333333333334E+009,4.008087329566479E-003,-2.928654430434108E-003,3.913117572665215E-003,-3.089705249294639E-003,
2.489366666666667E+009,3.765190020203590E-003,-2.917923498898745E-003,3.959395922720432E-003,-3.024479374289513E-003,
2.489400000000000E+009,3.985018003731966E-003,-3.000353695824742E-003,3.948724828660488E-003,-2.979522570967674E-003,
2.489433333333334E+009,3.983220551162958E-003,-2.994068898260593E-003,3.934831358492374E-003,-3.001522971317172E-003,
2.489466666666667E+009,3.907100763171911E-003,-2.993755275383592E-003,4.079684615135193E-003,-2.964223269373179E-003,
2.489500000000000E+009,3.877517767250538E-003,-3.040784969925880E-003,4.005975555628538E-003,-3.047118894755840E-003,
2.489533333333334E+009,3.822064492851496E-003,-2.945747226476669E-003,3.983731381595135E-003,-3.201827406883240E-003,
2.489566666666667E+009,3.844074206426740E-003,-3.169784322381020E-003,3.778685117140412E-003,-3.023820929229260E-003,
2.489600000000000E+009,3.977189306169748E-003,-2.951277187094092E-003,3.829390276223421E-003,-3.052090061828494E-003,
2.489633333333334E+009,3.840720979496837E-003,-3.052529878914356E-003,4.012842196971178E-003,-3.114475402981043E-003,
2.489666666666667E+009,3.870972432196140E-003,-3.009729785844684E-003,3.854019567370415E-003,-3.082138020545244E-003,
2.489700000000000E+009,3.716530045494437E-003,-3.034184221178293E-003,3.845842089504004E-003,-3.069107187911868E-003,
2.489733333333334E+009,3.888818435370922E-003,-3.132343292236328E-003,3.926112782210112E-003,-3.217032877728343E-003,
2.489766666666667E+009,3.746173577383161E-003,-3.143687965348363E-003,3.784323576837778E-003,-3.132684621959925E-003,
2.489800000000000E+009,3.808762645348907E-003,-3.038289025425911E-003,3.903205273672938E-003,-3.204145235940814E-003,
2.489833333333334E+009,3.857726231217384E-003,-3.015692811459303E-003,3.850960405543447E-003,-3.081507747992873E-003,
2.489866666666667E+009,3.835662035271525E-003,-3.167483489960432E-003,3.984657581895590E-003,-3.127629635855556E-003,
2.489900000000000E+009,3.694182960316539E-003,-3.211167408153415E-003,3.843642072752118E-003,-3.122128313407302E-003,
2.489933333333334E+009,3.783020656555891E-003,-2.995842834934592E-003,3.681653644889593E-003,-3.243312705308199E-003,
2.489966666666667E+009,3.724524285644293E-003,-3.176232567057014E-003,3.814970375970006E-003,-3.151818644255400E-003,
2.490000000000000E+009,3.881231881678104E-003,-2.964711748063564E-003,3.708442207425833E-003,-3.135240171104670E-003,
2.490033333333334E+009,3.867645049467683E-003,-3.141147783026099E-003,3.729239804670215E-003,-3.332625143229961E-003,
2.490066666666667E+009,3.875538008287549E-003,-3.259913064539433E-003,3.840624354779720E-003,-3.228819230571389E-003,
2.490100000000000E+009,3.738599130883813E-003,-3.299049101769924E-003,3.775611985474825E-003,-3.201009705662727E-003,
2.490133333333334E+009,3.713873447850347E-003,-3.237204626202583E-003,3.851342247799039E-003,-3.349411534145474E-003,
2.490166666666667E+009,3.711517667397857E-003,-3.149996977299452E-003,3.687569638714194E-003,-3.287215251475573E-003,
2.490200000000000E+009,3.654327942058444E-003,-3.224643878638744E-003,3.748388262465596E-003,-3.371015191078186E-003,
2.490233333333334E+009,3.643323201686144E-003,-3.332170657813549E-003,3.708553733304143E-003,-3.351470455527306E-003,
2.490266666666667E+009,3.668348770588636E-003,-3.156333928927779E-003,3.628767561167479E-003,-3.348784521222115E-003,
2.490300000000000E+009,3.778520273044705E-003,-3.247763263061643E-003,3.608599072322249E-003,-3.140104468911886E-003,
2.490333333333334E+009,3.686824114993215E-003,-3.286391962319613E-003,3.749655559659004E-003,-3.405820112675428E-003,
2.490366666666667E+009,3.531798953190446E-003,-3.263073274865747E-003,3.656492801383138E-003,-3.291694214567542E-003,
2.490400000000000E+009,3.581748111173511E-003,-3.368170931935310E-003,3.670011181384325E-003,-3.465467831119895E-003,
2.490433333333334E+009,3.617878770455718E-003,-3.512118244543672E-003,3.690810408443213E-003,-3.421026282012463E-003,
2.490466666666667E+009,3.710673190653324E-003,-3.535907482728362E-003,3.755960613489151E-003,-3.517547156661749E-003,
2.490500000000000E+009,3.646168392151594E-003,-3.468250390142202E-003,3.639587434008718E-003,-3.622562158852816E-003,
2.490533333333334E+009,3.723858855664730E-003,-3.467574249953032E-003,3.556493902578950E-003,-3.568104701116681E-003,
2.490566666666667E+009,3.621222451329231E-003,-3.576706396415830E-003,3.670282196253538E-003,-3.645369550213218E-003,
2.490600000000000E+009,3.581045428290963E-003,-3.598214592784643E-003,3.656729124486446E-003,-3.584594232961536E-003,
2.490633333333334E+009,3.526779357343912E-003,-3.672142047435045E-003,3.619432915002108E-003,-3.658690722659230E-003,
2.490666666666667E+009,3.344191936776042E-003,-3.738207975402474E-003,3.547135042026639E-003,-3.630105638876557E-003,
2.490700000000000E+009,3.557005664333701E-003,-3.618431976065040E-003,3.652563784271479E-003,-3.738421015441418E-003,
2.490733333333334E+009,3.355905646458268E-003,-3.796739038079977E-003,3.590333973988891E-003,-3.822766477242112E-003,
2.490766666666667E+009,3.541822545230389E-003,-3.742290660738945E-003,3.392743645235896E-003,-3.778182901442051E-003,
2.490800000000000E+009,3.589474130421877E-003,-3.694286104291678E-003,3.552708774805069E-003,-3.756172023713589E-003,
2.490833333333334E+009,3.570613916963339E-003,-3.794874995946884E-003,3.613683860749006E-003,-3.860725322738290E-003,
2.490866666666667E+009,3.513892879709601E-003,-3.754824399948120E-003,3.435018705204129E-003,-3.794869408011437E-003,
2.490900000000000E+009,3.579118056222796E-003,-3.655294189229608E-003,3.501744009554386E-003,-3.846475621685386E-003,
2.490933333333334E+009,3.356145462021232E-003,-3.818533383309841E-003,3.347792429849505E-003,-3.846000880002976E-003,
2.490966666666667E+009,3.497357480227947E-003,-3.895105095580220E-003,3.431600984185934E-003,-3.824064508080483E-003,
2.491000000000000E+009,3.456064732745290E-003,-3.819087985903025E-003,3.520401194691658E-003,-3.859793767333031E-003,
2.491033333333334E+009,3.527886467054486E-003,-3.885516664013267E-003,3.396030515432358E-003,-3.870532847940922E-003,
2.491066666666667E+009,3.305871970951557E-003,-3.825671505182982E-003,3.299799747765064E-003,-4.037039354443550E-003,
2.491100000000000E+009,3.323580371215940E-003,-3.902709344401956E-003,3.408069023862481E-003,-3.985825460404158E-003,
2.491133333333334E+009,3.350702114403248E-003,-3.886372083798051E-003,3.412514925003052E-003,-4.000754095613957E-003,
2.491166666666667E+009,3.284360747784376E-003,-4.041160922497511E-003,3.241887083277106E-003,-3.961377777159214E-003,
2.491200000000000E+009,3.320596646517515E-003,-3.936138004064560E-003,3.308064769953489E-003,-3.815796924754977E-003,
2.491233333333334E+009,3.249563276767731E-003,-3.926580306142569E-003,3.280401462689042E-003,-3.939811605960131E-003,
2.491266666666667E+009,3.330105682834983E-003,-3.867424791678786E-003,3.235063515603542E-003,-3.891331842169166E-003,
2.491300000000000E+009,3.329229075461626E-003,-3.918352536857128E-003,3.330437466502190E-003,-4.025145433843136E-003,
2.491333333333334E+009,3.358692396432161E-003,-4.013584461063147E-003,3.331828629598022E-003,-3.946216311305761E-003,
2.491366666666667E+009,3.149806521832943E-003,-4.038718529045582E-003,3.206857014447451E-003,-4.007391631603241E-003,
2.491400000000000E+009,3.156923921778798E-003,-3.929260652512312E-003,3.157270606607199E-003,-4.049256443977356E-003,
2.491433333333334E+009,3.300620941445231E-003,-3.992795012891293E-003,3.151918761432171E-003,-4.045929294079542E-003,
2.491466666666667E+009,3.090181387960911E-003,-3.868305822834373E-003,3.214364638552070E-003,-4.031080752611160E-003,
2.491500000000000E+009,3.153792349621654E-003,-3.998206462711096E-003,3.155453829094768E-003,-4.034362267702818E-003,
2.491533333333334E+009,3.317828290164471E-003,-3.963326103985310E-003,3.200484439730644E-003,-3.993383143097162E-003,
2.491566666666667E+009,3.288327017799020E-003,-4.034606739878655E-003,3.104992443695664E-003,-4.097879864275456E-003,
2.491600000000000E+009,3.161029657348990E-003,-4.017306026071310E-003,3.123794682323933E-003,-4.088072571903467E-003,
2.491633333333334E+009,3.153565339744091E-003,-3.866025712341070E-003,3.142142901197076E-003,-4.044454079121351E-003,
2.491666666666667E+009,3.059835406020284E-003,-4.031654447317123E-003,3.012174740433693E-003,-4.108395427465439E-003,
2.491700000000000E+009,3.093094099313021E-003,-4.103992134332657E-003,3.161960048601031E-003,-4.122957121580839E-003,
2.491733333333334E+009,3.063593525439501E-003,-4.120063968002796E-003,3.106381511315703E-003,-4.073523450642824E-003,
2.491766666666667E+009,3.012220375239849E-003,-4.203528631478548E-003,3.020017873495817E-003,-4.103432409465313E-003,
2.491800000000000E+009,3.029407700523734E-003,-4.127771593630314E-003,2.998090814799070E-003,-4.248178098350763E-003,
2.491833333333334E+009,3.015100024640560E-003,-4.170578904449940E-003,3.030291991308332E-003,-4.174471367150545E-003,
2.491866666666667E+009,2.803470939397812E-003,-4.146047867834568E-003,2.821897389367223E-003,-4.287643358111382E-003,
2.491900000000000E+009,2.843751339241862E-003,-4.274855833500624E-003,2.875459147617221E-003,-4.246175289154053E-003,
2.491933333333334E+009,2.766960998997092E-003,-4.253654740750790E-003,2.862596884369850E-003,-4.332148469984531E-003,
2.491966666666667E+009,2.930271672084928E-003,-4.289601463824511E-003,2.845308743417263E-003,-4.207788966596127E-003,
2.492000000000000E+009,2.920487895607948E-003,-4.204633645713329E-003,2.933058422058821E-003,-4.222162067890167E-003,
2.492033333333334E+009,2.843743655830622E-003,-4.327260889112949E-003,2.846818417310715E-003,-4.233938176184893E-003,
2.492066666666667E+009,2.747835591435432E-003,-4.192885942757130E-003,2.726127393543720E-003,-4.384680185467005E-003,
2.492100000000000E+009,2.676593605428934E-003,-4.336809739470482E-003,2.683140337467194E-003,-4.517698660492897E-003,
2.492133333333334E+009,2.780508017167449E-003,-4.202036652714014E-003,2.763405209407210E-003,-4.432986956089735E-003,
2.492166666666667E+009,2.620472107082605E-003,-4.476451314985752E-003,2.654138719663024E-003,-4.378393758088350E-003,
2.492200000000000E+009,2.718830015510321E-003,-4.448794759809971E-003,2.671392867341638E-003,-4.353130236268044E-003,
2.492233333333334E+009,2.615693025290966E-003,-4.448828287422657E-003,2.555384300649166E-003,-4.469376988708973E-003,
2.492266666666667E+009,2.571631222963333E-003,-4.352828022092581E-003,2.670763758942485E-003,-4.485622048377991E-003,
2.492300000000000E+009,2.605401910841465E-003,-4.563468508422375E-003,2.530535450205207E-003,-4.472802393138409E-003,
2.492333333333334E+009,2.556094201281667E-003,-4.486741498112679E-003,2.626461442559958E-003,-4.595691338181496E-003,
2.492366666666667E+009,2.498937537893653E-003,-4.455303773283958E-003,2.630012808367610E-003,-4.446259234100580E-003,
2.492400000000000E+009,2.537405816838145E-003,-4.423389676958323E-003,2.475711051374674E-003,-4.451939370483160E-003,
2.492433333333334E+009,2.639134647324681E-003,-4.612556193023920E-003,2.575804945081472E-003,-4.476282745599747E-003,
2.492466666666667E+009,2.484684344381094E-003,-4.489914048463106E-003,2.377794589847326E-003,-4.583239555358887E-003,
2.492500000000000E+009,2.534348051995039E-003,-4.496723413467407E-003,2.518060151487589E-003,-4.556014668196440E-003,
2.492533333333334E+009,2.560072112828493E-003,-4.539225716143847E-003,2.431331900879741E-003,-4.636012949049473E-003,
2.492566666666667E+009,2.390870125964284E-003,-4.667401779443026E-003,2.271135337650776E-003,-4.620720632374287E-003,
2.492600000000000E+009,2.461394062265754E-003,-4.725166130810976E-003,2.381425583735108E-003,-4.486273508518934E-003,
2.492633333333334E+009,2.409682609140873E-003,-4.649929702281952E-003,2.275661565363407E-003,-4.578182473778725E-003,
2.492666666666667E+009,2.226922661066055E-003,-4.565847106277943E-003,2.208842197433114E-003,-4.577350802719593E-003,
2.492700000000000E+009,2.306580077856779E-003,-4.640692844986916E-003,2.215865766629577E-003,-4.654269199818373E-003,
2.492733333333334E+009,2.241210779175162E-003,-4.528011195361614E-003,2.249232027679682E-003,-4.640441387891769E-003,
2.492766666666667E+009,2.304209629073739E-003,-4.581003915518522E-003,2.308292547240853E-003,-4.541949369013310E-003,
2.492800000000000E+009,2.203338546678424E-003,-4.729829262942076E-003,2.275703474879265E-003,-4.517901688814163E-003,
2.492833333333334E+009,2.219539368525147E-003,-4.595090635120869E-003,2.309473697096109E-003,-4.553488455712795E-003,
2.492866666666667E+009,2.150548854842782E-003,-4.678664728999138E-003,2.279923297464848E-003,-4.599338397383690E-003,
2.492900000000000E+009,2.260097069665790E-003,-4.758823662996292E-003,2.029438735917211E-003,-4.545334260910749E-003,
2.492933333333334E+009,2.180226845666766E-003,-4.582767840474844E-003,2.225459553301334E-003,-4.572047386318445E-003,
2.492966666666667E+009,2.091506496071816E-003,-4.667366389185190E-003,2.071827650070190E-003,-4.601633176207542E-003,
2.493000000000000E+009,2.110467758029699E-003,-4.683287348598242E-003,2.201836323365569E-003,-4.533353727310896E-003,
2.493033333333334E+009,2.155083697289228E-003,-4.667301662266254E-003,2.174799796193838E-003,-4.670084454119206E-003,
2.493066666666667E+009,1.961478497833014E-003,-4.519206006079912E-003,2.035805257037282E-003,-4.589493386447430E-003,
2.493100000000000E+009,1.963620074093342E-003,-4.536800086498261E-003,2.069923095405102E-003,-4.570444580167532E-003,
2.493133333333334E+009,2.000137697905302E-003,-4.573051352053881E-003,2.145240548998117E-003,-4.536523483693600E-003,
2.493166666666667E+009,2.155661350116134E-003,-4.714874085038900E-003,2.118233591318131E-003,-4.485238809138537E-003,
2.493200000000000E+009,2.047979272902012E-003,-4.535097628831863E-003,1.893484615720809E-003,-4.566441290080547E-003,
2.493233333333334E+009,1.994319260120392E-003,-4.549403674900532E-003,1.942113041877747E-003,-4.641108680516481E-003,
2.493266666666667E+009,1.971065532416105E-003,-4.456405993551016E-003,1.958561129868031E-003,-4.621145315468311E-003,
2.493300000000000E+009,1.953427679836750E-003,-4.676020238548517E-003,2.000232925638557E-003,-4.650777671486139E-003,
2.493333333333334E+009,1.835169852711260E-003,-4.519546870142222E-003,1.930756843648851E-003,-4.552077036350966E-003,
2.493366666666667E+009,1.959708286449313E-003,-4.569150507450104E-003,1.818285905756056E-003,-4.461083561182022E-003,
2.493400000000000E+009,1.900788629427552E-003,-4.617563914507628E-003,1.844470622017980E-003,-4.624699242413044E-003,
2.493433333333334E+009,1.877736998721957E-003,-4.736559931188822E-003,1.786551787517965E-003,-4.620573949068785E-003,
2.493466666666667E+009,1.786626060493290E-003,-4.635679069906473E-003,1.753518357872963E-003,-4.823218099772930E-003,
2.493500000000000E+009,1.832187408581376E-003,-4.526141565293074E-003,1.827840926125646E-003,-4.602286964654923E-003,
2.493533333333334E+009,1.607888261787593E-003,-4.496112465858460E-003,1.712379511445761E-003,-4.629659932106733E-003,
2.493566666666667E+009,1.735553727485240E-003,-4.466678015887737E-003,1.704701920971274E-003,-4.688160959631205E-003,
2.493600000000000E+009,1.688655582256615E-003,-4.715009126812220E-003,1.674643484875560E-003,-4.639680963009596E-003,
2.493633333333334E+009,1.684101996943355E-003,-4.591058939695358E-003,1.528363209217787E-003,-4.730992019176483E-003,
2.493666666666667E+009,1.728856936097145E-003,-4.792618565261364E-003,1.622971612960100E-003,-4.621277097612619E-003,
2.493700000000000E+009,1.685914001427591E-003,-4.682210739701986E-003,1.472959294915199E-003,-4.792962688952684E-003,
2.493733333333334E+009,1.637285458855331E-003,-4.636438097804785E-003,1.465255743823946E-003,-4.716315772384405E-003,
2.493766666666667E+009,1.604020013473928E-003,-4.616104532033205E-003,1.508612185716629E-003,-4.718990530818701E-003,
2.493800000000000E+009,1.541420002467930E-003,-4.636762198060751E-003,1.426735660061240E-003,-4.696830175817013E-003,
2.493833333333334E+009,1.377461245283485E-003,-4.791084676980972E-003,1.402266672812402E-003,-4.630278330296278E-003,
2.493866666666667E+009,1.552853849716485E-003,-4.720940254628658E-003,1.199266058392823E-003,-4.711750894784927E-003,
2.493900000000000E+009,1.524800201877952E-003,-4.753875546157360E-003,1.527501386590302E-003,-4.782021511346102E-003,
2.493933333333334E+009,1.386983436532319E-003,-4.747831728309393E-003,1.383433351293206E-003,-4.778895527124405E-003,
2.493966666666667E+009,1.352749881334603E-003,-4.796231631189585E-003,1.273208297789097E-003,-4.645179491490126E-003,
2.494000000000000E+009,1.423041219823062E-003,-4.761833231896162E-003,1.113081234507263E-003,-4.786660429090262E-003,
2.494033333333334E+009,1.441832748241723E-003,-4.673664923757315E-003,1.412554411217570E-003,-4.765165504068136E-003,
2.494066666666667E+009,1.315699308179319E-003,-4.741945769637823E-003,1.276001567021012E-003,-4.711625166237354E-003,
2.494100000000000E+009,1.317576738074422E-003,-4.740332253277302E-003,1.248827204108238E-003,-4.701235331594944E-003,
2.494133333333334E+009,1.321815885603428E-003,-4.677346441894770E-003,1.156401238404214E-003,-4.799437709152699E-003,
2.494166666666667E+009,1.285162987187505E-003,-4.642536398023367E-003,1.262980862520635E-003,-4.814437590539455E-003,
2.494200000000000E+009,1.285142847336829E-003,-4.651661496609449E-003,1.192207913845778E-003,-4.759790375828743E-003,
2.494233333333334E+009,1.117658684961498E-003,-4.757318180054426E-003,1.288698869757354E-003,-4.614151548594236E-003,
2.494266666666667E+009,1.152346492744982E-003,-4.636198747903109E-003,1.271771849133074E-003,-4.820519126951695E-003,
2.494300000000000E+009,1.103711896575987E-003,-4.839486442506313E-003,1.089007710106671E-003,-4.649912007153034E-003,
2.494333333333334E+009,1.293196808546782E-003,-4.645212553441525E-003,1.164813525974751E-003,-4.794784355908632E-003,
2.494366666666667E+009,1.054819207638502E-003,-4.560336004942656E-003,1.156654092483223E-003,-4.732284694910049E-003,
2.494400000000000E+009,1.095137326046825E-003,-4.736708011478186E-003,1.033744658343494E-003,-4.690330009907484E-003,
2.494433333333334E+009,1.011873595416546E-003,-4.643627908080816E-003,1.004995894618332E-003,-4.615164361894131E-003,
2.494466666666667E+009,1.066905679181218E-003,-4.583468660712242E-003,9.764596470631659E-004,-4.722034558653832E-003,
2.494500000000000E+009,9.979577735066414E-004,-4.760123323649168E-003,1.061394694261253E-003,-4.633301869034767E-003,
2.494533333333334E+009,1.064362004399300E-003,-4.654750227928162E-003,9.078814182430506E-004,-4.558842629194260E-003,
2.494566666666667E+009,1.045871409587562E-003,-4.647375084459782E-003,1.023545511998236E-003,-4.627923946827650E-003,
2.494600000000000E+009,1.024238299578428E-003,-4.642008338123560E-003,8.647936047054827E-004,-4.530373960733414E-003,
2.494633333333334E+009,9.272255119867623E-004,-4.609763622283936E-003,1.103022135794163E-003,-4.576790146529675E-003,
2.494666666666667E+009,9.011074434965849E-004,-4.596376791596413E-003,1.129779964685440E-003,-4.673866555094719E-003,
2.494700000000000E+009,9.163052309304476E-004,-4.584243055433035E-003,1.057888730429113E-003,-4.540558438748121E-003,
2.494733333333334E+009,1.153785036876798E-003,-4.657608922570944E-003,1.008919789455831E-003,-4.735640715807676E-003,
2.494766666666667E+009,8.837899658828974E-004,-4.503802396357060E-003,1.040525268763304E-003,-4.589500371366739E-003,
2.494800000000000E+009,9.042907040566206E-004,-4.444754216820002E-003,9.211970027536154E-004,-4.600585438311100E-003,
2.494833333333334E+009,8.263992494903505E-004,-4.598742350935936E-003,1.037095207720995E-003,-4.469370003789663E-003,
2.494866666666667E+009,9.496980928815901E-004,-4.695190582424402E-003,9.296285570599139E-004,-4.543663933873177E-003,
2.494900000000000E+009,8.876298670656979E-004,-4.630198236554861E-003,6.945502245798707E-004,-4.590235650539398E-003,
2.494933333333334E+009,8.658315637148917E-004,-4.587510600686073E-003,6.937878206372261E-004,-4.563206341117621E-003,
2.494966666666667E+009,7.864339859224856E-004,-4.497409798204899E-003,7.948571583256126E-004,-4.602691158652306E-003,
2.495000000000000E+009,7.388015510514379E-004,-4.433608613908291E-003,8.538174442946911E-004,-4.668197128921747E-003,
2.495033333333334E+009,7.341128657571971E-004,-4.534079693257809E-003,7.818981539458036E-004,-4.614944569766522E-003,
2.495066666666667E+009,6.794790970161557E-004,-4.613377619534731E-003,5.676505970768631E-004,-4.687455482780933E-003,
2.495100000000000E+009,6.759375683031976E-004,-4.568040836602449E-003,4.294096725061536E-004,-4.602366127073765E-003,
2.495133333333334E+009,6.954632117412984E-004,-4.524368792772293E-003,5.639476003125310E-004,-4.554251674562693E-003,
2.495166666666667E+009,4.981659585610032E-004,-4.652593284845352E-003,5.533882067538798E-004,-4.628087393939495E-003,
2.495200000000000E+009,4.336102865636349E-004,-4.509937949478626E-003,5.136781837791205E-004,-4.604424349963665E-003,
2.495233333333334E+009,4.545412375591695E-004,-4.582195077091456E-003,4.137708165217191E-004,-4.689395893365145E-003,
2.495266666666667E+009,4.777473805006594E-004,-4.595962353050709E-003,4.188521706964821E-004,-4.607540555298328E-003,
2.495300000000000E+009,5.495352088473737E-004,-4.497153684496880E-003,3.371490747667849E-004,-4.645950160920620E-003,
2.495333333333334E+009,4.171932523604482E-004,-4.779408685863018E-003,3.644546377472580E-004,-4.543227143585682E-003,
2.495366666666667E+009,4.484930541366339E-004,-4.654837772250176E-003,4.836592124775052E-004,-4.669220186769962E-003,
2.495400000000000E+009,3.150923585053533E-004,-4.501601215451956E-003,3.151983837597072E-004,-4.598963540047407E-003,
2.495433333333334E+009,4.268298798706383E-004,-4.622716922312975E-003,3.669964498840272E-004,-4.560236819088459E-003,
2.495466666666667E+009,2.589759533293545E-004,-4.558268003165722E-003,2.427697472739965E-004,-4.553778562694788E-003,
2.495500000000000E+009,1.898560876725242E-004,-4.589455667883158E-003,2.355824835831299E-004,-4.664844833314419E-003,
2.495533333333334E+009,2.762431686278433E-004,-4.479581490159035E-003,2.823522954713553E-004,-4.551580175757408E-003,
2.495566666666667E+009,2.802198869176209E-004,-4.602637141942978E-003,2.973045338876545E-004,-4.616437945514917E-003,
2.495600000000000E+009,3.026888298336417E-004,-4.657818935811520E-003,1.610682520549744E-004,-4.563197959214449E-003,
2.495633333333334E+009,3.236898919567466E-004,-4.682435188442469E-003,2.234715357189998E-004,-4.540932830423117E-003,
2.495666666666667E+009,1.793433912098408E-004,-4.420031327754259E-003,2.655366552062333E-004,-4.549464676529169E-003,
2.495700000000000E+009,1.084946852643043E-004,-4.428716842085123E-003,1.870615669758990E-004,-4.559531807899475E-003,
2.495733333333334E+009,1.989425072679296E-004,-4.583009984344244E-003,1.741647574817762E-004,-4.611169919371605E-003,
2.495766666666667E+009,1.406444644089788E-004,-4.549946635961533E-003,7.778627332299948E-005,-4.488937556743622E-003,
2.495800000000000E+009,1.535619812784717E-004,-4.540962632745504E-003,1.330108498223126E-004,-4.524393938481808E-003,
2.495833333333334E+009,1.055990505847149E-004,-4.533183760941029E-003,4.226261080475524E-005,-4.439371638000011E-003,
2.495866666666667E+009,9.126138320425525E-005,-4.493704997003079E-003,1.504439114796696E-005,-4.514130298048258E-003,
2.495900000000000E+009,7.243683648994193E-005,-4.535341635346413E-003,2.464642966515385E-005,-4.483894910663366E-003,
2.495933333333334E+009,8.163449092535302E-005,-4.375791177153587E-003,-8.892892219591886E-005,-4.631257150322199E-003,
2.495966666666667E+009,3.515126991260331E-006,-4.593394231051207E-003,-4.950681613991037E-006,-4.418274853378534E-003,
2.496000000000000E+009,2.706567647692282E-005,-4.412063397467136E-003,1.631645432098594E-006,-4.381709266453981E-003,
2.496033333333334E+009,-1.026164172799327E-004,-4.421260673552752E-003,4.978075594408438E-006,-4.466805607080460E-003,
2.496066666666667E+009,5.259352292341646E-006,-4.444567020982504E-003,1.315443514613435E-004,-4.393121227622032E-003,
2.496100000000000E+009,3.208840644219890E-005,-4.373417701572180E-003,-1.156191683548968E-005,-4.431901033967733E-003,
2.496133333333334E+009,-1.693619706202298E-004,-4.411363042891026E-003,-8.095016528386623E-005,-4.425892140716314E-003,
2.496166666666667E+009,6.290223245741800E-005,-4.371001385152340E-003,-1.097071581170894E-004,-4.533323459327221E-003,
2.496200000000000E+009,-1.200081678689458E-004,-4.227769561111927E-003,-3.931190076400526E-005,-4.259374458342791E-003,
2.496233333333334E+009,-6.338733510347083E-005,-4.449740983545780E-003,9.244476677849889E-005,-4.347359761595726E-003,
2.496266666666667E+009,-3.114154606009834E-005,-4.306490067392588E-003,-8.777210496191401E-006,-4.371389281004667E-003,
2.496300000000000E+009,-5.619450894300826E-005,-4.273349884897471E-003,-1.124178015743382E-004,-4.327443428337574E-003,
2.496333333333334E+009,-9.054497786564753E-005,-4.438321571797133E-003,-1.623306743567810E-004,-4.291970282793045E-003,
2.496366666666667E+009,-8.980120037449524E-005,-4.205801058560610E-003,8.160910510923713E-006,-4.339984618127346E-003,
2.496400000000000E+009,-2.095056261168793E-004,-4.278024192899466E-003,-4.894811354461126E-006,-4.271773621439934E-003,
2.496433333333334E+009,-6.035308615537360E-005,-4.319183994084597E-003,-6.245481199584901E-005,-4.471557214856148E-003,
2.496466666666667E+009,-6.548541568918154E-005,-4.286506678909063E-003,-8.298478496726602E-005,-4.215450491756201E-003,
2.496500000000000E+009,-1.017883841996081E-004,-4.265415947884321E-003,-1.811803667806089E-004,-4.310857970267534E-003,
2.496533333333334E+009,-1.366246287943795E-004,-4.368360619992018E-003,-1.850271219154820E-004,-4.297622479498386E-003,
2.496566666666667E+009,-1.016832247842103E-004,-4.201141651719809E-003,-1.894343004096299E-004,-4.354726988822222E-003,
2.496600000000000E+009,-3.381449787411839E-004,-4.181269090622664E-003,-2.583343302831054E-004,-4.312441684305668E-003,
2.496633333333334E+009,-1.139998566941358E-004,-4.205426666885614E-003,-3.289423766545951E-004,-4.225833341479302E-003,
2.496666666666667E+009,-2.457094960846007E-004,-4.374125041067600E-003,-3.178940387442708E-004,-4.180876538157463E-003,
2.496700000000000E+009,-2.560339635238051E-004,-4.048281349241734E-003,-3.538871242199093E-004,-4.214156419038773E-003,
2.496733333333334E+009,-3.545610525179654E-004,-4.220538772642613E-003,-3.197989135514945E-004,-4.313269630074501E-003,
2.496766666666667E+009,-2.572398807387799E-004,-4.288007970899344E-003,-4.029970150440931E-004,-4.268029704689980E-003,
2.496800000000000E+009,-4.853816935792565E-004,-4.174218513071537E-003,-3.224725369364023E-004,-4.173933528363705E-003,
2.496833333333334E+009,-4.874203295912594E-004,-4.253236111253500E-003,-4.419061297085136E-004,-4.323545843362808E-003,
2.496866666666667E+009,-6.192018627189100E-004,-4.191979300230742E-003,-4.826800723094493E-004,-4.206082783639431E-003,
2.496900000000000E+009,-5.010714521631599E-004,-4.085701890289784E-003,-5.386918783187866E-004,-4.178039729595184E-003,
2.496933333333334E+009,-4.879941698163748E-004,-4.213097039610148E-003,-5.070531042292714E-004,-4.170367494225502E-003,
2.496966666666667E+009,-6.017753039486706E-004,-4.180405754595995E-003,-5.280448822304606E-004,-4.158052615821362E-003,
2.497000000000000E+009,-5.254757707007229E-004,-4.099179059267044E-003,-5.873974878340960E-004,-4.132257308810949E-003,
2.497033333333334E+009,-5.598110146820545E-004,-4.164598882198334E-003,-6.778673850931227E-004,-4.161289427429438E-003,
2.497066666666667E+009,-6.330862524919212E-004,-4.139097407460213E-003,-7.382613257505000E-004,-4.058383405208588E-003,
2.497100000000000E+009,-7.906337850727141E-004,-3.970977384597063E-003,-6.202936056070030E-004,-4.363900516182184E-003,
2.497133333333334E+009,-6.827333127148449E-004,-4.044954665005207E-003,-5.573047674261034E-004,-4.082045517861843E-003,
2.497166666666667E+009,-6.187651888467372E-004,-4.104350227862597E-003,-6.576779996976256E-004,-4.010180011391640E-003,
2.497200000000000E+009,-6.620162166655064E-004,-3.969773184508085E-003,-7.957512279972434E-004,-4.074296914041042E-003,
2.497233333333334E+009,-7.751226075924933E-004,-4.015799146145582E-003,-6.481319433078170E-004,-4.134007729589939E-003,
2.497266666666667E+009,-8.034720667637885E-004,-4.022412002086639E-003,-7.935738540254533E-004,-4.026921000331640E-003,
2.497300000000000E+009,-7.640463300049305E-004,-3.943693824112415E-003,-7.771588279865682E-004,-4.121405072510243E-003,
2.497333333333334E+009,-7.884358637966216E-004,-3.980842884629965E-003,-6.847631302662194E-004,-3.958276007324457E-003,
2.497366666666667E+009,-7.387343212030828E-004,-3.875228343531489E-003,-6.798942922614515E-004,-3.976992797106504E-003,
2.497400000000000E+009,-7.980298832990229E-004,-4.002176690846682E-003,-8.267337689176202E-004,-3.944918047636747E-003,
2.497433333333334E+009,-6.758686504326761E-004,-3.893919521942735E-003,-7.610490429215133E-004,-3.928554244339466E-003,
2.497466666666667E+009,-7.747171912342310E-004,-4.061919171363115E-003,-7.926403195597231E-004,-3.978901542723179E-003,
2.497500000000000E+009,-7.809459930285811E-004,-3.876739880070090E-003,-8.478910895064473E-004,-4.034330602735281E-003,
2.497533333333334E+009,-7.714864332228899E-004,-3.872418077662587E-003,-7.890675333328545E-004,-3.878848394379020E-003,
2.497566666666667E+009,-8.626340422779322E-004,-3.939439076930285E-003,-7.934476598165929E-004,-3.989249467849731E-003,
2.497600000000000E+009,-8.758436306379736E-004,-3.921503666788340E-003,-8.759152260608971E-004,-3.891767933964729E-003,
2.497633333333334E+009,-8.441634709015489E-004,-3.994570113718510E-003,-8.847456192597747E-004,-3.898450406268239E-003,
2.497666666666667E+009,-8.613818208687007E-004,-3.805252723395824E-003,-8.022577385418117E-004,-3.831994486972690E-003,
2.497700000000000E+009,-9.086155332624912E-004,-3.878309391438961E-003,-9.304329869337380E-004,-3.975787200033665E-003,
2.497733333333334E+009,-9.024621103890240E-004,-3.685499308630824E-003,-7.666588062420487E-004,-3.866905579343438E-003,
2.497766666666667E+009,-9.351191110908985E-004,-3.730038413777947E-003,-1.020882627926767E-003,-3.840791061520577E-003,
2.497800000000000E+009,-8.013817132450640E-004,-3.596096765249968E-003,-6.944862543605268E-004,-3.792696865275502E-003,
2.497833333333334E+009,-9.102156036533415E-004,-3.689757082611322E-003,-7.828815723769367E-004,-3.667169483378530E-003,
2.497866666666667E+009,-8.874558261595666E-004,-3.708000993356109E-003,-8.532402571290731E-004,-3.788450732827187E-003,
2.497900000000000E+009,-9.438197012059391E-004,-3.827067324891686E-003,-8.507595630362630E-004,-3.672445658594370E-003,
2.497933333333334E+009,-9.234366007149220E-004,-3.765470813959837E-003,-9.365795413032174E-004,-3.732429351657629E-003,
2.497966666666667E+009,-9.596662130206823E-004,-3.579255659133196E-003,-8.171183872036636E-004,-3.581824013963342E-003,
2.498000000000000E+009,-8.572270162403584E-004,-3.697135485708714E-003,-8.145361789502204E-004,-3.726027673110366E-003,
2.498033333333334E+009,-8.357323240488768E-004,-3.569211345165968E-003,-9.833468357101083E-004,-3.700035158544779E-003,
2.498066666666667E+009,-1.046533230692148E-003,-3.601131495088339E-003,-9.493575198575854E-004,-3.603977849707007E-003,
2.498100000000000E+009,-9.987460216507316E-004,-3.599202726036310E-003,-8.661731262691319E-004,-3.620315808802843E-003,
2.498133333333334E+009,-9.868408087641001E-004,-3.413628786802292E-003,-1.015150104649365E-003,-3.672666847705841E-003,
2.498166666666667E+009,-9.977745357900858E-004,-3.446148708462715E-003,-1.092883758246899E-003,-3.555525094270706E-003,
2.498200000000000E+009,-1.043706899508834E-003,-3.564213868230581E-003,-1.067556557245553E-003,-3.687102580443025E-003,
2.498233333333334E+009,-1.120166503824294E-003,-3.507106797769666E-003,-1.095556770451367E-003,-3.518009791150689E-003,
2.498266666666667E+009,-1.125726848840714E-003,-3.505510976538062E-003,-1.156042446382344E-003,-3.370590275153518E-003,
2.498300000000000E+009,-1.122837420552969E-003,-3.429058240726590E-003,-1.082028844393790E-003,-3.482567146420479E-003,
2.498333333333334E+009,-1.139539992436767E-003,-3.422862617298961E-003,-1.154358847998083E-003,-3.531569615006447E-003,
2.498366666666667E+009,-1.211143448017538E-003,-3.463642671704292E-003,-1.172832795418799E-003,-3.493865020573139E-003,
2.498400000000000E+009,-1.049719168804586E-003,-3.474949859082699E-003,-1.282081590034068E-003,-3.448695177212358E-003,
2.498433333333334E+009,-1.227837637998164E-003,-3.451180178672075E-003,-1.186380395665765E-003,-3.531503956764936E-003,
2.498466666666667E+009,-1.194490119814873E-003,-3.492782823741436E-003,-1.126902992837131E-003,-3.462625667452812E-003,
2.498500000000000E+009,-1.114326762035489E-003,-3.493224969133735E-003,-1.352375606074929E-003,-3.473972668871284E-003,
2.498533333333334E+009,-1.286316197365522E-003,-3.467435017228127E-003,-1.226429943926632E-003,-3.444180125370622E-003,
2.498566666666667E+009,-1.241737278178334E-003,-3.321213647723198E-003,-1.289948821067810E-003,-3.512556897476316E-003,
2.498600000000000E+009,-1.267077866941690E-003,-3.404534421861172E-003,-1.316204085014761E-003,-3.376846434548497E-003,
2.498633333333334E+009,-1.284655649214983E-003,-3.298248164355755E-003,-1.249644323252142E-003,-3.329105209559202E-003,
2.498666666666667E+009,-1.244246610440314E-003,-3.333857050165534E-003,-1.399683998897672E-003,-3.374405438080430E-003,
2.498700000000000E+009,-1.248132437467575E-003,-3.276464296504855E-003,-1.391522120684385E-003,-3.461851971223950E-003,
2.498733333333334E+009,-1.277704373933375E-003,-3.264163853600621E-003,-1.429365598596633E-003,-3.434938611462712E-003,
2.498766666666667E+009,-1.411559758707881E-003,-3.413950791582465E-003,-1.486036344431341E-003,-3.284861799329519E-003,
2.498800000000000E+009,-1.357754808850586E-003,-3.226272063329816E-003,-1.348166028037667E-003,-3.331679385155439E-003,
2.498833333333334E+009,-1.399404718540609E-003,-3.213677788153291E-003,-1.461593783460558E-003,-3.304784651845694E-003,
2.498866666666667E+009,-1.180229126475751E-003,-3.249744884669781E-003,-1.440405612811446E-003,-3.228726331144571E-003,
2.498900000000000E+009,-1.449373317882419E-003,-3.315493231639266E-003,-1.507359091192484E-003,-3.194814315065742E-003,
2.498933333333334E+009,-1.318209571763873E-003,-3.339019371196628E-003,-1.448308816179633E-003,-3.255619201809168E-003,
2.498966666666667E+009,-1.267906976863742E-003,-3.287852276116610E-003,-1.438542734831572E-003,-3.214680589735508E-003,
2.499000000000000E+009,-1.311247353442013E-003,-3.107149852439761E-003,-1.325880293734372E-003,-3.234591335058212E-003,
2.499033333333334E+009,-1.362879876978695E-003,-3.069913946092129E-003,-1.421135733835399E-003,-3.178976709023118E-003,
2.499066666666667E+009,-1.310266554355621E-003,-3.073376603424549E-003,-1.470236922614276E-003,-3.082992043346167E-003,
2.499100000000000E+009,-1.421716995537281E-003,-3.105320036411285E-003,-1.309210900217295E-003,-3.103102324530482E-003,
2.499133333333334E+009,-1.440759166143835E-003,-2.946548163890839E-003,-1.546724117361009E-003,-3.056373214349151E-003,
2.499166666666667E+009,-1.350436708889902E-003,-3.071728162467480E-003,-1.406227820552886E-003,-3.084286348894239E-003,
2.499200000000000E+009,-1.364543917588890E-003,-3.045800141990185E-003,-1.340566785074771E-003,-3.101858776062727E-003,
2.499233333333334E+009,-1.448937691748142E-003,-2.817446133121848E-003,-1.321719493716955E-003,-2.960525918751955E-003,
2.499266666666667E+009,-1.321617513895035E-003,-2.842692658305168E-003,-1.385106705129147E-003,-2.996758325025439E-003,
2.499300000000000E+009,-1.331996056251228E-003,-3.026424674317241E-003,-1.316807465627790E-003,-2.900738036260009E-003,
2.499333333333334E+009,-1.247329288162291E-003,-2.985282102599740E-003,-1.317827845923603E-003,-2.909523202106357E-003,
2.499366666666667E+009,-1.278629992157221E-003,-2.948138862848282E-003,-1.323873410001397E-003,-3.059969050809741E-003,
2.499400000000000E+009,-1.298249349929392E-003,-2.962394384667277E-003,-1.195859396830201E-003,-2.941824495792389E-003,
2.499433333333334E+009,-1.323416945524514E-003,-2.853723242878914E-003,-1.292628818191588E-003,-2.837847685441375E-003,
2.499466666666667E+009,-1.335890148766339E-003,-2.972265472635627E-003,-1.276625320315361E-003,-2.980239223688841E-003,
2.499500000000000E+009,-1.238233176991344E-003,-3.010108368471265E-003,-1.317381858825684E-003,-2.987419022247195E-003,
2.499533333333334E+009,-1.236186479218304E-003,-2.923132386058569E-003,-1.211799797601998E-003,-2.783347852528095E-003,
2.499566666666667E+009,-1.256523653864861E-003,-2.934301970526576E-003,-1.242976868525147E-003,-2.885944908484817E-003,
2.499600000000000E+009,-1.292976434342563E-003,-2.887680428102613E-003,-1.425194903276861E-003,-2.895351266488433E-003,
2.499633333333334E+009,-1.274862675927579E-003,-2.928582951426506E-003,-1.223428640514612E-003,-2.837873762473464E-003,
2.499666666666667E+009,-1.336946035735309E-003,-2.829267410561442E-003,-1.307982136495411E-003,-2.807156881317496E-003,
2.499700000000000E+009,-1.338083646260202E-003,-2.823542105033994E-003,-1.265747356228530E-003,-2.784784883260727E-003,
2.499733333333334E+009,-1.294328365474939E-003,-2.728122286498547E-003,-1.308358157984912E-003,-2.672055037692189E-003,
2.499766666666667E+009,-1.285300357267261E-003,-2.690018853172660E-003,-1.369593781419098E-003,-2.807741519063711E-003,
2.499800000000000E+009,-1.426058472134173E-003,-2.475210465490818E-003,-1.350399572402239E-003,-2.717741299420595E-003,
2.499833333333334E+009,-1.369503559544683E-003,-2.640425926074386E-003,-1.335549401119351E-003,-2.724991645663977E-003,
2.499866666666667E+009,-1.477484242059290E-003,-2.703912090510130E-003,-1.469219336286187E-003,-2.779461909085512E-003,
2.499900000000000E+009,-1.270408276468515E-003,-2.626108005642891E-003,-1.577283488586545E-003,-2.575182821601629E-003,
2.499933333333334E+009,-1.530904439277947E-003,-2.680074889212847E-003,-1.485846471041441E-003,-2.469672122970223E-003,
2.499966666666667E+009,-1.393304206430912E-003,-2.613397315144539E-003,-1.528920955024660E-003,-2.535772742703557E-003,
2.500000000000000E+009,-1.485055428929627E-003,-2.581846434623003E-003,-1.588135724887252E-003,-2.539258217439055E-003,
