% Version 1.00
%
%freq[Hz];re:Trc1_S21;im:Trc1_S21;re:Trc2_S12;im:Trc2_S12;
2.480000000000000E+009,4.455994814634323E-003,1.681655063293874E-003,4.484405275434256E-003,1.584832323715091E-003,
2.480033333333334E+009,4.562794696539640E-003,1.651359023526311E-003,4.644555971026421E-003,1.583215780556202E-003,
2.480066666666667E+009,4.386269953101873E-003,1.617105212062597E-003,4.532603546977043E-003,1.522061298601329E-003,
2.480100000000000E+009,4.364276770502329E-003,1.497488818131387E-003,4.561663605272770E-003,1.561836921609938E-003,
2.480133333333334E+009,4.520983900874853E-003,1.439127256162465E-003,4.372951108962297E-003,1.479905447922647E-003,
2.480166666666667E+009,4.334926605224609E-003,1.428197720088065E-003,4.461625125259161E-003,1.487035420723259E-003,
2.480200000000000E+009,4.449564032256603E-003,1.417897175997496E-003,4.505987279117107E-003,1.325561199337244E-003,
2.480233333333334E+009,4.411567468196154E-003,1.393013517372310E-003,4.509307444095612E-003,1.465751905925572E-003,
2.480266666666667E+009,4.383476916700602E-003,1.357787521556020E-003,4.519188310950995E-003,1.334259635768831E-003,
2.480300000000000E+009,4.342458676546812E-003,1.277969800867140E-003,4.486943129450083E-003,1.425022142939270E-003,
2.480333333333334E+009,4.302368964999914E-003,1.371226389892399E-003,4.404033534228802E-003,1.333903870545328E-003,
2.480366666666667E+009,4.362300503998995E-003,1.406737254001200E-003,4.478707443922758E-003,1.342441886663437E-003,
2.480400000000000E+009,4.376342054456472E-003,1.298272982239723E-003,4.461512435227633E-003,1.356779714114964E-003,
2.480433333333334E+009,4.375015851110220E-003,1.334732165560126E-003,4.434286151081324E-003,1.214806572534144E-003,
2.480466666666667E+009,4.396440461277962E-003,1.352423685602844E-003,4.386061336845160E-003,1.353277591988444E-003,
2.480500000000000E+009,4.374217242002487E-003,1.173604629002512E-003,4.656712990254164E-003,1.289445324800909E-003,
2.480533333333334E+009,4.468139261007309E-003,1.231724047102034E-003,4.279157146811485E-003,1.385834300890565E-003,
2.480566666666667E+009,4.340401850640774E-003,1.220551435835660E-003,4.567156545817852E-003,1.226628897711635E-003,
2.480600000000000E+009,4.456164781004190E-003,1.210154150612652E-003,4.541401285678148E-003,1.172507763840258E-003,
2.480633333333334E+009,4.274338949471712E-003,1.242400263436139E-003,4.474244546145201E-003,1.174177625216544E-003,
2.480666666666667E+009,4.466580692678690E-003,1.201535575091839E-003,4.465679172426462E-003,1.143607427366078E-003,
2.480700000000000E+009,4.528026096522808E-003,1.097258646041155E-003,4.525507334619761E-003,1.199531834572554E-003,
2.480733333333334E+009,4.628218710422516E-003,1.124071306549013E-003,4.586719907820225E-003,1.141921849921346E-003,
2.480766666666667E+009,4.502040334045887E-003,1.095793209969997E-003,4.572633188217878E-003,1.059840666130185E-003,
2.480800000000000E+009,4.507925827056170E-003,1.132340286858380E-003,4.566213116049767E-003,1.017536851577461E-003,
2.480833333333334E+009,4.531660582870245E-003,9.524174383841455E-004,4.526905715465546E-003,1.154737197794020E-003,
2.480866666666667E+009,4.608518909662962E-003,1.154578174464405E-003,4.686223343014717E-003,9.519602172076702E-004,
2.480900000000000E+009,4.463362041860819E-003,1.041372423060238E-003,4.577348940074444E-003,1.073795254342258E-003,
2.480933333333334E+009,4.508586600422859E-003,1.050336053594947E-003,4.641322419047356E-003,9.421099675819278E-004,
2.480966666666667E+009,4.549728240817785E-003,8.651313255541027E-004,4.684403538703919E-003,1.029484672471881E-003,
2.481000000000000E+009,4.737395327538252E-003,8.822261588647962E-004,4.619888961315155E-003,1.044778153300285E-003,
2.481033333333334E+009,4.548654425889254E-003,1.026554149575532E-003,4.690541420131922E-003,9.001177968457341E-004,
2.481066666666667E+009,4.676247946918011E-003,9.678571950644255E-004,4.651837516576052E-003,1.023833989165723E-003,
2.481100000000000E+009,4.532099701464176E-003,1.020599505864084E-003,4.647195339202881E-003,9.592257556505501E-004,
2.481133333333334E+009,4.642113111913204E-003,1.011588843539357E-003,4.715623799711466E-003,9.228725102730095E-004,
2.481166666666667E+009,4.745000507682562E-003,1.002417528070509E-003,4.780797287821770E-003,9.260071674361825E-004,
2.481200000000000E+009,4.685879219323397E-003,9.415248641744256E-004,4.711936227977276E-003,8.478490053676069E-004,
2.481233333333334E+009,4.772248677909374E-003,7.631771732121706E-004,4.684877116233110E-003,9.291696478612721E-004,
2.481266666666667E+009,4.620325285941362E-003,8.416088530793786E-004,4.665608517825604E-003,9.749589953571558E-004,
2.481300000000000E+009,4.638483747839928E-003,8.696576696820557E-004,4.697315394878388E-003,8.562629227526486E-004,
2.481333333333334E+009,4.697396419942379E-003,9.066695347428322E-004,4.798755049705505E-003,9.285721462219954E-004,
2.481366666666667E+009,4.596049897372723E-003,8.974985103122890E-004,4.668798763304949E-003,8.210425148718059E-004,
2.481400000000000E+009,4.624909721314907E-003,8.229077793657780E-004,4.792872350662947E-003,7.444521761499345E-004,
2.481433333333334E+009,4.636713769286871E-003,8.451649337075651E-004,4.800764843821526E-003,7.561128586530685E-004,
2.481466666666667E+009,4.687422886490822E-003,8.288261014968157E-004,4.645553417503834E-003,7.457300089299679E-004,
2.481500000000000E+009,4.629346542060375E-003,7.044588564895093E-004,4.679022356867790E-003,7.274701492860913E-004,
2.481533333333334E+009,4.653294105082750E-003,7.027363753877580E-004,4.935342352837324E-003,7.156013161875308E-004,
2.481566666666667E+009,4.562491551041603E-003,6.508416845463216E-004,4.807103890925646E-003,6.155884475447238E-004,
2.481600000000000E+009,4.830866120755673E-003,7.616796065121889E-004,4.822355695068836E-003,7.115912740118802E-004,
2.481633333333334E+009,4.754149354994297E-003,6.526725483126938E-004,4.773088730871677E-003,5.966784083284438E-004,
2.481666666666667E+009,4.638166632503271E-003,6.871564546599984E-004,4.594238474965096E-003,6.830050842836499E-004,
2.481700000000000E+009,4.642935469746590E-003,6.960958126001060E-004,4.740119911730290E-003,6.106138462200761E-004,
2.481733333333334E+009,4.649030044674873E-003,6.502259057015181E-004,4.722353070974350E-003,5.150699289515615E-004,
2.481766666666667E+009,4.617942497134209E-003,6.448329659178853E-004,4.649769514799118E-003,4.856875748373568E-004,
2.481800000000000E+009,4.715850111097097E-003,5.167509661987424E-004,4.661298822611570E-003,6.734232301823795E-004,
2.481833333333334E+009,4.558723419904709E-003,5.053318454883993E-004,4.680904094129801E-003,5.951496423222125E-004,
2.481866666666667E+009,4.677031189203262E-003,5.229816888459027E-004,4.685962107032538E-003,5.832582828588784E-004,
2.481900000000000E+009,4.544473718851805E-003,6.556736771017313E-004,4.589089658111334E-003,6.046686321496964E-004,
2.481933333333334E+009,4.620779305696487E-003,4.652793286368251E-004,4.706583917140961E-003,4.931299481540918E-004,
2.481966666666667E+009,4.566089250147343E-003,4.520078946370632E-004,4.511977080255747E-003,4.609437310136855E-004,
2.482000000000000E+009,4.530685953795910E-003,5.927147576585412E-004,4.630771931260824E-003,5.372602608986199E-004,
2.482033333333334E+009,4.528093151748180E-003,6.178002804517746E-004,4.580216016620398E-003,4.646415764000267E-004,
2.482066666666667E+009,4.562173970043659E-003,5.054903449490666E-004,4.527565091848373E-003,5.610021180473268E-004,
2.482100000000000E+009,4.755445756018162E-003,4.504921380430460E-004,4.684989340603352E-003,4.168844316154718E-004,
2.482133333333334E+009,4.560115747153759E-003,4.748911887872964E-004,4.697503987699747E-003,5.256640142761171E-004,
2.482166666666667E+009,4.636256489902735E-003,4.765807243529707E-004,4.648625850677490E-003,4.701620491687208E-004,
2.482200000000000E+009,4.616506863385439E-003,4.833231214433909E-004,4.586912225931883E-003,4.643431166186929E-004,
2.482233333333334E+009,4.711649380624294E-003,3.367105673532933E-004,4.603006877005100E-003,4.033593286294490E-004,
2.482266666666667E+009,4.573508631438017E-003,4.079407081007958E-004,4.579869564622641E-003,4.986231215298176E-004,
2.482300000000000E+009,4.522874485701323E-003,2.486727316863835E-004,4.682959057390690E-003,4.815300344489515E-004,
2.482333333333334E+009,4.761776421219111E-003,3.908616490662098E-004,4.774199798703194E-003,1.912997686304152E-004,
2.482366666666667E+009,4.656220320612192E-003,3.556431620381773E-004,4.620590712875128E-003,1.514063187642023E-004,
2.482400000000000E+009,4.740617237985134E-003,2.665664069354534E-004,4.721179138869047E-003,2.339731145184487E-004,
2.482433333333334E+009,4.768050741404295E-003,1.813543494790793E-004,4.721042234450579E-003,1.750224182615057E-004,
2.482466666666667E+009,4.717047326266766E-003,1.220072663272731E-004,4.731564782559872E-003,2.072413190035150E-004,
2.482500000000000E+009,4.741240292787552E-003,2.024214045377448E-004,4.831190221011639E-003,2.180148730985820E-004,
2.482533333333334E+009,4.659769125282764E-003,2.306283713551238E-004,4.683150909841061E-003,3.052790707442910E-004,
2.482566666666667E+009,4.640489816665649E-003,1.828279928304255E-004,4.782179370522499E-003,2.401784731773660E-004,
2.482600000000000E+009,4.698391072452068E-003,2.304131776327267E-004,4.760472103953362E-003,1.265550381503999E-004,
2.482633333333334E+009,4.754103254526854E-003,1.631778577575460E-004,4.862662404775620E-003,1.460723433410749E-004,
2.482666666666667E+009,4.886080510914326E-003,1.592500630067661E-004,4.842116963118315E-003,8.657735452288762E-005,
2.482700000000000E+009,4.959590733051300E-003,9.733276237966493E-005,4.893994890153408E-003,7.502269727410749E-005,
2.482733333333334E+009,4.841071087867022E-003,-6.341859261738136E-005,4.812865052372217E-003,2.127773332176730E-004,
2.482766666666667E+009,4.860082175582647E-003,3.154986552544870E-005,4.752411507070065E-003,2.665541542228311E-004,
2.482800000000000E+009,4.879613872617483E-003,9.954408596968278E-005,4.898512270301580E-003,-4.532587990979664E-005,
2.482833333333334E+009,4.828794859349728E-003,2.356760669499636E-004,5.001373589038849E-003,1.024118319037370E-004,
2.482866666666667E+009,4.812820814549923E-003,-3.589263360481709E-005,4.888313356786966E-003,3.037458191101905E-005,
2.482900000000000E+009,4.809881560504437E-003,1.820479810703546E-004,4.887666087597609E-003,3.207139798178105E-007,
2.482933333333334E+009,4.822480957955122E-003,-1.460174971725792E-004,4.797231871634722E-003,5.029766180086881E-005,
2.482966666666667E+009,4.888095427304506E-003,4.491797517403029E-005,4.900133237242699E-003,1.253366372111486E-005,
2.483000000000000E+009,4.821535199880600E-003,6.521868635900319E-005,4.747556056827307E-003,-1.336503773927689E-004,
2.483033333333334E+009,4.988579545170069E-003,-1.215952943312004E-004,4.735574126243591E-003,1.113561438614852E-006,
2.483066666666667E+009,4.696313757449389E-003,-4.157073999522254E-005,4.832678474485874E-003,8.603931746620219E-006,
2.483100000000000E+009,4.769154358655214E-003,-9.987890371121466E-005,4.970159381628037E-003,-5.004975537303835E-005,
2.483133333333334E+009,4.743881523609161E-003,-4.295720646041445E-005,4.885016009211540E-003,-5.556025644182228E-005,
2.483166666666667E+009,4.818152636289597E-003,-1.022108481265605E-004,4.928932990878820E-003,-2.847472787834704E-004,
2.483200000000000E+009,4.728552419692278E-003,-1.846063387347385E-004,4.904079250991345E-003,-1.722703746054322E-004,
2.483233333333334E+009,5.002683959901333E-003,-3.091317485086620E-004,4.739585332572460E-003,-1.938712812261656E-004,
2.483266666666667E+009,4.825951531529427E-003,-2.532392099965364E-004,4.882351495325565E-003,-2.325213863514364E-004,
2.483300000000000E+009,4.880705382674933E-003,-1.109707154682837E-004,4.879770800471306E-003,-9.738968947203830E-005,
2.483333333333334E+009,4.749856889247894E-003,-3.072321123909205E-004,4.876401275396347E-003,-3.217329795006663E-004,
2.483366666666667E+009,4.657935351133347E-003,-1.132141187554225E-004,4.819071386009455E-003,-3.233669267501682E-004,
2.483400000000000E+009,4.592972807586193E-003,-2.401885431027040E-004,4.802096169441938E-003,-2.112881629727781E-004,
2.483433333333334E+009,4.690751899033785E-003,-2.991404617205262E-004,4.791114944964647E-003,-3.427963238209486E-004,
2.483466666666667E+009,4.788638558238745E-003,-1.591837644809857E-004,4.774410277605057E-003,-2.248291420983151E-004,
2.483500000000000E+009,4.653394687920809E-003,-3.113648563157767E-004,4.630557727068663E-003,-3.169302362948656E-004,
2.483533333333334E+009,4.609182942658663E-003,-2.536413085181266E-004,4.591602366417646E-003,-2.599615836516023E-004,
2.483566666666667E+009,4.733656998723745E-003,-3.480997984297574E-004,4.708943888545036E-003,-3.255548363085836E-004,
2.483600000000000E+009,4.629457369446755E-003,-1.905595272546634E-004,4.829550161957741E-003,-2.629139635246247E-004,
2.483633333333334E+009,4.680683370679617E-003,-2.608954673632979E-004,4.706614185124636E-003,-4.531139857135713E-004,
2.483666666666667E+009,4.648180678486824E-003,-3.026493941433728E-004,4.758260678499937E-003,-3.848327032756060E-004,
2.483700000000000E+009,4.708772990852594E-003,-2.819551154971123E-004,4.697479773312807E-003,-4.283504677005112E-004,
2.483733333333334E+009,4.644077271223068E-003,-4.235866363160312E-004,4.635060206055641E-003,-3.710177843458951E-004,
2.483766666666667E+009,4.717018455266953E-003,-4.133268084842712E-004,4.656453151255846E-003,-3.737353836186230E-004,
2.483800000000000E+009,4.691905342042446E-003,-3.870747459586710E-004,4.651594441384077E-003,-6.313943304121494E-004,
2.483833333333334E+009,4.754205234348774E-003,-4.416544106788933E-004,4.660582635551691E-003,-4.760398878715932E-004,
2.483866666666667E+009,4.750772845000029E-003,-4.286434268578887E-004,4.691715352237225E-003,-4.806794459000230E-004,
2.483900000000000E+009,4.651424475014210E-003,-5.312630091793835E-004,4.687099251896143E-003,-5.322204087860882E-004,
2.483933333333334E+009,4.732969682663679E-003,-5.261034239083529E-004,4.768310580402613E-003,-4.744678444694728E-004,
2.483966666666667E+009,4.623486660420895E-003,-5.218777223490179E-004,4.818964283913374E-003,-6.855256506241858E-004,
2.484000000000000E+009,4.746752791106701E-003,-6.126111256889999E-004,4.716272000223398E-003,-6.341130938380957E-004,
2.484033333333334E+009,4.724866710603237E-003,-6.724255508743227E-004,4.755679983645678E-003,-5.361990770325065E-004,
2.484066666666667E+009,4.835361614823341E-003,-6.006264011375606E-004,4.692014772444964E-003,-6.408464396372438E-004,
2.484100000000000E+009,4.875209182500839E-003,-5.842822138220072E-004,4.769768565893173E-003,-6.042124005034566E-004,
2.484133333333334E+009,4.729536827653647E-003,-5.289977998472750E-004,4.814354702830315E-003,-6.994794821366668E-004,
2.484166666666667E+009,4.853012040257454E-003,-6.928836810402572E-004,4.719529766589403E-003,-7.160073146224022E-004,
2.484200000000000E+009,4.701468162238598E-003,-6.945021450519562E-004,4.864078480750322E-003,-7.167473086155951E-004,
2.484233333333334E+009,4.715140443295240E-003,-6.088400841690600E-004,4.798945970833302E-003,-8.282450726255775E-004,
2.484266666666667E+009,4.823866300284863E-003,-5.763110821135342E-004,4.854408558458090E-003,-7.588446023873985E-004,
2.484300000000000E+009,4.797184839844704E-003,-6.357163074426353E-004,4.852611105889082E-003,-7.115401676855981E-004,
2.484333333333334E+009,4.803589545190334E-003,-9.097088477574289E-004,4.666048102080822E-003,-8.412487804889679E-004,
2.484366666666667E+009,4.856820683926344E-003,-6.800969713367522E-004,4.784381482750177E-003,-8.065815782174468E-004,
2.484400000000000E+009,4.767470993101597E-003,-8.882723632268608E-004,4.854603204876185E-003,-8.518737158738077E-004,
2.484433333333334E+009,4.968237131834030E-003,-8.403050014749169E-004,4.749433603137732E-003,-8.719156030565500E-004,
2.484466666666667E+009,4.750223364681006E-003,-9.150566183961928E-004,4.779599141329527E-003,-7.890282431617379E-004,
2.484500000000000E+009,4.673139657825232E-003,-8.820849470794201E-004,4.835416562855244E-003,-9.713820763863623E-004,
2.484533333333334E+009,4.810115322470665E-003,-8.113968651741743E-004,4.840580746531487E-003,-1.054708962328732E-003,
2.484566666666667E+009,4.708047490566969E-003,-9.348472231067717E-004,4.812295082956553E-003,-7.971184095367789E-004,
2.484600000000000E+009,4.785383585840464E-003,-1.002316945232451E-003,4.730936605483294E-003,-9.105039061978459E-004,
2.484633333333334E+009,4.808573517948389E-003,-1.039028982631862E-003,4.753384273499250E-003,-8.866896387189627E-004,
2.484666666666667E+009,4.671974107623100E-003,-9.826227324083448E-004,4.784970544278622E-003,-1.114756218157709E-003,
2.484700000000000E+009,4.810290876775980E-003,-9.424604359082878E-004,4.867763258516789E-003,-9.472005767747760E-004,
2.484733333333334E+009,4.839689470827580E-003,-1.144299400039017E-003,4.756241105496883E-003,-9.663631208240986E-004,
2.484766666666667E+009,4.867565818130970E-003,-9.975709253922105E-004,4.713240545243025E-003,-1.088303048163652E-003,
2.484800000000000E+009,4.563011694699526E-003,-9.274265612475574E-004,4.672985058277845E-003,-1.051191356964409E-003,
2.484833333333334E+009,4.756038077175617E-003,-1.070328988134861E-003,4.741998855024576E-003,-9.502081084065139E-004,
2.484866666666667E+009,4.609191790223122E-003,-1.047306228429079E-003,4.733586218208075E-003,-1.120480359531939E-003,
2.484900000000000E+009,4.715657792985439E-003,-1.236839685589075E-003,4.671176429837942E-003,-1.060397364199162E-003,
2.484933333333334E+009,4.643461667001247E-003,-1.056366716511548E-003,4.526950884610415E-003,-1.154168159700930E-003,
2.484966666666667E+009,4.565459210425615E-003,-1.086457166820765E-003,4.603064153343439E-003,-1.112256315536797E-003,
2.485000000000000E+009,4.461509175598621E-003,-1.126631279475987E-003,4.701214376837015E-003,-1.264126040041447E-003,
2.485033333333334E+009,4.548247903585434E-003,-1.149026444181800E-003,4.530865233391523E-003,-1.109069213271141E-003,
2.485066666666667E+009,4.562808666378260E-003,-1.121184206567705E-003,4.612059798091650E-003,-1.054056221619248E-003,
2.485100000000000E+009,4.780512768775225E-003,-1.181634142994881E-003,4.594920668751001E-003,-1.006722217425704E-003,
2.485133333333334E+009,4.562861286103725E-003,-1.111433957703412E-003,4.552182741463184E-003,-1.173838390968740E-003,
2.485166666666667E+009,4.659754224121571E-003,-1.016809721477330E-003,4.755715373903513E-003,-1.108476077206433E-003,
2.485200000000000E+009,4.587803967297077E-003,-1.141309272497892E-003,4.695625975728035E-003,-1.192065188661218E-003,
2.485233333333334E+009,4.588760435581207E-003,-1.118468120694161E-003,4.578852560371161E-003,-1.129122916609049E-003,
2.485266666666667E+009,4.524689633399248E-003,-1.119819818995893E-003,4.639013204723597E-003,-1.115929568186402E-003,
2.485300000000000E+009,4.488775040954351E-003,-1.341807190328836E-003,4.558778833597899E-003,-1.151751494035125E-003,
2.485333333333334E+009,4.559741821140051E-003,-1.277202623896301E-003,4.564356524497271E-003,-1.106184907257557E-003,
2.485366666666667E+009,4.506501834839582E-003,-1.059589791111648E-003,4.506432451307774E-003,-1.038553426042199E-003,
2.485400000000000E+009,4.569139797240496E-003,-1.190292183309794E-003,4.582780413329601E-003,-1.356712076812983E-003,
2.485433333333334E+009,4.555691964924336E-003,-1.278404262848198E-003,4.634841345250607E-003,-1.309146522544324E-003,
2.485466666666667E+009,4.567478783428669E-003,-1.322984811849892E-003,4.559566732496023E-003,-1.309122308157384E-003,
2.485500000000000E+009,4.492228850722313E-003,-1.166135771200061E-003,4.503989126533270E-003,-1.331392675638199E-003,
2.485533333333334E+009,4.505636170506477E-003,-1.351008424535394E-003,4.677643999457359E-003,-1.399419619701803E-003,
2.485566666666667E+009,4.573846235871315E-003,-1.283755642361939E-003,4.566587973386049E-003,-1.425110967829824E-003,
2.485600000000000E+009,4.478304181247950E-003,-1.389506505802274E-003,4.504354670643807E-003,-1.351010054349899E-003,
2.485633333333334E+009,4.506725817918778E-003,-1.255125040188432E-003,4.421418067067862E-003,-1.405521528795362E-003,
2.485666666666667E+009,4.539816174656153E-003,-1.504627405665815E-003,4.571449942886829E-003,-1.457727514207363E-003,
2.485700000000000E+009,4.463787190616131E-003,-1.590136322192848E-003,4.479224793612957E-003,-1.466554589569569E-003,
2.485733333333334E+009,4.540443886071444E-003,-1.514216186478734E-003,4.376385360956192E-003,-1.448250259272754E-003,
2.485766666666667E+009,4.580166656523943E-003,-1.508963643573225E-003,4.483358003199101E-003,-1.640766160562635E-003,
2.485800000000000E+009,4.491748753935099E-003,-1.509107300080359E-003,4.470677115023136E-003,-1.436818274669349E-003,
2.485833333333334E+009,4.556034691631794E-003,-1.452266587875783E-003,4.632791504263878E-003,-1.505254535004497E-003,
2.485866666666667E+009,4.573234356939793E-003,-1.547536929138005E-003,4.525361116975546E-003,-1.583068398758769E-003,
2.485900000000000E+009,4.582631401717663E-003,-1.569789717905223E-003,4.598001949489117E-003,-1.539997756481171E-003,
2.485933333333334E+009,4.542304668575525E-003,-1.545490580610931E-003,4.600814543664455E-003,-1.620643539354205E-003,
2.485966666666667E+009,4.613196011632681E-003,-1.661819056607783E-003,4.452540539205074E-003,-1.611515530385077E-003,
2.486000000000000E+009,4.443119745701551E-003,-1.428917981684208E-003,4.556768573820591E-003,-1.549921464174986E-003,
2.486033333333334E+009,4.606067202985287E-003,-1.761640887707472E-003,4.535705782473087E-003,-1.673984923399985E-003,
2.486066666666667E+009,4.471226595342159E-003,-1.500776270404458E-003,4.602517932653427E-003,-1.594677334651351E-003,
2.486100000000000E+009,4.607029724866152E-003,-1.627024845220149E-003,4.569025710225105E-003,-1.672790735028684E-003,
2.486133333333334E+009,4.477608948945999E-003,-1.714130979962647E-003,4.499779548496008E-003,-1.592573476955295E-003,
2.486166666666667E+009,4.583805799484253E-003,-1.606959500350058E-003,4.482137970626354E-003,-1.630791230127215E-003,
2.486200000000000E+009,4.471824970096350E-003,-1.625377452000976E-003,4.627520218491554E-003,-1.674638595432043E-003,
2.486233333333334E+009,4.495678003877401E-003,-1.757402671501041E-003,4.535121377557516E-003,-1.723558409139514E-003,
2.486266666666667E+009,4.468882922083139E-003,-1.807185704819858E-003,4.506494384258986E-003,-1.674341037869453E-003,
2.486300000000000E+009,4.408877808600664E-003,-1.837658346630633E-003,4.413417074829340E-003,-1.847879961133003E-003,
2.486333333333334E+009,4.550671204924583E-003,-1.737759797833860E-003,4.517076071351767E-003,-1.707511954009533E-003,
2.486366666666667E+009,4.328171722590923E-003,-1.721665961667895E-003,4.491176921874285E-003,-1.684553804807365E-003,
2.486400000000000E+009,4.373776726424694E-003,-1.597564434632659E-003,4.419547505676746E-003,-1.874544541351497E-003,
2.486433333333334E+009,4.268962424248457E-003,-1.783941988833249E-003,4.364860709756613E-003,-1.788013731129468E-003,
2.486466666666667E+009,4.415741190314293E-003,-1.697693835012615E-003,4.319258965551853E-003,-1.686236122623086E-003,
2.486500000000000E+009,4.306385293602943E-003,-1.632529776543379E-003,4.409286193549633E-003,-1.812575035728514E-003,
2.486533333333334E+009,4.340872634202242E-003,-1.818087068386376E-003,4.413920920342207E-003,-1.797825098037720E-003,
2.486566666666667E+009,4.304009024053812E-003,-1.783503219485283E-003,4.282045178115368E-003,-1.682139351032674E-003,
2.486600000000000E+009,4.295525141060352E-003,-1.739830942824483E-003,4.281976260244846E-003,-1.682359492406249E-003,
2.486633333333334E+009,4.367412999272347E-003,-1.738298567943275E-003,4.321448970586062E-003,-1.856849063187838E-003,
2.486666666666667E+009,4.328650422394276E-003,-1.836692681536079E-003,4.371921066194773E-003,-1.663071918301284E-003,
2.486700000000000E+009,4.340362269431353E-003,-1.686838339082897E-003,4.302337300032377E-003,-1.803454244509339E-003,
2.486733333333334E+009,4.354828502982855E-003,-1.648690667934716E-003,4.382840823382139E-003,-1.743908156640828E-003,
2.486766666666667E+009,4.389321431517601E-003,-1.804622821509838E-003,4.277922213077545E-003,-1.892110798507929E-003,
2.486800000000000E+009,4.317705053836107E-003,-1.724558765999973E-003,4.333404358476400E-003,-1.932390383444727E-003,
2.486833333333334E+009,4.271375015377998E-003,-1.789237954653800E-003,4.284206312149763E-003,-1.963401678949595E-003,
2.486866666666667E+009,4.413034766912460E-003,-1.797928707674146E-003,4.336654674261808E-003,-1.775703974999487E-003,
2.486900000000000E+009,4.320751409977675E-003,-1.791232381947339E-003,4.266668111085892E-003,-1.932444283738732E-003,
2.486933333333334E+009,4.275169223546982E-003,-1.824623672291637E-003,4.335235338658094E-003,-1.962900860235095E-003,
2.486966666666667E+009,4.276467021554709E-003,-1.814416376873851E-003,4.306596238166094E-003,-1.885140896774828E-003,
2.487000000000000E+009,4.283759742975235E-003,-1.943695009686053E-003,4.344833083450794E-003,-1.822188030928373E-003,
2.487033333333334E+009,4.220250528305769E-003,-1.885535311885178E-003,4.166235215961933E-003,-2.108106855303049E-003,
2.487066666666667E+009,4.206237383186817E-003,-1.873706001788378E-003,4.282826557755470E-003,-2.024328103289008E-003,
2.487100000000000E+009,4.119997844099999E-003,-2.006219932809472E-003,4.364830907434225E-003,-2.002339810132980E-003,
2.487133333333334E+009,4.223794676363468E-003,-1.978127285838127E-003,4.313355311751366E-003,-1.986692659556866E-003,
2.487166666666667E+009,4.307874012738466E-003,-2.015837002545595E-003,4.098885226994753E-003,-1.943842042237520E-003,
2.487200000000000E+009,4.136445932090282E-003,-1.961524831131101E-003,4.309322685003281E-003,-1.931349514052272E-003,
2.487233333333334E+009,4.129460081458092E-003,-1.929670455865562E-003,4.249823745340109E-003,-2.135373884811997E-003,
2.487266666666667E+009,4.302976187318564E-003,-2.044903347268701E-003,4.365257918834686E-003,-2.149850595742464E-003,
2.487300000000000E+009,4.342116415500641E-003,-1.998701365664601E-003,4.185682628303766E-003,-2.087860368192196E-003,
2.487333333333334E+009,4.312610253691673E-003,-1.999613363295794E-003,4.235215950757265E-003,-2.114242641255260E-003,
2.487366666666667E+009,4.192936699837446E-003,-2.137064002454281E-003,4.294167738407850E-003,-2.132238354533911E-003,
2.487400000000000E+009,4.162117838859558E-003,-2.104915911331773E-003,4.290686920285225E-003,-2.167700324207544E-003,
2.487433333333334E+009,4.175117705017328E-003,-2.150293672457337E-003,4.262873902916908E-003,-2.174157416447997E-003,
2.487466666666667E+009,4.196540452539921E-003,-2.293245634064078E-003,4.249682649970055E-003,-2.213314175605774E-003,
2.487500000000000E+009,4.165756516158581E-003,-2.138285199180245E-003,4.330083262175322E-003,-2.262979280203581E-003,
2.487533333333334E+009,4.331276752054691E-003,-2.215732587501407E-003,4.243718925863504E-003,-2.139365533366799E-003,
2.487566666666667E+009,4.291393794119358E-003,-2.211732091382146E-003,4.196230322122574E-003,-2.198664704337716E-003,
2.487600000000000E+009,4.248236771672964E-003,-2.368891378864646E-003,4.195049405097961E-003,-2.301290398463607E-003,
2.487633333333334E+009,4.080845043063164E-003,-2.161737065762281E-003,4.254976287484169E-003,-2.246521180495620E-003,
2.487666666666667E+009,4.186074249446392E-003,-2.298048697412014E-003,4.221494309604168E-003,-2.239133929833770E-003,
2.487700000000000E+009,4.248581361025572E-003,-2.298385603353381E-003,4.068276844918728E-003,-2.248204080387950E-003,
2.487733333333334E+009,4.220223519951105E-003,-2.199189504608512E-003,4.190542269498110E-003,-2.283799462020397E-003,
2.487766666666667E+009,4.169255960732698E-003,-2.336269244551659E-003,4.204665310680866E-003,-2.394433598965406E-003,
2.487800000000000E+009,4.286347888410091E-003,-2.232687780633569E-003,4.192757885903120E-003,-2.256158506497741E-003,
2.487833333333334E+009,4.241274669766426E-003,-2.291389042511582E-003,4.378295037895441E-003,-2.339038765057921E-003,
2.487866666666667E+009,4.283093381673098E-003,-2.217011526226997E-003,4.225944634526968E-003,-2.441169694066048E-003,
2.487900000000000E+009,4.113378934562206E-003,-2.320019993931055E-003,4.174985922873020E-003,-2.338776364922524E-003,
2.487933333333334E+009,4.035162739455700E-003,-2.272711135447025E-003,4.110904876142740E-003,-2.338893245905638E-003,
2.487966666666667E+009,4.144333302974701E-003,-2.377295168116689E-003,4.135059192776680E-003,-2.398313721641898E-003,
2.488000000000000E+009,4.168273881077766E-003,-2.399431308731437E-003,4.021292086690664E-003,-2.370581962168217E-003,
2.488033333333334E+009,4.009230528026819E-003,-2.304975176230073E-003,4.076450597494841E-003,-2.384197199717164E-003,
2.488066666666667E+009,4.144235979765654E-003,-2.306521404534578E-003,4.136396106332541E-003,-2.455893671140075E-003,
2.488100000000000E+009,4.110722802579403E-003,-2.345006680116057E-003,4.117353353649378E-003,-2.351274713873863E-003,
2.488133333333334E+009,4.042407497763634E-003,-2.343452069908381E-003,4.080351907759905E-003,-2.364143030717969E-003,
2.488166666666667E+009,4.067059606313705E-003,-2.408672822639346E-003,4.069369751960039E-003,-2.419302240014076E-003,
2.488200000000000E+009,4.001321736723185E-003,-2.377871889621019E-003,4.181405995041132E-003,-2.375440439209342E-003,
2.488233333333334E+009,4.153354559093714E-003,-2.342091174796224E-003,4.172855522483587E-003,-2.472120802849531E-003,
2.488266666666667E+009,3.892325330525637E-003,-2.306906506419182E-003,4.020643886178732E-003,-2.294205827638507E-003,
2.488300000000000E+009,3.938232548534870E-003,-2.211582614108920E-003,4.026560578495264E-003,-2.395487623289228E-003,
2.488333333333334E+009,4.094466101378202E-003,-2.368146553635597E-003,4.124382510781288E-003,-2.322605112567544E-003,
2.488366666666667E+009,3.938320092856884E-003,-2.512394450604916E-003,4.066920373588800E-003,-2.351926872506738E-003,
2.488400000000000E+009,4.007741343230009E-003,-2.444913145154715E-003,4.108716268092394E-003,-2.413226291537285E-003,
2.488433333333334E+009,4.022308159619570E-003,-2.328744390979409E-003,4.044706001877785E-003,-2.368183573707938E-003,
2.488466666666667E+009,4.028852097690105E-003,-2.280006650835276E-003,4.066691268235445E-003,-2.474433975294232E-003,
2.488500000000000E+009,4.185436293482781E-003,-2.462196629494429E-003,4.061473067849875E-003,-2.570684067904949E-003,
2.488533333333334E+009,4.030053038150072E-003,-2.422407036647201E-003,4.006720148026943E-003,-2.417881507426500E-003,
2.488566666666667E+009,3.983028698712587E-003,-2.440862823277712E-003,4.014485981315374E-003,-2.390001900494099E-003,
2.488600000000000E+009,4.016698803752661E-003,-2.380525693297386E-003,4.106552340090275E-003,-2.533430466428399E-003,
2.488633333333334E+009,3.985179122537375E-003,-2.598603488877416E-003,4.173430614173412E-003,-2.492894651368260E-003,
2.488666666666667E+009,4.005515482276678E-003,-2.421282231807709E-003,4.085222259163857E-003,-2.564369468018413E-003,
2.488700000000000E+009,3.987967967987061E-003,-2.542389789596200E-003,4.067934583872557E-003,-2.431069267913699E-003,
2.488733333333334E+009,3.967986907809973E-003,-2.523361472412944E-003,4.038172774016857E-003,-2.577584236860275E-003,
2.488766666666667E+009,3.949772566556931E-003,-2.540429821237922E-003,3.960693255066872E-003,-2.536409301683307E-003,
2.488800000000000E+009,3.960202448070049E-003,-2.650843467563391E-003,4.118377808481455E-003,-2.609299961477518E-003,
2.488833333333334E+009,4.020555410534143E-003,-2.763333264738321E-003,3.929038997739554E-003,-2.638417063280940E-003,
2.488866666666667E+009,4.004779737442732E-003,-2.705332357436419E-003,3.935403656214476E-003,-2.614441793411970E-003,
2.488900000000000E+009,4.060616251081228E-003,-2.711525885388255E-003,4.115335643291473E-003,-2.704414771869779E-003,
2.488933333333334E+009,3.816383192315698E-003,-2.713365480303764E-003,4.054721910506487E-003,-2.830969635397196E-003,
2.488966666666667E+009,4.029761999845505E-003,-2.722195582464337E-003,3.990734461694956E-003,-2.579482272267342E-003,
2.489000000000000E+009,4.021780099719763E-003,-2.753463573753834E-003,4.060528706759214E-003,-2.805205062031746E-003,
2.489033333333334E+009,3.987202886492014E-003,-2.851429162546992E-003,4.058816470205784E-003,-2.868540585041046E-003,
2.489066666666667E+009,4.023819230496883E-003,-2.659837016835809E-003,4.032866563647986E-003,-2.711529610678554E-003,
2.489100000000000E+009,3.891119267791510E-003,-2.698141150176525E-003,4.023438785225153E-003,-2.796669490635395E-003,
2.489133333333334E+009,3.918306436389685E-003,-2.742385491728783E-003,4.032783675938845E-003,-2.911802846938372E-003,
2.489166666666667E+009,3.986521158367395E-003,-2.784994896501303E-003,3.965475130826235E-003,-2.806966425850987E-003,
2.489200000000000E+009,4.045365378260613E-003,-2.840835368260741E-003,4.007939714938402E-003,-2.892001997679472E-003,
2.489233333333334E+009,3.982761874794960E-003,-2.740120515227318E-003,4.081605002284050E-003,-2.880842424929142E-003,
2.489266666666667E+009,3.839577548205853E-003,-2.829800825566053E-003,4.006441682577133E-003,-2.915337914600968E-003,
2.489300000000000E+009,3.850040258839726E-003,-2.992844209074974E-003,3.952122759073973E-003,-3.067701356485486E-003,
2.489333333333334E+009,3.957994747906923E-003,-2.917345380410552E-003,4.032902419567108E-003,-3.024050733074546E-003,
2.489366666666667E+009,3.819777164608240E-003,-2.816636115312576E-003,3.873316571116447E-003,-2.806280506774783E-003,
2.489400000000000E+009,3.963984083384275E-003,-2.893715864047408E-003,3.967748954892159E-003,-3.087384160608053E-003,
2.489433333333334E+009,3.965342417359352E-003,-2.921658335253596E-003,3.982114605605602E-003,-3.035814734175801E-003,
2.489466666666667E+009,3.863018006086350E-003,-3.042689990252256E-003,3.953769337385893E-003,-2.936501055955887E-003,
2.489500000000000E+009,3.799082711338997E-003,-2.978382399305701E-003,3.975359722971916E-003,-3.020429750904441E-003,
2.489533333333334E+009,3.853455651551485E-003,-3.032556967809796E-003,3.924856428056955E-003,-2.952437382191420E-003,
2.489566666666667E+009,3.733379300683737E-003,-2.993660047650337E-003,3.895176807418466E-003,-3.008588682860136E-003,
2.489600000000000E+009,3.905357792973518E-003,-3.099308814853430E-003,3.832349320873618E-003,-2.965137595310807E-003,
2.489633333333334E+009,3.793541574850678E-003,-2.952042501419783E-003,3.798928577452898E-003,-3.097927896305919E-003,
2.489666666666667E+009,3.638650523498654E-003,-3.034324152395129E-003,3.803147468715906E-003,-3.083221148699522E-003,
2.489700000000000E+009,3.814669093117118E-003,-3.077993635088205E-003,3.897562855854631E-003,-3.022617660462856E-003,
2.489733333333334E+009,3.980728797614574E-003,-2.936970209702849E-003,3.894708584994078E-003,-3.089701291173697E-003,
2.489766666666667E+009,3.734041238203645E-003,-3.096964675933123E-003,3.875560127198696E-003,-3.007036866620183E-003,
2.489800000000000E+009,3.726368304342032E-003,-2.991257468238473E-003,3.858000738546252E-003,-3.127006813883781E-003,
2.489833333333334E+009,3.862278535962105E-003,-3.235964104533196E-003,3.780155908316374E-003,-2.998186042532325E-003,
2.489866666666667E+009,3.811660222709179E-003,-2.944767475128174E-003,3.796053817495704E-003,-3.161341650411487E-003,
2.489900000000000E+009,3.799529513344169E-003,-3.182515734806657E-003,3.946414683014154E-003,-3.288199193775654E-003,
2.489933333333334E+009,3.743184730410576E-003,-3.049060935154557E-003,3.902842057868838E-003,-3.125833347439766E-003,
2.489966666666667E+009,3.755411598831415E-003,-3.141053952276707E-003,3.838675562292337E-003,-3.211260307580233E-003,
2.490000000000000E+009,3.827400971204042E-003,-3.149265889078379E-003,3.841348225250840E-003,-3.232788061723113E-003,
2.490033333333334E+009,3.826019354164600E-003,-3.075420390814543E-003,3.757962957024574E-003,-3.138460218906403E-003,
2.490066666666667E+009,3.866794751957059E-003,-3.247615182772279E-003,3.925253171473742E-003,-3.064538119360805E-003,
2.490100000000000E+009,3.662730334326625E-003,-3.092399798333645E-003,3.782549174502492E-003,-3.193943761289120E-003,
2.490133333333334E+009,3.707440569996834E-003,-3.347167978063226E-003,3.814503084868193E-003,-3.211560659110546E-003,
2.490166666666667E+009,3.834144212305546E-003,-3.250080160796642E-003,3.765193047001958E-003,-3.369960701093078E-003,
2.490200000000000E+009,3.658343339338899E-003,-3.300925949588418E-003,3.784246044233441E-003,-3.221325110644102E-003,
2.490233333333334E+009,3.732224227860570E-003,-3.172538708895445E-003,3.712833393365145E-003,-3.273593261837959E-003,
2.490266666666667E+009,3.871168708428741E-003,-3.335152054205537E-003,3.636098932474852E-003,-3.529378445819020E-003,
2.490300000000000E+009,3.733385587111116E-003,-3.203007858246565E-003,3.711028257384896E-003,-3.525073174387217E-003,
2.490333333333334E+009,3.647759556770325E-003,-3.512034658342600E-003,3.599800867959857E-003,-3.458341583609581E-003,
2.490366666666667E+009,3.719629719853401E-003,-3.384800627827644E-003,3.666696371510625E-003,-3.555712988600135E-003,
2.490400000000000E+009,3.752049524337053E-003,-3.528254572302103E-003,3.645493648946285E-003,-3.654710249975324E-003,
2.490433333333334E+009,3.594349138438702E-003,-3.345995675772429E-003,3.657966153696179E-003,-3.489632857963443E-003,
2.490466666666667E+009,3.656863467767835E-003,-3.526468994095922E-003,3.718492342159152E-003,-3.529363777488470E-003,
2.490500000000000E+009,3.590842010453343E-003,-3.573729656636715E-003,3.567396197468042E-003,-3.608964616432786E-003,
2.490533333333334E+009,3.570008324459195E-003,-3.656535176560283E-003,3.589436179026961E-003,-3.546500578522682E-003,
2.490566666666667E+009,3.541072597727180E-003,-3.580912714824081E-003,3.759792074561119E-003,-3.557056421414018E-003,
2.490600000000000E+009,3.642507363110781E-003,-3.591717453673482E-003,3.552346490323544E-003,-3.571102861315012E-003,
2.490633333333334E+009,3.535849042236805E-003,-3.653203602880240E-003,3.625583369284868E-003,-3.737117163836956E-003,
2.490666666666667E+009,3.745510941371322E-003,-3.857470816001296E-003,3.606140613555908E-003,-3.709889948368073E-003,
2.490700000000000E+009,3.522913902997971E-003,-3.808702109381557E-003,3.686095122247934E-003,-3.778152633458376E-003,
2.490733333333334E+009,3.465507877990603E-003,-3.721814602613449E-003,3.519257297739387E-003,-3.831027308478952E-003,
2.490766666666667E+009,3.419117536395788E-003,-3.653890918940306E-003,3.574794158339500E-003,-3.819740144535899E-003,
2.490800000000000E+009,3.443385241553187E-003,-3.683517919853330E-003,3.633145708590746E-003,-3.729734569787979E-003,
2.490833333333334E+009,3.343162825331092E-003,-3.718794556334615E-003,3.600036958232522E-003,-3.717116313055158E-003,
2.490866666666667E+009,3.673666855320334E-003,-3.784287022426724E-003,3.618517192080617E-003,-3.675104817375541E-003,
2.490900000000000E+009,3.566874423995614E-003,-3.705818671733141E-003,3.541642334312201E-003,-3.839070210233331E-003,
2.490933333333334E+009,3.440980566665530E-003,-3.916895017027855E-003,3.459022613242269E-003,-4.069583956152201E-003,
2.490966666666667E+009,3.420437686145306E-003,-3.813768737018108E-003,3.323566401377320E-003,-3.799593774601817E-003,
2.491000000000000E+009,3.358032088726759E-003,-3.815107978880405E-003,3.359672380611301E-003,-3.966405056416988E-003,
2.491033333333334E+009,3.511987859383225E-003,-3.745709545910358E-003,3.394818864762783E-003,-3.886312479153276E-003,
2.491066666666667E+009,3.329599509015679E-003,-3.731822129338980E-003,3.428360447287560E-003,-3.813889808952808E-003,
2.491100000000000E+009,3.387527540326119E-003,-3.918590024113655E-003,3.295790636911988E-003,-3.922186791896820E-003,
2.491133333333334E+009,3.364018397405744E-003,-3.844785271212459E-003,3.407859476283193E-003,-3.784692147746682E-003,
2.491166666666667E+009,3.355539869517088E-003,-3.843619953840971E-003,3.304617712274194E-003,-4.028488416224718E-003,
2.491200000000000E+009,3.396556247025728E-003,-3.997374791651964E-003,3.255532821640372E-003,-3.913250751793385E-003,
2.491233333333334E+009,3.257472999393940E-003,-3.922896925359964E-003,3.434954443946481E-003,-4.048637580126524E-003,
2.491266666666667E+009,3.183810738846660E-003,-3.968945704400539E-003,3.286669030785561E-003,-3.972534090280533E-003,
2.491300000000000E+009,3.169078612700105E-003,-3.955051768571138E-003,3.312896937131882E-003,-4.008464515209198E-003,
2.491333333333334E+009,3.231572685763240E-003,-3.786878427490592E-003,3.250543726608157E-003,-3.873291425406933E-003,
2.491366666666667E+009,3.282677149400115E-003,-3.888464532792568E-003,3.221528371796012E-003,-3.879775758832693E-003,
2.491400000000000E+009,3.281443612650037E-003,-3.911339212208986E-003,3.325821133330464E-003,-3.995337057858706E-003,
2.491433333333334E+009,3.181752981618047E-003,-3.955187741667032E-003,3.269120352342725E-003,-3.812759183347225E-003,
2.491466666666667E+009,3.317626891657710E-003,-3.867003833875060E-003,3.261829726397991E-003,-3.920991439372301E-003,
2.491500000000000E+009,3.280553501099348E-003,-4.086547531187534E-003,3.182153683155775E-003,-4.190347623080015E-003,
2.491533333333334E+009,3.220912069082260E-003,-4.079328849911690E-003,3.169530304148793E-003,-3.990075085312128E-003,
2.491566666666667E+009,3.215079428628087E-003,-3.927446901798248E-003,3.152337390929461E-003,-3.961801994591951E-003,
2.491600000000000E+009,3.156180726364255E-003,-4.101282916963100E-003,3.172977361828089E-003,-4.066412802785635E-003,
2.491633333333334E+009,3.016156144440174E-003,-4.113470204174519E-003,3.104469506070018E-003,-4.050989635288715E-003,
2.491666666666667E+009,3.052035113796592E-003,-4.139555618166924E-003,3.092769766226411E-003,-4.161648917943239E-003,
2.491700000000000E+009,3.156731138005853E-003,-3.976906649768353E-003,2.947298577055335E-003,-4.137202166020870E-003,
2.491733333333334E+009,3.041119314730167E-003,-4.032737109810114E-003,3.040418494492769E-003,-4.078324418514967E-003,
2.491766666666667E+009,3.110573859885335E-003,-4.085183143615723E-003,3.036150941625238E-003,-4.091174341738224E-003,
2.491800000000000E+009,2.865570830181241E-003,-4.134658724069595E-003,2.996705938130617E-003,-4.095190670341253E-003,
2.491833333333334E+009,2.921647625043988E-003,-4.163470119237900E-003,2.970614237710834E-003,-4.225499462336302E-003,
2.491866666666667E+009,2.961839316412807E-003,-4.234354011714459E-003,2.954750321805477E-003,-4.253198392689228E-003,
2.491900000000000E+009,3.029627259820700E-003,-4.320505075156689E-003,2.956097247079015E-003,-4.338406026363373E-003,
2.491933333333334E+009,2.924569649621844E-003,-4.180039744824171E-003,3.002223791554570E-003,-4.240150097757578E-003,
2.491966666666667E+009,2.835149411112070E-003,-4.158766474574804E-003,2.835128922015429E-003,-4.365092609077692E-003,
2.492000000000000E+009,2.885359106585383E-003,-4.265045747160912E-003,2.837865380570293E-003,-4.352432675659657E-003,
2.492033333333334E+009,2.865439979359508E-003,-4.207138903439045E-003,2.758717397227883E-003,-4.436430521309376E-003,
2.492066666666667E+009,2.918989863246679E-003,-4.440284799784422E-003,2.734150039032102E-003,-4.436935763806105E-003,
2.492100000000000E+009,2.937944373115897E-003,-4.352941177785397E-003,2.794798929244280E-003,-4.418003838509321E-003,
2.492133333333334E+009,2.873047487810254E-003,-4.268763121217489E-003,2.665997017174959E-003,-4.324647132307291E-003,
2.492166666666667E+009,2.663396066054702E-003,-4.344402812421322E-003,2.666448242962360E-003,-4.529587458819151E-003,
2.492200000000000E+009,2.644268563017249E-003,-4.285218659788370E-003,2.696717157959938E-003,-4.341346211731434E-003,
2.492233333333334E+009,2.833277685567737E-003,-4.352845717221499E-003,2.720613731071353E-003,-4.435625392943621E-003,
2.492266666666667E+009,2.622705185785890E-003,-4.432364366948605E-003,2.603949513286352E-003,-4.544212948530912E-003,
2.492300000000000E+009,2.585838548839092E-003,-4.524013027548790E-003,2.625346183776856E-003,-4.636313766241074E-003,
2.492333333333334E+009,2.599286381155253E-003,-4.432433750480413E-003,2.661018399521709E-003,-4.392669536173344E-003,
2.492366666666667E+009,2.462330972775817E-003,-4.484925419092178E-003,2.457472961395979E-003,-4.544030409306288E-003,
2.492400000000000E+009,2.506432589143515E-003,-4.464338533580303E-003,2.642976818606257E-003,-4.511615727096796E-003,
2.492433333333334E+009,2.494516316801310E-003,-4.627620801329613E-003,2.610568655654788E-003,-4.593760706484318E-003,
2.492466666666667E+009,2.528680255636573E-003,-4.480076953768730E-003,2.407812513411045E-003,-4.639997147023678E-003,
2.492500000000000E+009,2.446537138894200E-003,-4.529716912657023E-003,2.559221349656582E-003,-4.632082302123308E-003,
2.492533333333334E+009,2.478093141689897E-003,-4.505347926169634E-003,2.478450303897262E-003,-4.678288940340281E-003,
2.492566666666667E+009,2.302203094586730E-003,-4.663973115384579E-003,2.420701552182436E-003,-4.581524990499020E-003,
2.492600000000000E+009,2.443928504362702E-003,-4.645058419555426E-003,2.492365660145879E-003,-4.506891127675772E-003,
2.492633333333334E+009,2.290683332830668E-003,-4.455139394849539E-003,2.376299118623138E-003,-4.644529428333044E-003,
2.492666666666667E+009,2.345707966014743E-003,-4.463455639779568E-003,2.348012523725629E-003,-4.606708884239197E-003,
2.492700000000000E+009,2.411129651591182E-003,-4.467849619686604E-003,2.306993585079908E-003,-4.553794395178556E-003,
2.492733333333334E+009,2.297400729730725E-003,-4.541414789855480E-003,2.302702050656080E-003,-4.495858214795589E-003,
2.492766666666667E+009,2.266527619212866E-003,-4.506880417466164E-003,2.214913489297032E-003,-4.520880524069071E-003,
2.492800000000000E+009,2.122447360306978E-003,-4.446556326001883E-003,2.270600991323590E-003,-4.565503448247910E-003,
2.492833333333334E+009,2.335771219804883E-003,-4.500469658523798E-003,2.238755580037832E-003,-4.493149463087320E-003,
2.492866666666667E+009,2.249835291877389E-003,-4.591574892401695E-003,2.316037891432643E-003,-4.533884581178427E-003,
2.492900000000000E+009,2.133351750671864E-003,-4.510562401264906E-003,2.124170074239373E-003,-4.534146282821894E-003,
2.492933333333334E+009,2.310822717845440E-003,-4.536561202257872E-003,2.131258370354772E-003,-4.563676659017801E-003,
2.492966666666667E+009,2.209379570558667E-003,-4.443105310201645E-003,2.126880921423435E-003,-4.559305030852556E-003,
2.493000000000000E+009,2.183935604989529E-003,-4.536660388112068E-003,2.234574407339096E-003,-4.623589571565390E-003,
2.493033333333334E+009,2.141944365575910E-003,-4.512631334364414E-003,2.197385067120194E-003,-4.559172317385674E-003,
2.493066666666667E+009,2.055076649412513E-003,-4.469635896384716E-003,2.165677957236767E-003,-4.656250588595867E-003,
2.493100000000000E+009,2.053799107670784E-003,-4.579642787575722E-003,2.091805217787623E-003,-4.554907791316509E-003,
2.493133333333334E+009,2.037810860201716E-003,-4.403188824653626E-003,2.056738128885627E-003,-4.610246047377586E-003,
2.493166666666667E+009,2.016840735450387E-003,-4.536847118288279E-003,2.071899594739080E-003,-4.521815571933985E-003,
2.493200000000000E+009,1.909654703922570E-003,-4.590637050569058E-003,1.974861137568951E-003,-4.592712502926588E-003,
2.493233333333334E+009,2.134517766535282E-003,-4.587104544043541E-003,2.016391605138779E-003,-4.477276001125574E-003,
2.493266666666667E+009,1.975984079763293E-003,-4.534426145255566E-003,1.904774806462228E-003,-4.597205203026533E-003,
2.493300000000000E+009,1.948550692759454E-003,-4.444474820047617E-003,1.865795929916203E-003,-4.591235890984535E-003,
2.493333333333334E+009,1.826084335334599E-003,-4.453942645341158E-003,1.956204883754253E-003,-4.657838959246874E-003,
2.493366666666667E+009,1.818161807022989E-003,-4.601661115884781E-003,1.769621158018708E-003,-4.572905134409666E-003,
2.493400000000000E+009,1.706502400338650E-003,-4.686255473643541E-003,1.722187967970967E-003,-4.395415075123310E-003,
2.493433333333334E+009,1.652927719987929E-003,-4.648126196116209E-003,1.561254030093551E-003,-4.597998224198818E-003,
2.493466666666667E+009,1.779266516678035E-003,-4.698383156210184E-003,1.749661401845515E-003,-4.661732353270054E-003,
2.493500000000000E+009,1.818931661546230E-003,-4.673289135098457E-003,1.688363263383508E-003,-4.707726649940014E-003,
2.493533333333334E+009,1.583034871146083E-003,-4.664642270654440E-003,1.618647249415517E-003,-4.776625428348780E-003,
2.493566666666667E+009,1.654831226915121E-003,-4.797765985131264E-003,1.723181805573404E-003,-4.644717089831829E-003,
2.493600000000000E+009,1.748771872371435E-003,-4.665798507630825E-003,1.491730217821896E-003,-4.668480250984430E-003,
2.493633333333334E+009,1.500908168964088E-003,-4.684061743319035E-003,1.678348518908024E-003,-4.729190841317177E-003,
2.493666666666667E+009,1.703704474493861E-003,-4.667924717068672E-003,1.539826160296798E-003,-4.672983661293984E-003,
2.493700000000000E+009,1.568639185279608E-003,-4.693702794611454E-003,1.554059679619968E-003,-4.739495459944010E-003,
2.493733333333334E+009,1.399194472469389E-003,-4.784056451171637E-003,1.504576066508889E-003,-4.764660261571407E-003,
2.493766666666667E+009,1.566675491631031E-003,-4.719534888863564E-003,1.447397284209728E-003,-4.780909512192011E-003,
2.493800000000000E+009,1.595907495357096E-003,-4.739414900541306E-003,1.360140508040786E-003,-4.742023069411516E-003,
2.493833333333334E+009,1.414418453350663E-003,-4.607246723026037E-003,1.467806054279208E-003,-4.739293362945318E-003,
2.493866666666667E+009,1.565391663461924E-003,-4.744743928313255E-003,1.308571430854499E-003,-4.644590895622969E-003,
2.493900000000000E+009,1.412463723681867E-003,-4.855819046497345E-003,1.395627856254578E-003,-4.785787779837847E-003,
2.493933333333334E+009,1.353877363726497E-003,-4.754548892378807E-003,1.285237842239440E-003,-4.824606236070395E-003,
2.493966666666667E+009,1.362803392112255E-003,-4.841541405767202E-003,1.265862607397139E-003,-4.708218853920698E-003,
2.494000000000000E+009,1.259364653378725E-003,-4.854325205087662E-003,1.373381586745381E-003,-4.819837398827076E-003,
2.494033333333334E+009,1.425447524525225E-003,-4.818046465516090E-003,1.296182745136321E-003,-4.822792951017618E-003,
2.494066666666667E+009,1.366198412142694E-003,-4.744494799524546E-003,1.350552774965763E-003,-4.677668213844299E-003,
2.494100000000000E+009,1.218560035340488E-003,-4.593077115714550E-003,1.164991059340537E-003,-4.743458237498999E-003,
2.494133333333334E+009,1.144294743426144E-003,-4.697766155004501E-003,1.351376296952367E-003,-4.750050138682127E-003,
2.494166666666667E+009,1.107020536437631E-003,-4.557522945106030E-003,1.286353101022542E-003,-4.769851919263601E-003,
2.494200000000000E+009,1.175308017991483E-003,-4.641530103981495E-003,1.243343460373581E-003,-4.689333494752646E-003,
2.494233333333334E+009,1.134736463427544E-003,-4.791553132236004E-003,1.151991309598088E-003,-4.764912649989128E-003,
2.494266666666667E+009,1.111833262257278E-003,-4.686471074819565E-003,1.186267123557627E-003,-4.708319436758757E-003,
2.494300000000000E+009,1.055393018759787E-003,-4.785501863807440E-003,1.089525525458157E-003,-4.685072693973780E-003,
2.494333333333334E+009,9.528146474622190E-004,-4.688103217631578E-003,9.669068385846913E-004,-4.812655504792929E-003,
2.494366666666667E+009,1.032689586281776E-003,-4.604319110512734E-003,1.128009869717062E-003,-4.650840070098639E-003,
2.494400000000000E+009,8.951526833698154E-004,-4.610417410731316E-003,1.034529064781964E-003,-4.704692400991917E-003,
2.494433333333334E+009,1.108269672840834E-003,-4.694954492151737E-003,1.053708721883595E-003,-4.706457257270813E-003,
2.494466666666667E+009,9.666170808486641E-004,-4.515479318797588E-003,1.040748436935246E-003,-4.597906023263931E-003,
2.494500000000000E+009,1.150803407654166E-003,-4.611583892256022E-003,1.053664251230657E-003,-4.601385444402695E-003,
2.494533333333334E+009,1.103763002902269E-003,-4.453959409147501E-003,1.015432877466083E-003,-4.670334514230490E-003,
2.494566666666667E+009,1.126991002820432E-003,-4.606102127581835E-003,9.180487249977887E-004,-4.562010057270527E-003,
2.494600000000000E+009,1.104875584132969E-003,-4.679922014474869E-003,1.002676435746253E-003,-4.515040665864945E-003,
2.494633333333334E+009,1.012348686344922E-003,-4.520765505731106E-003,1.149395364336669E-003,-4.618684295564890E-003,
2.494666666666667E+009,9.660656214691699E-004,-4.599511157721281E-003,1.002865144982934E-003,-4.536605440080166E-003,
2.494700000000000E+009,9.813226060941815E-004,-4.664176609367132E-003,1.017936738207936E-003,-4.607463721185923E-003,
2.494733333333334E+009,8.641077438369393E-004,-4.556213039904833E-003,1.091210055164993E-003,-4.461146425455809E-003,
2.494766666666667E+009,1.038513612002134E-003,-4.543720744550228E-003,1.061465125530958E-003,-4.552558064460754E-003,
2.494800000000000E+009,1.007427577860653E-003,-4.475676454603672E-003,8.901633555069566E-004,-4.519238136708736E-003,
2.494833333333334E+009,8.658702136017382E-004,-4.595866892486811E-003,8.866221760399640E-004,-4.547004122287035E-003,
2.494866666666667E+009,8.108977926895022E-004,-4.489425569772720E-003,7.581788231618702E-004,-4.441540688276291E-003,
2.494900000000000E+009,9.675477631390095E-004,-4.386170767247677E-003,9.069740772247315E-004,-4.595053382217884E-003,
2.494933333333334E+009,7.239749538712204E-004,-4.574503749608994E-003,7.146009011194110E-004,-4.556634463369846E-003,
2.494966666666667E+009,9.056791313923895E-004,-4.540189169347286E-003,7.648203754797578E-004,-4.588171839714050E-003,
2.495000000000000E+009,6.467279745265842E-004,-4.631557036191225E-003,7.131942547857761E-004,-4.596498329192400E-003,
2.495033333333334E+009,6.626982940360904E-004,-4.763400647789240E-003,7.987307617440820E-004,-4.598815459758043E-003,
2.495066666666667E+009,5.867365980520845E-004,-4.504923243075609E-003,5.438359803520143E-004,-4.594417288899422E-003,
2.495100000000000E+009,6.975070573389530E-004,-4.550264216959477E-003,6.407962646335363E-004,-4.452325869351625E-003,
2.495133333333334E+009,6.477258284576237E-004,-4.581337794661522E-003,6.872848025523126E-004,-4.542552400380373E-003,
2.495166666666667E+009,6.771162734366953E-004,-4.608226474374533E-003,4.688719927798957E-004,-4.670308902859688E-003,
2.495200000000000E+009,4.998347721993923E-004,-4.513936117291451E-003,5.571780493482947E-004,-4.674396943300962E-003,
2.495233333333334E+009,5.568870110437274E-004,-4.749833140522242E-003,3.597996255848557E-004,-4.521994851529598E-003,
2.495266666666667E+009,3.725861315615475E-004,-4.566190764307976E-003,4.983218968845904E-004,-4.681905265897512E-003,
2.495300000000000E+009,5.993738304823637E-004,-4.590759519487619E-003,4.972427268512547E-004,-4.579749889671803E-003,
2.495333333333334E+009,4.116511554457247E-004,-4.506760276854038E-003,3.714863851200789E-004,-4.693709779530764E-003,
2.495366666666667E+009,5.033249617554247E-004,-4.515466280281544E-003,2.811213780660182E-004,-4.681443329900503E-003,
2.495400000000000E+009,3.955735592171550E-004,-4.454917274415493E-003,4.612613120116293E-004,-4.560895264148712E-003,
2.495433333333334E+009,3.256798954680562E-004,-4.499864298850298E-003,3.567312669474632E-004,-4.602557979524136E-003,
2.495466666666667E+009,2.825841656886041E-004,-4.597265738993883E-003,3.827705513685942E-004,-4.534406587481499E-003,
2.495500000000000E+009,4.058766062371433E-004,-4.470673389732838E-003,3.412127844057977E-004,-4.637980367988348E-003,
2.495533333333334E+009,2.723728248383850E-004,-4.674168769270182E-003,3.373409272171557E-004,-4.527270793914795E-003,
2.495566666666667E+009,1.872274151537567E-004,-4.552940838038921E-003,2.472138148732483E-004,-4.479402210563421E-003,
2.495600000000000E+009,2.476223744452000E-004,-4.518233705312014E-003,2.935731317847967E-004,-4.494746215641499E-003,
2.495633333333334E+009,2.233960112789646E-004,-4.616734106093645E-003,1.435228768968955E-004,-4.556502215564251E-003,
2.495666666666667E+009,2.628764777909964E-004,-4.564989823848009E-003,2.441104879835621E-004,-4.671943839639425E-003,
2.495700000000000E+009,8.232894469983876E-005,-4.512369167059660E-003,1.352609106106684E-004,-4.496305249631405E-003,
2.495733333333334E+009,2.294209407409653E-004,-4.422656726092100E-003,1.327696954831481E-004,-4.585746675729752E-003,
2.495766666666667E+009,1.760235609253869E-004,-4.665428772568703E-003,1.468280097469688E-004,-4.578242078423500E-003,
2.495800000000000E+009,2.314806042704731E-004,-4.664747510105372E-003,4.833907951251604E-005,-4.634887445718050E-003,
2.495833333333334E+009,1.059892674675211E-004,-4.499869421124458E-003,2.725854283198714E-004,-4.568524193018675E-003,
2.495866666666667E+009,4.308405186748132E-005,-4.499529954046011E-003,4.215368244331330E-005,-4.594792611896992E-003,
2.495900000000000E+009,1.520575169706717E-004,-4.583679139614105E-003,1.163903434644453E-004,-4.401111043989658E-003,
2.495933333333334E+009,2.849284283001907E-005,-4.421466961503029E-003,2.090813504764810E-004,-4.461439792066813E-003,
2.495966666666667E+009,1.519739744253457E-004,-4.541669040918350E-003,6.397700781235471E-005,-4.406006075441837E-003,
2.496000000000000E+009,6.239474168978632E-005,-4.477584268897772E-003,5.166242044651881E-005,-4.552685189992189E-003,
2.496033333333334E+009,6.500251765828580E-005,-4.500991664826870E-003,1.050784339895472E-004,-4.393258132040501E-003,
2.496066666666667E+009,8.620090375188738E-005,-4.394514486193657E-003,7.563776307506487E-005,-4.363003186881542E-003,
2.496100000000000E+009,6.381007551681250E-005,-4.330600146204233E-003,-8.282311318907887E-005,-4.381307866424322E-003,
2.496133333333334E+009,1.503728417446837E-004,-4.358580801635981E-003,6.101701364968903E-005,-4.346574656665325E-003,
2.496166666666667E+009,3.057438152609393E-005,-4.388394765555859E-003,7.511825970141217E-005,-4.494995344430208E-003,
2.496200000000000E+009,5.786101610283367E-005,-4.279419314116240E-003,9.469303040532395E-005,-4.359378479421139E-003,
2.496233333333334E+009,-4.167535007582046E-005,-4.245216026902199E-003,9.620923810871318E-005,-4.334135446697474E-003,
2.496266666666667E+009,-5.655045242747292E-005,-4.239226225763559E-003,3.456574995652773E-005,-4.251760896295309E-003,
2.496300000000000E+009,5.478614184539765E-005,-4.399213008582592E-003,-5.599074575002305E-005,-4.334643948823214E-003,
2.496333333333334E+009,-1.130957170971669E-004,-4.126128740608692E-003,4.734361573355272E-005,-4.317020066082478E-003,
2.496366666666667E+009,-8.328695003001485E-006,-4.156770184636116E-003,8.175461698556319E-005,-4.265891388058662E-003,
2.496400000000000E+009,-1.556674396852031E-004,-4.259948153048754E-003,-2.152560773538426E-004,-4.245822317898274E-003,
2.496433333333334E+009,-1.142113687819801E-004,-4.423315636813641E-003,-1.683010486885905E-005,-4.291214048862457E-003,
2.496466666666667E+009,-1.246625179192051E-004,-4.224712960422039E-003,-1.168384624179453E-004,-4.287268966436386E-003,
2.496500000000000E+009,-1.909632846945897E-004,-4.206595942378044E-003,-3.717379877343774E-004,-4.422247875481844E-003,
2.496533333333334E+009,-1.350549136986956E-004,-4.260065499693155E-003,-2.216104476246983E-004,-4.343854263424873E-003,
2.496566666666667E+009,-2.128546038875356E-004,-4.202350508421660E-003,-2.879524836316705E-004,-4.196874331682921E-003,
2.496600000000000E+009,-1.972468598978594E-004,-4.074917640537024E-003,-3.333666245453060E-004,-4.150042776018381E-003,
2.496633333333334E+009,-3.848265332635492E-004,-4.183166194707155E-003,-3.980520705226809E-004,-4.309917800128460E-003,
2.496666666666667E+009,-2.534186933189631E-004,-4.302966874092817E-003,-4.663218569476157E-004,-4.246321041136980E-003,
2.496700000000000E+009,-3.237063647247851E-004,-4.138235934078693E-003,-4.461632051970810E-004,-4.190292209386826E-003,
2.496733333333334E+009,-3.787656896747649E-004,-4.336268641054630E-003,-3.923339536413550E-004,-4.326622001826763E-003,
2.496766666666667E+009,-3.712463367264718E-004,-4.151271656155586E-003,-5.518575781024993E-004,-4.114421084523201E-003,
2.496800000000000E+009,-4.437614697962999E-004,-4.139644093811512E-003,-5.348149570636451E-004,-4.190676379948854E-003,
2.496833333333334E+009,-5.509874899871647E-004,-4.231166560202837E-003,-5.529791815206409E-004,-4.277329426258802E-003,
2.496866666666667E+009,-5.220417515374720E-004,-4.138681106269360E-003,-5.705254734493792E-004,-4.199551884084940E-003,
2.496900000000000E+009,-4.841510381083936E-004,-4.364838358014822E-003,-5.260055186226964E-004,-4.125753883272409E-003,
2.496933333333334E+009,-6.037346902303398E-004,-4.236743319779635E-003,-5.767864058725536E-004,-4.253869410604239E-003,
2.496966666666667E+009,-6.497656577266753E-004,-4.091640468686819E-003,-5.597174167633057E-004,-4.163081757724285E-003,
2.497000000000000E+009,-6.947657093405724E-004,-4.204164259135723E-003,-6.996404263190925E-004,-4.158311523497105E-003,
2.497033333333334E+009,-5.188405630178750E-004,-4.114527255296707E-003,-6.659437785856426E-004,-4.154423717409372E-003,
2.497066666666667E+009,-6.214713794179261E-004,-4.150034859776497E-003,-7.033351575955749E-004,-4.153001122176647E-003,
2.497100000000000E+009,-8.354860474355519E-004,-4.082726780325174E-003,-5.681555485352874E-004,-4.141062963753939E-003,
2.497133333333334E+009,-6.064122426323593E-004,-4.048358183354139E-003,-6.840298301540315E-004,-4.116051830351353E-003,
2.497166666666667E+009,-6.043658358976245E-004,-4.105043131858110E-003,-7.070075953379273E-004,-4.079198464751244E-003,
2.497200000000000E+009,-7.619365351274610E-004,-4.121376667171717E-003,-6.897536804899573E-004,-4.038682207465172E-003,
2.497233333333334E+009,-7.714296225458384E-004,-4.044167697429657E-003,-7.540072547271848E-004,-4.151097033172846E-003,
2.497266666666667E+009,-6.468231440521777E-004,-4.088674206286669E-003,-6.514752167277038E-004,-4.067335277795792E-003,
2.497300000000000E+009,-8.184167672879994E-004,-3.992796409875155E-003,-8.565147873014212E-004,-4.041025415062904E-003,
2.497333333333334E+009,-7.318987045437098E-004,-3.953368868678808E-003,-6.599473999813199E-004,-4.015540704131126E-003,
2.497366666666667E+009,-8.595309336669743E-004,-4.043783526867628E-003,-8.146640611812472E-004,-4.114433657377958E-003,
2.497400000000000E+009,-7.733617676422000E-004,-3.928678110241890E-003,-8.096708334051073E-004,-4.078857600688934E-003,
2.497433333333334E+009,-6.713054026477039E-004,-3.890048479661346E-003,-8.869718876667321E-004,-3.853841451928020E-003,
2.497466666666667E+009,-8.603646419942379E-004,-3.999940119683743E-003,-8.656537975184619E-004,-3.987366799265146E-003,
2.497500000000000E+009,-8.653906406834722E-004,-4.020300228148699E-003,-8.246937068179250E-004,-3.998383879661560E-003,
2.497533333333334E+009,-7.270260248333216E-004,-3.935231827199459E-003,-8.201922755688429E-004,-3.869360545650125E-003,
2.497566666666667E+009,-7.641277043148875E-004,-3.827209817245603E-003,-8.710622205398977E-004,-3.990524448454380E-003,
2.497600000000000E+009,-8.463400881737471E-004,-3.794943913817406E-003,-8.633049437776208E-004,-3.848348977044225E-003,
2.497633333333334E+009,-7.815135759301484E-004,-3.644699929282069E-003,-8.400263031944633E-004,-3.788921283558011E-003,
2.497666666666667E+009,-7.281658472493291E-004,-3.762019565328956E-003,-8.198931463994086E-004,-3.791548078879714E-003,
2.497700000000000E+009,-6.332232151180506E-004,-3.776243189349771E-003,-7.043192163109779E-004,-3.954138141125441E-003,
2.497733333333334E+009,-9.130850667133927E-004,-3.821113379672170E-003,-8.823310490697622E-004,-3.851997666060925E-003,
2.497766666666667E+009,-8.158144191838801E-004,-3.837855765596032E-003,-8.008570875972509E-004,-3.824167419224978E-003,
2.497800000000000E+009,-7.514011231251061E-004,-3.765864763408899E-003,-8.571260259486735E-004,-3.802056889981031E-003,
2.497833333333334E+009,-9.742390830069780E-004,-3.569432534277439E-003,-8.760177879594266E-004,-3.841434139758349E-003,
2.497866666666667E+009,-8.729797555133700E-004,-3.767935559153557E-003,-8.083379361778498E-004,-3.811546135693789E-003,
2.497900000000000E+009,-8.483545971103013E-004,-3.722035791724920E-003,-8.100894046947360E-004,-3.711441298946738E-003,
2.497933333333334E+009,-7.599253440275788E-004,-3.708582604303956E-003,-8.210622472688556E-004,-3.737783990800381E-003,
2.497966666666667E+009,-9.622787474654615E-004,-3.589849919080734E-003,-9.151083067990840E-004,-3.678881563246250E-003,
2.498000000000000E+009,-9.903197642415762E-004,-3.723740577697754E-003,-8.280548499897122E-004,-3.823048667982221E-003,
2.498033333333334E+009,-9.185653179883957E-004,-3.606442594900727E-003,-1.104549854062498E-003,-3.657673951238394E-003,
2.498066666666667E+009,-9.033664246089757E-004,-3.642612602561712E-003,-9.872313821688294E-004,-3.581799101084471E-003,
2.498100000000000E+009,-1.012205146253109E-003,-3.704133909195662E-003,-9.639648487791419E-004,-3.505229949951172E-003,
2.498133333333334E+009,-9.860538411885500E-004,-3.486326895654202E-003,-1.068514655344188E-003,-3.608796512708068E-003,
2.498166666666667E+009,-1.136230886913836E-003,-3.583094570785761E-003,-1.040015253238380E-003,-3.528539324179292E-003,
2.498200000000000E+009,-1.090348348952830E-003,-3.449937328696251E-003,-1.032360596582294E-003,-3.491674084216356E-003,
2.498233333333334E+009,-1.011703861877322E-003,-3.533274633809924E-003,-1.124355825595558E-003,-3.593879751861095E-003,
2.498266666666667E+009,-1.140834647230804E-003,-3.644576063379645E-003,-9.925175691023469E-004,-3.557169111445546E-003,
2.498300000000000E+009,-1.084773684851825E-003,-3.454301040619612E-003,-1.111650024540722E-003,-3.572653047740459E-003,
2.498333333333334E+009,-1.103062182664871E-003,-3.456257050856948E-003,-1.220408710651100E-003,-3.505668835714459E-003,
2.498366666666667E+009,-1.103158807381988E-003,-3.430615877732635E-003,-1.191332819871604E-003,-3.586481325328350E-003,
2.498400000000000E+009,-1.007556100375950E-003,-3.449868177995086E-003,-1.183419488370419E-003,-3.477247897535563E-003,
2.498433333333334E+009,-1.172577962279320E-003,-3.318171016871929E-003,-1.265096012502909E-003,-3.516446566209197E-003,
2.498466666666667E+009,-1.173026044853032E-003,-3.546848427504301E-003,-1.206811750307679E-003,-3.439336549490690E-003,
2.498500000000000E+009,-1.179593382403255E-003,-3.345425939187408E-003,-1.220188802108169E-003,-3.587441751733422E-003,
2.498533333333334E+009,-1.227310975082219E-003,-3.465719288215041E-003,-1.243297592736781E-003,-3.442523069679737E-003,
2.498566666666667E+009,-1.346544711850584E-003,-3.402874339371920E-003,-1.140079926699400E-003,-3.397789550945163E-003,
2.498600000000000E+009,-1.142459339462221E-003,-3.382878610864282E-003,-1.245320658199489E-003,-3.412557300180197E-003,
2.498633333333334E+009,-1.354553853161633E-003,-3.380087669938803E-003,-1.266472041606903E-003,-3.359572729095817E-003,
2.498666666666667E+009,-1.394081395119429E-003,-3.340293653309345E-003,-1.316008972935379E-003,-3.375689731910825E-003,
2.498700000000000E+009,-1.337734167464078E-003,-3.294176422059536E-003,-1.319825882092118E-003,-3.384599229320884E-003,
2.498733333333334E+009,-1.122343470342457E-003,-3.260974306613207E-003,-1.326821162365377E-003,-3.268616739660502E-003,
2.498766666666667E+009,-1.236292417161167E-003,-3.219343256205320E-003,-1.230572117492557E-003,-3.287542378529906E-003,
2.498800000000000E+009,-1.372701837681234E-003,-3.282535821199417E-003,-1.361842034384608E-003,-3.292858134955168E-003,
2.498833333333334E+009,-1.342002069577575E-003,-3.341599833220244E-003,-1.396717387251556E-003,-3.320131683722138E-003,
2.498866666666667E+009,-1.325321616604924E-003,-3.258401760831475E-003,-1.448704744689167E-003,-3.158358857035637E-003,
2.498900000000000E+009,-1.317449728958309E-003,-3.128591459244490E-003,-1.454511540941894E-003,-3.187175141647458E-003,
2.498933333333334E+009,-1.359237125143409E-003,-3.233441151678562E-003,-1.373535604216158E-003,-3.187529277056456E-003,
2.498966666666667E+009,-1.377538312226534E-003,-3.212484065443277E-003,-1.310994033701718E-003,-3.299011848866940E-003,
2.499000000000000E+009,-1.318830996751785E-003,-3.019742202013731E-003,-1.327037578448653E-003,-3.242305247113109E-003,
2.499033333333334E+009,-1.428522402420640E-003,-3.150974866002798E-003,-1.421126304194331E-003,-3.096968866884708E-003,
2.499066666666667E+009,-1.173323136754334E-003,-3.150106174871326E-003,-1.366019132547081E-003,-3.133961232379079E-003,
2.499100000000000E+009,-1.278077717870474E-003,-3.076011314988136E-003,-1.389264129102230E-003,-3.083384828642011E-003,
2.499133333333334E+009,-1.372263068333268E-003,-3.093924839049578E-003,-1.279192394576967E-003,-3.141486318781972E-003,
2.499166666666667E+009,-1.403944566845894E-003,-2.991180401295424E-003,-1.268553198315203E-003,-3.085200674831867E-003,
2.499200000000000E+009,-1.210001879371703E-003,-3.014680696651340E-003,-1.308187609538436E-003,-3.062521805986762E-003,
2.499233333333334E+009,-1.319663366302848E-003,-2.884870627894998E-003,-1.410848577506840E-003,-3.002969315275550E-003,
2.499266666666667E+009,-1.252996735274792E-003,-2.938285004347563E-003,-1.174904522486031E-003,-3.040951443836093E-003,
2.499300000000000E+009,-1.269688596948981E-003,-2.952644135802984E-003,-1.227046828716993E-003,-2.918107667937875E-003,
2.499333333333334E+009,-1.125090988352895E-003,-3.056957386434078E-003,-1.198390848003328E-003,-3.160047810524702E-003,
2.499366666666667E+009,-1.169579569250345E-003,-2.962393919005990E-003,-1.353484811261296E-003,-3.048452315852046E-003,
2.499400000000000E+009,-1.318388036452234E-003,-2.995043061673641E-003,-1.278355019167066E-003,-2.875901525840163E-003,
2.499433333333334E+009,-1.210848335176706E-003,-2.941268729045987E-003,-1.267113140784204E-003,-2.886301139369607E-003,
2.499466666666667E+009,-1.232101581990719E-003,-2.846753690391779E-003,-1.325698685832322E-003,-2.877433318644762E-003,
2.499500000000000E+009,-1.159476465545595E-003,-2.960344078019261E-003,-1.302777091041207E-003,-2.916317200288177E-003,
2.499533333333334E+009,-1.354662235826254E-003,-2.972394460812211E-003,-1.276301918551326E-003,-2.858749125152826E-003,
2.499566666666667E+009,-1.368137425743043E-003,-2.716777613386512E-003,-1.323400763794780E-003,-2.862476743757725E-003,
2.499600000000000E+009,-1.293802401050925E-003,-2.935010241344571E-003,-1.529624918475747E-003,-2.862066030502319E-003,
2.499633333333334E+009,-1.246901811100543E-003,-2.676479751244187E-003,-1.446607639081776E-003,-2.777806017547846E-003,
2.499666666666667E+009,-1.204969245009124E-003,-2.707420848309994E-003,-1.386908465065062E-003,-2.826986601576209E-003,
2.499700000000000E+009,-1.304261735640466E-003,-2.832846250385046E-003,-1.411486882716417E-003,-2.761086216196418E-003,
2.499733333333334E+009,-1.216565957292914E-003,-2.657818607985973E-003,-1.371962018311024E-003,-2.628160174936056E-003,
2.499766666666667E+009,-1.331798150204122E-003,-2.666398184373975E-003,-1.378384768031538E-003,-2.732321387156844E-003,
2.499800000000000E+009,-1.435081008821726E-003,-2.579051768407226E-003,-1.466753776185215E-003,-2.690145280212164E-003,
2.499833333333334E+009,-1.461406820453703E-003,-2.716725459322333E-003,-1.427052658982575E-003,-2.721908967941999E-003,
2.499866666666667E+009,-1.396555104292929E-003,-2.442859811708331E-003,-1.512568793259561E-003,-2.498390153050423E-003,
2.499900000000000E+009,-1.356028136797249E-003,-2.507107332348824E-003,-1.562337274663150E-003,-2.654665382578969E-003,
2.499933333333334E+009,-1.508401357568800E-003,-2.539015607908368E-003,-1.501371618360281E-003,-2.645606873556972E-003,
2.499966666666667E+009,-1.577039482071996E-003,-2.454326255246997E-003,-1.343232113867998E-003,-2.657944569364190E-003,
2.500000000000000E+009,-1.394933089613915E-003,-2.529740100726485E-003,-1.600474235601723E-003,-2.494211774319410E-003,
