% Version 1.00
%
%freq[Hz];re:Trc1_S21;im:Trc1_S21;re:Trc2_S12;im:Trc2_S12;
2.480000000000000E+009,6.126520456746221E-004,7.398255984298885E-004,4.118355864193291E-004,7.556766504421830E-004,
2.480033333333334E+009,4.744195903185755E-004,7.976518245413899E-004,4.369225061964244E-004,9.211194119416177E-004,
2.480066666666667E+009,3.988201788160950E-004,9.369856561534107E-004,4.271626530680805E-004,9.359985706396401E-004,
2.480100000000000E+009,4.817422304768115E-004,8.511827909387648E-004,5.244203493930399E-004,8.827080018818378E-004,
2.480133333333334E+009,4.934095195494592E-004,8.192096138373017E-004,4.576809587888420E-004,1.010086270980537E-003,
2.480166666666667E+009,3.522942715790123E-004,8.943483699113131E-004,5.253825220279396E-004,9.261660161428154E-004,
2.480200000000000E+009,5.668951198458672E-004,7.587428553961217E-004,4.374941636342555E-004,8.681696490384638E-004,
2.480233333333334E+009,4.886050010100007E-004,8.858339861035347E-004,5.151233053766191E-004,8.832553867250681E-004,
2.480266666666667E+009,6.319234380498529E-004,8.394615724682808E-004,5.975480889901519E-004,9.539851453155279E-004,
2.480300000000000E+009,5.025484133511782E-004,8.265239885076881E-004,5.157836130820215E-004,8.564306772314012E-004,
2.480333333333334E+009,5.002358811907470E-004,7.879916229285300E-004,5.268664681352675E-004,8.123234729282558E-004,
2.480366666666667E+009,4.412211128510535E-004,9.061555028893054E-004,5.467192968353629E-004,8.395062177442014E-004,
2.480400000000000E+009,6.043851608410478E-004,7.642817799933255E-004,5.803488893434405E-004,7.565129781141877E-004,
2.480433333333334E+009,5.893321358598769E-004,8.202981553040445E-004,5.774526507593691E-004,8.677569567225874E-004,
2.480466666666667E+009,5.886272410862148E-004,6.682568346150219E-004,5.468041636049748E-004,6.955120479688048E-004,
2.480500000000000E+009,6.217093905434012E-004,7.746443152427673E-004,6.424575694836676E-004,7.483942317776382E-004,
2.480533333333334E+009,6.650924333371222E-004,6.703333929181099E-004,6.586680538021028E-004,6.992146372795105E-004,
2.480566666666667E+009,6.385206943377852E-004,7.967480923980475E-004,6.364618893712759E-004,6.701470701955259E-004,
2.480600000000000E+009,5.808933055959642E-004,6.956951110623777E-004,6.342091946862638E-004,8.256662986241281E-004,
2.480633333333334E+009,5.419756053015590E-004,7.271429058164358E-004,6.142957136034966E-004,7.635836955159903E-004,
2.480666666666667E+009,5.921762785874307E-004,6.958887097425759E-004,5.562375299632549E-004,7.448691758327186E-004,
2.480700000000000E+009,5.967913311906159E-004,5.475356010720134E-004,6.008299533277750E-004,7.375984569080174E-004,
2.480733333333334E+009,5.813392926938832E-004,6.623542285524309E-004,5.234378622844815E-004,5.459757521748543E-004,
2.480766666666667E+009,5.945985903963447E-004,6.266582640819252E-004,6.436808616854250E-004,7.044825470075011E-004,
2.480800000000000E+009,6.818882538937032E-004,8.696643635630608E-004,4.978352226316929E-004,6.550380494445562E-004,
2.480833333333334E+009,3.605982346925885E-004,8.121337741613388E-004,5.763101507909596E-004,7.661515264771879E-004,
2.480866666666667E+009,3.863489255309105E-004,7.936520851217210E-004,4.888030816800892E-004,8.511906489729881E-004,
2.480900000000000E+009,5.704539362341166E-004,7.896374445408583E-004,5.267440574243665E-004,9.317888761870563E-004,
2.480933333333334E+009,6.479336298070848E-004,8.551845676265657E-004,7.793213007971644E-004,6.788950413465500E-004,
2.480966666666667E+009,5.589941283687949E-004,8.326678653247654E-004,5.615410627797246E-004,7.951495354063809E-004,
2.481000000000000E+009,6.479406147263944E-004,7.887615938670933E-004,6.176303722895682E-004,8.416817872785032E-004,
2.481033333333334E+009,6.433953531086445E-004,6.754227797500789E-004,5.592764355242252E-004,7.597820949740708E-004,
2.481066666666667E+009,5.633417167700827E-004,8.208487415686250E-004,7.813596748746932E-004,8.292925776913762E-004,
2.481100000000000E+009,6.677250494249165E-004,7.655167719349265E-004,5.258664023131132E-004,6.879720021970570E-004,
2.481133333333334E+009,6.742227706126869E-004,5.520057748071849E-004,6.704227998852730E-004,7.309226784855127E-004,
2.481166666666667E+009,5.440280074253678E-004,6.858126726001501E-004,7.460479391738772E-004,6.776804802939296E-004,
2.481200000000000E+009,5.465613794513047E-004,7.625483558513224E-004,7.065930985845625E-004,8.215468842536211E-004,
2.481233333333334E+009,7.728068740107119E-004,6.642449880018830E-004,6.756182410754263E-004,7.499768398702145E-004,
2.481266666666667E+009,7.402642513625324E-004,6.676646880805492E-004,8.112860959954560E-004,7.910926360636950E-004,
2.481300000000000E+009,7.577389478683472E-004,7.210518815554678E-004,7.691492792218924E-004,5.867329891771078E-004,
2.481333333333334E+009,9.139360045082867E-004,6.464104517363012E-004,7.888768450357020E-004,5.922716809436679E-004,
2.481366666666667E+009,8.054902427829802E-004,6.781341508030891E-004,8.699030149728060E-004,7.220369298011065E-004,
2.481400000000000E+009,6.262005190365017E-004,7.192905177362263E-004,7.240808918140829E-004,7.141732494346798E-004,
2.481433333333334E+009,8.319424814544618E-004,6.665112450718880E-004,8.346287650056183E-004,5.799939390271902E-004,
2.481466666666667E+009,7.231734343804419E-004,8.353957673534751E-004,8.264578063972294E-004,7.629112224094570E-004,
2.481500000000000E+009,8.063816931098700E-004,6.064191693440080E-004,7.535738404840231E-004,6.637149490416050E-004,
2.481533333333334E+009,8.068035822361708E-004,8.092704229056835E-004,8.526900201104581E-004,7.125816191546619E-004,
2.481566666666667E+009,7.528160349465907E-004,8.125348249450326E-004,9.729252196848393E-004,6.833350635133684E-004,
2.481600000000000E+009,1.041527139022946E-003,7.450553821399808E-004,8.723705541342497E-004,6.964854546822608E-004,
2.481633333333334E+009,9.319924283772707E-004,6.154682487249374E-004,9.166863746941090E-004,6.645591929554939E-004,
2.481666666666667E+009,7.697991095483303E-004,5.931040504947305E-004,8.835465996526182E-004,6.775733199901879E-004,
2.481700000000000E+009,8.700353791937232E-004,6.493672844953835E-004,8.796321926638484E-004,6.448202184401453E-004,
2.481733333333334E+009,9.479087311774492E-004,7.885561208240688E-004,9.004514431580901E-004,7.141932728700340E-004,
2.481766666666667E+009,9.443457820452750E-004,5.795057513751090E-004,1.006994396448135E-003,7.252254290506244E-004,
2.481800000000000E+009,8.821787778288126E-004,5.690636462531984E-004,1.008737599477172E-003,6.425288738682866E-004,
2.481833333333334E+009,8.658974547870457E-004,6.767410668544471E-004,9.843963198363781E-004,7.269014022313058E-004,
2.481866666666667E+009,9.020116995088756E-004,7.258321275003254E-004,8.761829813010991E-004,5.948608741164208E-004,
2.481900000000000E+009,9.226205293089151E-004,6.764067802578211E-004,9.516751160845161E-004,6.075259298086166E-004,
2.481933333333334E+009,9.708193829283118E-004,6.946987705305219E-004,9.507499053142965E-004,7.274072268046439E-004,
2.481966666666667E+009,8.697760640643537E-004,6.743180565536022E-004,1.028219936415553E-003,4.294845857657492E-004,
2.482000000000000E+009,1.016014139167965E-003,6.714391638524830E-004,1.032634056173265E-003,7.056319154798985E-004,
2.482033333333334E+009,8.990699425339699E-004,6.208193372003734E-004,9.071711101569235E-004,4.729709180537611E-004,
2.482066666666667E+009,9.934545960277319E-004,6.144274957478046E-004,1.046236837282777E-003,5.869074957445264E-004,
2.482100000000000E+009,9.256881312467158E-004,5.747665418311954E-004,1.015387242659926E-003,5.535622476600111E-004,
2.482133333333334E+009,1.069945981726050E-003,4.012998542748392E-004,1.061246148310602E-003,6.093799020163715E-004,
2.482166666666667E+009,1.156845362856984E-003,5.165937473066151E-004,8.276594453491271E-004,5.762234795838594E-004,
2.482200000000000E+009,1.126283546909690E-003,3.927650686819106E-004,8.753541624173522E-004,5.455159116536379E-004,
2.482233333333334E+009,9.184814989566803E-004,5.050980835221708E-004,9.498886647634208E-004,6.114217685535550E-004,
2.482266666666667E+009,1.100376364775002E-003,5.746714305132628E-004,1.123174908570945E-003,6.478479481302202E-004,
2.482300000000000E+009,8.998297853395343E-004,6.516440771520138E-004,1.018668524920940E-003,5.746092647314072E-004,
2.482333333333334E+009,9.332736372016370E-004,4.528792342171073E-004,9.375187801197171E-004,6.390589405782521E-004,
2.482366666666667E+009,9.095981367863715E-004,6.385561428032816E-004,9.321094839833677E-004,6.766006117686629E-004,
2.482400000000000E+009,9.666160913184285E-004,6.080109160393477E-004,9.891850640997291E-004,6.512617692351341E-004,
2.482433333333334E+009,9.451638325117528E-004,6.743926787748933E-004,9.244022658094764E-004,7.637056405656040E-004,
2.482466666666667E+009,9.052968234755099E-004,8.012487087398768E-004,9.754142956808209E-004,7.951045408844948E-004,
2.482500000000000E+009,9.583070641383529E-004,6.737316143698990E-004,8.609332144260407E-004,5.554386880248785E-004,
2.482533333333334E+009,1.030623563565314E-003,7.090606959536672E-004,9.479683940298855E-004,6.946545327082276E-004,
2.482566666666667E+009,9.956639260053635E-004,5.234922864474356E-004,9.315483039245009E-004,5.924393772147596E-004,
2.482600000000000E+009,1.116872997954488E-003,4.564548726193607E-004,9.446920012123883E-004,5.599175929091871E-004,
2.482633333333334E+009,7.996925851330161E-004,5.447952426038683E-004,7.815431454218924E-004,5.438529187813401E-004,
2.482666666666667E+009,1.046567340381444E-003,5.835139891132712E-004,9.187644463963807E-004,5.499909748323262E-004,
2.482700000000000E+009,1.030207728035748E-003,5.440347595140338E-004,1.033808337524533E-003,4.432133573573083E-004,
2.482733333333334E+009,1.011103624477983E-003,3.734107303898782E-004,1.046972582116723E-003,6.010065553709865E-004,
2.482766666666667E+009,1.147024449892342E-003,4.900242201983929E-004,1.240827376022935E-003,6.176375318318605E-004,
2.482800000000000E+009,1.100206864066422E-003,5.031215259805322E-004,1.083124545402825E-003,4.667484608944506E-004,
2.482833333333334E+009,1.117983716540039E-003,5.099325207993388E-004,1.143232802860439E-003,5.566750769503415E-004,
2.482866666666667E+009,1.208168570883572E-003,4.646207671612501E-004,1.070663682185113E-003,5.437548970803618E-004,
2.482900000000000E+009,1.139254425652325E-003,4.400238103698939E-004,1.103403395973146E-003,2.936211531050503E-004,
2.482933333333334E+009,1.233192160725594E-003,4.084195243194699E-004,1.252427813597024E-003,4.703726735897362E-004,
2.482966666666667E+009,1.124048139899969E-003,5.442598485387862E-004,1.220263307914138E-003,4.411184636410326E-004,
2.483000000000000E+009,1.202266197651625E-003,4.106620035599917E-004,1.211290946230292E-003,3.851074434351176E-004,
2.483033333333334E+009,1.212894800119102E-003,3.654609608929604E-004,1.177847152575851E-003,4.816973232664168E-004,
2.483066666666667E+009,1.278259558603168E-003,5.434171762317419E-004,1.231080270372331E-003,5.097153480164707E-004,
2.483100000000000E+009,1.246727071702480E-003,3.915295528713614E-004,1.241727499291301E-003,4.638743121176958E-004,
2.483133333333334E+009,1.189658185467124E-003,4.871124983765185E-004,1.273940899409354E-003,3.819228149950504E-004,
2.483166666666667E+009,1.272374764084816E-003,4.875122976955026E-004,1.275516930036247E-003,5.124479648657143E-004,
2.483200000000000E+009,1.318624243140221E-003,4.954882897436619E-004,1.204418251290917E-003,3.341213450767100E-004,
2.483233333333334E+009,1.318413997069001E-003,4.167149891145527E-004,1.185186207294464E-003,4.732218221761286E-004,
2.483266666666667E+009,1.398955471813679E-003,4.879304324276745E-004,1.413314486853778E-003,4.126114654354751E-004,
2.483300000000000E+009,1.129321753978729E-003,4.999093362130225E-004,1.252977410331368E-003,4.859914770349860E-004,
2.483333333333334E+009,1.209946465678513E-003,3.837190452031791E-004,1.301869633607566E-003,3.975019208155572E-004,
2.483366666666667E+009,1.193966600112617E-003,5.038352101109922E-004,1.385529409162700E-003,4.797143628820777E-004,
2.483400000000000E+009,1.397843589074910E-003,3.925095952581614E-004,1.324673881754279E-003,3.253472968935967E-004,
2.483433333333334E+009,1.465265406295657E-003,3.015460679307580E-004,1.408684765920043E-003,4.403105704113841E-004,
2.483466666666667E+009,1.383218099363148E-003,3.742618719115853E-004,1.355918124318123E-003,4.686405882239342E-004,
2.483500000000000E+009,1.334649510681629E-003,2.934465301223099E-004,1.426273956894875E-003,4.623300046660006E-004,
2.483533333333334E+009,1.240429002791643E-003,4.133317852392793E-004,1.408579177223146E-003,2.992807421833277E-004,
2.483566666666667E+009,1.464013010263443E-003,4.331069067120552E-004,1.485657878220081E-003,2.609373186714947E-004,
2.483600000000000E+009,1.420418149791658E-003,3.626791294664145E-004,1.285173580981791E-003,3.656885819509625E-004,
2.483633333333334E+009,1.416979124769568E-003,3.070158418267965E-004,1.496578799560666E-003,2.553894883021712E-004,
2.483666666666667E+009,1.396997249685228E-003,3.150702395942062E-004,1.413785386830568E-003,3.625638491939753E-004,
2.483700000000000E+009,1.485883025452495E-003,3.598023031372577E-004,1.327536534518004E-003,2.738690236583352E-004,
2.483733333333334E+009,1.459024380892515E-003,2.974998496938497E-004,1.553777488879859E-003,3.141290508210659E-004,
2.483766666666667E+009,1.363399904221296E-003,3.482776810415089E-004,1.363987685181201E-003,2.798082714434713E-004,
2.483800000000000E+009,1.468959613703191E-003,3.375349042471498E-004,1.402121386490762E-003,3.303780686110258E-004,
2.483833333333334E+009,1.336399815045297E-003,2.517997345421463E-004,1.287339022383094E-003,4.219568800181150E-004,
2.483866666666667E+009,1.216312055476010E-003,2.221179747721180E-004,1.386661664582789E-003,2.666964719537646E-004,
2.483900000000000E+009,1.406529918313026E-003,4.081315128132701E-004,1.283422927372158E-003,3.296216600574553E-004,
2.483933333333334E+009,1.305116922594607E-003,3.379562986083329E-004,1.281461562030017E-003,3.139644395560026E-004,
2.483966666666667E+009,1.306887017562985E-003,3.978415043093264E-004,1.216713688336313E-003,3.167459217365831E-004,
2.484000000000000E+009,1.405140967108309E-003,5.143026355654001E-004,1.462126965634525E-003,4.009590775240213E-004,
2.484033333333334E+009,1.456174533814192E-003,5.911667831242085E-004,1.492979354225099E-003,4.403712810017169E-004,
2.484066666666667E+009,1.351302606053650E-003,4.537557542789727E-004,1.581383636221290E-003,2.784196112770587E-004,
2.484100000000000E+009,1.398552907630801E-003,4.515540495049208E-004,1.498091616667807E-003,2.129213244188577E-004,
2.484133333333334E+009,1.385584706440568E-003,4.575474013108760E-004,1.431161770597100E-003,4.790354578290135E-004,
2.484166666666667E+009,1.384390983730555E-003,4.536701599135995E-004,1.471500378102064E-003,4.406468651723117E-004,
2.484200000000000E+009,1.477308687753975E-003,3.206582332495600E-004,1.519323210231960E-003,3.385377931408584E-004,
2.484233333333334E+009,1.446718466468155E-003,3.299237287137657E-004,1.308922772295773E-003,2.006095892284066E-004,
2.484266666666667E+009,1.508685527369380E-003,3.984942741226405E-004,1.509084948338568E-003,3.037244605366141E-004,
2.484300000000000E+009,1.587244332768023E-003,3.438751737121493E-004,1.441392581909895E-003,3.514869895298034E-004,
2.484333333333334E+009,1.547987572848797E-003,1.679835550021380E-004,1.559744938276708E-003,1.798686716938391E-004,
2.484366666666667E+009,1.506203436292708E-003,2.872471231967211E-004,1.598985749296844E-003,2.023049164563417E-004,
2.484400000000000E+009,1.447704853489995E-003,1.892909058369696E-004,1.668423996306956E-003,1.773410476744175E-004,
2.484433333333334E+009,1.555806957185268E-003,1.627191231818870E-004,1.643531257286668E-003,1.730330259306356E-004,
2.484466666666667E+009,1.574434340000153E-003,1.729181822156534E-004,1.675060251727700E-003,1.706397597445175E-004,
2.484500000000000E+009,1.643074443563819E-003,4.243599323672243E-005,1.614032429642975E-003,1.244537270395085E-004,
2.484533333333334E+009,1.617414178326726E-003,2.271013072459027E-004,1.595532405190170E-003,2.121535508194938E-004,
2.484566666666667E+009,1.627461286261678E-003,-5.232692637946457E-005,1.610297476872802E-003,1.569782762089744E-004,
2.484600000000000E+009,1.649570651352406E-003,1.429489930160344E-004,1.511697191745043E-003,-2.715417213039473E-005,
2.484633333333334E+009,1.718358835205436E-003,8.613934915047139E-005,1.648893347010016E-003,1.599820388946682E-004,
2.484666666666667E+009,1.644817413762212E-003,8.085322042461485E-005,1.725915353745222E-003,-3.280270175309852E-005,
2.484700000000000E+009,1.728754257783294E-003,8.431880996795371E-005,1.836453797295690E-003,6.579404725925997E-005,
2.484733333333334E+009,1.760641811415553E-003,3.196046600351110E-005,1.789325033314526E-003,5.078140020486899E-005,
2.484766666666667E+009,1.654945313930512E-003,-6.648000635323115E-006,1.826627762056887E-003,2.512585342628881E-005,
2.484800000000000E+009,1.776790246367455E-003,1.574348789290525E-005,1.811263035051525E-003,1.248619373654947E-004,
2.484833333333334E+009,1.686820527538657E-003,7.283211016329005E-005,1.848502201028168E-003,1.311643791268580E-005,
2.484866666666667E+009,1.725990790873766E-003,-1.297643939324189E-005,1.665207906626165E-003,1.186977970064618E-004,
2.484900000000000E+009,1.701118308119476E-003,8.911493205232546E-005,1.774571021087468E-003,4.757886927109212E-005,
2.484933333333334E+009,1.743714790791273E-003,8.710479596629739E-005,1.708188676275313E-003,1.366664364468306E-004,
2.484966666666667E+009,1.923825475387275E-003,-7.739488501101732E-005,1.851186272688210E-003,-2.419104930595495E-005,
2.485000000000000E+009,1.801553182303906E-003,1.298393817705801E-005,1.740712439641357E-003,-9.839626727625728E-005,
2.485033333333334E+009,1.935022417455912E-003,5.216261342866346E-005,1.825313665904105E-003,-2.538337503210641E-005,
2.485066666666667E+009,1.841541961766779E-003,5.269021494314075E-005,1.876697991974652E-003,-8.856006752466783E-005,
2.485100000000000E+009,1.771441660821438E-003,2.183867763960734E-005,1.772416406311095E-003,-1.034011893352727E-005,
2.485133333333334E+009,1.808254513889551E-003,-1.768539368640631E-005,1.798601704649627E-003,-2.267496165586636E-004,
2.485166666666667E+009,1.752346754074097E-003,-7.468595867976546E-005,1.852441462688148E-003,-7.291206566151232E-005,
2.485200000000000E+009,1.826568273827434E-003,-6.494604167528451E-005,1.934066996909678E-003,-4.304791946196929E-005,
2.485233333333334E+009,1.731142168864608E-003,-1.526937994640321E-004,1.762537402100861E-003,-1.435465965187177E-004,
2.485266666666667E+009,1.949893776327372E-003,-3.024915167770814E-005,1.862452132627368E-003,-2.698117168620229E-004,
2.485300000000000E+009,1.757937716320157E-003,-1.028113620122895E-004,1.753566320985556E-003,-1.173638083855622E-004,
2.485333333333334E+009,1.900325878523290E-003,-1.258561096619815E-004,1.843196805566549E-003,-9.048916399478912E-005,
2.485366666666667E+009,1.821087673306465E-003,4.458476905710995E-005,1.923020347021520E-003,-1.412826804880751E-005,
2.485400000000000E+009,1.808266621083021E-003,-6.924136687302962E-005,1.712884055450559E-003,-1.838673924794421E-004,
2.485433333333334E+009,1.804303610697389E-003,-1.322455791523680E-004,1.789704547263682E-003,-1.069562858901918E-004,
2.485466666666667E+009,1.878188690170646E-003,-8.172410889528692E-005,1.801863196305931E-003,-1.225865853484720E-004,
2.485500000000000E+009,1.751736388541758E-003,-2.814203071466181E-005,1.795934280380607E-003,-1.720301952445880E-004,
2.485533333333334E+009,1.850318163633347E-003,-4.749384243041277E-005,1.883330056443811E-003,-6.723327533109114E-005,
2.485566666666667E+009,1.788613735698164E-003,-1.138599400292151E-004,1.787576940841973E-003,-3.117782034678385E-005,
2.485600000000000E+009,1.765991910360754E-003,-1.548482832731679E-004,1.924001029692590E-003,9.088699880521745E-005,
2.485633333333334E+009,1.898396527394652E-003,-1.045937751769088E-004,1.945617492310703E-003,-1.830768305808306E-004,
2.485666666666667E+009,1.844835933297873E-003,-7.836140139261261E-005,1.985267736017704E-003,-1.130447635659948E-004,
2.485700000000000E+009,1.927061704918742E-003,-1.632250787224621E-004,1.971949357539415E-003,-1.011653948808089E-004,
2.485733333333334E+009,1.954825362190604E-003,-9.288557339459658E-005,1.873902510851622E-003,-1.762219180818647E-004,
2.485766666666667E+009,2.019339241087437E-003,-2.168064384022728E-004,1.790250302292407E-003,-1.129493975895457E-004,
2.485800000000000E+009,1.810093177482486E-003,-1.509694411652163E-004,1.798819750547409E-003,-2.428150473861024E-004,
2.485833333333334E+009,1.925191143527627E-003,-1.684807066339999E-004,1.847295323386788E-003,-2.051831252174452E-004,
2.485866666666667E+009,1.862662145867944E-003,-3.736188518814743E-004,1.808880595490336E-003,-3.053194086533040E-004,
2.485900000000000E+009,1.861706143245101E-003,-3.578642790671438E-004,1.891215215437114E-003,-3.206937690265477E-004,
2.485933333333334E+009,1.987535506486893E-003,-2.791982551570982E-004,2.005227841436863E-003,-3.428612835705280E-004,
2.485966666666667E+009,1.868543215095997E-003,-4.520701477304101E-004,1.917917514219880E-003,-2.898543607443571E-004,
2.486000000000000E+009,1.936916145496070E-003,-3.859600692521781E-004,1.823347876779735E-003,-4.435826267581433E-004,
2.486033333333334E+009,1.947476877830923E-003,-5.316735478118062E-004,1.937924767844379E-003,-4.530074074864388E-004,
2.486066666666667E+009,1.944081741385162E-003,-3.848484775517136E-004,1.948442542925477E-003,-4.255870298948139E-004,
2.486100000000000E+009,1.913749263621867E-003,-4.579086380545050E-004,2.011201577261090E-003,-4.875723388977349E-004,
2.486133333333334E+009,1.961576985195279E-003,-4.015524173155427E-004,1.867114217020571E-003,-4.058192134834826E-004,
2.486166666666667E+009,1.969618024304509E-003,-5.236192373558879E-004,2.021804684773088E-003,-5.945361335761845E-004,
2.486200000000000E+009,2.089811023324728E-003,-5.623540491797030E-004,1.938108238391578E-003,-4.766280180774629E-004,
2.486233333333334E+009,2.014580182731152E-003,-7.553537725470960E-004,1.953440718352795E-003,-5.667360965162516E-004,
2.486266666666667E+009,1.970886951312423E-003,-6.012466037645936E-004,2.094311872497201E-003,-5.074430955573916E-004,
2.486300000000000E+009,1.940932706929743E-003,-5.752432625740767E-004,1.958561595529318E-003,-4.340506566222757E-004,
2.486333333333334E+009,1.999071799218655E-003,-4.693405353464186E-004,1.996668754145503E-003,-6.561333429999650E-004,
2.486366666666667E+009,2.090537687763572E-003,-5.264434148557484E-004,1.913807354867458E-003,-6.341940024867654E-004,
2.486400000000000E+009,2.092510461807251E-003,-5.928531172685325E-004,2.037186874076724E-003,-6.139506003819406E-004,
2.486433333333334E+009,2.040484454482794E-003,-7.005613297224045E-004,1.923928735777736E-003,-6.630431744270027E-004,
2.486466666666667E+009,1.893268316052854E-003,-6.419863784685731E-004,2.108193235471845E-003,-6.469317013397813E-004,
2.486500000000000E+009,1.941547263413668E-003,-6.646519177593291E-004,2.064539119601250E-003,-7.209012401290238E-004,
2.486533333333334E+009,2.100112149491906E-003,-6.069478695280850E-004,2.060071798041463E-003,-5.852520116604865E-004,
2.486566666666667E+009,2.037534723058343E-003,-7.605190621688962E-004,1.979398773983121E-003,-6.781325209885836E-004,
2.486600000000000E+009,2.114133909344673E-003,-6.299932138063014E-004,2.067513996735215E-003,-8.588471682742238E-004,
2.486633333333334E+009,1.892284140922129E-003,-7.832679548300803E-004,2.028988907113671E-003,-6.926822243258357E-004,
2.486666666666667E+009,2.049775328487158E-003,-7.501091458834708E-004,2.180453855544329E-003,-8.562786970287561E-004,
2.486700000000000E+009,2.002996159717441E-003,-7.730339420959353E-004,2.059314167127013E-003,-7.634839275851846E-004,
2.486733333333334E+009,1.943990355357528E-003,-7.633135537616909E-004,2.100035082548857E-003,-6.273502367548645E-004,
2.486766666666667E+009,1.925713033415377E-003,-7.770942174829543E-004,2.015423960983753E-003,-6.922773318365216E-004,
2.486800000000000E+009,1.856503891758621E-003,-8.278997847810388E-004,2.036887453868985E-003,-8.570968057028949E-004,
2.486833333333334E+009,1.873624627478421E-003,-8.286022930406034E-004,1.979400869458914E-003,-8.167569758370519E-004,
2.486866666666667E+009,1.828028587624431E-003,-6.960166501812637E-004,1.906611025333405E-003,-8.904124260880053E-004,
2.486900000000000E+009,1.961454283446074E-003,-7.408013334497809E-004,1.962170703336597E-003,-8.825548575259745E-004,
2.486933333333334E+009,1.856364193372428E-003,-8.800863870419562E-004,2.015575766563416E-003,-9.169142576865852E-004,
2.486966666666667E+009,1.898173592053354E-003,-7.768475334160030E-004,1.987888943403959E-003,-8.286192896775901E-004,
2.487000000000000E+009,1.871215878054500E-003,-8.719234610907733E-004,2.008632523939014E-003,-9.092590771615505E-004,
2.487033333333334E+009,1.930650905705988E-003,-7.151141180656850E-004,2.020313171669841E-003,-8.216855931095779E-004,
2.487066666666667E+009,1.954092644155026E-003,-8.780791540630162E-004,1.971487421542406E-003,-7.696012617088854E-004,
2.487100000000000E+009,1.962038222700357E-003,-7.868795655667782E-004,2.025950700044632E-003,-6.795438239350915E-004,
2.487133333333334E+009,1.991858705878258E-003,-8.205946069210768E-004,1.969319302588701E-003,-8.799261995591223E-004,
2.487166666666667E+009,2.115657087415457E-003,-8.426852291449904E-004,2.087254542857409E-003,-7.240459672175348E-004,
2.487200000000000E+009,2.046057721599937E-003,-7.449491531588137E-004,2.045675180852413E-003,-7.820524624548852E-004,
2.487233333333334E+009,2.009123796597123E-003,-8.353714365512133E-004,1.950068515725434E-003,-8.323484216816723E-004,
2.487266666666667E+009,1.980973407626152E-003,-8.745528175495565E-004,1.995042664930224E-003,-8.159865392372012E-004,
2.487300000000000E+009,1.986179966479540E-003,-9.240137296728790E-004,2.030689502134919E-003,-9.491498931311071E-004,
2.487333333333334E+009,2.043589716777206E-003,-8.935494115576148E-004,1.976748462766409E-003,-8.388870046474040E-004,
2.487366666666667E+009,2.071063965559006E-003,-9.113185224123299E-004,2.170020248740912E-003,-9.658323833718896E-004,
2.487400000000000E+009,1.977246021851897E-003,-1.088013057596982E-003,2.100550103932619E-003,-1.020962256006897E-003,
2.487433333333334E+009,1.999087631702423E-003,-1.081133377738297E-003,1.925985678099096E-003,-1.022265525534749E-003,
2.487466666666667E+009,1.857009134255350E-003,-9.545208304189146E-004,1.902749645523727E-003,-9.475795668549836E-004,
2.487500000000000E+009,2.054189331829548E-003,-1.042685005813837E-003,2.032596617937088E-003,-1.046999124810100E-003,
2.487533333333334E+009,1.851276028901339E-003,-9.120792965404689E-004,1.962417038157582E-003,-1.142105669714510E-003,
2.487566666666667E+009,1.975741004571319E-003,-1.028571045026183E-003,1.989104785025120E-003,-1.136945793405175E-003,
2.487600000000000E+009,2.009895397350192E-003,-1.074507366865873E-003,2.031076932325959E-003,-1.026399200782180E-003,
2.487633333333334E+009,1.971588237211108E-003,-1.104722148738802E-003,2.023819833993912E-003,-1.159910229034722E-003,
2.487666666666667E+009,1.862956210970879E-003,-1.292677363380790E-003,2.036496764048934E-003,-1.189529895782471E-003,
2.487700000000000E+009,2.013130346313119E-003,-1.201249891892076E-003,1.868261373601854E-003,-1.164846355095506E-003,
2.487733333333334E+009,1.868570689111948E-003,-1.089750439859927E-003,1.967595657333732E-003,-1.152153010480106E-003,
2.487766666666667E+009,1.821547164581716E-003,-1.268414198420942E-003,2.088469918817282E-003,-1.091088401153684E-003,
2.487800000000000E+009,1.910252845846117E-003,-1.269955770112574E-003,1.976581756025553E-003,-1.242218539118767E-003,
2.487833333333334E+009,1.974506303668022E-003,-1.262736157514155E-003,2.035627374425530E-003,-1.225879299454391E-003,
2.487866666666667E+009,2.003294648602605E-003,-1.294914633035660E-003,1.863909652456641E-003,-1.253861235454679E-003,
2.487900000000000E+009,2.083630301058292E-003,-1.296961563639343E-003,1.922254683449864E-003,-1.336014363914728E-003,
2.487933333333334E+009,1.950440811924636E-003,-1.092581776902080E-003,1.948512042872608E-003,-1.347417011857033E-003,
2.487966666666667E+009,1.973421312868595E-003,-1.272920286282897E-003,1.919977366924286E-003,-1.370766782201827E-003,
2.488000000000000E+009,1.893721171654761E-003,-1.149711431935430E-003,2.074433024972677E-003,-1.230566529557109E-003,
2.488033333333334E+009,1.865479163825512E-003,-1.358210691250861E-003,1.860058400779963E-003,-1.411106786690652E-003,
2.488066666666667E+009,1.946371165104210E-003,-1.385706709697843E-003,1.909421524032950E-003,-1.385346404276788E-003,
2.488100000000000E+009,1.991566270589829E-003,-1.297461683861911E-003,2.018579514697194E-003,-1.368317636661232E-003,
2.488133333333334E+009,1.911088358610869E-003,-1.329886377789080E-003,1.925069140270352E-003,-1.425328431650996E-003,
2.488166666666667E+009,1.968248048797250E-003,-1.220913603901863E-003,1.971373567357659E-003,-1.391202909871936E-003,
2.488200000000000E+009,1.767941168509424E-003,-1.413581427186728E-003,1.895062741823494E-003,-1.392594887875021E-003,
2.488233333333334E+009,1.797880977392197E-003,-1.393255195580423E-003,1.945950440131128E-003,-1.414472702890635E-003,
2.488266666666667E+009,1.954095438122749E-003,-1.432514283806086E-003,1.969251548871398E-003,-1.366295269690454E-003,
2.488300000000000E+009,1.891247695311904E-003,-1.522280042991042E-003,1.968014519661665E-003,-1.417944324202836E-003,
2.488333333333334E+009,2.064424101263285E-003,-1.485300832428038E-003,1.899072201922536E-003,-1.382433110848069E-003,
2.488366666666667E+009,1.892847009003162E-003,-1.335943001322448E-003,2.004979411140084E-003,-1.426696195267141E-003,
2.488400000000000E+009,1.777914236299694E-003,-1.381220528855920E-003,1.931003993377090E-003,-1.377356937155128E-003,
2.488433333333334E+009,1.905458164401352E-003,-1.381182926706970E-003,1.902474090456963E-003,-1.505650347098708E-003,
2.488466666666667E+009,1.896476256661117E-003,-1.545733073726296E-003,1.855417969636619E-003,-1.456601312384009E-003,
2.488500000000000E+009,1.890523359179497E-003,-1.455270568840206E-003,1.870965352281928E-003,-1.346159726381302E-003,
2.488533333333334E+009,1.886996091343463E-003,-1.539727323688567E-003,1.702857902273536E-003,-1.425753580406308E-003,
2.488566666666667E+009,1.900781178846955E-003,-1.446948270313442E-003,1.967986812815070E-003,-1.373678445816040E-003,
2.488600000000000E+009,1.793572213500738E-003,-1.409478485584259E-003,1.892784493975341E-003,-1.563720987178385E-003,
2.488633333333334E+009,1.889567938633263E-003,-1.417492167092860E-003,1.839666394516826E-003,-1.486665569245815E-003,
2.488666666666667E+009,1.892586355097592E-003,-1.351330894976854E-003,1.874161185696721E-003,-1.322753145359457E-003,
2.488700000000000E+009,1.940019777975977E-003,-1.398784806951881E-003,1.996525097638369E-003,-1.387314172461629E-003,
2.488733333333334E+009,1.892995322123170E-003,-1.284348778426647E-003,1.997925806790590E-003,-1.558972289785743E-003,
2.488766666666667E+009,1.962435431778431E-003,-1.298782532103360E-003,2.123370068147779E-003,-1.514878356829286E-003,
2.488800000000000E+009,1.905190758407116E-003,-1.489870017394424E-003,2.023447770625353E-003,-1.474112737923861E-003,
2.488833333333334E+009,2.054273383691907E-003,-1.602788106538355E-003,1.916428096592426E-003,-1.334892469458282E-003,
2.488866666666667E+009,1.849504071287811E-003,-1.506342901848257E-003,2.025792840868235E-003,-1.377446693368256E-003,
2.488900000000000E+009,1.913342741318047E-003,-1.544383121654391E-003,2.022529020905495E-003,-1.421518158167601E-003,
2.488933333333334E+009,1.909132464788854E-003,-1.505061751231551E-003,1.968174707144499E-003,-1.434786594472826E-003,
2.488966666666667E+009,1.915087224915624E-003,-1.524765742942691E-003,1.850684639066458E-003,-1.493081566877663E-003,
2.489000000000000E+009,1.925165648572147E-003,-1.421266584657133E-003,1.766732893884182E-003,-1.526367268525064E-003,
2.489033333333334E+009,1.795578864403069E-003,-1.435546786524355E-003,1.891042222268879E-003,-1.577623886987567E-003,
2.489066666666667E+009,1.789258676581085E-003,-1.631258637644351E-003,1.714468002319336E-003,-1.593043212778866E-003,
2.489100000000000E+009,1.796508091501892E-003,-1.608274760656059E-003,1.824333681724966E-003,-1.659316592849791E-003,
2.489133333333334E+009,1.730909454636276E-003,-1.659249537624419E-003,1.699824002571404E-003,-1.712238299660385E-003,
2.489166666666667E+009,1.732742646709085E-003,-1.575313857756555E-003,1.741885906085372E-003,-1.648169825784862E-003,
2.489200000000000E+009,1.870218664407730E-003,-1.673600752837956E-003,1.807859865948558E-003,-1.643750583752990E-003,
2.489233333333334E+009,1.625699922442436E-003,-1.676501356996596E-003,1.736188889481127E-003,-1.818504999391735E-003,
2.489266666666667E+009,1.827191328629851E-003,-1.662630587816238E-003,1.764695858582854E-003,-1.831562491133809E-003,
2.489300000000000E+009,1.687448588199914E-003,-1.819476019591093E-003,1.772917341440916E-003,-1.634870655834675E-003,
2.489333333333334E+009,1.803044811822474E-003,-1.846391707658768E-003,1.810077927075326E-003,-1.698739361017942E-003,
2.489366666666667E+009,1.828665612265468E-003,-1.776967896148562E-003,1.746504334732890E-003,-1.825089217163622E-003,
2.489400000000000E+009,1.696131774224341E-003,-1.781682600267232E-003,1.845600549131632E-003,-1.808991190046072E-003,
2.489433333333334E+009,1.803902327083051E-003,-1.827023457735777E-003,1.873492263257504E-003,-1.787641551345587E-003,
2.489466666666667E+009,1.775021315552294E-003,-1.786087639629841E-003,1.742923865094781E-003,-1.785802887752652E-003,
2.489500000000000E+009,1.698176958598197E-003,-1.871920190751553E-003,1.712748664431274E-003,-1.869241124950349E-003,
2.489533333333334E+009,1.756985555402935E-003,-1.778154051862657E-003,1.777029596269131E-003,-1.882985699921846E-003,
2.489566666666667E+009,1.734414952807128E-003,-1.938029308803380E-003,1.760680461302400E-003,-1.921357004903257E-003,
2.489600000000000E+009,1.726071117445827E-003,-1.983052352443337E-003,1.756448880769312E-003,-1.897593028843403E-003,
2.489633333333334E+009,1.698826905339956E-003,-1.834502560086548E-003,1.707870396785438E-003,-1.927911653183401E-003,
2.489666666666667E+009,1.537044416181743E-003,-1.948757795616984E-003,1.739478902891278E-003,-2.021804684773088E-003,
2.489700000000000E+009,1.667907112278044E-003,-1.764672109857202E-003,1.664125826209784E-003,-1.911646220833063E-003,
2.489733333333334E+009,1.767449080944061E-003,-1.972527708858252E-003,1.762126339599490E-003,-1.843569218181074E-003,
2.489766666666667E+009,1.712185563519597E-003,-1.898703631013632E-003,1.664521871134639E-003,-2.012170618399978E-003,
2.489800000000000E+009,1.748625654727221E-003,-1.876301481388509E-003,1.700514811091125E-003,-2.082614228129387E-003,
2.489833333333334E+009,1.791707240045071E-003,-1.820130273699760E-003,1.821348210796714E-003,-1.894293352961540E-003,
2.489866666666667E+009,1.742378692142665E-003,-1.985608134418726E-003,1.707711955532432E-003,-1.890627434477210E-003,
2.489900000000000E+009,1.673912396654487E-003,-1.823132159188390E-003,1.760042854584754E-003,-2.022968372330070E-003,
2.489933333333334E+009,1.753062009811401E-003,-1.892246888019145E-003,1.754193566739559E-003,-1.900707255117595E-003,
2.489966666666667E+009,1.609020517207682E-003,-2.019359963014722E-003,1.643008319661021E-003,-1.825409359298647E-003,
2.490000000000000E+009,1.699829939752817E-003,-2.075184136629105E-003,1.639508409425616E-003,-1.952951774001122E-003,
2.490033333333334E+009,1.596634625457227E-003,-1.869821804575622E-003,1.733018900267780E-003,-1.929405727423728E-003,
2.490066666666667E+009,1.536043244414032E-003,-2.075534313917160E-003,1.672851038165391E-003,-1.973136560991406E-003,
2.490100000000000E+009,1.676464220508933E-003,-2.044536639004946E-003,1.751665840856731E-003,-2.060520695522428E-003,
2.490133333333334E+009,1.649139681831002E-003,-1.851190696470439E-003,1.874364912509918E-003,-2.010311000049114E-003,
2.490166666666667E+009,1.747324713505805E-003,-1.933804247528315E-003,1.646890887059271E-003,-2.000732813030481E-003,
2.490200000000000E+009,1.607095822691917E-003,-1.915687695145607E-003,1.710191601887345E-003,-1.985687529668212E-003,
2.490233333333334E+009,1.640253467485309E-003,-1.917581888847053E-003,1.724992995150387E-003,-2.018749713897705E-003,
2.490266666666667E+009,1.768121263012290E-003,-1.906270277686417E-003,1.858705305494368E-003,-2.051314339041710E-003,
2.490300000000000E+009,1.776775927282870E-003,-1.990287331864238E-003,1.967382617294788E-003,-1.987629104405642E-003,
2.490333333333334E+009,1.930914702825248E-003,-1.905906014144421E-003,1.850612112320960E-003,-1.928472076542676E-003,
2.490366666666667E+009,1.659539178945124E-003,-2.173234010115266E-003,1.842077588662505E-003,-2.051397226750851E-003,
2.490400000000000E+009,1.783631974831224E-003,-2.054637530818582E-003,1.710400101728737E-003,-2.211425686255097E-003,
2.490433333333334E+009,1.749582123011351E-003,-2.196684479713440E-003,1.963572343811393E-003,-2.129302127286792E-003,
2.490466666666667E+009,1.766078989021480E-003,-1.975219463929534E-003,1.748072332702577E-003,-2.012482378631830E-003,
2.490500000000000E+009,1.754928380250931E-003,-2.014956204220653E-003,1.748752896673977E-003,-2.257859800010920E-003,
2.490533333333334E+009,1.665330026298761E-003,-2.062837593257427E-003,1.708714175038040E-003,-2.174797467887402E-003,
2.490566666666667E+009,1.684978371486068E-003,-2.075510332360864E-003,1.811960246413946E-003,-2.183493925258517E-003,
2.490600000000000E+009,1.634716056287289E-003,-2.119826618582010E-003,1.635040272958577E-003,-2.171394880861044E-003,
2.490633333333334E+009,1.634108368307352E-003,-2.241124166175723E-003,1.650011749006808E-003,-2.096745651215315E-003,
2.490666666666667E+009,1.723917201161385E-003,-2.159066498279572E-003,1.586685655638576E-003,-2.209528582170606E-003,
2.490700000000000E+009,1.465113135054708E-003,-2.309021074324846E-003,1.715710735879839E-003,-2.088736742734909E-003,
2.490733333333334E+009,1.537948264740408E-003,-1.986557850614190E-003,1.609557541087270E-003,-2.300373744219542E-003,
2.490766666666667E+009,1.484250999055803E-003,-2.222876297309995E-003,1.682300819084048E-003,-2.179913688451052E-003,
2.490800000000000E+009,1.578009338118136E-003,-2.186157973483205E-003,1.688236603513360E-003,-2.240956528112292E-003,
2.490833333333334E+009,1.525171916000545E-003,-2.283990383148193E-003,1.767276204191148E-003,-2.334600081667304E-003,
2.490866666666667E+009,1.612746040336788E-003,-2.278890926390886E-003,1.491185626946390E-003,-2.349110785871744E-003,
2.490900000000000E+009,1.407507807016373E-003,-2.352116163820028E-003,1.626734621822834E-003,-2.272220794111490E-003,
2.490933333333334E+009,1.546007697470486E-003,-2.337093930691481E-003,1.541682868264616E-003,-2.355682430788875E-003,
2.490966666666667E+009,1.576610724441707E-003,-2.307437825948000E-003,1.581664662808180E-003,-2.422176068648696E-003,
2.491000000000000E+009,1.491261995397508E-003,-2.406888175755739E-003,1.549699809402227E-003,-2.374056028202176E-003,
2.491033333333334E+009,1.494442927651107E-003,-2.392419613897800E-003,1.661559217609465E-003,-2.395701361820102E-003,
2.491066666666667E+009,1.494480413384736E-003,-2.282304456457496E-003,1.560829230584204E-003,-2.427127212285996E-003,
2.491100000000000E+009,1.472530537284911E-003,-2.397764008492231E-003,1.534537295810878E-003,-2.426892053335905E-003,
2.491133333333334E+009,1.554812537506223E-003,-2.291229087859392E-003,1.452260767109692E-003,-2.455818699672818E-003,
2.491166666666667E+009,1.491155591793358E-003,-2.502150367945433E-003,1.592547981999815E-003,-2.338568679988384E-003,
2.491200000000000E+009,1.608804333955050E-003,-2.491259481757879E-003,1.709974487312138E-003,-2.454833826050162E-003,
2.491233333333334E+009,1.478877966292203E-003,-2.437203191220760E-003,1.425712951458991E-003,-2.501565730199218E-003,
2.491266666666667E+009,1.440992346033454E-003,-2.378543606027961E-003,1.325406483374536E-003,-2.575157443061471E-003,
2.491300000000000E+009,1.494199619628489E-003,-2.521893009543419E-003,1.477506710216403E-003,-2.464355202391744E-003,
2.491333333333334E+009,1.399205182678998E-003,-2.435231115669012E-003,1.305380603298545E-003,-2.586297225207090E-003,
2.491366666666667E+009,1.406772178597748E-003,-2.400038996711373E-003,1.517430995590985E-003,-2.431229222565889E-003,
2.491400000000000E+009,1.452016178518534E-003,-2.529855584725738E-003,1.480243052355945E-003,-2.463810844346881E-003,
2.491433333333334E+009,1.435232814401388E-003,-2.356737619265914E-003,1.411512377671897E-003,-2.621963154524565E-003,
2.491466666666667E+009,1.370487734675407E-003,-2.587324474006891E-003,1.388795557431877E-003,-2.469476079568267E-003,
2.491500000000000E+009,1.327756210230291E-003,-2.548026852309704E-003,1.434537931345403E-003,-2.446841681376100E-003,
2.491533333333334E+009,1.343058422207832E-003,-2.422934863716364E-003,1.414623460732400E-003,-2.483478281646967E-003,
2.491566666666667E+009,1.350890495814383E-003,-2.484251977875829E-003,1.372316153720021E-003,-2.432091161608696E-003,
2.491600000000000E+009,1.413044403307140E-003,-2.378229051828384E-003,1.494240364991128E-003,-2.477367874234915E-003,
2.491633333333334E+009,1.474042539484799E-003,-2.524396870285273E-003,1.512023271061480E-003,-2.548331161960959E-003,
2.491666666666667E+009,1.395694329403341E-003,-2.406247425824404E-003,1.362875453196466E-003,-2.511903177946806E-003,
2.491700000000000E+009,1.490864087827504E-003,-2.637302270159125E-003,1.380441128276289E-003,-2.610285766422749E-003,
2.491733333333334E+009,1.502426108345389E-003,-2.545353025197983E-003,1.367482240311801E-003,-2.520300215110183E-003,
2.491766666666667E+009,1.403322326950729E-003,-2.685232553631067E-003,1.549289678223431E-003,-2.557442756369710E-003,
2.491800000000000E+009,1.623541931621730E-003,-2.474934794008732E-003,1.439175219275057E-003,-2.480245893821120E-003,
2.491833333333334E+009,1.510410103946924E-003,-2.567844698205590E-003,1.535476301796734E-003,-2.611409639939666E-003,
2.491866666666667E+009,1.570482854731381E-003,-2.570052165538073E-003,1.601123716682196E-003,-2.486621728166938E-003,
2.491900000000000E+009,1.540246186777949E-003,-2.696147887036204E-003,1.711503369733691E-003,-2.760836388915777E-003,
2.491933333333334E+009,1.502649858593941E-003,-2.599156461656094E-003,1.540928846225143E-003,-2.795141423121095E-003,
2.491966666666667E+009,1.526702311821282E-003,-2.708540298044682E-003,1.501106191426516E-003,-2.729901112616062E-003,
2.492000000000000E+009,1.575209666043520E-003,-2.616322133690119E-003,1.465411158278585E-003,-2.745697507634759E-003,
2.492033333333334E+009,1.344271586276591E-003,-2.687643980607390E-003,1.452049124054611E-003,-2.649231348186731E-003,
2.492066666666667E+009,1.545466948300600E-003,-2.753348322585225E-003,1.534848241135478E-003,-2.721347613260150E-003,
2.492100000000000E+009,1.432333956472576E-003,-2.699017059057951E-003,1.390342949889600E-003,-2.685865387320519E-003,
2.492133333333334E+009,1.324178418144584E-003,-2.675332361832261E-003,1.475420780479908E-003,-2.626381814479828E-003,
2.492166666666667E+009,1.348487567156553E-003,-2.629197202622891E-003,1.276965253055096E-003,-2.774285851046443E-003,
2.492200000000000E+009,1.438883249647915E-003,-2.646804787218571E-003,1.332423533312976E-003,-2.565807895734906E-003,
2.492233333333334E+009,1.419741660356522E-003,-2.748020924627781E-003,1.325430697761476E-003,-2.733190311118960E-003,
2.492266666666667E+009,1.464839791879058E-003,-2.716667717322707E-003,1.342315692454577E-003,-2.813359489664435E-003,
2.492300000000000E+009,1.211289200000465E-003,-2.667930675670505E-003,1.436421647667885E-003,-2.680442528799176E-003,
2.492333333333334E+009,1.314882305450738E-003,-2.636718330904841E-003,1.289043808355928E-003,-2.773486310616136E-003,
2.492366666666667E+009,1.183074316941202E-003,-2.875202102586627E-003,1.167816924862564E-003,-2.839854452759028E-003,
2.492400000000000E+009,1.270141452550888E-003,-2.735386136919260E-003,1.286939484998584E-003,-2.836373867467046E-003,
2.492433333333334E+009,1.232823356986046E-003,-2.775153378024697E-003,1.183707616291940E-003,-2.837787149474025E-003,
2.492466666666667E+009,1.277881208807230E-003,-2.734807087108493E-003,1.250130240805447E-003,-2.921252977102995E-003,
2.492500000000000E+009,1.307755010202527E-003,-2.627637004479766E-003,1.218883669935167E-003,-2.854635240510106E-003,
2.492533333333334E+009,1.229851157404482E-003,-2.794113475829363E-003,1.195711898617446E-003,-2.925409702584148E-003,
2.492566666666667E+009,1.290724379941821E-003,-2.872539684176445E-003,1.138075254857540E-003,-2.834928454831243E-003,
2.492600000000000E+009,1.288558240048587E-003,-2.803654177114368E-003,1.281447825022042E-003,-2.900274703279138E-003,
2.492633333333334E+009,1.032566651701927E-003,-2.831560093909502E-003,1.236689276993275E-003,-2.808391349390149E-003,
2.492666666666667E+009,1.333371154032648E-003,-2.923065563663840E-003,1.233597984537482E-003,-2.983528422191739E-003,
2.492700000000000E+009,1.145192305557430E-003,-2.828211057931185E-003,1.247660140506923E-003,-2.932741073891521E-003,
2.492733333333334E+009,1.203418127261102E-003,-2.849181881174445E-003,1.038605812937021E-003,-2.942654304206371E-003,
2.492766666666667E+009,1.123897265642881E-003,-2.992141060531139E-003,1.113704638555646E-003,-2.992270048707724E-003,
2.492800000000000E+009,1.173169352114201E-003,-2.975583542138338E-003,1.137630897574127E-003,-3.029378829523921E-003,
2.492833333333334E+009,1.091845799237490E-003,-2.915521850809455E-003,1.059979316778481E-003,-3.006448503583670E-003,
2.492866666666667E+009,1.074377330951393E-003,-2.978643169626594E-003,1.018256298266351E-003,-3.007991472259164E-003,
2.492900000000000E+009,1.241496182046831E-003,-2.952359849587083E-003,1.073759864084423E-003,-2.983744721859694E-003,
2.492933333333334E+009,1.043393625877798E-003,-2.953796647489071E-003,1.077753608115017E-003,-2.979618497192860E-003,
2.492966666666667E+009,1.101383357308805E-003,-2.965022809803486E-003,9.631767752580345E-004,-2.863963833078742E-003,
2.493000000000000E+009,1.068402081727982E-003,-3.030173247680068E-003,1.153592020273209E-003,-2.975365845486522E-003,
2.493033333333334E+009,1.195754739455879E-003,-2.907631685957313E-003,1.031893421895802E-003,-3.108741017058492E-003,
2.493066666666667E+009,1.090404810383916E-003,-3.072997787967324E-003,9.768654126673937E-004,-3.110873512923718E-003,
2.493100000000000E+009,9.812186472117901E-004,-2.987750805914402E-003,1.067455043084920E-003,-3.062157658860087E-003,
2.493133333333334E+009,1.191871589981020E-003,-3.161434549838305E-003,1.009194878861308E-003,-3.203027416020632E-003,
2.493166666666667E+009,1.038203481584787E-003,-3.118323860689998E-003,9.937601862475276E-004,-3.032052423804998E-003,
2.493200000000000E+009,1.069395220838487E-003,-3.077925182878971E-003,1.028209109790623E-003,-3.107732394710183E-003,
2.493233333333334E+009,1.143186702392995E-003,-3.051033709198237E-003,1.018491107970476E-003,-3.039986826479435E-003,
2.493266666666667E+009,1.041196519508958E-003,-3.035990754142404E-003,1.043583848513663E-003,-3.023457713425160E-003,
2.493300000000000E+009,1.136874780058861E-003,-3.099366556853056E-003,1.050935708917677E-003,-3.028095001354814E-003,
2.493333333333334E+009,1.053920597769320E-003,-3.137269057333469E-003,1.193214440718293E-003,-3.140195505693555E-003,
2.493366666666667E+009,1.022990792989731E-003,-3.108036238700151E-003,1.068800338543952E-003,-3.063340671360493E-003,
2.493400000000000E+009,1.003567711450160E-003,-3.093817736953497E-003,1.153888879343867E-003,-3.234259784221649E-003,
2.493433333333334E+009,1.158931525424123E-003,-3.286216873675585E-003,1.212809933349490E-003,-3.163635730743408E-003,
2.493466666666667E+009,1.160419196821749E-003,-3.226920729503036E-003,1.228289678692818E-003,-3.246286185458303E-003,
2.493500000000000E+009,1.154258730821312E-003,-3.456220729276538E-003,1.045732176862657E-003,-3.214758588001132E-003,
2.493533333333334E+009,1.098389737308025E-003,-3.358446061611176E-003,9.978819871321321E-004,-3.359555732458830E-003,
2.493566666666667E+009,9.591852431185544E-004,-3.235428128391504E-003,1.104489783756435E-003,-3.404457122087479E-003,
2.493600000000000E+009,1.139827189035714E-003,-3.243707818910480E-003,1.004058285616338E-003,-3.294737543910742E-003,
2.493633333333334E+009,1.165148569270968E-003,-3.163333283737302E-003,1.123956870287657E-003,-3.284646896645427E-003,
2.493666666666667E+009,8.984706946648657E-004,-3.263288876041770E-003,1.015078159980476E-003,-3.321839263662696E-003,
2.493700000000000E+009,9.425155003555119E-004,-3.311699954792857E-003,9.539093007333577E-004,-3.156311810016632E-003,
2.493733333333334E+009,8.916261722333729E-004,-3.226121421903372E-003,9.740776731632650E-004,-3.307474078610539E-003,
2.493766666666667E+009,8.488523308187723E-004,-3.276428906247020E-003,1.082256785593927E-003,-3.276505973190069E-003,
2.493800000000000E+009,9.366774465888739E-004,-3.347625257447362E-003,9.431650978513062E-004,-3.328786231577396E-003,
2.493833333333334E+009,8.408348658122122E-004,-3.306816099211574E-003,8.404557593166828E-004,-3.277034033089876E-003,
2.493866666666667E+009,8.347511175088584E-004,-3.447636030614376E-003,8.227978833019733E-004,-3.343508811667562E-003,
2.493900000000000E+009,8.663135813549161E-004,-3.381606191396713E-003,8.997573168016970E-004,-3.282801713794470E-003,
2.493933333333334E+009,8.089411421678960E-004,-3.386434167623520E-003,8.289447869174182E-004,-3.464443376287818E-003,
2.493966666666667E+009,7.749481010250747E-004,-3.485865192487836E-003,7.736059487797320E-004,-3.223567502573133E-003,
2.494000000000000E+009,9.259210783056915E-004,-3.276688046753407E-003,9.060247102752328E-004,-3.398468019440770E-003,
2.494033333333334E+009,7.884502410888672E-004,-3.437923965975642E-003,7.606056751683354E-004,-3.397024935111404E-003,
2.494066666666667E+009,8.767393301241100E-004,-3.432312048971653E-003,8.965924498625100E-004,-3.377256216481328E-003,
2.494100000000000E+009,6.452887319028378E-004,-3.398805391043425E-003,7.297273841686547E-004,-3.331785323098302E-003,
2.494133333333334E+009,7.695981767028570E-004,-3.517662873491645E-003,7.209759787656367E-004,-3.436960512772203E-003,
2.494166666666667E+009,8.015455678105354E-004,-3.457816317677498E-003,7.326113991439343E-004,-3.494764212518930E-003,
2.494200000000000E+009,7.054973975755274E-004,-3.309728112071753E-003,9.165856172330678E-004,-3.383327741175890E-003,
2.494233333333334E+009,7.664114818908274E-004,-3.494610777124763E-003,7.328105275519192E-004,-3.419465385377407E-003,
2.494266666666667E+009,7.270133355632424E-004,-3.475349396467209E-003,7.949784630909562E-004,-3.365902695804834E-003,
2.494300000000000E+009,7.132980972528458E-004,-3.486694535240531E-003,7.853768765926361E-004,-3.420954337343574E-003,
2.494333333333334E+009,6.805966841056943E-004,-3.418674692511559E-003,6.886507035233080E-004,-3.544740378856659E-003,
2.494366666666667E+009,6.671849987469614E-004,-3.580642631277442E-003,7.617847295477986E-004,-3.532261354848743E-003,
2.494400000000000E+009,6.492696702480316E-004,-3.531171241775155E-003,6.726136780343950E-004,-3.582111094146967E-003,
2.494433333333334E+009,5.717769963666797E-004,-3.515821415930986E-003,7.091519073583186E-004,-3.493836382403970E-003,
2.494466666666667E+009,5.501679843291640E-004,-3.594671608880162E-003,5.961303832009435E-004,-3.475080011412501E-003,
2.494500000000000E+009,6.915577687323093E-004,-3.456061240285635E-003,6.798096001148224E-004,-3.450721269473434E-003,
2.494533333333334E+009,6.300352979451418E-004,-3.560533514246345E-003,5.311411805450916E-004,-3.607734572142363E-003,
2.494566666666667E+009,5.606162594631314E-004,-3.659364534541965E-003,4.976653144694865E-004,-3.653478808701038E-003,
2.494600000000000E+009,5.263285711407661E-004,-3.602967364713550E-003,5.506971501745284E-004,-3.636565757915378E-003,
2.494633333333334E+009,3.923812764696777E-004,-3.566922387108207E-003,5.391321028582752E-004,-3.530671820044518E-003,
2.494666666666667E+009,6.375759257934988E-004,-3.583413315936923E-003,4.915537429042161E-004,-3.765228437259793E-003,
2.494700000000000E+009,5.700431647710502E-004,-3.591057844460011E-003,4.491526051424444E-004,-3.561278106644750E-003,
2.494733333333334E+009,4.144134582020342E-004,-3.733276389539242E-003,5.077142850495875E-004,-3.721087938174605E-003,
2.494766666666667E+009,4.266183532308787E-004,-3.772120457142592E-003,4.054947930853814E-004,-3.605542471632361E-003,
2.494800000000000E+009,5.325790843926370E-004,-3.660461399704218E-003,6.520524038933218E-004,-3.655287669971585E-003,
2.494833333333334E+009,4.733004316221923E-004,-3.522309241816402E-003,6.234492757357657E-004,-3.660209942609072E-003,
2.494866666666667E+009,6.286265561357141E-004,-3.654281143099070E-003,4.919983330182731E-004,-3.687163349241018E-003,
2.494900000000000E+009,5.618475261144340E-004,-3.759924555197358E-003,3.987934614997357E-004,-3.737837774679065E-003,
2.494933333333334E+009,4.986419226042926E-004,-3.759742481634021E-003,6.348388269543648E-004,-3.723390167579055E-003,
2.494966666666667E+009,5.428083240985870E-004,-3.709904849529266E-003,5.801735678687692E-004,-3.785044886171818E-003,
2.495000000000000E+009,5.119498819112778E-004,-3.863685997202992E-003,5.436172359623015E-004,-3.796159056946635E-003,
2.495033333333334E+009,6.427479092963040E-004,-3.954547923058271E-003,3.991688136011362E-004,-3.869422012940049E-003,
2.495066666666667E+009,5.530557828024030E-004,-3.915783483535051E-003,3.259971854276955E-004,-3.953791223466396E-003,
2.495100000000000E+009,2.952659269794822E-004,-3.916029352694750E-003,4.628448514267802E-004,-3.962594550102949E-003,
2.495133333333334E+009,2.893498458433896E-004,-4.062660038471222E-003,4.104925610590726E-004,-3.881527576595545E-003,
2.495166666666667E+009,5.028722807765007E-004,-3.938558045774698E-003,2.914878132287413E-004,-3.985742572695017E-003,
2.495200000000000E+009,4.061391809955239E-004,-3.841653931885958E-003,4.641296691261232E-004,-3.879223251715303E-003,
2.495233333333334E+009,4.317683633416891E-004,-3.871761495247483E-003,4.275276151020080E-004,-3.918996080756187E-003,
2.495266666666667E+009,4.150086024310440E-004,-3.910398576408625E-003,3.121836925856769E-004,-4.035917110741139E-003,
2.495300000000000E+009,3.791638882830739E-004,-3.911838401108980E-003,4.268646589480341E-004,-3.937980625778437E-003,
2.495333333333334E+009,2.930617483798415E-004,-3.833852475509048E-003,3.201591607648879E-004,-3.884829580783844E-003,
2.495366666666667E+009,4.131100431550294E-004,-3.848317777737975E-003,3.097351582255215E-004,-3.962878137826920E-003,
2.495400000000000E+009,2.622956526465714E-004,-3.875541733577848E-003,1.874566951300949E-004,-3.953610546886921E-003,
2.495433333333334E+009,2.769222483038902E-004,-3.904643468558788E-003,1.999655942199752E-004,-3.993477672338486E-003,
2.495466666666667E+009,2.782731316983700E-004,-3.884777892380953E-003,2.669434761628509E-004,-3.980207722634077E-003,
2.495500000000000E+009,2.359679638175294E-004,-4.028898663818836E-003,2.353184390813112E-004,-4.028785042464733E-003,
2.495533333333334E+009,1.247517211595550E-004,-4.010505042970181E-003,2.518885303288698E-004,-3.941666334867477E-003,
2.495566666666667E+009,1.068242563633248E-004,-3.957135137170553E-003,1.846060476964340E-004,-3.959003370255232E-003,
2.495600000000000E+009,3.027588827535510E-004,-3.969842568039894E-003,1.297213602811098E-004,-3.940350841730833E-003,
2.495633333333334E+009,1.967883290490136E-004,-3.920666407793760E-003,1.776867284206674E-004,-4.031647928059101E-003,
2.495666666666667E+009,-6.646895144513110E-006,-4.052393604069948E-003,1.271005603484809E-004,-4.073389340192080E-003,
2.495700000000000E+009,1.287230988964438E-004,-4.090003203600645E-003,7.548796565970406E-005,-4.107808228582144E-003,
2.495733333333334E+009,-3.673514584079385E-005,-4.131618421524763E-003,7.709118654020131E-005,-4.058958496898413E-003,
2.495766666666667E+009,5.267911183182150E-005,-3.989755641669035E-003,1.935933250933886E-004,-4.129096865653992E-003,
2.495800000000000E+009,-9.413425141246989E-005,-4.029314965009689E-003,-9.613612201064825E-005,-4.095732700079680E-003,
2.495833333333334E+009,-1.226651511387900E-004,-4.051908850669861E-003,1.368521916447207E-004,-4.128073807805777E-003,
2.495866666666667E+009,-1.306418471358484E-005,-4.203759599477053E-003,-1.199961989186704E-004,-4.092920105904341E-003,
2.495900000000000E+009,-1.331534149358049E-004,-4.046752117574215E-003,4.092564631719142E-005,-4.029897972941399E-003,
2.495933333333334E+009,-4.012432327726856E-006,-4.093878436833620E-003,-2.611586241982877E-004,-4.105549771338701E-003,
2.495966666666667E+009,7.852328963053878E-006,-4.174096044152975E-003,-6.975634460104629E-005,-4.076326731592417E-003,
2.496000000000000E+009,-1.754062395775691E-004,-4.052505828440189E-003,-3.867472696583718E-005,-4.205464851111174E-003,
2.496033333333334E+009,-9.707937715575099E-005,-4.011387005448341E-003,-5.543481893255375E-005,-4.211004357784987E-003,
2.496066666666667E+009,-2.026428264798597E-004,-4.215116146951914E-003,-1.365320058539510E-004,-4.113422706723213E-003,
2.496100000000000E+009,-6.060938903829083E-005,-4.016360267996788E-003,-1.386980584356934E-004,-4.217966459691525E-003,
2.496133333333334E+009,-1.745810004649684E-004,-4.284702707082033E-003,-1.852248969953507E-004,-4.294003359973431E-003,
2.496166666666667E+009,-2.240998583147302E-004,-4.095293115824461E-003,-1.300632138736546E-004,-4.334096796810627E-003,
2.496200000000000E+009,-1.741885789670050E-004,-4.198628012090921E-003,-2.436077629681677E-004,-4.212291911244392E-003,
2.496233333333334E+009,-9.125634096562862E-005,-4.203460179269314E-003,-2.850657328963280E-004,-4.307689145207405E-003,
2.496266666666667E+009,-1.872712455224246E-004,-4.335527773946524E-003,-2.741770585998893E-004,-4.213045351207256E-003,
2.496300000000000E+009,-2.446815196890384E-004,-4.248082637786865E-003,-2.255639701616019E-004,-4.215321037918329E-003,
2.496333333333334E+009,-3.635291359387338E-004,-4.243796225637198E-003,-2.716761664487422E-004,-4.254525061696768E-003,
2.496366666666667E+009,-3.468861686997116E-004,-4.265650175511837E-003,-3.914567932952195E-004,-4.261415917426348E-003,
2.496400000000000E+009,-3.317475493531674E-004,-4.294131882488728E-003,-3.634332679212093E-004,-4.206486511975527E-003,
2.496433333333334E+009,-3.893245884682983E-004,-4.322587978094816E-003,-2.589915820863098E-004,-4.294716753065586E-003,
2.496466666666667E+009,-1.734044926706702E-004,-4.262369126081467E-003,-2.167893690057099E-004,-4.412113223224878E-003,
2.496500000000000E+009,-3.350628248881549E-004,-4.353814292699099E-003,-3.195414901711047E-004,-4.279643762856722E-003,
2.496533333333334E+009,-2.388638386037201E-004,-4.433639347553253E-003,-3.044120094273239E-004,-4.395687486976385E-003,
2.496566666666667E+009,-3.873435198329389E-004,-4.345070105046034E-003,-3.338690439704806E-004,-4.395073279738426E-003,
2.496600000000000E+009,-5.156014231033623E-004,-4.485445097088814E-003,-5.135033861733973E-004,-4.418131895363331E-003,
2.496633333333334E+009,-3.889770887326449E-004,-4.446690902113915E-003,-4.596082726493478E-004,-4.712850786745548E-003,
2.496666666666667E+009,-4.518199129961431E-004,-4.624600056558847E-003,-4.497813933994621E-004,-4.647337831556797E-003,
2.496700000000000E+009,-6.112494156695902E-004,-4.613932687789202E-003,-5.253671552054584E-004,-4.626791458576918E-003,
2.496733333333334E+009,-5.790757713839412E-004,-4.524624440819025E-003,-5.451748729683459E-004,-4.596983082592487E-003,
2.496766666666667E+009,-6.932636606507003E-004,-4.521155729889870E-003,-4.835207364521921E-004,-4.508147947490215E-003,
2.496800000000000E+009,-6.408922490663827E-004,-4.615095909684897E-003,-6.040867883712053E-004,-4.541889298707247E-003,
2.496833333333334E+009,-5.546707543544471E-004,-4.605866502970457E-003,-6.072577089071274E-004,-4.516149405390024E-003,
2.496866666666667E+009,-5.518415127880871E-004,-4.421203397214413E-003,-5.603581084869802E-004,-4.466634243726730E-003,
2.496900000000000E+009,-6.018506828695536E-004,-4.523252137005329E-003,-6.136525189504027E-004,-4.646396264433861E-003,
2.496933333333334E+009,-7.046966929920018E-004,-4.492188338190317E-003,-7.635232759639621E-004,-4.519776906818152E-003,
2.496966666666667E+009,-7.033857982605696E-004,-4.541019443422556E-003,-7.402481860481203E-004,-4.546455107629299E-003,
2.497000000000000E+009,-8.364668465219438E-004,-4.460788797587156E-003,-7.813983829692006E-004,-4.508396144956350E-003,
2.497033333333334E+009,-7.781150052323937E-004,-4.626283422112465E-003,-7.311555673368275E-004,-4.549832548946142E-003,
2.497066666666667E+009,-8.167109335772693E-004,-4.728195257484913E-003,-8.332813740707934E-004,-4.574340768158436E-003,
2.497100000000000E+009,-9.160136105492711E-004,-4.518457222729921E-003,-9.156170999631286E-004,-4.679549019783735E-003,
2.497133333333334E+009,-7.016895106062293E-004,-4.676714073866606E-003,-8.809753926470876E-004,-4.620924592018127E-003,
2.497166666666667E+009,-8.311902638524771E-004,-4.671396221965551E-003,-1.025293371640146E-003,-4.703746177256107E-003,
2.497200000000000E+009,-8.653009426780045E-004,-4.464180674403906E-003,-1.054738997481763E-003,-4.742486868053675E-003,
2.497233333333334E+009,-9.862220613285899E-004,-4.578228574246168E-003,-1.097821863368154E-003,-4.646751098334789E-003,
2.497266666666667E+009,-1.043242285959423E-003,-4.557705484330654E-003,-9.508578223176301E-004,-4.626588430255652E-003,
2.497300000000000E+009,-1.113319885917008E-003,-4.609263967722654E-003,-1.018731622025371E-003,-4.622017033398151E-003,
2.497333333333334E+009,-1.070304075255990E-003,-4.663266241550446E-003,-1.106980256736279E-003,-4.637846723198891E-003,
2.497366666666667E+009,-1.151518430560827E-003,-4.659988917410374E-003,-1.202918239869177E-003,-4.751616157591343E-003,
2.497400000000000E+009,-1.059769187122583E-003,-4.521085415035486E-003,-1.132520614191890E-003,-4.690990317612886E-003,
2.497433333333334E+009,-1.159235602244735E-003,-4.718147218227387E-003,-1.157301827333868E-003,-4.675515461713076E-003,
2.497466666666667E+009,-1.344204880297184E-003,-4.552189260721207E-003,-1.146276947110891E-003,-4.712215624749661E-003,
2.497500000000000E+009,-1.317379414103925E-003,-4.558483138680458E-003,-1.237852848134935E-003,-4.730765242129564E-003,
2.497533333333334E+009,-1.309181097894907E-003,-4.521646536886692E-003,-1.199705875478685E-003,-4.704209044575691E-003,
2.497566666666667E+009,-1.293989014811814E-003,-4.756323527544737E-003,-1.280868076719344E-003,-4.695583134889603E-003,
2.497600000000000E+009,-1.249670749530196E-003,-4.632179625332356E-003,-1.410049037076533E-003,-4.697211086750031E-003,
2.497633333333334E+009,-1.280571217648685E-003,-4.842562135308981E-003,-1.273833564482629E-003,-4.644989036023617E-003,
2.497666666666667E+009,-1.411677920259535E-003,-4.755752626806498E-003,-1.368583180010319E-003,-4.657474812120199E-003,
2.497700000000000E+009,-1.522591337561607E-003,-4.701028112322092E-003,-1.554602291435003E-003,-4.674726631492376E-003,
2.497733333333334E+009,-1.440904568880796E-003,-4.719867836683989E-003,-1.419308711774647E-003,-4.674054682254791E-003,
2.497766666666667E+009,-1.507630338892341E-003,-4.822722170501947E-003,-1.433659810572863E-003,-4.869432654231787E-003,
2.497800000000000E+009,-1.429609721526504E-003,-4.704797640442848E-003,-1.588764018379152E-003,-4.730767104774714E-003,
2.497833333333334E+009,-1.533511443994939E-003,-4.757480695843697E-003,-1.515987212769687E-003,-4.742501303553581E-003,
2.497866666666667E+009,-1.539697404950857E-003,-4.735285416245461E-003,-1.511786133050919E-003,-4.705134313553572E-003,
2.497900000000000E+009,-1.599072827957571E-003,-4.761657677590847E-003,-1.588433980941773E-003,-4.797224886715412E-003,
2.497933333333334E+009,-1.491319155320525E-003,-4.738519899547100E-003,-1.586088445037603E-003,-4.823898896574974E-003,
2.497966666666667E+009,-1.713697914965451E-003,-4.716622643172741E-003,-1.779982005245984E-003,-4.785852972418070E-003,
2.498000000000000E+009,-1.632779138162732E-003,-4.697150085121393E-003,-1.742690103128552E-003,-4.825945477932692E-003,
2.498033333333334E+009,-1.782896346412599E-003,-4.795919638127089E-003,-1.800137455575168E-003,-4.887431859970093E-003,
2.498066666666667E+009,-1.688650576397777E-003,-4.732544533908367E-003,-1.748168491758406E-003,-4.855354782193899E-003,
2.498100000000000E+009,-1.697434694506228E-003,-4.795668646693230E-003,-1.865391153842211E-003,-4.809495992958546E-003,
2.498133333333334E+009,-1.887524384073913E-003,-4.692577756941319E-003,-1.812918577343226E-003,-4.750019870698452E-003,
2.498166666666667E+009,-1.733652781695128E-003,-4.735625348985195E-003,-1.791844842955470E-003,-4.851671401411295E-003,
2.498200000000000E+009,-1.895021763630211E-003,-4.845115821808577E-003,-1.915676984935999E-003,-4.889035131782293E-003,
2.498233333333334E+009,-1.992929261177778E-003,-4.770189523696899E-003,-2.020699437707663E-003,-4.879390355199575E-003,
2.498266666666667E+009,-2.045430708676577E-003,-4.817131906747818E-003,-2.115649636834860E-003,-4.904388915747404E-003,
2.498300000000000E+009,-2.003189641982317E-003,-4.767213482409716E-003,-2.124703256413341E-003,-4.788328427821398E-003,
2.498333333333334E+009,-1.966618234291673E-003,-5.025917664170265E-003,-2.023403532803059E-003,-4.735929891467094E-003,
2.498366666666667E+009,-2.079438185319305E-003,-4.742249846458435E-003,-2.044502878561616E-003,-4.823877010494471E-003,
2.498400000000000E+009,-2.127032727003098E-003,-4.778943490236998E-003,-2.026781439781189E-003,-4.847479518502951E-003,
2.498433333333334E+009,-2.095305360853672E-003,-4.696672782301903E-003,-2.158275572583079E-003,-4.702177830040455E-003,
2.498466666666667E+009,-2.179877832531929E-003,-4.768396262079477E-003,-2.250812714919448E-003,-4.870387259870768E-003,
2.498500000000000E+009,-2.007742878049612E-003,-4.760278388857842E-003,-2.000113483518362E-003,-4.717524629086256E-003,
2.498533333333334E+009,-2.177659422159195E-003,-4.575570113956928E-003,-2.169399755075574E-003,-4.566743038594723E-003,
2.498566666666667E+009,-2.252629492431879E-003,-4.850909579545260E-003,-2.208742080256343E-003,-4.742561373859644E-003,
2.498600000000000E+009,-2.407129155471921E-003,-4.653139971196652E-003,-2.259493805468082E-003,-4.702857229858637E-003,
2.498633333333334E+009,-2.371226437389851E-003,-4.649378824979067E-003,-2.290449803695083E-003,-4.860665649175644E-003,
2.498666666666667E+009,-2.344225766137242E-003,-4.611708223819733E-003,-2.602160675451160E-003,-4.837108310312033E-003,
2.498700000000000E+009,-2.439583418890834E-003,-4.607925191521645E-003,-2.321512438356876E-003,-4.816765431314707E-003,
2.498733333333334E+009,-2.461218042299151E-003,-4.575946368277073E-003,-2.535708481445909E-003,-4.720299970358610E-003,
2.498766666666667E+009,-2.532147103920579E-003,-4.656018689274788E-003,-2.568531548604369E-003,-4.690865054726601E-003,
2.498800000000000E+009,-2.499545924365521E-003,-4.690606147050858E-003,-2.481008414179087E-003,-4.715055692940950E-003,
2.498833333333334E+009,-2.522853203117847E-003,-4.553974606096745E-003,-2.479994436725974E-003,-4.745350684970617E-003,
2.498866666666667E+009,-2.619861392304301E-003,-4.753893706947565E-003,-2.594606950879097E-003,-4.690806381404400E-003,
2.498900000000000E+009,-2.527799690142274E-003,-4.724378231912851E-003,-2.694754395633936E-003,-4.676502197980881E-003,
2.498933333333334E+009,-2.510964404791594E-003,-4.732822533696890E-003,-2.674174495041370E-003,-4.562879912555218E-003,
2.498966666666667E+009,-2.625427674502134E-003,-4.666435066610575E-003,-2.826472278684378E-003,-4.719056189060211E-003,
2.499000000000000E+009,-2.360528334975243E-003,-4.658238496631384E-003,-2.712210407480598E-003,-4.636188037693501E-003,
2.499033333333334E+009,-2.729798667132855E-003,-4.590447060763836E-003,-2.778783207759261E-003,-4.710273351520300E-003,
2.499066666666667E+009,-2.790247788652778E-003,-4.557073116302490E-003,-2.778563881292939E-003,-4.615635145455599E-003,
2.499100000000000E+009,-2.849253593012691E-003,-4.553012549877167E-003,-2.857792889699340E-003,-4.647808615118265E-003,
2.499133333333334E+009,-2.853762591257691E-003,-4.672660958021879E-003,-2.925520064309239E-003,-4.599572159349918E-003,
2.499166666666667E+009,-2.946098567917943E-003,-4.481005948036909E-003,-2.858765190467238E-003,-4.640449769794941E-003,
2.499200000000000E+009,-2.829588018357754E-003,-4.423606209456921E-003,-2.948667621240020E-003,-4.589380230754614E-003,
2.499233333333334E+009,-2.977602183818817E-003,-4.487820900976658E-003,-2.876918064430356E-003,-4.589435644447804E-003,
2.499266666666667E+009,-2.956142881885171E-003,-4.720643628388643E-003,-2.886692527681589E-003,-4.579361528158188E-003,
2.499300000000000E+009,-3.047927282750607E-003,-4.548952914774418E-003,-3.024733625352383E-003,-4.560507833957672E-003,
2.499333333333334E+009,-2.931493567302823E-003,-4.564789589494467E-003,-3.069700440391898E-003,-4.630146082490683E-003,
2.499366666666667E+009,-3.099745605140925E-003,-4.550356883555651E-003,-3.116477979347110E-003,-4.519932437688112E-003,
2.499400000000000E+009,-3.201066050678492E-003,-4.465333651751280E-003,-3.066135337576270E-003,-4.639874678105116E-003,
2.499433333333334E+009,-2.980953315272927E-003,-4.441807512193918E-003,-3.237524069845676E-003,-4.557788372039795E-003,
2.499466666666667E+009,-3.225365653634071E-003,-4.617662169039249E-003,-3.107641357928515E-003,-4.493431188166142E-003,
2.499500000000000E+009,-3.066965145990253E-003,-4.481823649257422E-003,-3.248587716370821E-003,-4.341690335422754E-003,
2.499533333333334E+009,-3.263967577368021E-003,-4.382455255836248E-003,-3.376577049493790E-003,-4.427197389304638E-003,
2.499566666666667E+009,-3.272050991654396E-003,-4.626151639968157E-003,-3.349208971485496E-003,-4.502610769122839E-003,
2.499600000000000E+009,-3.301395336166024E-003,-4.410231485962868E-003,-3.343752119690180E-003,-4.475036635994911E-003,
2.499633333333334E+009,-3.394805127754808E-003,-4.534512292593718E-003,-3.297253977507353E-003,-4.444005899131298E-003,
2.499666666666667E+009,-3.396905725821853E-003,-4.267085343599320E-003,-3.380293492227793E-003,-4.376264289021492E-003,
2.499700000000000E+009,-3.465241752564907E-003,-4.433535505086184E-003,-3.522504819557071E-003,-4.485934972763062E-003,
2.499733333333334E+009,-3.526796121150255E-003,-4.307175055146217E-003,-3.512645838782191E-003,-4.540774971246719E-003,
2.499766666666667E+009,-3.483073785901070E-003,-4.403444472700357E-003,-3.501740517094731E-003,-4.520787857472897E-003,
2.499800000000000E+009,-3.580391407012940E-003,-4.480093251913786E-003,-3.778707468882203E-003,-4.447549115866423E-003,
2.499833333333334E+009,-3.668959252536297E-003,-4.494666587561369E-003,-3.727206960320473E-003,-4.526350647211075E-003,
2.499866666666667E+009,-3.737570485100150E-003,-4.358473233878613E-003,-3.612126456573606E-003,-4.422230646014214E-003,
2.499900000000000E+009,-3.652607323601842E-003,-4.339784383773804E-003,-3.680033842101693E-003,-4.481845069676638E-003,
2.499933333333334E+009,-3.614021232351661E-003,-4.285665228962898E-003,-3.712370293214917E-003,-4.291681572794914E-003,
2.499966666666667E+009,-3.555381204932928E-003,-4.301937296986580E-003,-3.745409194380045E-003,-4.245165269821882E-003,
2.500000000000000E+009,-3.729279851540923E-003,-4.215691238641739E-003,-3.709679935127497E-003,-4.237249027937651E-003,
