% Version 1.00
%
%freq[Hz];re:Trc1_S21;im:Trc1_S21;re:Trc2_S12;im:Trc2_S12;
2.480000000000000E+009,1.760305312927812E-004,-1.802558472263627E-005,2.773276064544916E-004,-1.218051693285815E-004,
2.480033333333334E+009,2.241795009467751E-004,-2.502322786313016E-005,2.718617324717343E-004,-4.832799277210143E-006,
2.480066666666667E+009,2.358305209781975E-004,-3.455375917837955E-005,2.655036223586649E-004,-1.842110941652209E-005,
2.480100000000000E+009,2.646037901286036E-004,-6.879978172946721E-005,2.865773858502507E-004,-2.929159745690413E-005,
2.480133333333334E+009,2.222574403276667E-004,-5.368352140067145E-005,2.826178097166121E-004,-3.731199103640392E-005,
2.480166666666667E+009,2.672668488230556E-004,-4.884394729742780E-005,2.777862828224897E-004,-6.354376819217578E-005,
2.480200000000000E+009,2.540032728575170E-004,-1.829177199397236E-005,2.023360138991848E-004,-6.797551759518683E-005,
2.480233333333334E+009,2.282898494740948E-004,-9.314438648289070E-005,2.387950808042660E-004,-8.848796278471127E-005,
2.480266666666667E+009,2.652644179761410E-004,-8.893394988263026E-005,2.398773940512911E-004,-5.477339436765760E-005,
2.480300000000000E+009,2.304752269992605E-004,-9.552146366331726E-005,2.224985801149160E-004,-7.115965854609385E-005,
2.480333333333334E+009,2.514030202291906E-004,-4.875345985055901E-005,2.199867158196867E-004,-6.934406701475382E-005,
2.480366666666667E+009,2.149938809452578E-004,-8.999746933113784E-005,1.906105608213693E-004,-7.733229722362012E-005,
2.480400000000000E+009,2.302445791428909E-004,-9.617783507565036E-005,2.456516958773136E-004,-1.057671615853906E-004,
2.480433333333334E+009,2.219016314484179E-004,-1.068115452653728E-004,2.531087375245988E-004,-1.259129203390330E-004,
2.480466666666667E+009,2.031735930358991E-004,-1.160614410764538E-004,2.135222748620436E-004,-8.266776421805844E-005,
2.480500000000000E+009,2.378779026912525E-004,-1.450860436307266E-004,2.197457506554201E-004,-8.041950786719099E-005,
2.480533333333334E+009,2.775970206130296E-004,-1.667147444095463E-004,2.194796688854694E-004,-1.103752074413933E-004,
2.480566666666667E+009,2.211548126069829E-004,-8.812768646748737E-005,2.413862384855747E-004,-1.082264352589846E-004,
2.480600000000000E+009,2.412346366327256E-004,-7.026339881122112E-005,2.063913125311956E-004,-9.838659025263041E-005,
2.480633333333334E+009,2.576684055384249E-004,-1.190009861602448E-004,2.409155858913437E-004,-9.297740325564519E-005,
2.480666666666667E+009,2.358627971261740E-004,-1.282516604987904E-004,2.648811496328563E-004,-9.345995931653306E-005,
2.480700000000000E+009,2.300096384715289E-004,-1.394917780999094E-004,1.839047617977485E-004,-1.643882278585807E-004,
2.480733333333334E+009,2.023862762143835E-004,-1.402638299623504E-004,2.040849649347365E-004,-1.304466131841764E-004,
2.480766666666667E+009,2.161868469556794E-004,-1.395753206452355E-004,1.971076417248696E-004,-8.974517550086603E-005,
2.480800000000000E+009,1.975393097382039E-004,-1.531522284494713E-004,1.788973750080913E-004,-1.772275281837210E-004,
2.480833333333334E+009,2.059797698166221E-004,-1.978283835342154E-004,2.393641043454409E-004,-1.158619706984609E-004,
2.480866666666667E+009,2.138018753612414E-004,-1.520236546639353E-004,2.061760606011376E-004,-1.454380544601008E-004,
2.480900000000000E+009,1.897399342851713E-004,-1.110063312808052E-004,2.326706453459337E-004,-2.019696257775649E-004,
2.480933333333334E+009,2.419825614197180E-004,-1.847121457103640E-004,2.319666818948463E-004,-1.852278364822269E-004,
2.480966666666667E+009,3.028226492460817E-004,-1.617426896700636E-004,2.727138053160161E-004,-2.246545045636594E-004,
2.481000000000000E+009,2.345541288377717E-004,-1.293391542276368E-004,2.549258642829955E-004,-1.995720376726240E-004,
2.481033333333334E+009,2.850039745680988E-004,-1.934227329911664E-004,2.244216302642599E-004,-1.884900702862069E-004,
2.481066666666667E+009,2.332209842279553E-004,-2.522208087611944E-004,3.352294152136892E-004,-2.057904057437554E-004,
2.481100000000000E+009,2.542255970183760E-004,-2.332087169634178E-004,2.118445700034499E-004,-2.519453119020909E-004,
2.481133333333334E+009,2.718430187087506E-004,-2.607877249829471E-004,2.433560584904626E-004,-2.504808362573385E-004,
2.481166666666667E+009,2.220669266534969E-004,-2.371684677200392E-004,2.565276809036732E-004,-2.832130703609437E-004,
2.481200000000000E+009,1.822837075451389E-004,-2.275994920637459E-004,1.983492256840691E-004,-2.182184252887964E-004,
2.481233333333334E+009,2.517189423087984E-004,-2.488930767867714E-004,2.035036013694480E-004,-2.725041413214058E-004,
2.481266666666667E+009,2.336993347853422E-004,-2.307046379428357E-004,2.196669520344585E-004,-2.054216165561229E-004,
2.481300000000000E+009,2.197524590883404E-004,-2.908065798692405E-004,2.177034766646102E-004,-2.482631243765354E-004,
2.481333333333334E+009,1.964777911780402E-004,-2.660136378835887E-004,1.911909494083375E-004,-2.643654006533325E-004,
2.481366666666667E+009,1.573130430188030E-004,-2.656882861629129E-004,2.395878109382466E-004,-2.165757323382422E-004,
2.481400000000000E+009,1.385797222610563E-004,-2.337149053346366E-004,2.541828143876046E-004,-2.905714791268110E-004,
2.481433333333334E+009,1.862297795014456E-004,-2.543450682424009E-004,1.687176991254091E-004,-2.299174957443029E-004,
2.481466666666667E+009,1.349862432107329E-004,-2.648434892762452E-004,1.759465376380831E-004,-2.856449282262474E-004,
2.481500000000000E+009,1.701754226814956E-004,-2.501488779671490E-004,1.462764048483223E-004,-2.848934382200241E-004,
2.481533333333334E+009,1.474372838856652E-004,-3.123961214441806E-004,1.118172585847788E-004,-2.710123662836850E-004,
2.481566666666667E+009,8.445220009889454E-005,-2.948014589492232E-004,1.436541788280010E-004,-2.597841084934771E-004,
2.481600000000000E+009,8.156680996762589E-005,-3.041998425032944E-004,1.368629600619897E-004,-2.442820114083588E-004,
2.481633333333334E+009,2.025090507231653E-004,-3.449841751717031E-004,1.401628251187503E-004,-3.467817150522023E-004,
2.481666666666667E+009,1.107404677895829E-004,-3.155031008645892E-004,9.886825864668936E-005,-3.743857087101787E-004,
2.481700000000000E+009,9.807736205402762E-005,-2.831008168868721E-004,1.137342915171757E-004,-3.259190998505801E-004,
2.481733333333334E+009,1.107492716982961E-004,-3.089402453042567E-004,1.049025668180548E-004,-2.825645497068763E-004,
2.481766666666667E+009,8.196310955099762E-005,-2.925390726886690E-004,9.347502782475203E-005,-3.592859720811248E-004,
2.481800000000000E+009,4.004784568678588E-005,-3.038476279471070E-004,7.220336556201801E-005,-3.174415614921600E-004,
2.481833333333334E+009,4.383973646326922E-005,-3.269125299993902E-004,7.026993989711627E-005,-3.450709918979555E-004,
2.481866666666667E+009,2.932055031124037E-005,-3.254179027862847E-004,3.745458889170550E-005,-3.407860640436411E-004,
2.481900000000000E+009,6.092017065384425E-005,-3.246392589062452E-004,9.837616744334810E-006,-3.362684801686555E-004,
2.481933333333334E+009,9.197304461849853E-005,-3.301026590634137E-004,6.578483407793101E-006,-3.075849672313780E-004,
2.481966666666667E+009,1.507355955254752E-005,-3.535549622029066E-004,5.355328903533518E-005,-3.216891200281680E-004,
2.482000000000000E+009,1.943166898854543E-005,-3.665209223981947E-004,-1.091360991267720E-005,-3.095194988418371E-004,
2.482033333333334E+009,-6.987615051912144E-006,-3.153335710521787E-004,-2.236941327282693E-005,-2.968421322293580E-004,
2.482066666666667E+009,-6.606965143873822E-006,-3.100537869613618E-004,2.292798490088899E-005,-3.289295418653637E-004,
2.482100000000000E+009,3.191936775692739E-005,-3.515428106766194E-004,-9.370933184982278E-006,-3.632247389759868E-004,
2.482133333333334E+009,3.015360925928690E-005,-3.254164766985923E-004,1.484471977164503E-005,-3.505879431031644E-004,
2.482166666666667E+009,-6.207618571352214E-005,-3.607542894314975E-004,7.404943062283564E-006,-3.532569971866906E-004,
2.482200000000000E+009,-5.524534935830161E-005,-3.157586615998298E-004,-3.179374834871851E-005,-3.483467444311827E-004,
2.482233333333334E+009,-3.671472950372845E-005,-3.536890144459903E-004,-3.104783900198527E-005,-3.444791072979569E-004,
2.482266666666667E+009,-3.842610749416053E-005,-3.551075351424515E-004,-3.373129402461927E-007,-3.865914768539369E-004,
2.482300000000000E+009,-7.105356053216383E-005,-3.299051895737648E-004,-6.575971201527864E-005,-3.769472532439977E-004,
2.482333333333334E+009,-1.009842526400462E-004,-3.949725942220539E-004,-1.077950801118277E-004,-4.049871349707246E-004,
2.482366666666667E+009,-5.924340803176165E-005,-3.907526843249798E-004,-5.272403359413147E-005,-3.290154854767025E-004,
2.482400000000000E+009,-7.652444037375972E-005,-4.112833121325821E-004,-8.665993664180860E-005,-3.964746720157564E-004,
2.482433333333334E+009,-8.721007179701701E-005,-4.010420525446534E-004,-1.145483838627115E-004,-3.540998732205480E-004,
2.482466666666667E+009,-1.117841966333799E-004,-3.861692093778402E-004,-1.477343321312219E-004,-3.671553276944906E-004,
2.482500000000000E+009,-1.242747966898605E-004,-4.177321679890156E-004,-8.552621875423938E-005,-3.643633972387761E-004,
2.482533333333334E+009,-1.256364193977788E-004,-3.929679514840245E-004,-1.319747389061377E-004,-4.083438252564520E-004,
2.482566666666667E+009,-2.112519432557747E-004,-4.022323118988425E-004,-1.506394619354978E-004,-3.890466759912670E-004,
2.482600000000000E+009,-1.567732979310677E-004,-4.188035672996193E-004,-1.681779249338433E-004,-3.996850573457778E-004,
2.482633333333334E+009,-1.306602935073897E-004,-4.043156804982573E-004,-2.227398072136566E-004,-4.469463892746717E-004,
2.482666666666667E+009,-2.044710126938298E-004,-4.328453505877405E-004,-2.695032453630120E-004,-4.129243025090545E-004,
2.482700000000000E+009,-2.426190476398915E-004,-3.647818812169135E-004,-1.885003875941038E-004,-3.205394896212965E-004,
2.482733333333334E+009,-2.580289728939533E-004,-3.897443530149758E-004,-2.134093374479562E-004,-4.392759292386472E-004,
2.482766666666667E+009,-2.914443321060389E-004,-3.961990878451616E-004,-2.499114780221134E-004,-3.404452872928232E-004,
2.482800000000000E+009,-2.563573652878404E-004,-3.845149476546794E-004,-2.753184235189110E-004,-3.879293217323721E-004,
2.482833333333334E+009,-2.299623447470367E-004,-3.619939961936325E-004,-2.353488234803081E-004,-3.391347709111869E-004,
2.482866666666667E+009,-3.344386059325188E-004,-3.063846961595118E-004,-2.474392822477967E-004,-4.060834471601993E-004,
2.482900000000000E+009,-2.868476440198720E-004,-3.987228265032172E-004,-3.144858637824655E-004,-3.389066550880671E-004,
2.482933333333334E+009,-3.019083524122834E-004,-3.019060823135078E-004,-3.062995092477650E-004,-3.618507471401244E-004,
2.482966666666667E+009,-3.186230896972120E-004,-3.188233531545848E-004,-2.811521699186415E-004,-3.155727463308722E-004,
2.483000000000000E+009,-2.531504724174738E-004,-3.003810998052359E-004,-2.940153353847563E-004,-4.132098401896656E-004,
2.483033333333334E+009,-3.313371271360666E-004,-2.991681685671210E-004,-3.666556731332094E-004,-3.322107950225473E-004,
2.483066666666667E+009,-3.231558657716960E-004,-2.935591619461775E-004,-3.283658879809082E-004,-2.957890974357724E-004,
2.483100000000000E+009,-3.818397817667574E-004,-2.836739877238870E-004,-3.286392020527273E-004,-2.901705156546086E-004,
2.483133333333334E+009,-3.429031057748944E-004,-2.414472692180425E-004,-3.783893771469593E-004,-2.407234569545835E-004,
2.483166666666667E+009,-3.748541348613799E-004,-2.373392489971593E-004,-3.650127328000963E-004,-2.625578490551561E-004,
2.483200000000000E+009,-3.758915991056711E-004,-2.445267164148390E-004,-3.941475006286055E-004,-2.279267937410623E-004,
2.483233333333334E+009,-4.107792046852410E-004,-2.842678804881871E-004,-4.187024605926126E-004,-2.395485353190452E-004,
2.483266666666667E+009,-4.527924756985158E-004,-1.839858887251467E-004,-3.726592112798244E-004,-2.221257891505957E-004,
2.483300000000000E+009,-3.890361404046416E-004,-2.616834244690836E-004,-4.239112604409456E-004,-2.126450999639928E-004,
2.483333333333334E+009,-4.018659528810531E-004,-1.536991912871599E-004,-4.053734592162073E-004,-1.828632521210238E-004,
2.483366666666667E+009,-3.855960967484862E-004,-1.746150519466028E-004,-4.229352634865791E-004,-1.758119178703055E-004,
2.483400000000000E+009,-3.841725701931864E-004,-1.022473734337837E-004,-4.264637827873230E-004,-1.421420165570453E-004,
2.483433333333334E+009,-3.680181689560413E-004,-1.643126743147150E-004,-4.617001686710864E-004,-1.729281793814153E-004,
2.483466666666667E+009,-4.541583184618503E-004,-2.114851522492245E-004,-4.273959493730217E-004,-1.578120863996446E-004,
2.483500000000000E+009,-3.966672520618886E-004,-1.240470155607909E-004,-5.050313775427640E-004,-7.941761577967554E-005,
2.483533333333334E+009,-4.319815197959542E-004,-1.416288287146017E-004,-4.365612403489649E-004,-1.244261948158965E-004,
2.483566666666667E+009,-4.152429173700512E-004,-9.630629210732877E-005,-4.301547596696764E-004,-1.050956343533471E-004,
2.483600000000000E+009,-4.654014774132520E-004,-1.136918654083274E-004,-4.416241717990488E-004,-1.407669042237103E-004,
2.483633333333334E+009,-4.508359706960619E-004,-8.291966514661908E-005,-4.811839316971600E-004,-1.420318876625970E-004,
2.483666666666667E+009,-4.355611163191497E-004,-6.805869634263217E-005,-5.119237466715276E-004,-1.149239105870947E-004,
2.483700000000000E+009,-4.280511348042637E-004,-4.114758121431805E-005,-4.692147776950151E-004,-4.201311821816489E-005,
2.483733333333334E+009,-4.254188970662653E-004,3.778151585720480E-005,-4.219239053782076E-004,-5.526644599740394E-006,
2.483766666666667E+009,-4.648038011509925E-004,-2.409233457001392E-005,-4.766581696458161E-004,7.453219836861535E-007,
2.483800000000000E+009,-5.228288355283439E-004,-5.672011320712045E-005,-4.691340727731586E-004,5.524449079530314E-006,
2.483833333333334E+009,-4.904097295366228E-004,5.399842393671861E-006,-4.972118767909706E-004,-1.965885530808009E-005,
2.483866666666667E+009,-4.917510086670518E-004,4.287588672013953E-005,-4.622946435119957E-004,4.317051207181066E-005,
2.483900000000000E+009,-4.615081707015634E-004,1.899868948385119E-005,-4.728938220068812E-004,5.560372301260941E-005,
2.483933333333334E+009,-4.761246382258833E-004,6.190469866851345E-005,-4.651048802770674E-004,6.146562373032793E-005,
2.483966666666667E+009,-4.526485281530768E-004,8.728203829377890E-005,-5.022743134759367E-004,1.346042554359883E-004,
2.484000000000000E+009,-5.211135139688849E-004,7.323380123125389E-005,-4.482776566874236E-004,8.980796701507643E-005,
2.484033333333334E+009,-4.238204564899206E-004,9.300844249082729E-005,-4.766299971379340E-004,7.251268107211217E-005,
2.484066666666667E+009,-5.261774058453739E-004,1.278344570891932E-004,-5.158465937711299E-004,1.379689783789218E-004,
2.484100000000000E+009,-4.863427893724293E-004,1.512154267402366E-004,-4.703102167695761E-004,1.411067496519536E-004,
2.484133333333334E+009,-5.155300605110824E-004,2.261495974380523E-004,-4.427139647305012E-004,1.393291895510629E-004,
2.484166666666667E+009,-5.124215385876596E-004,1.492368319304660E-004,-4.809770325664431E-004,2.093717484967783E-004,
2.484200000000000E+009,-4.528112185653299E-004,1.783304760465398E-004,-5.753505975008011E-004,2.516625390853733E-004,
2.484233333333334E+009,-4.956539487466216E-004,2.749787527136505E-004,-4.748155479319394E-004,2.100820565829054E-004,
2.484266666666667E+009,-4.880118358414620E-004,2.478442911524326E-004,-4.824445641133934E-004,2.823966206051409E-004,
2.484300000000000E+009,-4.878126201219857E-004,2.875497739296407E-004,-4.377248696982861E-004,2.619791484903544E-004,
2.484333333333334E+009,-5.020738462917507E-004,2.457161026541144E-004,-3.783680149354041E-004,2.867027069441974E-004,
2.484366666666667E+009,-4.877411120105535E-004,3.127699019387364E-004,-4.644014406949282E-004,3.058664151467383E-004,
2.484400000000000E+009,-5.104889278300107E-004,3.454250108916313E-004,-4.247985780239105E-004,3.029474464710802E-004,
2.484433333333334E+009,-4.306815681047738E-004,3.213460440747440E-004,-4.015428421553224E-004,3.065351629629731E-004,
2.484466666666667E+009,-3.842030710075051E-004,3.331988409627229E-004,-3.985096118412912E-004,3.249860601499677E-004,
2.484500000000000E+009,-4.214721266180277E-004,4.100063524674624E-004,-3.887127968482673E-004,3.469020593911409E-004,
2.484533333333334E+009,-4.195448127575219E-004,2.920534461736679E-004,-3.546727530192584E-004,3.087327640969306E-004,
2.484566666666667E+009,-3.651020815595985E-004,3.654659085441381E-004,-3.558774769771844E-004,3.590797714423388E-004,
2.484600000000000E+009,-3.611840656958520E-004,3.623049997258931E-004,-3.225452674087137E-004,3.715489874593914E-004,
2.484633333333334E+009,-2.838113286998123E-004,4.092859744559974E-004,-3.746900474652648E-004,4.330280353315175E-004,
2.484666666666667E+009,-3.107784723397344E-004,3.880353760905564E-004,-3.060118469875306E-004,3.565819351933897E-004,
2.484700000000000E+009,-3.074435808230192E-004,4.150891618337482E-004,-3.085015341639519E-004,3.854303504340351E-004,
2.484733333333334E+009,-2.959496341645718E-004,3.942916810046881E-004,-2.463133423589170E-004,4.261753347236663E-004,
2.484766666666667E+009,-3.116833977401257E-004,4.509230202529579E-004,-2.676280564628542E-004,4.073151212651283E-004,
2.484800000000000E+009,-2.668425731826574E-004,4.011121054645628E-004,-2.990764332935214E-004,4.249835910741240E-004,
2.484833333333334E+009,-2.780864888336510E-004,4.162010736763477E-004,-2.334718301426619E-004,4.173035558778793E-004,
2.484866666666667E+009,-2.433672780171037E-004,4.108862194698304E-004,-2.502230345271528E-004,4.317199345678091E-004,
2.484900000000000E+009,-1.839484175434336E-004,4.127595166210085E-004,-2.416881034150720E-004,4.392940318211913E-004,
2.484933333333334E+009,-1.836817100411281E-004,4.265945754013956E-004,-2.300497872056440E-004,4.774608532898128E-004,
2.484966666666667E+009,-1.499014324508607E-004,4.779009032063186E-004,-2.268378157168627E-004,4.325578047428280E-004,
2.485000000000000E+009,-1.361673930659890E-004,4.346642526797950E-004,-1.758879807312042E-004,4.713076050393283E-004,
2.485033333333334E+009,-1.857474999269471E-004,4.954542964696884E-004,-1.541307137813419E-004,4.604760906659067E-004,
2.485066666666667E+009,-1.364576746709645E-004,4.575100902002305E-004,-9.258544014301151E-005,4.272885853424668E-004,
2.485100000000000E+009,-1.223719445988536E-004,4.153042682446539E-004,-1.204818909172900E-004,4.362112667877227E-004,
2.485133333333334E+009,-3.429712523939088E-005,4.253179649822414E-004,-9.580387995811179E-005,4.504155949689448E-004,
2.485166666666667E+009,-3.786086381296627E-005,4.994806949980557E-004,-9.763436537468806E-005,4.649518523365259E-004,
2.485200000000000E+009,-6.150818080641329E-005,4.892894066870213E-004,-4.932303636451252E-005,4.676987882703543E-004,
2.485233333333334E+009,-3.235575059079565E-005,4.599096137098968E-004,-4.616923979483545E-005,4.804781347047538E-004,
2.485266666666667E+009,-2.656008837220725E-005,4.812226106878370E-004,-1.605662328074686E-005,4.720465803984553E-004,
2.485300000000000E+009,2.312817923666444E-005,4.354704287834466E-004,-3.552878479240462E-005,4.809991805814207E-004,
2.485333333333334E+009,-6.307094736257568E-006,4.864275397267193E-004,3.070955062867142E-005,4.939191276207566E-004,
2.485366666666667E+009,-9.277001481677871E-006,4.532123857643455E-004,3.103576818830334E-005,4.632312629837543E-004,
2.485400000000000E+009,4.831116893910803E-005,5.093373474664986E-004,3.475667472230271E-005,5.127741605974734E-004,
2.485433333333334E+009,6.196824688231573E-005,4.246257885824889E-004,1.252272431884194E-005,4.925693501718342E-004,
2.485466666666667E+009,3.987479794886895E-005,4.924334352836013E-004,2.807170494634192E-005,4.912713193334639E-004,
2.485500000000000E+009,2.814372419379652E-005,4.760465235449374E-004,6.117470184108242E-005,5.075606750324369E-004,
2.485533333333334E+009,1.058367124642246E-004,4.888421972282231E-004,6.026620030752383E-005,4.600670072250068E-004,
2.485566666666667E+009,6.687430868623778E-005,4.824381612706929E-004,1.100502704503015E-004,5.028742598369718E-004,
2.485600000000000E+009,1.117402862291783E-004,4.889489500783384E-004,1.502768573118374E-004,4.605313879437745E-004,
2.485633333333334E+009,1.368004886899144E-004,4.949190188199282E-004,9.772807243280113E-005,4.401156329549849E-004,
2.485666666666667E+009,1.645062875468284E-004,4.983342369087040E-004,1.091982558136806E-004,4.871943383477628E-004,
2.485700000000000E+009,1.393860584357753E-004,4.968981374986470E-004,1.250448549399152E-004,4.245685704518110E-004,
2.485733333333334E+009,2.020964893745259E-004,4.284984897822142E-004,1.056484688888304E-004,5.154228419996798E-004,
2.485766666666667E+009,2.051439514616504E-004,4.339411680120975E-004,2.146675687981769E-004,4.741297161672264E-004,
2.485800000000000E+009,1.769329101080075E-004,5.062029813416302E-004,1.588474260643125E-004,5.096551030874252E-004,
2.485833333333334E+009,2.418525109533221E-004,4.716866242233664E-004,1.904523232951760E-004,4.400344914756715E-004,
2.485866666666667E+009,2.518327964935452E-004,4.655627126339823E-004,2.578461717348546E-004,4.674716037698090E-004,
2.485900000000000E+009,1.912430889206007E-004,4.880064225289971E-004,2.216521679656580E-004,4.941768711432815E-004,
2.485933333333334E+009,2.313376899110153E-004,4.296515253372490E-004,2.362686063861474E-004,3.814901574514806E-004,
2.485966666666667E+009,1.751141971908510E-004,4.620694089680910E-004,2.647202054504305E-004,3.982262278441340E-004,
2.486000000000000E+009,2.092050272040069E-004,4.421562189236283E-004,2.567096089478582E-004,4.167696461081505E-004,
2.486033333333334E+009,3.153150610160083E-004,4.218875255901367E-004,2.408042928436771E-004,4.554854531306773E-004,
2.486066666666667E+009,3.092958068009466E-004,3.987755335401744E-004,2.815367188304663E-004,3.996015002485365E-004,
2.486100000000000E+009,2.380332734901458E-004,3.683913964778185E-004,2.244538482045755E-004,3.313698980491608E-004,
2.486133333333334E+009,3.584613441489637E-004,3.733987978193909E-004,3.014866670127958E-004,3.286437131464481E-004,
2.486166666666667E+009,2.938758698292077E-004,2.940240665338934E-004,3.377929388079792E-004,3.532845003064722E-004,
2.486200000000000E+009,2.823890536092222E-004,3.046485071536154E-004,3.537385200615972E-004,3.285827988293022E-004,
2.486233333333334E+009,3.284270351286978E-004,3.306809521745890E-004,2.955565869342536E-004,3.815545933321118E-004,
2.486266666666667E+009,3.290120512247086E-004,3.085368080064654E-004,3.245790721848607E-004,2.640231687109917E-004,
2.486300000000000E+009,3.488803922664374E-004,2.866949944291264E-004,2.695040602702647E-004,3.133048012387008E-004,
2.486333333333334E+009,3.979366156272590E-004,3.242145176045597E-004,3.233627066947520E-004,3.280570090282708E-004,
2.486366666666667E+009,3.427462070249021E-004,2.889928873628378E-004,3.160400956403464E-004,2.090524358209223E-004,
2.486400000000000E+009,3.384890442248434E-004,2.694392169360071E-004,3.402257279958576E-004,3.058741276618093E-004,
2.486433333333334E+009,3.294142952654511E-004,3.184643283020705E-004,3.258940705563873E-004,2.682842023205012E-004,
2.486466666666667E+009,3.763839486055076E-004,2.592692326288670E-004,3.946902579627931E-004,2.212098625022918E-004,
2.486500000000000E+009,4.172697954345495E-004,2.326444373466075E-004,3.744651912711561E-004,2.458411327097565E-004,
2.486533333333334E+009,3.829584748018533E-004,2.111664216499776E-004,4.074079042766243E-004,2.134912356268615E-004,
2.486566666666667E+009,3.802724531851709E-004,2.441555552650243E-004,4.243645526003093E-004,2.111427311319858E-004,
2.486600000000000E+009,4.102958482690156E-004,2.083561557810754E-004,4.198628885205835E-004,1.691890065558255E-004,
2.486633333333334E+009,4.340134910307825E-004,2.438276860630140E-004,4.180976829957217E-004,1.546512066852301E-004,
2.486666666666667E+009,4.396604199428111E-004,1.835758157540113E-004,4.162469704169780E-004,1.597739319549874E-004,
2.486700000000000E+009,4.614496720023453E-004,2.057714445982128E-004,3.882780438289046E-004,1.478829944971949E-004,
2.486733333333334E+009,4.656063392758369E-004,1.192235504277051E-004,4.692098300438374E-004,2.178118302254006E-004,
2.486766666666667E+009,4.314674297347665E-004,2.143396704923362E-004,4.037512408103794E-004,1.622194249648601E-004,
2.486800000000000E+009,3.964529896620661E-004,1.250936766155064E-004,4.215292865410447E-004,1.527860731584951E-004,
2.486833333333334E+009,4.077728663105518E-004,7.929390267236158E-005,3.364304138813168E-004,1.721934531815350E-004,
2.486866666666667E+009,4.373820556793362E-004,1.398905587848276E-004,3.785543085541576E-004,1.328945509158075E-004,
2.486900000000000E+009,3.840559802483767E-004,1.562593533890322E-004,4.148622101638466E-004,8.270305261248723E-005,
2.486933333333334E+009,4.369603411760181E-004,5.729606345994398E-005,4.575487691909075E-004,1.021695643430576E-004,
2.486966666666667E+009,4.288587369956076E-004,1.027415637508966E-004,4.326381022110581E-004,1.074382307706401E-004,
2.487000000000000E+009,4.301998706068844E-004,7.443555659847334E-005,3.588066028896719E-004,6.244153337320313E-005,
2.487033333333334E+009,4.739864089060575E-004,7.258231926243752E-005,4.033023724332452E-004,6.043743724148953E-006,
2.487066666666667E+009,3.986272786278278E-004,2.911131196015049E-005,4.106973356101662E-004,4.190365871181712E-005,
2.487100000000000E+009,4.462487122509629E-004,2.801891059789341E-005,4.217893292661756E-004,5.092095670988783E-005,
2.487133333333334E+009,4.525589174591005E-004,2.366258377151098E-005,4.650502523873001E-004,3.513235787977465E-005,
2.487166666666667E+009,5.191173986531794E-004,-1.270603934244718E-005,4.114031908102334E-004,-2.078991565213073E-005,
2.487200000000000E+009,4.565691342577338E-004,1.297219660045812E-005,4.033260629512370E-004,-3.777630990953185E-005,
2.487233333333334E+009,4.497688496485353E-004,-1.916156907100231E-005,4.619699611794204E-004,-2.638719524838962E-005,
2.487266666666667E+009,4.755318223033100E-004,2.110291916324059E-006,4.577412910293788E-004,-4.223067298880778E-005,
2.487300000000000E+009,4.800971946679056E-004,-1.966709896805696E-005,4.610748728737235E-004,-2.160986878152471E-005,
2.487333333333334E+009,4.625133587978780E-004,-3.699087028508075E-005,4.813716805074364E-004,-2.998986747115850E-005,
2.487366666666667E+009,4.384762723930180E-004,-4.784177508554421E-005,5.047884187661111E-004,-8.227022772189230E-005,
2.487400000000000E+009,4.723950696643442E-004,-8.538428664905950E-005,4.995011840946972E-004,-9.405770106241107E-005,
2.487433333333334E+009,4.697984259109944E-004,-1.136460778070614E-004,4.759024595841765E-004,-1.350988168269396E-004,
2.487466666666667E+009,4.467642866075039E-004,-1.464313390897587E-004,4.482046933844686E-004,-1.576942595420405E-004,
2.487500000000000E+009,4.564757400657982E-004,-1.624647120479494E-004,4.878784529864788E-004,-1.235063391504809E-004,
2.487533333333334E+009,4.965487169101834E-004,-1.444202789571136E-004,4.529996076598764E-004,-1.554254849907011E-004,
2.487566666666667E+009,4.235492669977248E-004,-1.391295663779602E-004,5.051268963143230E-004,-1.265682221855968E-004,
2.487600000000000E+009,4.760619485750794E-004,-1.626702432986349E-004,4.309973446652293E-004,-1.466490793973208E-004,
2.487633333333334E+009,4.387328517623246E-004,-1.768337970133871E-004,4.288688651286066E-004,-1.676358806435019E-004,
2.487666666666667E+009,4.330025694798678E-004,-1.919228816404939E-004,4.014255537185818E-004,-1.263604062842205E-004,
2.487700000000000E+009,3.869901120197028E-004,-1.737816346576437E-004,3.881052252836525E-004,-1.664454757701606E-004,
2.487733333333334E+009,4.266684409230948E-004,-2.267765084980056E-004,4.208857135381550E-004,-2.110858913511038E-004,
2.487766666666667E+009,3.947002987843007E-004,-1.944974210346118E-004,4.212603089399636E-004,-2.104230807162821E-004,
2.487800000000000E+009,4.168032901361585E-004,-2.175467816414312E-004,3.836677060462534E-004,-1.999052910832688E-004,
2.487833333333334E+009,3.702146059367806E-004,-2.176975249312818E-004,4.771175445057452E-004,-2.376261982135475E-004,
2.487866666666667E+009,4.006449307780713E-004,-2.417894866084680E-004,3.502713225316256E-004,-2.815476327668876E-004,
2.487900000000000E+009,3.341866540722549E-004,-2.374807227170095E-004,3.902475000359118E-004,-2.157538110623136E-004,
2.487933333333334E+009,3.159129992127419E-004,-2.769586280919612E-004,3.903011966031045E-004,-2.816765336319804E-004,
2.487966666666667E+009,3.675147308968008E-004,-2.859313099179417E-004,3.757874073926359E-004,-2.441889664623886E-004,
2.488000000000000E+009,3.411298093851656E-004,-2.801158116199076E-004,3.603334189392626E-004,-2.801247755996883E-004,
2.488033333333334E+009,3.388428303878754E-004,-2.953731745947152E-004,3.517180157359690E-004,-2.677877491805702E-004,
2.488066666666667E+009,3.296603972557932E-004,-3.282788384240121E-004,3.216523909941316E-004,-3.143664216622710E-004,
2.488100000000000E+009,3.774436190724373E-004,-3.019994474016130E-004,3.242804377805442E-004,-3.805617161560804E-004,
2.488133333333334E+009,3.549102693796158E-004,-3.404542803764343E-004,3.043064789380878E-004,-3.597821341827512E-004,
2.488166666666667E+009,3.085314529016614E-004,-3.394653031136841E-004,3.396226675249636E-004,-3.456879057921469E-004,
2.488200000000000E+009,2.727180544752628E-004,-3.169857664033771E-004,2.808366552926600E-004,-3.871681983582676E-004,
2.488233333333334E+009,3.226853150408715E-004,-3.465730987954885E-004,2.893120399676263E-004,-3.713265759870410E-004,
2.488266666666667E+009,2.618508297018707E-004,-3.847566549666226E-004,2.975346578750759E-004,-3.469000803306699E-004,
2.488300000000000E+009,2.065408189082518E-004,-4.038398910779506E-004,2.459289389662445E-004,-3.864169993903488E-004,
2.488333333333334E+009,2.453672932460904E-004,-3.543011262081564E-004,2.636605058796704E-004,-3.463780740275979E-004,
2.488366666666667E+009,2.582527522463352E-004,-3.198391641490161E-004,2.270968689117581E-004,-4.276840481907129E-004,
2.488400000000000E+009,2.295146550750360E-004,-3.792840579990298E-004,2.267044183099642E-004,-4.215185181237757E-004,
2.488433333333334E+009,2.077621029457077E-004,-3.782486892305315E-004,2.381416416028515E-004,-4.300877917557955E-004,
2.488466666666667E+009,1.813609706005082E-004,-3.985391231253743E-004,2.305914531461895E-004,-4.096087068319321E-004,
2.488500000000000E+009,1.672426587902010E-004,-3.814609663095325E-004,1.883491786429659E-004,-4.294893296901137E-004,
2.488533333333334E+009,1.624196884222329E-004,-4.482634540181607E-004,1.419006293872371E-004,-3.956064756494016E-004,
2.488566666666667E+009,1.623206189833581E-004,-4.765993799082935E-004,8.685635839356110E-005,-4.355852433945984E-004,
2.488600000000000E+009,1.903087540995330E-004,-4.004559305030853E-004,1.091505764634349E-004,-4.350535164121538E-004,
2.488633333333334E+009,1.747665810398758E-004,-4.253145889379084E-004,1.164741333923303E-004,-4.675137461163104E-004,
2.488666666666667E+009,1.110797384171747E-004,-4.302313318476081E-004,1.768744696164504E-004,-4.611852345988154E-004,
2.488700000000000E+009,9.676753688836470E-005,-4.683195438701659E-004,7.605050632264465E-005,-5.071654450148344E-004,
2.488733333333334E+009,1.045909084496088E-004,-4.806888464372605E-004,1.004423538688570E-004,-4.411148256622255E-004,
2.488766666666667E+009,1.235824602190405E-004,-4.768907092511654E-004,4.902839282294735E-005,-4.143654659856111E-004,
2.488800000000000E+009,5.322290962794796E-005,-4.545980191323906E-004,5.597948620561510E-005,-4.960364312864840E-004,
2.488833333333334E+009,1.192836061818525E-004,-4.578258958645165E-004,9.591972047928721E-005,-4.931187140755355E-004,
2.488866666666667E+009,3.903699325746857E-005,-5.232238909229636E-004,6.341486005112529E-005,-4.857536114286631E-004,
2.488900000000000E+009,3.924403063138016E-005,-4.781318421009928E-004,1.412416622770252E-005,-4.686124739237130E-004,
2.488933333333334E+009,5.081253038952127E-005,-5.521053681150079E-004,4.556444400805049E-005,-4.853220016229898E-004,
2.488966666666667E+009,-5.934408909524791E-005,-5.337949842214584E-004,1.260313365492038E-005,-5.074938526377082E-004,
2.489000000000000E+009,7.499585535697406E-006,-5.022670957259834E-004,-1.732781811369932E-006,-4.614425997715443E-004,
2.489033333333334E+009,-3.181265128660016E-005,-5.105003947392106E-004,-2.823423756126431E-006,-5.480930558405817E-004,
2.489066666666667E+009,9.798846804187633E-006,-4.890108248218894E-004,-9.387624595547095E-005,-4.434927832335234E-004,
2.489100000000000E+009,-3.171091520925984E-005,-5.354236345738173E-004,-4.942696136822633E-007,-4.825991636607796E-004,
2.489133333333334E+009,-4.447940227692016E-005,-4.947189590893686E-004,-5.567766129388474E-005,-5.202267784625292E-004,
2.489166666666667E+009,-8.629788499092683E-005,-4.883026122115552E-004,-1.202265775646083E-004,-4.247332399245352E-004,
2.489200000000000E+009,-9.071059321286157E-005,-4.371807153802365E-004,-9.451019286643714E-005,-5.124438903294504E-004,
2.489233333333334E+009,-8.317072206409648E-005,-4.700137069448829E-004,-5.052370397606865E-005,-4.805772041436285E-004,
2.489266666666667E+009,-1.067208067979664E-004,-4.773048567585647E-004,-1.029792256304063E-004,-4.836620355490595E-004,
2.489300000000000E+009,-1.883902441477403E-004,-4.681023419834673E-004,-1.192279523820616E-004,-4.645978042390198E-004,
2.489333333333334E+009,-1.640110131120309E-004,-4.314566904213280E-004,-1.936772750923410E-004,-4.445211961865425E-004,
2.489366666666667E+009,-1.500534272054210E-004,-4.460884083528072E-004,-1.899428025353700E-004,-4.193261556793004E-004,
2.489400000000000E+009,-1.823488855734468E-004,-4.169730236753821E-004,-1.657138491282240E-004,-4.017047467641532E-004,
2.489433333333334E+009,-2.209618105553091E-004,-4.075400065630674E-004,-1.968711003428325E-004,-4.325651098042727E-004,
2.489466666666667E+009,-2.141808217857033E-004,-4.269721976015717E-004,-1.936352346092463E-004,-3.697085485327989E-004,
2.489500000000000E+009,-2.209564991062507E-004,-4.326065827626735E-004,-1.680544810369611E-004,-4.940890939906240E-004,
2.489533333333334E+009,-2.770336577668786E-004,-4.163678386248648E-004,-2.609437215141952E-004,-3.998374158982188E-004,
2.489566666666667E+009,-2.570900542195886E-004,-3.859949647448957E-004,-2.336188481422141E-004,-3.921321476809681E-004,
2.489600000000000E+009,-2.814580511767417E-004,-3.774513606913388E-004,-2.801971568260342E-004,-3.849179483950138E-004,
2.489633333333334E+009,-2.440967364236713E-004,-3.798356046900153E-004,-2.523260482121259E-004,-4.114999610465020E-004,
2.489666666666667E+009,-3.224763204343617E-004,-3.503336629364640E-004,-3.099701425526291E-004,-3.410187491681427E-004,
2.489700000000000E+009,-2.891654730774462E-004,-3.632119914982468E-004,-2.750240673776716E-004,-3.129559336230159E-004,
2.489733333333334E+009,-3.130534314550459E-004,-3.847691696137190E-004,-3.200955688953400E-004,-3.635284374468029E-004,
2.489766666666667E+009,-3.105078940279782E-004,-3.093308478128165E-004,-3.242927778046578E-004,-4.032034485135227E-004,
2.489800000000000E+009,-3.190865099895746E-004,-3.059375449083746E-004,-2.494595828466117E-004,-3.139703767374158E-004,
2.489833333333334E+009,-3.697663196362555E-004,-2.874422061722726E-004,-3.571306006051600E-004,-3.005502512678504E-004,
2.489866666666667E+009,-3.226244589313865E-004,-2.884001587517560E-004,-3.305830177851021E-004,-3.480500890873373E-004,
2.489900000000000E+009,-3.279098600614816E-004,-3.336868830956519E-004,-3.176978498231620E-004,-3.181347274221480E-004,
2.489933333333334E+009,-3.305173886474222E-004,-2.874322235584259E-004,-3.446018381509930E-004,-3.155533922836185E-004,
2.489966666666667E+009,-4.159173695370555E-004,-2.495086228009313E-004,-3.351832856424153E-004,-2.496815868653357E-004,
2.490000000000000E+009,-3.389657358638942E-004,-3.227374982088804E-004,-4.235862870700657E-004,-2.596924896351993E-004,
2.490033333333334E+009,-3.881741140503436E-004,-2.355398319195956E-004,-4.200163239147514E-004,-2.812044403981417E-004,
2.490066666666667E+009,-4.002214991487563E-004,-2.305763046024367E-004,-3.833828086499125E-004,-2.250560937682167E-004,
2.490100000000000E+009,-3.904802142642438E-004,-2.814117178786546E-004,-3.867329505737871E-004,-2.736844471655786E-004,
2.490133333333334E+009,-4.062083025928587E-004,-1.911856961669400E-004,-4.368375521153212E-004,-2.746323298197240E-004,
2.490166666666667E+009,-3.995420702267438E-004,-2.756174653768539E-004,-4.276592517271638E-004,-1.899709168355912E-004,
2.490200000000000E+009,-4.260716959834099E-004,-1.698300766292960E-004,-4.595038772094995E-004,-2.128449850715697E-004,
2.490233333333334E+009,-4.617607046384364E-004,-2.348602138226852E-004,-4.785296041518450E-004,-2.307886170456186E-004,
2.490266666666667E+009,-4.521381633821875E-004,-1.781423779902980E-004,-4.438026808202267E-004,-2.031572657870129E-004,
2.490300000000000E+009,-4.317074781283736E-004,-2.020130341406912E-004,-4.290777433197945E-004,-1.904103846754879E-004,
2.490333333333334E+009,-4.421978665050119E-004,-1.659922709222883E-004,-4.134796618018299E-004,-2.066714805550873E-004,
2.490366666666667E+009,-4.955247277393937E-004,-1.061811344698072E-004,-4.469541599974036E-004,-1.608847233001143E-004,
2.490400000000000E+009,-4.853011632803828E-004,-1.423839130438864E-004,-4.810657119378448E-004,-1.225190353579819E-004,
2.490433333333334E+009,-4.764926561620086E-004,-1.297357666771859E-004,-5.068401806056500E-004,-1.482056832173839E-004,
2.490466666666667E+009,-5.173376412130892E-004,-9.545467037241906E-005,-4.699091659858823E-004,-1.152952681877650E-004,
2.490500000000000E+009,-4.806240904144943E-004,-1.162639964604750E-004,-5.398376961238682E-004,-7.723455382802058E-006,
2.490533333333334E+009,-4.824983188882470E-004,-5.473926285048947E-005,-5.379761569201946E-004,-6.352947821142152E-005,
2.490566666666667E+009,-5.003515398129821E-004,1.898090340546332E-005,-5.254892748780549E-004,-2.750280327745713E-005,
2.490600000000000E+009,-5.116972024552524E-004,1.703720772638917E-005,-5.072348867543042E-004,-2.175526242353953E-005,
2.490633333333334E+009,-4.930222057737410E-004,-1.802580300136469E-005,-4.836383741348982E-004,-3.174123412463814E-005,
2.490666666666667E+009,-4.408112436067313E-004,1.936008629854769E-005,-5.044738063588738E-004,-3.234385530959116E-006,
2.490700000000000E+009,-4.584459820762277E-004,-2.292720637342427E-005,-4.914025776088238E-004,1.376501677441411E-005,
2.490733333333334E+009,-5.320230848155916E-004,4.182451812084764E-005,-5.377528723329306E-004,2.130186658177991E-005,
2.490766666666667E+009,-5.112070939503610E-004,3.715284765348770E-005,-4.770200466737151E-004,1.972465361177456E-005,
2.490800000000000E+009,-4.460836062207818E-004,9.765097638592124E-005,-4.595537611749023E-004,5.863867045263760E-005,
2.490833333333334E+009,-4.607315349858254E-004,4.925866596749984E-005,-4.885057569481432E-004,1.563001569593325E-005,
2.490866666666667E+009,-4.519056819844991E-004,7.047414692351595E-005,-4.954018513672054E-004,8.224147313740104E-005,
2.490900000000000E+009,-4.547467106021941E-004,1.178707243525423E-004,-4.800515016540885E-004,4.138437361689284E-005,
2.490933333333334E+009,-4.346564819570631E-004,9.624953236198053E-005,-4.627544258255512E-004,1.124762202380225E-004,
2.490966666666667E+009,-4.998761578463018E-004,1.123291658586823E-004,-4.939323989674449E-004,1.457712787669152E-004,
2.491000000000000E+009,-3.983264614362270E-004,1.563122496008873E-004,-4.570054006762803E-004,1.509961875854060E-004,
2.491033333333334E+009,-4.363432235550135E-004,1.794249110389501E-004,-3.625008394010365E-004,1.724700123304501E-004,
2.491066666666667E+009,-4.097793716937304E-004,1.272397057618946E-004,-4.620860563591123E-004,1.872986904345453E-004,
2.491100000000000E+009,-4.701320722233504E-004,1.694672537269071E-004,-4.759127623401582E-004,1.637660752749071E-004,
2.491133333333334E+009,-4.656126257032156E-004,1.697802363196388E-004,-4.212647036183626E-004,1.937831693794578E-004,
2.491166666666667E+009,-4.668448527809233E-004,1.797057338990271E-004,-3.596420865505934E-004,1.145605419878848E-004,
2.491200000000000E+009,-4.220879054628313E-004,1.958755310624838E-004,-4.073974268976599E-004,2.279019972775132E-004,
2.491233333333334E+009,-4.119270015507937E-004,2.554112870711833E-004,-3.961675975006074E-004,2.003834961215034E-004,
2.491266666666667E+009,-3.463161992840469E-004,2.526210155338049E-004,-3.731468459591270E-004,2.581260050646961E-004,
2.491300000000000E+009,-3.309322637505829E-004,2.319219202036038E-004,-4.219796974211931E-004,2.639216836541891E-004,
2.491333333333334E+009,-3.843981539830566E-004,2.500634291209281E-004,-3.103932831436396E-004,2.704822400119156E-004,
2.491366666666667E+009,-3.329402534291148E-004,2.235996071249247E-004,-3.794211370404810E-004,2.388629945926368E-004,
2.491400000000000E+009,-2.951250062324107E-004,2.307681133970618E-004,-3.426425973884761E-004,2.915052464231849E-004,
2.491433333333334E+009,-3.620586066972464E-004,3.366953751537949E-004,-3.545079962350428E-004,2.490078913979232E-004,
2.491466666666667E+009,-2.938004327006638E-004,3.176469472236931E-004,-3.256732597947121E-004,3.085882344748825E-004,
2.491500000000000E+009,-3.144201764371246E-004,3.160721971653402E-004,-3.371400525793433E-004,3.001026343554258E-004,
2.491533333333334E+009,-2.955615054816008E-004,2.592878881841898E-004,-2.924466098193079E-004,2.923736174125224E-004,
2.491566666666667E+009,-2.844327827915549E-004,2.891369513235986E-004,-2.978290140163153E-004,3.729997260961682E-004,
2.491600000000000E+009,-3.059560258407146E-004,2.940376580227166E-004,-2.960062702186406E-004,3.377013199497014E-004,
2.491633333333334E+009,-2.290361589984968E-004,3.287888248451054E-004,-2.834749175235629E-004,3.516316937748343E-004,
2.491666666666667E+009,-2.414989576209337E-004,3.463025495875627E-004,-2.813159371726215E-004,3.501154715195298E-004,
2.491700000000000E+009,-2.220881287939847E-004,3.764465509448201E-004,-2.809829311445355E-004,3.849714994430542E-004,
2.491733333333334E+009,-2.470404433552176E-004,3.576908784452826E-004,-2.149516658391804E-004,3.989134856965393E-004,
2.491766666666667E+009,-2.681445912458003E-004,3.938777372241020E-004,-2.238971210317686E-004,3.806265012826771E-004,
2.491800000000000E+009,-2.666695218067616E-004,3.467765054665506E-004,-2.295846206834540E-004,3.708153089974076E-004,
2.491833333333334E+009,-1.761746534612030E-004,3.684408438857645E-004,-2.399881923338398E-004,3.945658099837601E-004,
2.491866666666667E+009,-2.221899194410071E-004,3.716580686159432E-004,-1.807863736758009E-004,3.613803128246218E-004,
2.491900000000000E+009,-1.431934797437862E-004,4.475564055610448E-004,-1.976940111489967E-004,4.170462780166417E-004,
2.491933333333334E+009,-2.165184851037338E-004,3.476466226857156E-004,-1.878203474916518E-004,4.274288367014378E-004,
2.491966666666667E+009,-1.951764570549130E-004,3.558275930117816E-004,-1.816692529246211E-004,4.146790888626128E-004,
2.492000000000000E+009,-1.473725569667295E-004,4.238953988533467E-004,-1.591928885318339E-004,4.000683547928929E-004,
2.492033333333334E+009,-2.010319876717404E-004,4.963335231877863E-004,-1.085729381884448E-004,4.602176195476204E-004,
2.492066666666667E+009,-1.284530444536358E-004,4.270469071343541E-004,-1.655596279306337E-004,4.575149796437472E-004,
2.492100000000000E+009,-1.297757698921487E-004,4.237389657646418E-004,-1.782363833626732E-004,4.813119594473392E-004,
2.492133333333334E+009,-8.167565101757646E-005,4.696212708950043E-004,-8.142978913383558E-005,4.323053581174463E-004,
2.492166666666667E+009,-8.178134157788009E-005,5.337191978469491E-004,-1.179970640805550E-004,4.583064874168485E-004,
2.492200000000000E+009,-7.191229815362021E-005,4.221699782647193E-004,-4.793411062564701E-005,4.959035431966186E-004,
2.492233333333334E+009,-8.278772293124348E-005,4.411439585965127E-004,-1.091380836442113E-004,4.447315586730838E-004,
2.492266666666667E+009,-3.520555537761538E-006,4.248990153428167E-004,-5.791181320091710E-005,4.432272980920970E-004,
2.492300000000000E+009,-7.592145993839949E-005,4.378878220450133E-004,-4.528518547886051E-005,4.418918688315898E-004,
2.492333333333334E+009,4.419417746248655E-005,4.588820738717914E-004,-2.903432141465601E-005,4.040798812638968E-004,
2.492366666666667E+009,-5.582410722126951E-006,4.016759048681706E-004,1.294199955736985E-005,4.265095340088010E-004,
2.492400000000000E+009,-5.928121754550375E-005,4.195604706183076E-004,2.647342080308590E-005,3.905738412868232E-004,
2.492433333333334E+009,2.608037902973592E-005,4.089389403816313E-004,5.179913387109991E-006,4.108221619389951E-004,
2.492466666666667E+009,3.590577398426831E-005,4.163890553172678E-004,3.818370169028640E-005,4.039286577608436E-004,
2.492500000000000E+009,2.211313403677195E-005,3.434864047449082E-004,5.706061347154900E-005,4.564223927445710E-004,
2.492533333333334E+009,1.070726211764850E-004,3.824939485639334E-004,8.294717554235831E-005,4.122712707612664E-004,
2.492566666666667E+009,9.002407023217529E-005,4.198671667836607E-004,6.663298700004816E-005,4.285651666577905E-004,
2.492600000000000E+009,1.038667396642268E-004,4.141741665080190E-004,6.250907608773559E-005,4.328911891207099E-004,
2.492633333333334E+009,6.747824227204546E-005,3.278460353612900E-004,9.011256042867899E-005,3.894282272085547E-004,
2.492666666666667E+009,1.001685595838353E-004,3.889130020979792E-004,1.126752686104737E-004,3.405027964618057E-004,
2.492700000000000E+009,9.504333866061643E-005,3.904656914528459E-004,9.690825390862301E-005,3.859434800688177E-004,
2.492733333333334E+009,1.070894140866585E-004,3.459024883341044E-004,1.198011377709918E-004,3.857840201817453E-004,
2.492766666666667E+009,1.318715367233381E-004,3.786164743360132E-004,1.025048477458768E-004,3.834898234345019E-004,
2.492800000000000E+009,1.483920786995441E-004,3.555699950084090E-004,1.224726293003187E-004,3.776296798605472E-004,
2.492833333333334E+009,1.788360677892342E-004,3.652725135907531E-004,1.457630278309807E-004,3.528382512740791E-004,
2.492866666666667E+009,1.896206958917901E-004,3.280252567492425E-004,1.895356544991955E-004,3.247552085667849E-004,
2.492900000000000E+009,2.017855731537566E-004,3.355029039084911E-004,1.817777520045638E-004,3.559446777217090E-004,
2.492933333333334E+009,1.796591532183811E-004,2.995617396663874E-004,1.043043666868471E-004,3.493309195619077E-004,
2.492966666666667E+009,2.028667804552242E-004,2.684629580471665E-004,1.803585328161717E-004,2.749910927377641E-004,
2.493000000000000E+009,1.878684124676511E-004,3.336636582389474E-004,1.772369869286194E-004,3.682526003103703E-004,
2.493033333333334E+009,2.546512405388057E-004,3.124483337160200E-004,1.703793241176754E-004,2.911936317104846E-004,
2.493066666666667E+009,2.452610933687538E-004,2.775879693217576E-004,1.765389897627756E-004,3.221140650566667E-004,
2.493100000000000E+009,2.269678225275129E-004,2.986005565617234E-004,2.468236780259758E-004,3.324673161841929E-004,
2.493133333333334E+009,2.500628179404885E-004,2.790117287077010E-004,2.310570853296667E-004,2.968148619402200E-004,
2.493166666666667E+009,2.223996998509392E-004,2.351971488678828E-004,2.289526455570012E-004,3.280765959061682E-004,
2.493200000000000E+009,1.943214010680094E-004,2.611795207485557E-004,2.636482240632176E-004,2.616652636788786E-004,
2.493233333333334E+009,2.633245603647083E-004,2.176573761971667E-004,2.171763480873779E-004,2.602156018838286E-004,
2.493266666666667E+009,2.520394336897880E-004,2.150944637833163E-004,2.571638324297965E-004,2.612698008306325E-004,
2.493300000000000E+009,2.648195950314403E-004,2.699270262382925E-004,2.946799213532358E-004,2.679097524378449E-004,
2.493333333333334E+009,2.987228799611330E-004,2.660753962118179E-004,2.820568333845586E-004,2.536195970606059E-004,
2.493366666666667E+009,2.603584143798798E-004,2.176565176341683E-004,3.057812864426523E-004,2.486800076439977E-004,
2.493400000000000E+009,3.519522724673152E-004,2.339128113817424E-004,2.538217522669584E-004,2.480483090039343E-004,
2.493433333333334E+009,3.485998604446650E-004,1.758824946591631E-004,3.256632771808654E-004,2.598489227239043E-004,
2.493466666666667E+009,2.742327051237226E-004,2.721670316532254E-004,2.941949642263353E-004,1.980035158339888E-004,
2.493500000000000E+009,3.330544859636575E-004,1.770894159562886E-004,3.238005447201431E-004,2.029834577115253E-004,
2.493533333333334E+009,3.177252947352827E-004,1.590404281159863E-004,2.539664565119892E-004,1.314804540015757E-004,
2.493566666666667E+009,3.022512246388942E-004,1.940526708494872E-004,3.804877051152289E-004,1.737554557621479E-004,
2.493600000000000E+009,3.294977941550314E-004,1.709908974589780E-004,3.731975739356130E-004,1.869676780188456E-004,
2.493633333333334E+009,3.733210323844105E-004,1.468864647904411E-004,3.461768210399896E-004,1.716008846415207E-004,
2.493666666666667E+009,3.802770806942135E-004,2.160815056413412E-004,3.666508127935231E-004,2.275968436151743E-004,
2.493700000000000E+009,4.126217390876263E-004,2.186132333008573E-004,3.932542458642274E-004,1.179850005428307E-004,
2.493733333333334E+009,3.956993168685585E-004,1.063802264980041E-004,4.323703469708562E-004,1.128208823502064E-004,
2.493766666666667E+009,3.658388159237802E-004,1.073732564691454E-004,3.895281406585127E-004,1.375093270326033E-004,
2.493800000000000E+009,3.471830568742007E-004,1.519786164863035E-004,3.532573464326561E-004,1.386384101351723E-004,
2.493833333333334E+009,3.745362628251314E-004,1.124634436564520E-004,3.266615676693618E-004,1.333173568127677E-004,
2.493866666666667E+009,3.102514019701630E-004,1.063420713762753E-004,3.968789824284613E-004,1.491679431637749E-004,
2.493900000000000E+009,3.513073315843940E-004,8.599367902206723E-006,3.432234516367316E-004,9.433146624360234E-005,
2.493933333333334E+009,3.504519991111010E-004,5.114220039104112E-005,2.822663227561861E-004,1.518231874797493E-004,
2.493966666666667E+009,3.412192454561591E-004,9.307937580160797E-005,3.358551475685090E-004,7.569466833956540E-005,
2.494000000000000E+009,3.686763811856508E-004,7.573617040179670E-005,3.828858316410333E-004,6.741738616256043E-005,
2.494033333333334E+009,4.048171686008573E-004,5.666647484758869E-005,3.389868361409754E-004,9.185299859382212E-005,
2.494066666666667E+009,3.090309328399599E-004,5.978061017231084E-005,3.500092716421932E-004,3.673695755423978E-005,
2.494100000000000E+009,3.252426686231047E-004,-1.938611831064918E-007,3.129708347842097E-004,6.483694596681744E-005,
2.494133333333334E+009,3.679200308397412E-004,6.269543519010767E-005,3.649804275482893E-004,5.579944172495743E-006,
2.494166666666667E+009,3.431273216847330E-004,-3.970857869717293E-005,3.003312158398330E-004,4.007080133305863E-005,
2.494200000000000E+009,3.467062197159976E-004,-2.770183982647723E-006,2.870379248633981E-004,4.135124254389666E-005,
2.494233333333334E+009,2.767021651379764E-004,-4.468070255825296E-005,3.164020890835673E-004,2.472691267030314E-005,
2.494266666666667E+009,3.234370960853994E-004,-3.238697900087573E-005,3.038115391973406E-004,2.036349360423628E-005,
2.494300000000000E+009,3.301417746115476E-004,-3.621498399297707E-005,3.150079865008593E-004,1.352737399429316E-005,
2.494333333333334E+009,2.773512678686529E-004,1.158343275164953E-005,3.721555403899401E-004,-3.613547596614808E-005,
2.494366666666667E+009,3.448028001002967E-004,-9.905972547130659E-005,2.800591464620084E-004,-3.680926965898834E-005,
2.494400000000000E+009,3.220936050638557E-004,-3.321157782920636E-005,3.375154337845743E-004,-3.086028300458565E-005,
2.494433333333334E+009,3.472099779173732E-004,-8.947224705480039E-005,2.808449207805097E-004,-5.750393393100239E-005,
2.494466666666667E+009,2.675540745258331E-004,-7.952009036671370E-005,2.769414277281612E-004,-6.092323019402102E-005,
2.494500000000000E+009,3.305173886474222E-004,-1.016030655591749E-004,3.209049173165113E-004,-7.577631185995415E-005,
2.494533333333334E+009,3.201567742507905E-004,-8.762779907556251E-005,2.771529834717512E-004,-7.378530426649377E-005,
2.494566666666667E+009,2.627718204166740E-004,-7.144862320274115E-005,3.388051700312644E-004,-9.521793253952637E-005,
2.494600000000000E+009,2.860952517949045E-004,-5.659244197886437E-005,3.068219521082938E-004,-1.261943980352953E-004,
2.494633333333334E+009,3.118797030765563E-004,-1.001417695078999E-004,2.827884163707495E-004,-9.820923150982708E-005,
2.494666666666667E+009,3.125188522972167E-004,-9.519922605250031E-005,2.988280903082341E-004,-7.302431913558394E-005,
2.494700000000000E+009,2.336027682758868E-004,-1.072644663508982E-004,2.833344042301178E-004,-1.016132810036652E-004,
2.494733333333334E+009,2.797178749460727E-004,-1.436837192159146E-004,2.872863551601768E-004,-1.160393367172219E-004,
2.494766666666667E+009,2.544889575801790E-004,-1.485060492996126E-004,2.613685501273722E-004,-1.162926128017716E-004,
2.494800000000000E+009,2.655257121659815E-004,-1.073175662895665E-004,2.699324977584183E-004,-1.338934671366587E-004,
2.494833333333334E+009,2.863150148186833E-004,-1.952847524080426E-004,2.509366022422910E-004,-2.047386224148795E-004,
2.494866666666667E+009,3.049981314688921E-004,-1.638266257941723E-004,2.214897540397942E-004,-1.649278419790790E-004,
2.494900000000000E+009,2.588534553069621E-004,-1.218769320985302E-004,3.214047173969448E-004,-1.140778767876327E-004,
2.494933333333334E+009,2.914106880780309E-004,-1.121552704717033E-004,2.036872174357995E-004,-1.657959364820272E-004,
2.494966666666667E+009,2.399831282673404E-004,-1.330647792201489E-004,2.477054367773235E-004,-1.137766666943207E-004,
2.495000000000000E+009,2.525367890484631E-004,-1.664732408244163E-004,2.434944617561996E-004,-1.525254629086703E-004,
2.495033333333334E+009,2.662066253833473E-004,-1.947703567566350E-004,2.409922308288515E-004,-2.050515467999503E-004,
2.495066666666667E+009,2.296651073265821E-004,-2.012281183851883E-004,2.006194699788466E-004,-1.813900598790497E-004,
2.495100000000000E+009,2.447824226692319E-004,-2.120237477356568E-004,2.408541186014190E-004,-2.097483666148037E-004,
2.495133333333334E+009,2.568310301285237E-004,-1.812803093343973E-004,2.445151039864868E-004,-2.759284689091146E-004,
2.495166666666667E+009,2.457876980770379E-004,-2.357062912778929E-004,2.440850803395733E-004,-1.920232461998239E-004,
2.495200000000000E+009,2.658239100128412E-004,-1.758980797603726E-004,2.062871208181605E-004,-2.373710885876790E-004,
2.495233333333334E+009,2.164690813515335E-004,-2.366736443946138E-004,2.601643791422248E-004,-2.550723438616842E-004,
2.495266666666667E+009,2.184391923947260E-004,-2.493979700375348E-004,2.781676012091339E-004,-2.186143537983298E-004,
2.495300000000000E+009,1.936212065629661E-004,-2.760337956715375E-004,1.729041832732037E-004,-1.890953135443851E-004,
2.495333333333334E+009,2.158448187401518E-004,-2.804222167469561E-004,2.029899187618867E-004,-2.373907045694068E-004,
2.495366666666667E+009,2.204576740041375E-004,-2.824598923325539E-004,2.217526780441403E-004,-2.057940000668168E-004,
2.495400000000000E+009,1.999541564146057E-004,-2.414059126749635E-004,1.891513529699296E-004,-2.161723823519424E-004,
2.495433333333334E+009,2.050740295089781E-004,-2.606772468425334E-004,1.909853308461607E-004,-1.903725787997246E-004,
2.495466666666667E+009,2.237348526250571E-004,-2.566167677287012E-004,1.555536146042869E-004,-2.431362809147686E-004,
2.495500000000000E+009,1.765475608408451E-004,-2.590686781331897E-004,2.184853656217456E-004,-2.746476384345442E-004,
2.495533333333334E+009,1.733118260744959E-004,-2.746954269241542E-004,1.854906440712512E-004,-2.175298432121053E-004,
2.495566666666667E+009,1.761563471518457E-004,-2.838491927832365E-004,1.557583600515500E-004,-2.409777662251145E-004,
2.495600000000000E+009,1.383495255140588E-004,-2.078759134747088E-004,1.625644072191790E-004,-2.161421871278435E-004,
2.495633333333334E+009,1.802194892661646E-004,-1.994111808016896E-004,1.306524063693360E-004,-2.413239417364821E-004,
2.495666666666667E+009,1.081573354895227E-004,-2.624080807436258E-004,1.321730233030394E-004,-2.307596587343141E-004,
2.495700000000000E+009,1.603814598638564E-004,-2.587315393611789E-004,1.110825614887290E-004,-2.858330553863198E-004,
2.495733333333334E+009,1.641990966163576E-004,-2.371354057686403E-004,7.194789941422641E-005,-2.708888205233961E-004,
2.495766666666667E+009,1.372549595544115E-004,-2.701334015000612E-004,1.431217533536255E-004,-2.540183486416936E-004,
2.495800000000000E+009,1.671404315857217E-004,-2.529418561607599E-004,7.203813584055752E-005,-2.620796731207520E-004,
2.495833333333334E+009,1.617493689991534E-004,-2.185372577514499E-004,1.364767376799136E-004,-2.629533119034022E-004,
2.495866666666667E+009,1.626910816412419E-004,-3.359763650223613E-004,5.922431228100322E-005,-2.742864307947457E-004,
2.495900000000000E+009,5.906240039621480E-005,-1.832233829190955E-004,1.135233032982796E-004,-2.721918572206050E-004,
2.495933333333334E+009,7.618289237143472E-005,-2.422190154902637E-004,1.132166798925027E-004,-2.745950769167393E-004,
2.495966666666667E+009,4.813116902369075E-005,-3.304132842458785E-004,5.448074443847872E-005,-2.150739746866748E-004,
2.496000000000000E+009,1.249635970452800E-004,-2.456183719914407E-004,7.929358253022656E-005,-2.657317672856152E-004,
2.496033333333334E+009,4.297913983464241E-005,-2.521056740079075E-004,1.064694806700572E-004,-2.910269831772894E-004,
2.496066666666667E+009,3.555755392881110E-005,-2.313543227501214E-004,8.912874909583479E-005,-2.816219348460436E-004,
2.496100000000000E+009,2.776344990707003E-005,-2.797630440909416E-004,8.259785681730136E-005,-2.631073002703488E-004,
2.496133333333334E+009,3.931935862055980E-005,-2.099348930642009E-004,6.001097062835470E-005,-2.588858187664300E-004,
2.496166666666667E+009,3.718193056556629E-006,-2.583726309239864E-004,6.938900332897902E-005,-2.800289657898247E-004,
2.496200000000000E+009,5.813513780594803E-005,-2.225394855486229E-004,5.615761983790435E-005,-2.512894570827484E-004,
2.496233333333334E+009,-7.644043762411457E-006,-3.116856678389013E-004,6.062620741431601E-005,-2.795007021632046E-004,
2.496266666666667E+009,6.951946852495894E-005,-2.676082949619740E-004,5.880309254280292E-005,-2.574117388576269E-004,
2.496300000000000E+009,-3.740894317161292E-005,-3.691913734655827E-004,2.231751204817556E-005,-3.145512600895017E-004,
2.496333333333334E+009,5.238781886873767E-005,-3.037192800547928E-004,1.174360113509465E-005,-2.959625562652946E-004,
2.496366666666667E+009,2.094182673317846E-005,-2.964245213661343E-004,2.685939034563489E-005,-2.661793841980398E-004,
2.496400000000000E+009,-1.745530425978359E-005,-2.544008602853864E-004,-8.382329724554438E-006,-2.781817456707358E-004,
2.496433333333334E+009,-1.596855145180598E-005,-2.655680000316352E-004,3.539566023391672E-005,-3.082812763750553E-004,
2.496466666666667E+009,1.374671137455152E-005,-2.745514502748847E-004,1.153381163021550E-005,-2.973566006403416E-004,
2.496500000000000E+009,-3.145519440295175E-005,-2.607112110126764E-004,-1.973751022887882E-005,-2.895242068916559E-004,
2.496533333333334E+009,-4.593093763105571E-005,-2.879500680137426E-004,-5.219631202635355E-005,-3.658524365164340E-004,
2.496566666666667E+009,3.466631648407770E-009,-2.431376633467153E-004,-2.179302464355715E-005,-2.905578876379877E-004,
2.496600000000000E+009,-1.218728630192345E-005,-3.180023923050612E-004,1.967627031262964E-005,-2.842330140992999E-004,
2.496633333333334E+009,-1.533645991003141E-005,-2.837452921085060E-004,-3.029889376193751E-005,-2.958237309940159E-004,
2.496666666666667E+009,-3.284531885583419E-006,-2.717892348300666E-004,-5.756217069574632E-005,-3.086070646531880E-004,
2.496700000000000E+009,-5.191339732846245E-005,-2.922905841842294E-004,-7.370910316240042E-005,-3.131970879621804E-004,
2.496733333333334E+009,-1.193653806694783E-004,-3.702511603478342E-004,-7.065205136314035E-005,-3.390299098100513E-004,
2.496766666666667E+009,-8.642167813377455E-005,-3.087724617216736E-004,-9.208017581840977E-005,-2.826886484399438E-004,
2.496800000000000E+009,-1.031864958349615E-004,-2.649631060194224E-004,-1.518223871244118E-004,-2.966419269796461E-004,
2.496833333333334E+009,-1.011879139696248E-004,-2.378740464337170E-004,-1.282290613744408E-004,-3.451766096986830E-004,
2.496866666666667E+009,-8.113203512039036E-005,-2.896005171351135E-004,-1.175345896626823E-004,-2.763626398518682E-004,
2.496900000000000E+009,-1.056892651831731E-004,-2.917280362453312E-004,-1.616315857972950E-004,-3.363323921803385E-004,
2.496933333333334E+009,-1.517405617050827E-004,-3.100182511843741E-004,-9.394694643560797E-005,-2.845305425580591E-004,
2.496966666666667E+009,-1.101780508179218E-004,-3.234734467696399E-004,-1.571060711285099E-004,-3.020719450432807E-004,
2.497000000000000E+009,-8.756941679166630E-005,-2.843921538442373E-004,-1.275738177355379E-004,-2.505396259948611E-004,
2.497033333333334E+009,-1.555025082780048E-004,-3.244567778892815E-004,-1.672892831265926E-004,-2.649606321938336E-004,
2.497066666666667E+009,-1.793041446944699E-004,-2.701299963518977E-004,-1.275931135751307E-004,-2.504143049009144E-004,
2.497100000000000E+009,-1.577174116391689E-004,-2.828875731211156E-004,-1.368378580082208E-004,-3.041611635126174E-004,
2.497133333333334E+009,-1.707492483546957E-004,-2.423706173431128E-004,-1.612909545656294E-004,-2.746069803833962E-004,
2.497166666666667E+009,-1.904870150610805E-004,-2.865483402274549E-004,-1.859588664956391E-004,-2.898446982726455E-004,
2.497200000000000E+009,-1.299559226026759E-004,-3.257132193539292E-004,-1.788231020327658E-004,-2.498852845747024E-004,
2.497233333333334E+009,-1.521708036307246E-004,-2.894858480431140E-004,-1.195198128698394E-004,-2.479075046721846E-004,
2.497266666666667E+009,-1.647589378990233E-004,-3.044647746719420E-004,-1.852246059570462E-004,-2.788634737953544E-004,
2.497300000000000E+009,-1.046919205691665E-004,-2.442744153086096E-004,-1.694943348411471E-004,-2.623318578116596E-004,
2.497333333333334E+009,-1.295784022659063E-004,-2.837746287696064E-004,-1.855403097579256E-004,-2.878412778954953E-004,
2.497366666666667E+009,-1.985591079574078E-004,-2.460581308696419E-004,-1.863636716734618E-004,-2.803409297484905E-004,
2.497400000000000E+009,-2.496998349670321E-004,-2.523842558730394E-004,-1.741463056532666E-004,-2.310105628566816E-004,
2.497433333333334E+009,-2.127867628587410E-004,-2.229128585895523E-004,-2.059788821497932E-004,-2.236396103398874E-004,
2.497466666666667E+009,-1.820998877519742E-004,-1.814840798033401E-004,-2.277793828397989E-004,-2.530881902202964E-004,
2.497500000000000E+009,-2.041312400251627E-004,-2.912266063503921E-004,-1.738968421705067E-004,-2.246702206321061E-004,
2.497533333333334E+009,-1.901274663396180E-004,-1.924595417222008E-004,-2.062366984318942E-004,-2.093938819598407E-004,
2.497566666666667E+009,-2.090163179673255E-004,-2.386453707003966E-004,-2.321085339644924E-004,-2.243954659206793E-004,
2.497600000000000E+009,-2.230929530924186E-004,-2.227586228400469E-004,-2.991903456859291E-004,-2.135199320036918E-004,
2.497633333333334E+009,-2.375253679929301E-004,-1.755677512846887E-004,-2.625164634082466E-004,-1.581457763677463E-004,
2.497666666666667E+009,-2.477963280398399E-004,-2.111823851009831E-004,-2.727935498114675E-004,-2.348864218220115E-004,
2.497700000000000E+009,-2.207013749284670E-004,-1.979732041945681E-004,-3.384023439139128E-004,-1.982782850973308E-004,
2.497733333333334E+009,-2.557169937063009E-004,-1.942504022736102E-004,-2.210810052929446E-004,-1.822223275667056E-004,
2.497766666666667E+009,-3.111610130872577E-004,-1.443064538761973E-004,-2.535060048103333E-004,-2.299721527379006E-004,
2.497800000000000E+009,-3.049542719963938E-004,-2.013040211750194E-004,-2.952299255412072E-004,-1.811607362469658E-004,
2.497833333333334E+009,-3.147112729493529E-004,-1.910771388793364E-004,-2.488211903255433E-004,-1.523069659015164E-004,
2.497866666666667E+009,-3.084034251514822E-004,-1.813906565075740E-004,-2.930602640844882E-004,-1.579086238052696E-004,
2.497900000000000E+009,-2.622815372887999E-004,-1.303139870287851E-004,-2.934454823844135E-004,-1.548526633996517E-004,
2.497933333333334E+009,-2.854045887943357E-004,-1.601175608811900E-004,-2.767099067568779E-004,-1.925443793879822E-004,
2.497966666666667E+009,-2.812187885865569E-004,-1.761681050993502E-004,-3.139994223602116E-004,-1.293434906983748E-004,
2.498000000000000E+009,-3.405085590202361E-004,-1.890184648800641E-004,-3.274633490946144E-004,-1.208752946695313E-004,
2.498033333333334E+009,-3.208403941243887E-004,-1.396423176629469E-004,-3.588985127862543E-004,-1.614511566003785E-004,
2.498066666666667E+009,-3.030683146789670E-004,-1.565936254337430E-004,-3.668940044008195E-004,-9.802579006645829E-005,
2.498100000000000E+009,-2.901571861002594E-004,-1.295377442147583E-004,-3.514875425025821E-004,-1.161231048172340E-004,
2.498133333333334E+009,-3.364222066011280E-004,-1.209383699460886E-004,-3.052182728424668E-004,-8.256819273810834E-005,
2.498166666666667E+009,-3.269010048825294E-004,-6.497354479506612E-005,-3.380361595191062E-004,-3.765083238249645E-005,
2.498200000000000E+009,-3.142369096167386E-004,-2.209612284786999E-005,-3.404880117159337E-004,-6.121832848293707E-005,
2.498233333333334E+009,-3.535989962983877E-004,-2.918904101534281E-005,-4.136117058806121E-004,-1.434779096598504E-005,
2.498266666666667E+009,-2.957157557830215E-004,-5.839960795128718E-005,-3.952572005800903E-004,-7.720460416749120E-005,
2.498300000000000E+009,-3.911892126780003E-004,-6.266592208703514E-006,-3.989563556388021E-004,-3.634402673924342E-005,
2.498333333333334E+009,-3.556165320333093E-004,-8.630933007225394E-005,-3.712339675985277E-004,3.079409225392737E-006,
2.498366666666667E+009,-3.865518665406853E-004,-5.202454303798731E-006,-3.807426546700299E-004,-4.952309154759860E-006,
2.498400000000000E+009,-3.929705417249352E-004,1.927859557326883E-005,-4.336953279562295E-004,1.701454857538920E-005,
2.498433333333334E+009,-4.338407889008522E-004,2.768776721495669E-005,-3.621304931584746E-004,3.003557503689081E-005,
2.498466666666667E+009,-3.496124118100852E-004,7.659699622308835E-005,-3.946708748117089E-004,8.914705540519208E-005,
2.498500000000000E+009,-3.950752434320748E-004,2.148384737665765E-005,-3.728410520125181E-004,3.526339787640609E-005,
2.498533333333334E+009,-4.277689149603248E-004,3.545819345163181E-005,-3.930826205760241E-004,7.621757686138153E-005,
2.498566666666667E+009,-3.792287898249924E-004,5.532764407689683E-005,-3.669656580314040E-004,3.387588731129654E-005,
2.498600000000000E+009,-3.752469783648849E-004,6.237835623323917E-005,-3.946266951970756E-004,4.959632860845886E-005,
2.498633333333334E+009,-3.283099795226008E-004,5.248612069408409E-005,-3.960293834097683E-004,2.978539123432711E-005,
2.498666666666667E+009,-4.173642082605511E-004,1.101626039599069E-004,-4.083893436472863E-004,7.490126881748438E-005,
2.498700000000000E+009,-3.599094925448299E-004,4.709413406089880E-005,-3.340256516821683E-004,1.122055691666901E-004,
2.498733333333334E+009,-4.017887113150209E-004,9.000984573503956E-005,-3.350950428284705E-004,1.276898401556537E-004,
2.498766666666667E+009,-3.947569057345390E-004,1.209984038723633E-004,-3.283593396190554E-004,8.701509068487212E-005,
2.498800000000000E+009,-3.710632736328989E-004,9.872052760329098E-005,-3.535311261657625E-004,1.236731914104894E-004,
2.498833333333334E+009,-3.899584698956460E-004,1.513686001999304E-004,-3.289901360403746E-004,1.250064524356276E-004,
2.498866666666667E+009,-3.751491312868893E-004,1.356317661702633E-004,-3.178889455739409E-004,1.396556035615504E-004,
2.498900000000000E+009,-3.561824560165405E-004,1.055821994668804E-004,-3.263446560595185E-004,1.776621211320162E-004,
2.498933333333334E+009,-3.462761815171689E-004,1.505533145973459E-004,-3.178819024469703E-004,1.326318888459355E-004,
2.498966666666667E+009,-3.491468378342688E-004,1.543527323519811E-004,-2.839365915860981E-004,1.673808728810400E-004,
2.499000000000000E+009,-3.259020450059325E-004,1.963571703527123E-004,-3.178875194862485E-004,1.400187611579895E-004,
2.499033333333334E+009,-3.211685107089579E-004,2.001946559175849E-004,-3.096659202128649E-004,1.646290183998644E-004,
2.499066666666667E+009,-2.861858229152858E-004,2.057100064121187E-004,-3.482449683360755E-004,1.569891610415652E-004,
2.499100000000000E+009,-3.014812245965004E-004,2.202979230787605E-004,-2.955364470835775E-004,2.349048445466906E-004,
2.499133333333334E+009,-2.911432238761336E-004,2.109779015881941E-004,-3.278411750216037E-004,2.317368489457294E-004,
2.499166666666667E+009,-3.236656193621457E-004,1.977504580281675E-004,-3.406668838579208E-004,2.394645998720080E-004,
2.499200000000000E+009,-2.917228266596794E-004,1.500038342783228E-004,-3.078771114815027E-004,2.094410592690110E-004,
2.499233333333334E+009,-2.493415086064488E-004,2.249358221888542E-004,-2.984575112350285E-004,2.373993484070525E-004,
2.499266666666667E+009,-2.855901839211583E-004,2.611968084238470E-004,-2.351786533836275E-004,2.510598860681057E-004,
2.499300000000000E+009,-2.612874377518892E-004,2.818227803800255E-004,-2.670852700248361E-004,3.052827378269285E-004,
2.499333333333334E+009,-2.527885953895748E-004,2.494088257662952E-004,-2.032570628216490E-004,2.527220058254898E-004,
2.499366666666667E+009,-2.692620910238475E-004,2.376141783315688E-004,-3.061064053326845E-004,3.324267745483667E-004,
2.499400000000000E+009,-2.484525903128088E-004,2.850994351319969E-004,-2.683743659872562E-004,2.673656272236258E-004,
2.499433333333334E+009,-1.952550082933158E-004,2.312687429366633E-004,-2.962530707009137E-004,2.766464604064822E-004,
2.499466666666667E+009,-2.593370154500008E-004,2.661961480043829E-004,-2.540415734983981E-004,3.012981323990971E-004,
2.499500000000000E+009,-2.420508826617152E-004,3.242184757255018E-004,-2.490316983312368E-004,2.945061423815787E-004,
2.499533333333334E+009,-1.718138082651421E-004,3.360719420015812E-004,-1.709223870420829E-004,2.777673362288624E-004,
2.499566666666667E+009,-2.235138672403991E-004,2.933168434537947E-004,-2.231545804534107E-004,3.315995272714645E-004,
2.499600000000000E+009,-1.925313408719376E-004,2.905888250097632E-004,-2.326504036318511E-004,3.114860446657985E-004,
2.499633333333334E+009,-1.986983843380585E-004,3.348114551045001E-004,-1.968134165508673E-004,3.323919663671404E-004,
2.499666666666667E+009,-1.991905737668276E-004,3.217485791537911E-004,-1.683323789620772E-004,3.189531853422523E-004,
2.499700000000000E+009,-1.442250795662403E-004,3.400742716621608E-004,-1.831690315157175E-004,2.981712459586561E-004,
2.499733333333334E+009,-1.547747524455190E-004,3.131183912046254E-004,-1.244051672983915E-004,3.665296826511622E-004,
2.499766666666667E+009,-1.342438918072730E-004,4.140263190492988E-004,-1.593003689777106E-004,3.261442470829934E-004,
2.499800000000000E+009,-1.209196780109778E-004,2.938726975116879E-004,-1.767001522239298E-004,3.535697178449482E-004,
2.499833333333334E+009,-1.456655445508659E-004,3.514204581733793E-004,-1.610539911780506E-004,3.540266770869494E-004,
2.499866666666667E+009,-9.438663983019069E-005,3.427415795158595E-004,-1.314093242399395E-004,3.915910783689469E-004,
2.499900000000000E+009,-6.545018550241366E-005,3.555915609467775E-004,-1.086130141629838E-004,3.594706940930337E-004,
2.499933333333334E+009,-8.159852586686611E-005,3.636058827396482E-004,-1.077861234080046E-004,3.981664776802063E-004,
2.499966666666667E+009,-2.487941674189642E-005,3.744932473637164E-004,-5.178138599148952E-005,3.832227666862309E-004,
2.500000000000000E+009,-5.572812369791791E-005,4.033177683595568E-004,-5.101698843645863E-005,3.945391217712313E-004,
