% Version 1.00
%
%freq[Hz];re:Trc1_S21;im:Trc1_S21;re:Trc2_S12;im:Trc2_S12;
2.480000000000000E+009,2.568586496636272E-004,2.305437374161556E-005,2.801440132316202E-004,-1.307459388044663E-005,
2.480033333333334E+009,3.342168056406081E-004,-7.834555617591832E-006,2.964641898870468E-004,-2.848839358193800E-005,
2.480066666666667E+009,2.868462470360100E-004,-9.274116018787026E-005,3.124033100903034E-004,-1.341731876891572E-005,
2.480100000000000E+009,2.898109087254852E-004,-3.443479727138765E-005,3.099008754361421E-004,-5.499183680512942E-005,
2.480133333333334E+009,2.557853586040437E-004,-2.018742088694125E-005,2.993514644913375E-004,-6.208322884049267E-005,
2.480166666666667E+009,2.487551246304065E-004,-3.133024802082218E-005,2.654108684509993E-004,-3.559732795110904E-005,
2.480200000000000E+009,2.430061576887965E-004,-5.170134681975469E-005,2.656062133610249E-004,-4.995742074243026E-006,
2.480233333333334E+009,2.687183150555939E-004,-7.302936137421057E-005,2.971070643980056E-004,-6.163867510622367E-005,
2.480266666666667E+009,2.807868586387485E-004,-8.046712173381820E-005,2.292372519150376E-004,-5.437397703644820E-005,
2.480300000000000E+009,2.400697703706101E-004,-2.854620834114030E-005,2.191572566516697E-004,-7.363913027802482E-005,
2.480333333333334E+009,2.519813715480268E-004,-1.096114101528656E-005,2.860666136257350E-004,-1.021222269628197E-004,
2.480366666666667E+009,2.477539819665253E-004,-8.561872527934611E-005,2.558697015047073E-004,-7.573699986096472E-005,
2.480400000000000E+009,2.085502055706456E-004,-5.527321991394274E-005,2.382563106948510E-004,-1.176534642581828E-004,
2.480433333333334E+009,2.779269998427481E-004,-2.169481012970209E-005,2.279829495819286E-004,-7.445923256454989E-005,
2.480466666666667E+009,1.965855917660520E-004,-9.853034862317145E-005,2.479943796060979E-004,-7.215779623948038E-005,
2.480500000000000E+009,2.072340867016465E-004,-1.107038042391650E-004,2.291981363669038E-004,-1.024335797410458E-004,
2.480533333333334E+009,2.511806378606707E-004,-1.396354928147048E-004,2.077515819109976E-004,-1.013635555864312E-004,
2.480566666666667E+009,2.565621689427644E-004,-9.647481783758849E-005,1.782511535566300E-004,-1.156944781541824E-004,
2.480600000000000E+009,1.958362990990281E-004,-1.059785645338707E-004,2.328720729565248E-004,-1.194756769109517E-004,
2.480633333333334E+009,2.218160370830447E-004,-1.354167470708489E-004,1.770042727002874E-004,-1.005282611004077E-004,
2.480666666666667E+009,2.168814826291055E-004,-1.441167260054499E-004,2.312889118911699E-004,-1.656171079957858E-004,
2.480700000000000E+009,2.084958396153525E-004,-1.621304545551539E-004,1.847008825279772E-004,-9.651840809965506E-005,
2.480733333333334E+009,2.162188466172665E-004,-1.215065422002226E-004,1.888382685137913E-004,-1.218967809109017E-004,
2.480766666666667E+009,2.845159033313394E-004,-1.481167564634234E-004,2.350545546505600E-004,-1.303034223383293E-004,
2.480800000000000E+009,2.197186113335192E-004,-1.589398161740974E-004,2.415228373138234E-004,-1.656462554819882E-004,
2.480833333333334E+009,1.986354909604415E-004,-1.891273568617180E-004,2.110454370267689E-004,-1.290331420022994E-004,
2.480866666666667E+009,2.354893367737532E-004,-1.704706373857334E-004,2.314278681296855E-004,-1.472576113883406E-004,
2.480900000000000E+009,2.064349828287959E-004,-2.267317613586783E-004,2.072920469800010E-004,-1.634312066016719E-004,
2.480933333333334E+009,2.006747963605449E-004,-2.108256594510749E-004,1.873672299552709E-004,-2.194565167883411E-004,
2.480966666666667E+009,1.849021791713312E-004,-2.129073109244928E-004,2.250764810014516E-004,-1.687159819994122E-004,
2.481000000000000E+009,1.645634765736759E-004,-1.814467977965251E-004,2.033833879977465E-004,-1.750651426846162E-004,
2.481033333333334E+009,1.787364744814113E-004,-1.752594107529149E-004,2.122286823578179E-004,-1.901915820781142E-004,
2.481066666666667E+009,2.027659938903526E-004,-1.807962980819866E-004,1.914721215143800E-004,-1.828446111176163E-004,
2.481100000000000E+009,2.134340611519292E-004,-2.116612013196573E-004,1.018839320749976E-004,-2.081471175188199E-004,
2.481133333333334E+009,1.508742716396228E-004,-1.689660566626117E-004,2.098052937071770E-004,-2.285563532495871E-004,
2.481166666666667E+009,1.684850140009075E-004,-1.987930299947038E-004,1.594279892742634E-004,-1.498808560427278E-004,
2.481200000000000E+009,1.177822559839115E-004,-2.077541575999931E-004,2.050739567494020E-004,-1.805919455364347E-004,
2.481233333333334E+009,1.569093874422833E-004,-1.898507907753810E-004,1.594775094417855E-004,-2.563456364441663E-004,
2.481266666666667E+009,1.834989670896903E-004,-2.831575693562627E-004,1.589942257851362E-004,-2.163687749998644E-004,
2.481300000000000E+009,9.336436778539792E-005,-2.321331849088892E-004,2.228664816357195E-004,-2.281961060361937E-004,
2.481333333333334E+009,1.324068434769288E-004,-2.499917754903436E-004,1.674721861490980E-004,-1.836143492255360E-004,
2.481366666666667E+009,1.629131147637963E-004,-3.129007818643004E-004,1.588989689480513E-004,-2.744911180343479E-004,
2.481400000000000E+009,1.734858378767967E-004,-2.534566447138786E-004,1.955097395693883E-004,-2.870668249670416E-004,
2.481433333333334E+009,2.001971151912585E-004,-2.767418336588889E-004,2.255272993352264E-004,-2.986331528518349E-004,
2.481466666666667E+009,1.779605809133500E-004,-2.691796980798245E-004,2.145322505384684E-004,-2.538080443628132E-004,
2.481500000000000E+009,1.988866861211136E-004,-2.791094011627138E-004,1.202889616251923E-004,-2.686291991267353E-004,
2.481533333333334E+009,1.498674100730568E-004,-3.023851313628256E-004,1.613274216651917E-004,-3.025651676580310E-004,
2.481566666666667E+009,2.113791269948706E-004,-2.613183460198343E-004,1.573788176756352E-004,-2.837211650330573E-004,
2.481600000000000E+009,1.564336125738919E-004,-2.989811182487756E-004,1.509070134488866E-004,-3.156386956106871E-004,
2.481633333333334E+009,1.459356135455892E-004,-3.272644535172731E-004,1.716913684504107E-004,-4.081050865352154E-004,
2.481666666666667E+009,1.278584240935743E-004,-3.035112749785185E-004,1.474915188737214E-004,-3.287846338935196E-004,
2.481700000000000E+009,9.636877075536177E-005,-3.342970449011773E-004,1.196940138470382E-004,-3.293384797871113E-004,
2.481733333333334E+009,1.742836175253615E-004,-3.743619890883565E-004,1.229548361152411E-004,-3.299573727417737E-004,
2.481766666666667E+009,1.482874358771369E-004,-3.171332937199622E-004,1.609357714187354E-004,-3.303803678136319E-004,
2.481800000000000E+009,1.603918790351600E-004,-3.465091576799750E-004,8.570376667194068E-005,-3.188657574355602E-004,
2.481833333333334E+009,6.793557986384258E-005,-3.276768256910145E-004,1.290740183321759E-004,-3.496603749226779E-004,
2.481866666666667E+009,2.868430237867869E-005,-3.427735646255314E-004,6.706411659251899E-005,-3.265773411840200E-004,
2.481900000000000E+009,9.500343730906025E-005,-3.912158426828682E-004,8.563713345210999E-005,-3.186545218341053E-004,
2.481933333333334E+009,8.566953329136595E-005,-3.666917909868062E-004,5.399264409788884E-005,-3.305584250483662E-004,
2.481966666666667E+009,7.159590313676745E-005,-3.847719053737819E-004,8.856424392433837E-005,-3.501907922327519E-004,
2.482000000000000E+009,5.947399040451273E-005,-3.836546966340393E-004,-3.201036633981857E-006,-3.198448393959552E-004,
2.482033333333334E+009,-4.122410609852523E-005,-3.506900975480676E-004,3.787564128288068E-005,-3.116357547696680E-004,
2.482066666666667E+009,3.093552732025273E-005,-3.546195803210139E-004,4.265289317118004E-005,-3.861023287754506E-004,
2.482100000000000E+009,3.998867396148853E-005,-3.439784632064402E-004,-1.269452332053334E-005,-3.823179577011615E-004,
2.482133333333334E+009,2.617920836200938E-005,-3.711804747581482E-004,-7.841968181310222E-005,-3.828117914963514E-004,
2.482166666666667E+009,1.978393993340433E-005,-3.581483324524015E-004,-7.517644917243160E-006,-4.044031666126102E-004,
2.482200000000000E+009,-5.530386624741368E-005,-3.494489064905793E-004,-8.037226507440209E-006,-3.767809830605984E-004,
2.482233333333334E+009,-9.119134483626112E-005,-3.238148055970669E-004,-7.311602530535311E-005,-3.631619620136917E-004,
2.482266666666667E+009,-7.568218279629946E-005,-3.823305887635797E-004,-7.876963354647160E-005,-3.970859397668392E-004,
2.482300000000000E+009,-6.903009489178658E-005,-3.263599064666778E-004,-3.534456118359231E-005,-3.642368246801198E-004,
2.482333333333334E+009,-4.112100941711105E-005,-3.574835427571088E-004,-5.022894401918165E-005,-3.687216376420111E-004,
2.482366666666667E+009,-1.103253307519481E-004,-4.051977011840791E-004,-8.119455014821142E-005,-3.498842997942120E-004,
2.482400000000000E+009,-9.828872134676203E-005,-3.872428205795586E-004,-1.159331222879700E-004,-3.531114780344069E-004,
2.482433333333334E+009,-8.449383312836289E-005,-3.352485073264688E-004,-9.661707008490339E-005,-3.805388405453414E-004,
2.482466666666667E+009,-9.466888150200248E-005,-3.927093930542469E-004,-7.174676284193993E-005,-3.254996554460377E-004,
2.482500000000000E+009,-1.004505684250034E-004,-3.608555416576564E-004,-1.159471285063773E-004,-3.810819762293249E-004,
2.482533333333334E+009,-2.069865295197815E-004,-3.355446096975356E-004,-1.352172112092376E-004,-3.489129303488880E-004,
2.482566666666667E+009,-9.985422366298735E-005,-3.719435480888933E-004,-1.444258232368156E-004,-3.143497742712498E-004,
2.482600000000000E+009,-1.592215412529185E-004,-3.407422336749733E-004,-1.821291371015832E-004,-3.136398154310882E-004,
2.482633333333334E+009,-1.572338951518759E-004,-2.803967217914760E-004,-1.398641034029424E-004,-3.824463346973062E-004,
2.482666666666667E+009,-1.833367568906397E-004,-3.618274058680981E-004,-1.720919972285628E-004,-3.405413008295000E-004,
2.482700000000000E+009,-1.624763099243864E-004,-3.758084203582257E-004,-2.139008865924552E-004,-3.173373697791249E-004,
2.482733333333334E+009,-2.055861550616100E-004,-2.928602334577590E-004,-2.037580707110465E-004,-2.914326032623649E-004,
2.482766666666667E+009,-2.223919873358682E-004,-3.321355907246471E-004,-2.062968414975330E-004,-2.836569619830698E-004,
2.482800000000000E+009,-2.173962420783937E-004,-2.898001694120467E-004,-1.867804530775175E-004,-2.706276427488774E-004,
2.482833333333334E+009,-1.681959693087265E-004,-3.150079282931984E-004,-2.307367103639990E-004,-3.414530074223876E-004,
2.482866666666667E+009,-2.663933555595577E-004,-2.966228639706969E-004,-2.771372674033046E-004,-3.339695686008781E-004,
2.482900000000000E+009,-2.145434700651094E-004,-3.151601995341480E-004,-2.726073435042054E-004,-3.479931910987943E-004,
2.482933333333334E+009,-2.392765018157661E-004,-2.739508927334100E-004,-3.212504379916936E-004,-2.717093157116324E-004,
2.482966666666667E+009,-3.170648997183889E-004,-3.566005325410515E-004,-3.109575773123652E-004,-2.969364868476987E-004,
2.483000000000000E+009,-3.675215702969581E-004,-3.164158260915428E-004,-2.908954338636249E-004,-3.382444556336850E-004,
2.483033333333334E+009,-2.912222989834845E-004,-2.980965946335346E-004,-3.093695268034935E-004,-2.570344367995858E-004,
2.483066666666667E+009,-3.480888262856752E-004,-2.694998111110181E-004,-3.564478247426450E-004,-3.332725900691003E-004,
2.483100000000000E+009,-3.465455374680460E-004,-2.601340820547193E-004,-3.631985746324062E-004,-3.194023738615215E-004,
2.483133333333334E+009,-3.497398574836552E-004,-3.063846088480204E-004,-3.823597508016974E-004,-2.872913028113544E-004,
2.483166666666667E+009,-3.659685899037868E-004,-2.620730956550688E-004,-3.951537364628166E-004,-2.914435463026166E-004,
2.483200000000000E+009,-4.018206673208624E-004,-2.179441216867417E-004,-4.006338422186673E-004,-2.806777774821967E-004,
2.483233333333334E+009,-3.809180925600231E-004,-2.180148585466668E-004,-3.839914279524237E-004,-2.227246586699039E-004,
2.483266666666667E+009,-4.645726585295051E-004,-2.471523184794933E-004,-4.606972797773778E-004,-2.751425199676305E-004,
2.483300000000000E+009,-4.177246300969273E-004,-2.382357197348028E-004,-4.758601426146925E-004,-2.454096102155745E-004,
2.483333333333334E+009,-3.892711538355798E-004,-2.060107799479738E-004,-4.337019636295736E-004,-2.196507120970637E-004,
2.483366666666667E+009,-4.002159403171390E-004,-1.822936319513246E-004,-4.269751952961087E-004,-2.323820808669552E-004,
2.483400000000000E+009,-3.923491458408535E-004,-1.837145246099681E-004,-4.361777973826975E-004,-2.050940383924171E-004,
2.483433333333334E+009,-4.005285154562444E-004,-2.386215201113373E-004,-4.247706965543330E-004,-1.710290234768763E-004,
2.483466666666667E+009,-4.396781150717288E-004,-1.854678848758340E-004,-4.758538270834833E-004,-1.852407440310344E-004,
2.483500000000000E+009,-4.355383280199021E-004,-1.767422945704311E-004,-4.631782649084926E-004,-1.246233878191561E-004,
2.483533333333334E+009,-4.639307735487819E-004,-1.341372699243948E-004,-4.512016894295812E-004,-1.446011592634022E-004,
2.483566666666667E+009,-4.918363993056119E-004,-1.844948128564283E-004,-4.767886421177536E-004,-6.385573215084150E-005,
2.483600000000000E+009,-4.481711366679519E-004,-1.269040221814066E-004,-5.027521401643753E-004,-8.725831139599904E-005,
2.483633333333334E+009,-4.317562270443887E-004,-2.060994484054390E-005,-5.007312865927815E-004,-3.742805711226538E-005,
2.483666666666667E+009,-4.531444283202291E-004,-3.810087582678534E-005,-4.755567933898419E-004,-8.029650052776560E-005,
2.483700000000000E+009,-5.003684782423079E-004,-4.225098746246658E-005,-5.424672272056341E-004,-3.331300467834808E-005,
2.483733333333334E+009,-4.239182453602552E-004,-3.626358375186101E-005,-5.224765627644956E-004,-4.663475920096971E-005,
2.483766666666667E+009,-4.542624228633940E-004,-1.201820055030112E-006,-4.343806067481637E-004,-2.800690344884060E-005,
2.483800000000000E+009,-4.737635899800807E-004,-2.973623850266449E-005,-4.545171977952123E-004,-7.706974429311231E-006,
2.483833333333334E+009,-4.577896615955979E-004,-1.049093384608568E-006,-5.336205940693617E-004,7.768690556986257E-005,
2.483866666666667E+009,-4.284953174646944E-004,1.781871287676040E-005,-4.737761919386685E-004,-1.615908331586979E-005,
2.483900000000000E+009,-4.559167718980461E-004,4.637760866899043E-005,-4.799458256457001E-004,6.656971527263522E-005,
2.483933333333334E+009,-4.826894728466868E-004,7.551834278274328E-005,-4.891859716735780E-004,6.809933984186500E-005,
2.483966666666667E+009,-3.992169513367117E-004,8.892394544091076E-005,-4.798695445060730E-004,8.960146078607068E-005,
2.484000000000000E+009,-5.272444104775786E-004,1.294326357310638E-004,-4.305570910219103E-004,9.911095548886806E-005,
2.484033333333334E+009,-5.009957239963114E-004,1.470003917347640E-004,-4.415797593537718E-004,1.084376053768210E-004,
2.484066666666667E+009,-4.782539908774197E-004,1.230766793014482E-004,-4.610891919583082E-004,1.894614542834461E-004,
2.484100000000000E+009,-4.327298374846578E-004,1.494845928391442E-004,-4.576970532070845E-004,1.178048187284730E-004,
2.484133333333334E+009,-4.545408592093736E-004,2.070850896416232E-004,-4.960214719176292E-004,1.355573622277007E-004,
2.484166666666667E+009,-4.528953868430108E-004,1.413792924722657E-004,-4.503093659877777E-004,1.924913231050596E-004,
2.484200000000000E+009,-4.497496702242643E-004,1.162409898824990E-004,-4.393977869767696E-004,1.690171775408089E-004,
2.484233333333334E+009,-4.791181418113411E-004,2.276737795909867E-004,-4.273482772987336E-004,1.955411571543664E-004,
2.484266666666667E+009,-4.374341224320233E-004,2.528239856474102E-004,-4.489744897000492E-004,2.573671517893672E-004,
2.484300000000000E+009,-4.596663347911090E-004,1.537520729470998E-004,-4.503142554312944E-004,2.192998945247382E-004,
2.484333333333334E+009,-4.100357473362237E-004,2.202499745180830E-004,-4.365908971522003E-004,2.409200387774035E-004,
2.484366666666667E+009,-4.319969739299268E-004,2.415762428427115E-004,-4.325601912569255E-004,2.516003733035177E-004,
2.484400000000000E+009,-3.331117914058268E-004,2.969578781630844E-004,-3.751200856640935E-004,2.821517409756780E-004,
2.484433333333334E+009,-4.233091895002872E-004,3.249495639465749E-004,-3.930190578103066E-004,3.087141376454383E-004,
2.484466666666667E+009,-4.347777576185763E-004,3.317941445857287E-004,-3.912978281732649E-004,2.935081138275564E-004,
2.484500000000000E+009,-3.590498818084598E-004,3.171726712025702E-004,-3.497178840916604E-004,3.187585389241576E-004,
2.484533333333334E+009,-3.562961646821350E-004,4.126202838961035E-004,-3.492662508506328E-004,3.271392488386482E-004,
2.484566666666667E+009,-3.958166053052992E-004,3.019070718437433E-004,-3.459492290858179E-004,3.651324077509344E-004,
2.484600000000000E+009,-3.558265452738851E-004,3.662699018605053E-004,-3.511300892569125E-004,4.003010108135641E-004,
2.484633333333334E+009,-3.664346295408905E-004,4.022108914796263E-004,-3.501689352560788E-004,3.572943969629705E-004,
2.484666666666667E+009,-3.537236480042338E-004,3.439249412622303E-004,-3.604179364629090E-004,3.859857679344714E-004,
2.484700000000000E+009,-3.245839616283774E-004,3.928533697035164E-004,-3.435436519794166E-004,4.251857753843069E-004,
2.484733333333334E+009,-3.378291730768979E-004,4.673279472626746E-004,-3.411863872315735E-004,4.543136456049979E-004,
2.484766666666667E+009,-3.201713843736798E-004,4.244604206178337E-004,-2.663306368049234E-004,4.325178742874414E-004,
2.484800000000000E+009,-3.323518903926015E-004,4.806588112842292E-004,-2.739942865446210E-004,4.393648996483535E-004,
2.484833333333334E+009,-2.599436556920409E-004,5.126953474245966E-004,-2.712026471272111E-004,4.676529497373849E-004,
2.484866666666667E+009,-2.806138654705137E-004,4.480305651668459E-004,-3.259793447796255E-004,4.606935253832489E-004,
2.484900000000000E+009,-2.073765645036474E-004,4.858868196606636E-004,-2.783469099085778E-004,5.145511822775006E-004,
2.484933333333334E+009,-2.290524280397221E-004,4.149489977862686E-004,-2.389860164839774E-004,4.413934948388487E-004,
2.484966666666667E+009,-2.664437342900783E-004,4.468625120352954E-004,-2.208703517680988E-004,4.120748490095139E-004,
2.485000000000000E+009,-2.000876556849107E-004,4.924540407955647E-004,-2.188791113439947E-004,4.403771890792996E-004,
2.485033333333334E+009,-1.378064625896514E-004,4.607295850291848E-004,-2.260274195577949E-004,4.954051692038775E-004,
2.485066666666667E+009,-1.469095732318237E-004,4.875858139712364E-004,-1.781475002644584E-004,5.009571323171258E-004,
2.485100000000000E+009,-1.524612307548523E-004,5.122803268022835E-004,-1.528313441667706E-004,4.248200275469571E-004,
2.485133333333334E+009,-1.167297232314013E-004,4.998185322619975E-004,-1.476592879043892E-004,4.733306996058673E-004,
2.485166666666667E+009,-8.191904635168612E-005,5.281633348204196E-004,-1.102562746382318E-004,5.094041698612273E-004,
2.485200000000000E+009,-9.332049376098439E-005,5.019088857807219E-004,-7.286451000254601E-005,5.318763433024287E-004,
2.485233333333334E+009,-6.630708230659366E-005,5.067564197815955E-004,-7.479482883354649E-005,4.755172121804208E-004,
2.485266666666667E+009,-5.179295112611726E-005,5.304271471686661E-004,-7.244993321364746E-005,4.735230759251863E-004,
2.485300000000000E+009,-2.900609979405999E-005,4.738904826808721E-004,1.714729842205998E-005,4.720398574136198E-004,
2.485333333333334E+009,-5.262472041067667E-005,4.323121102061123E-004,4.098612862435402E-006,4.443184589035809E-004,
2.485366666666667E+009,-4.254483064869419E-005,5.221845931373537E-004,-3.986832962254994E-005,5.017184885218740E-004,
2.485400000000000E+009,-4.058819467900321E-005,4.927132977172732E-004,2.951896021841094E-005,4.743468598462641E-004,
2.485433333333334E+009,1.417028670402942E-005,5.155898979865015E-004,-1.096466530725593E-005,4.997159703634679E-004,
2.485466666666667E+009,2.884378773160279E-005,4.601128748618066E-004,-1.157321094069630E-005,4.816521832253784E-004,
2.485500000000000E+009,9.347384911961854E-005,4.356123099569231E-004,1.186181470984593E-004,4.512077430263162E-004,
2.485533333333334E+009,3.525370266288519E-005,4.809825622942299E-004,9.580385085428134E-005,4.175730573479086E-004,
2.485566666666667E+009,5.378448986448348E-005,4.656189994420856E-004,6.894404214108363E-005,4.359389713499695E-004,
2.485600000000000E+009,1.482815860072151E-004,4.595018399413675E-004,9.611449786461890E-005,4.724840691778809E-004,
2.485633333333334E+009,1.395758154103532E-004,4.673707881011069E-004,9.961277100956067E-005,4.971474991180003E-004,
2.485666666666667E+009,1.446794631192461E-004,4.247853066772223E-004,1.592134358361363E-004,4.733150999527425E-004,
2.485700000000000E+009,1.611611369298771E-004,4.371358372736722E-004,1.597954105818644E-004,4.729600914288312E-004,
2.485733333333334E+009,1.683764567133039E-004,4.902369109913707E-004,1.912698353407905E-004,3.963162307627499E-004,
2.485766666666667E+009,1.815878931665793E-004,4.345338966231793E-004,1.396529260091484E-004,4.371112154331058E-004,
2.485800000000000E+009,1.994940685108304E-004,3.749923489522189E-004,1.509810244897381E-004,4.427619860507548E-004,
2.485833333333334E+009,1.699114363873377E-004,4.085169057361782E-004,2.100292913382873E-004,4.147524305153638E-004,
2.485866666666667E+009,1.936394546646625E-004,4.656254604924470E-004,1.945967960637063E-004,4.066321707796305E-004,
2.485900000000000E+009,1.729248760966584E-004,4.355037526693195E-004,2.110705245286226E-004,3.756630758289248E-004,
2.485933333333334E+009,2.989543136209250E-004,3.842328151222318E-004,2.827351563610137E-004,4.239692643750459E-004,
2.485966666666667E+009,2.043230924755335E-004,4.465465899556875E-004,2.074602234642953E-004,4.061104846186936E-004,
2.486000000000000E+009,2.557975822128356E-004,3.871320222970098E-004,2.343914675293490E-004,3.903399046976119E-004,
2.486033333333334E+009,2.319857157999650E-004,3.326211299281567E-004,2.148578350897878E-004,3.920797316823155E-004,
2.486066666666667E+009,2.770017308648676E-004,4.247575707267970E-004,2.805123804137111E-004,4.088402201887220E-004,
2.486100000000000E+009,2.972166694235057E-004,3.625623066909611E-004,2.832093159668148E-004,3.609601699281484E-004,
2.486133333333334E+009,3.202944935765117E-004,3.538583696354181E-004,2.602808235678822E-004,3.813461516983807E-004,
2.486166666666667E+009,3.464062465354800E-004,3.686519048642367E-004,3.118645399808884E-004,3.552857087925077E-004,
2.486200000000000E+009,2.915697405114770E-004,3.971022670157254E-004,2.781287184916437E-004,3.522605111356825E-004,
2.486233333333334E+009,2.972705115098506E-004,3.342143609188497E-004,3.566996601875871E-004,3.727259754668921E-004,
2.486266666666667E+009,2.936227247118950E-004,3.374931693542749E-004,3.346065350342542E-004,3.268604341428727E-004,
2.486300000000000E+009,3.448472998570651E-004,3.543624479789287E-004,3.162243228871375E-004,3.852264198940247E-004,
2.486333333333334E+009,3.259549848735333E-004,3.594022709876299E-004,3.955195134039968E-004,3.356159722898156E-004,
2.486366666666667E+009,3.816485696006566E-004,3.087637596763670E-004,3.528449160512537E-004,2.504423318896443E-004,
2.486400000000000E+009,3.998674510512501E-004,2.737717295531184E-004,4.176097863819450E-004,3.063245094381273E-004,
2.486433333333334E+009,4.213913925923407E-004,3.413039084989578E-004,3.983829519711435E-004,2.791784063447267E-004,
2.486466666666667E+009,3.254330367781222E-004,2.840091183315963E-004,3.967779048252851E-004,3.318843082524836E-004,
2.486500000000000E+009,3.707519790623337E-004,2.745411475189030E-004,4.217454988975078E-004,3.087182121817023E-004,
2.486533333333334E+009,3.606069076340646E-004,2.666820364538580E-004,4.345693450886756E-004,2.010292082559317E-004,
2.486566666666667E+009,3.729190211743116E-004,2.316780883120373E-004,4.333685210440308E-004,2.830063749570400E-004,
2.486600000000000E+009,4.120194353163242E-004,2.572699740994722E-004,3.933719708584249E-004,2.146423357771710E-004,
2.486633333333334E+009,4.174167406745255E-004,1.963163376785815E-004,3.738209488801658E-004,2.117154217557982E-004,
2.486666666666667E+009,4.048185946885496E-004,2.585123293101788E-004,4.585967690218240E-004,2.050757611868903E-004,
2.486700000000000E+009,4.400695324875414E-004,1.856677990872413E-004,3.983169153798372E-004,1.741181622492150E-004,
2.486733333333334E+009,3.981947666034102E-004,1.344224438071251E-004,4.114657640457153E-004,2.356236218474805E-004,
2.486766666666667E+009,3.967339580412954E-004,1.422924542566761E-004,4.381175967864692E-004,1.528940774733201E-004,
2.486800000000000E+009,3.664730174932629E-004,1.677465334068984E-004,4.346630303189158E-004,1.352313702227548E-004,
2.486833333333334E+009,3.885159967467189E-004,1.296162663493305E-004,4.257941618561745E-004,7.313086098292843E-005,
2.486866666666667E+009,4.657650715671480E-004,1.202063285745680E-004,4.321897285990417E-004,1.403320784447715E-004,
2.486900000000000E+009,4.737087292596698E-004,8.953513315645978E-005,4.062532098032534E-004,1.371859543723986E-004,
2.486933333333334E+009,4.108084540348500E-004,1.300412404816598E-004,4.244354495313019E-004,1.083879251382314E-004,
2.486966666666667E+009,4.356637364253402E-004,1.165551875601523E-004,4.102991078980267E-004,2.762922122201417E-005,
2.487000000000000E+009,4.488551057875156E-004,3.509538873913698E-005,4.244731389917433E-004,5.371419683797285E-005,
2.487033333333334E+009,4.769475490320474E-004,5.465469075716101E-005,4.850614350289106E-004,8.791998698143289E-005,
2.487066666666667E+009,4.176902875769883E-004,1.831992267398164E-005,4.502155352383852E-004,6.285901326918975E-005,
2.487100000000000E+009,4.616585792973638E-004,1.365497337246779E-005,4.901947686448693E-004,4.418006574269384E-005,
2.487133333333334E+009,4.264948947820813E-004,-3.081103568547405E-005,4.544006951618940E-004,2.269583092129324E-005,
2.487166666666667E+009,4.577120998874307E-004,-1.750331284711137E-005,4.587201401591301E-004,-8.070252079050988E-006,
2.487200000000000E+009,4.234729276504368E-004,5.970704660285264E-005,3.934990381821990E-004,-1.813241397030652E-006,
2.487233333333334E+009,4.344960034359247E-004,-7.212638138298644E-006,4.030693962704390E-004,-4.459771662368439E-005,
2.487266666666667E+009,4.284715396352112E-004,-6.671029404969886E-005,4.516186018008739E-004,-4.038411498186179E-005,
2.487300000000000E+009,4.445236409083009E-004,-6.882588058942929E-005,4.156001086812466E-004,-2.744267112575471E-005,
2.487333333333334E+009,4.800242895726115E-004,-6.248457793844864E-005,4.108715802431107E-004,-7.756319973850623E-005,
2.487366666666667E+009,4.515982582233846E-004,-3.784171713050455E-005,4.486883699428290E-004,-5.967368997517042E-005,
2.487400000000000E+009,3.954772255383432E-004,-9.839537233347073E-005,4.346097703091800E-004,-5.746141323470511E-005,
2.487433333333334E+009,4.300390428397805E-004,-1.469529670430347E-004,4.658280231524259E-004,-2.261202644149307E-005,
2.487466666666667E+009,4.253710212651640E-004,-1.571958709973842E-004,4.431463021319360E-004,-8.025694842217490E-005,
2.487500000000000E+009,4.185520811006427E-004,-1.174728531623259E-004,4.544002295006067E-004,-1.177322337753139E-004,
2.487533333333334E+009,4.179365641903132E-004,-1.575955539010465E-004,4.586902214214206E-004,-1.309033686993644E-004,
2.487566666666667E+009,4.193488857708871E-004,-8.044235437409952E-005,4.471365828067064E-004,-1.454238663427532E-004,
2.487600000000000E+009,4.282153095118702E-004,-2.047722082352266E-004,4.550440062303096E-004,-1.243254082510248E-004,
2.487633333333334E+009,4.314594843890518E-004,-1.497083430876955E-004,4.639632825274020E-004,-2.043756394414231E-004,
2.487666666666667E+009,4.408822569530457E-004,-1.358260487904772E-004,3.714101330842823E-004,-1.461946376366541E-004,
2.487700000000000E+009,4.565063863992691E-004,-1.709963980829343E-004,4.310763324610889E-004,-1.913264422910288E-004,
2.487733333333334E+009,4.754920955747366E-004,-1.829991670092568E-004,4.718115087598562E-004,-2.238458546344191E-004,
2.487766666666667E+009,4.424883518368006E-004,-2.207749057561159E-004,4.601373802870512E-004,-2.569813514128327E-004,
2.487800000000000E+009,3.990311233792454E-004,-1.955499465111643E-004,4.327767528593540E-004,-2.751176070887595E-004,
2.487833333333334E+009,4.547769494820386E-004,-2.290267439093441E-004,4.168001469224691E-004,-2.879929379560053E-004,
2.487866666666667E+009,4.131691821385175E-004,-2.495091466698796E-004,4.492329026106745E-004,-2.945969754364342E-004,
2.487900000000000E+009,3.826272150035948E-004,-2.710152184590697E-004,4.577861400321126E-004,-2.975896641146392E-004,
2.487933333333334E+009,3.800544654950500E-004,-2.899613464251161E-004,3.634596068877727E-004,-2.824091352522373E-004,
2.487966666666667E+009,4.529734142124653E-004,-3.373282379470766E-004,3.669403668027371E-004,-3.270893357694149E-004,
2.488000000000000E+009,3.553829737938941E-004,-3.262028330937028E-004,3.746049769688398E-004,-3.743335255421698E-004,
2.488033333333334E+009,4.134062037337571E-004,-3.489674127195031E-004,3.712138568516821E-004,-3.314465575385839E-004,
2.488066666666667E+009,3.948432859033346E-004,-3.575012087821960E-004,3.893111424986273E-004,-3.080879978369921E-004,
2.488100000000000E+009,3.130490367766470E-004,-3.147065872326493E-004,3.726713766809553E-004,-3.472360258456320E-004,
2.488133333333334E+009,3.113191924057901E-004,-3.681339148897678E-004,3.535927680786699E-004,-3.678229986689985E-004,
2.488166666666667E+009,3.913157852366567E-004,-3.793799842242152E-004,3.426532202865928E-004,-3.583909128792584E-004,
2.488200000000000E+009,2.928875910583884E-004,-3.728660813067108E-004,3.516841097734869E-004,-3.318884992040694E-004,
2.488233333333334E+009,3.226331318728626E-004,-3.582853241823614E-004,3.224220126867294E-004,-3.820849233306944E-004,
2.488266666666667E+009,2.871946198865771E-004,-3.599459887482226E-004,2.557793050073087E-004,-3.876447735819966E-004,
2.488300000000000E+009,3.050914092455059E-004,-3.487499197944999E-004,2.860982494894415E-004,-4.181664553470910E-004,
2.488333333333334E+009,2.752682194113731E-004,-4.191911139059812E-004,2.479402173776180E-004,-3.619996423367411E-004,
2.488366666666667E+009,2.381267986493185E-004,-3.786231391131878E-004,2.532011712901294E-004,-4.377339500933886E-004,
2.488400000000000E+009,2.599366998765618E-004,-4.371983814053237E-004,2.333816955797374E-004,-3.927458310499787E-004,
2.488433333333334E+009,2.184933837270364E-004,-4.186238220427185E-004,2.527141477912664E-004,-4.213362699374557E-004,
2.488466666666667E+009,2.121857251040638E-004,-4.241050337441266E-004,2.309264818904921E-004,-4.631286137737334E-004,
2.488500000000000E+009,1.276256225537509E-004,-4.281823057681322E-004,2.197498542955145E-004,-3.894708061125130E-004,
2.488533333333334E+009,1.946457196027041E-004,-4.525794065557420E-004,1.849520631367341E-004,-4.418171010911465E-004,
2.488566666666667E+009,1.479398197261617E-004,-4.415558069013059E-004,2.081593265756965E-004,-4.119297373108566E-004,
2.488600000000000E+009,1.006048769340850E-004,-4.422241472639144E-004,1.903050433611497E-004,-4.603114794008434E-004,
2.488633333333334E+009,1.677414402365685E-004,-4.841068584937602E-004,2.001956745516509E-004,-4.690959467552602E-004,
2.488666666666667E+009,1.153372286353260E-004,-4.319688596297056E-004,7.147868745960295E-005,-4.558487853500992E-004,
2.488700000000000E+009,1.339815062237904E-004,-4.230369522701949E-004,1.191543342429213E-004,-4.991831956431270E-004,
2.488733333333334E+009,1.131728931795806E-004,-5.158542189747095E-004,1.648394827498123E-004,-5.245640641078353E-004,
2.488766666666667E+009,7.353144610533491E-005,-4.614224599208683E-004,6.524928176077083E-005,-4.773518885485828E-004,
2.488800000000000E+009,3.736167491297238E-005,-5.043876590207219E-004,4.739166251965798E-005,-4.865065275225788E-004,
2.488833333333334E+009,4.032436481793411E-005,-4.419243778102100E-004,5.754548692493700E-005,-4.616561054717749E-004,
2.488866666666667E+009,4.829566387343220E-005,-5.157465930096805E-004,1.001880445983261E-005,-4.521325172390789E-004,
2.488900000000000E+009,-1.960134596856733E-007,-4.558700602501631E-004,5.275646981317550E-005,-4.489290877245367E-004,
2.488933333333334E+009,2.702920573938172E-005,-4.530861333478242E-004,2.607761598483194E-005,-4.545375995803624E-004,
2.488966666666667E+009,-3.455095793469809E-005,-5.154258105903864E-004,-1.066822733264417E-005,-4.961313097737730E-004,
2.489000000000000E+009,1.953799801412970E-005,-4.828761448152363E-004,-2.584016874607187E-005,-4.381784528959543E-004,
2.489033333333334E+009,5.159604916116223E-005,-4.618279344867915E-004,1.701115616015159E-005,-3.833197406493127E-004,
2.489066666666667E+009,-2.983294689329341E-005,-5.135028623044491E-004,-2.123020385624841E-005,-4.802850016858429E-004,
2.489100000000000E+009,-6.334853969747201E-005,-4.540698137134314E-004,-3.204225504305214E-005,-5.029083695262671E-004,
2.489133333333334E+009,-9.863196464721113E-005,-4.836767329834402E-004,-5.431475801742636E-005,-4.794061824213713E-004,
2.489166666666667E+009,-9.611791028873995E-005,-5.031683831475675E-004,-5.942971256445162E-005,-5.035973154008389E-004,
2.489200000000000E+009,-1.103860849980265E-004,-3.988282987847924E-004,-9.607375250197947E-005,-4.929875140078366E-004,
2.489233333333334E+009,-1.085683179553598E-004,-4.927119589410722E-004,-1.053123196470551E-004,-5.018855445086956E-004,
2.489266666666667E+009,-1.868188846856356E-004,-4.633325152099133E-004,-1.590101164765656E-004,-5.419563385657966E-004,
2.489300000000000E+009,-1.170994801213965E-004,-4.871530982200056E-004,-9.235284233000130E-005,-4.929216811433435E-004,
2.489333333333334E+009,-1.401795598212630E-004,-4.497530753724277E-004,-1.233612565556541E-004,-4.669908084906638E-004,
2.489366666666667E+009,-1.447841641493142E-004,-5.287456442601979E-004,-2.087474276777357E-004,-4.587155708577484E-004,
2.489400000000000E+009,-2.020145911956206E-004,-4.643957363441587E-004,-2.189633378293365E-004,-5.055744550190866E-004,
2.489433333333334E+009,-2.300118067068979E-004,-5.019403761252761E-004,-1.738653663778678E-004,-4.666250315494835E-004,
2.489466666666667E+009,-1.974884362425655E-004,-4.671841161325574E-004,-2.113230875693262E-004,-4.411395639181137E-004,
2.489500000000000E+009,-2.332712319912389E-004,-4.739575379062444E-004,-2.306951937498525E-004,-4.809449892491102E-004,
2.489533333333334E+009,-2.344803069718182E-004,-4.128017753828317E-004,-2.760414208751172E-004,-4.501910589169711E-004,
2.489566666666667E+009,-2.633268304634839E-004,-3.857450501527637E-004,-2.148107159882784E-004,-4.675294039770961E-004,
2.489600000000000E+009,-2.814017934724689E-004,-4.367896763142198E-004,-2.775912871584296E-004,-4.171627515461296E-004,
2.489633333333334E+009,-2.899660612456501E-004,-4.029834526591003E-004,-2.757661568466574E-004,-4.311066004447639E-004,
2.489666666666667E+009,-2.880578394979239E-004,-3.752960183192045E-004,-3.256573399994522E-004,-4.164961865171790E-004,
2.489700000000000E+009,-3.135530860163271E-004,-4.142863908782601E-004,-2.942070423159748E-004,-3.869772772304714E-004,
2.489733333333334E+009,-2.802348753903061E-004,-4.033978912048042E-004,-2.829024451784790E-004,-3.879413707181811E-004,
2.489766666666667E+009,-3.229760623071343E-004,-3.687635762616992E-004,-3.341215196996927E-004,-3.386119788046926E-004,
2.489800000000000E+009,-3.072900581173599E-004,-3.530426765792072E-004,-3.244376566726714E-004,-3.355312219355255E-004,
2.489833333333334E+009,-3.895758127328008E-004,-3.516672586556524E-004,-3.513553820084781E-004,-3.898789582308382E-004,
2.489866666666667E+009,-2.816253108903766E-004,-3.474912082310766E-004,-3.762472770176828E-004,-3.339162794873118E-004,
2.489900000000000E+009,-3.926936478819698E-004,-2.761353971436620E-004,-4.277947300579399E-004,-3.329117607790977E-004,
2.489933333333334E+009,-3.468614304438233E-004,-3.524576022755355E-004,-3.894823312293738E-004,-3.266595886088908E-004,
2.489966666666667E+009,-4.042907094117254E-004,-3.345420409459621E-004,-3.759078099392355E-004,-2.987308835145086E-004,
2.490000000000000E+009,-3.736010403372347E-004,-3.196702455170453E-004,-4.027118848171085E-004,-2.652698021847755E-004,
2.490033333333334E+009,-3.853444650303572E-004,-2.435871865600348E-004,-4.183652636129409E-004,-2.761323412414640E-004,
2.490066666666667E+009,-4.242474387865514E-004,-2.664627390913665E-004,-4.135687777306885E-004,-2.566200564615428E-004,
2.490100000000000E+009,-4.570333112496883E-004,-2.454832429066300E-004,-4.565998970065266E-004,-2.415117487544194E-004,
2.490133333333334E+009,-4.339305160101503E-004,-2.372821327298880E-004,-4.530512087512761E-004,-1.864565274445340E-004,
2.490166666666667E+009,-4.553736653178930E-004,-2.496122906450182E-004,-4.155738570261747E-004,-2.410936867818236E-004,
2.490200000000000E+009,-4.192061605863273E-004,-2.007331786444411E-004,-4.321708402130753E-004,-1.868721155915409E-004,
2.490233333333334E+009,-4.585037822835147E-004,-1.990561722777784E-004,-4.159955424256623E-004,-1.882297074189410E-004,
2.490266666666667E+009,-4.657004319597036E-004,-1.808001252356917E-004,-4.473605076782405E-004,-1.840824406826869E-004,
2.490300000000000E+009,-5.041778204031289E-004,-1.865713857114315E-004,-4.399591998662800E-004,-1.440656633349136E-004,
2.490333333333334E+009,-4.446298989932984E-004,-1.319271250395104E-004,-4.106556880287826E-004,-1.273270609090105E-004,
2.490366666666667E+009,-4.340486484579742E-004,-1.289819338126108E-004,-4.797582223545760E-004,-1.322012976743281E-004,
2.490400000000000E+009,-4.529042053036392E-004,-1.669427438173443E-004,-4.405684012454003E-004,-9.020738798426464E-005,
2.490433333333334E+009,-4.908990231342614E-004,-7.218772952910513E-005,-4.308608185965568E-004,-9.265495464205742E-005,
2.490466666666667E+009,-5.170983495190740E-004,-8.373404125450179E-005,-4.709509667009115E-004,-4.051148789585568E-005,
2.490500000000000E+009,-4.443401703611016E-004,-5.740719643654302E-005,-4.456270253285766E-004,-5.099617919768207E-005,
2.490533333333334E+009,-4.184397694189102E-004,-3.908655344275758E-005,-4.768685612361878E-004,-9.229991701431572E-005,
2.490566666666667E+009,-5.352417938411236E-004,-4.114829425816424E-005,-4.663530562538654E-004,-4.451436689123511E-005,
2.490600000000000E+009,-4.626902227755636E-004,1.192733634525212E-005,-4.743469180539250E-004,1.078511832020013E-005,
2.490633333333334E+009,-4.647439636755735E-004,-6.555292929988354E-005,-4.156261566095054E-004,-3.072063918807544E-005,
2.490666666666667E+009,-4.453991132322699E-004,-4.564396294881590E-005,-4.942076629959047E-004,2.381362901360262E-005,
2.490700000000000E+009,-4.475266032386571E-004,1.021240586851491E-005,-4.776665882673115E-004,5.078118647361407E-006,
2.490733333333334E+009,-5.095624364912510E-004,1.128472285927273E-005,-4.707129555754364E-004,2.923501961049624E-005,
2.490766666666667E+009,-5.026545259170234E-004,3.702533285832033E-005,-4.602110420819372E-004,4.723501115222462E-005,
2.490800000000000E+009,-4.596963408403099E-004,5.615955160465092E-005,-4.841313930228353E-004,3.023946919711307E-005,
2.490833333333334E+009,-4.928325070068240E-004,4.400717079988681E-005,-4.227886092849076E-004,6.487547943834215E-005,
2.490866666666667E+009,-4.432480491232127E-004,8.801647345535457E-005,-4.965242696925998E-004,7.971826562425122E-005,
2.490900000000000E+009,-4.692626534961164E-004,1.313429675064981E-004,-4.642619169317186E-004,1.177930680569261E-004,
2.490933333333334E+009,-5.051404004916549E-004,3.995728548034094E-005,-4.788899095728993E-004,1.024503944790922E-004,
2.490966666666667E+009,-5.024890415370464E-004,1.172084157587960E-004,-5.144706810824573E-004,1.571577886352316E-004,
2.491000000000000E+009,-4.642022831831127E-004,1.564979756949469E-004,-4.845143121201545E-004,1.097981221391819E-004,
2.491033333333334E+009,-5.110156489536166E-004,1.467307010898367E-004,-4.603704146575183E-004,1.480611826991662E-004,
2.491066666666667E+009,-5.109133780933917E-004,2.307344257133082E-004,-5.242585903033614E-004,1.703191082924604E-004,
2.491100000000000E+009,-4.583390546031296E-004,1.823303755372763E-004,-4.911225405521691E-004,1.870141568360850E-004,
2.491133333333334E+009,-4.204446449875832E-004,2.466612204443663E-004,-4.315853002481163E-004,2.116015821229667E-004,
2.491166666666667E+009,-4.690706264227629E-004,2.759326889645308E-004,-4.387391963973641E-004,2.322202635696158E-004,
2.491200000000000E+009,-4.841048212256283E-004,2.535681414883584E-004,-4.538532521110028E-004,2.336320467293263E-004,
2.491233333333334E+009,-4.781544848810881E-004,2.412235626252368E-004,-3.688347642309964E-004,2.639040176291019E-004,
2.491266666666667E+009,-4.705738974735141E-004,2.590005169622600E-004,-3.870881919283420E-004,2.224887866759673E-004,
2.491300000000000E+009,-3.771880583371967E-004,2.805510011967272E-004,-4.189363971818239E-004,2.116384275723249E-004,
2.491333333333334E+009,-4.100091464351863E-004,3.300514654256403E-004,-3.635664470493794E-004,2.699801989365369E-004,
2.491366666666667E+009,-4.193946660961956E-004,2.751548599917442E-004,-4.185691650491208E-004,3.222164232283831E-004,
2.491400000000000E+009,-3.793145588133484E-004,3.062688338104636E-004,-3.639495698735118E-004,2.647594956215471E-004,
2.491433333333334E+009,-3.486030909698457E-004,2.852834295481443E-004,-3.428678319323808E-004,2.849732700269669E-004,
2.491466666666667E+009,-3.301811229903251E-004,3.239535144530237E-004,-3.498627629596740E-004,2.840314409695566E-004,
2.491500000000000E+009,-3.017229028046131E-004,3.058838483411819E-004,-3.272275207564235E-004,3.625853569246829E-004,
2.491533333333334E+009,-3.135364677291364E-004,3.094755520578474E-004,-3.122208290733397E-004,4.002682399004698E-004,
2.491566666666667E+009,-3.427382034715265E-004,3.572874702513218E-004,-2.862118999473751E-004,3.438114072196186E-004,
2.491600000000000E+009,-2.590208605397493E-004,3.896114649251103E-004,-2.284328656969592E-004,3.484229964669794E-004,
2.491633333333334E+009,-2.630103263072670E-004,3.401128342375159E-004,-2.718665928114206E-004,3.571668057702482E-004,
2.491666666666667E+009,-2.587852650322020E-004,3.304802230559290E-004,-2.796947374008596E-004,3.303037083242089E-004,
2.491700000000000E+009,-2.672677510417998E-004,3.493106341920793E-004,-1.709569914964959E-004,3.475841076578945E-004,
2.491733333333334E+009,-2.421321405563504E-004,3.624058444984257E-004,-2.430690365144983E-004,3.388342738617212E-004,
2.491766666666667E+009,-2.131306828232482E-004,3.939768357668072E-004,-1.914948952617124E-004,4.113733884878457E-004,
2.491800000000000E+009,-1.899738708743826E-004,3.794185759034008E-004,-2.335937460884452E-004,3.900152223650366E-004,
2.491833333333334E+009,-1.782569306669757E-004,3.721624962054193E-004,-2.208261139458045E-004,3.559625183697790E-004,
2.491866666666667E+009,-2.080560370814055E-004,4.378159646876156E-004,-2.352541632717475E-004,4.402555350679904E-004,
2.491900000000000E+009,-1.334253756795079E-004,3.802904684562236E-004,-2.164018660550937E-004,3.918548172805458E-004,
2.491933333333334E+009,-1.789249217836186E-004,3.973824786953628E-004,-1.385087816743180E-004,4.350564558990300E-004,
2.491966666666667E+009,-2.058537356788293E-004,3.822170256171376E-004,-1.293273671763018E-004,4.167343140579760E-004,
2.492000000000000E+009,-1.115110280807130E-004,3.809355839621276E-004,-1.197595847770572E-004,4.079348873347044E-004,
2.492033333333334E+009,-5.430415330920368E-005,3.856747061945498E-004,-1.237212418345735E-004,3.946913057006896E-004,
2.492066666666667E+009,-1.240108686033636E-004,4.910998395644128E-004,-1.505786640336737E-004,3.707364667207003E-004,
2.492100000000000E+009,-1.232255017384887E-004,4.622459819074720E-004,-1.242436119355261E-004,4.188650054857135E-004,
2.492133333333334E+009,-7.058572373352945E-005,4.352745309006423E-004,-7.308692147489637E-005,3.964384377468377E-004,
2.492166666666667E+009,-7.128150900825858E-005,3.991625562775880E-004,-6.602904613828287E-005,4.059992497786880E-004,
2.492200000000000E+009,-7.847415690775961E-005,4.653706855606288E-004,-1.143187910201959E-004,3.602984361350536E-004,
2.492233333333334E+009,-1.933503153850325E-005,4.220503324177116E-004,-1.095007028197870E-004,4.558530345093459E-004,
2.492266666666667E+009,-5.828176654176787E-005,4.044114321004599E-004,-1.815987525333185E-005,3.482610918581486E-004,
2.492300000000000E+009,-1.961476664291695E-005,3.834725066553801E-004,6.481851869466482E-006,4.147429717704654E-004,
2.492333333333334E+009,-3.661405571619980E-006,4.655622469726950E-004,-2.040628896793351E-005,3.901794552803040E-004,
2.492366666666667E+009,2.906972258642782E-005,4.277621919754893E-004,-2.086184395011514E-005,4.092203744221479E-004,
2.492400000000000E+009,1.607404192327522E-005,4.387599765323103E-004,2.927023342635948E-005,4.831841506529599E-004,
2.492433333333334E+009,1.961404086614493E-005,4.487461992539465E-004,-1.488522775616730E-005,4.029979463666678E-004,
2.492466666666667E+009,3.115883009741083E-005,4.271858779247850E-004,3.983880014857277E-005,4.018039617221803E-004,
2.492500000000000E+009,7.918920164229348E-005,3.451891534496099E-004,1.720005275274161E-005,4.549090808723122E-004,
2.492533333333334E+009,4.380549944471568E-005,4.112537717446685E-004,2.894225326599553E-005,3.956424188800156E-004,
2.492566666666667E+009,4.778194124810398E-005,4.362070176284760E-004,1.174078133772127E-004,4.784407792612910E-004,
2.492600000000000E+009,9.326871077064425E-005,4.101442464161664E-004,1.312932581640780E-004,4.489733255468309E-004,
2.492633333333334E+009,7.716827531112358E-005,4.090967122465372E-004,1.489255810156465E-004,4.384706553537399E-004,
2.492666666666667E+009,1.543974067317322E-004,4.537831991910934E-004,9.633052832214162E-005,3.947500372305512E-004,
2.492700000000000E+009,1.671421196078882E-004,4.584295093081892E-004,1.551876048324630E-004,4.765144840348512E-004,
2.492733333333334E+009,1.101341258618049E-004,4.371143004391342E-004,1.582685217726976E-004,3.890805528499186E-004,
2.492766666666667E+009,1.361160102533177E-004,4.191740299575031E-004,1.463780208723620E-004,3.963133494835347E-004,
2.492800000000000E+009,1.786540815373883E-004,3.993302234448493E-004,1.841482444433495E-004,4.363318439573050E-004,
2.492833333333334E+009,1.403768837917596E-004,3.690651501528919E-004,1.616094814380631E-004,3.560624318197370E-004,
2.492866666666667E+009,1.879400369944051E-004,3.878472489304841E-004,1.940077054314315E-004,3.661151276901364E-004,
2.492900000000000E+009,2.103931474266574E-004,3.635641478467733E-004,1.956339838216081E-004,3.739830572158098E-004,
2.492933333333334E+009,2.179419534513727E-004,3.337899397592992E-004,2.055054792435840E-004,3.457932034507394E-004,
2.492966666666667E+009,2.025153080467135E-004,3.742699045687914E-004,2.392494789091870E-004,3.343643620610237E-004,
2.493000000000000E+009,2.430822351016104E-004,2.939665573649108E-004,1.993420301005244E-004,3.353407955728471E-004,
2.493033333333334E+009,2.234378625871614E-004,3.076718130614609E-004,2.375802723690867E-004,3.354038344696164E-004,
2.493066666666667E+009,2.372458839090541E-004,3.180974163115025E-004,2.296784805366769E-004,2.853873884305358E-004,
2.493100000000000E+009,2.546147443354130E-004,3.218147903680801E-004,2.401837409706786E-004,2.801876398734748E-004,
2.493133333333334E+009,2.910095208790153E-004,2.919548132922500E-004,2.505647134967148E-004,2.859271771740168E-004,
2.493166666666667E+009,2.306876413058490E-004,2.635227574501187E-004,2.179171715397388E-004,3.256756463088095E-004,
2.493200000000000E+009,2.286043454660103E-004,2.699901524465531E-004,2.287361858179793E-004,2.341044310014695E-004,
2.493233333333334E+009,2.296762540936470E-004,2.968550834339112E-004,2.933076466433704E-004,2.788859419524670E-004,
2.493266666666667E+009,3.162761859130114E-004,2.914390934165567E-004,2.422237157588825E-004,2.496044908184558E-004,
2.493300000000000E+009,2.439642557874322E-004,2.412144385743886E-004,2.732320281211287E-004,2.445471473038197E-004,
2.493333333333334E+009,3.154791484121233E-004,2.100982383126393E-004,3.354020300321281E-004,2.520469424780458E-004,
2.493366666666667E+009,3.197422483935952E-004,2.195439737988636E-004,3.027394996024668E-004,2.221815666416660E-004,
2.493400000000000E+009,2.815073530655354E-004,2.392774185864255E-004,3.189175040461123E-004,2.409692096989602E-004,
2.493433333333334E+009,3.196011239197105E-004,2.553699014242739E-004,2.849656448233873E-004,2.148033963749185E-004,
2.493466666666667E+009,3.018201969098300E-004,2.339511556783691E-004,3.446408663876355E-004,1.549966691527516E-004,
2.493500000000000E+009,3.108177625108510E-004,2.093320363201201E-004,3.293181944172829E-004,1.812716218410060E-004,
2.493533333333334E+009,3.278287767898291E-004,1.623844727873802E-004,3.388210607226938E-004,1.806632353691384E-004,
2.493566666666667E+009,3.319179813843221E-004,1.933411695063114E-004,3.059214504901320E-004,1.793358533177525E-004,
2.493600000000000E+009,3.079922753386200E-004,1.489981950726360E-004,3.195735043846071E-004,1.554056652821600E-004,
2.493633333333334E+009,2.964026934932917E-004,1.533291215309873E-004,3.007603518199176E-004,1.530959416413680E-004,
2.493666666666667E+009,2.799920039251447E-004,1.654127845540643E-004,2.973358787130565E-004,1.586086582392454E-004,
2.493700000000000E+009,3.356018860358745E-004,1.407972449669614E-004,3.346873563714325E-004,1.395888830302283E-004,
2.493733333333334E+009,2.922792336903513E-004,1.529624714748934E-004,3.209293936379254E-004,1.171703552245162E-004,
2.493766666666667E+009,3.573334834072739E-004,1.360018359264359E-004,3.365266311448067E-004,1.015702728182077E-004,
2.493800000000000E+009,3.271712921559811E-004,1.090131409000605E-004,3.022819000761956E-004,8.279723988380283E-005,
2.493833333333334E+009,3.560620534699410E-004,9.874966781353578E-005,3.474280820228159E-004,8.063258428592235E-005,
2.493866666666667E+009,3.327769809402525E-004,1.257319381693378E-004,3.607742837630212E-004,4.764521872857586E-005,
2.493900000000000E+009,3.386305179446936E-004,1.433085417374969E-004,3.374965745024383E-004,1.019059054669924E-004,
2.493933333333334E+009,3.122168418485671E-004,4.715014802059159E-005,3.486811765469611E-004,8.064437133725733E-005,
2.493966666666667E+009,3.297756775282323E-004,-1.156978305516532E-005,3.157847386319190E-004,3.536208168952726E-005,
2.494000000000000E+009,2.943541912827641E-004,5.965900345472619E-005,3.385544696357101E-004,4.794658889295533E-005,
2.494033333333334E+009,3.067287907470018E-004,7.805132918292657E-005,3.459949803072959E-004,1.493073432357051E-005,
2.494066666666667E+009,3.239828511141241E-004,-1.643147243157728E-006,3.668565768748522E-004,5.136497566127218E-005,
2.494100000000000E+009,3.574536822270602E-004,4.258896660758182E-005,3.350143670104444E-004,3.589395782910287E-005,
2.494133333333334E+009,3.547894302755594E-004,2.388899156358093E-005,3.300647658761591E-004,8.719305697013624E-006,
2.494166666666667E+009,3.562164201866835E-004,1.044711916620145E-005,3.241412632633001E-004,-2.814299659803510E-005,
2.494200000000000E+009,4.061298095621169E-004,-3.698676664498635E-005,3.762548731174320E-004,2.513731669750996E-005,
2.494233333333334E+009,3.554647555574775E-004,-1.095559218811104E-005,3.585191443562508E-004,-6.865438626846299E-005,
2.494266666666667E+009,3.694133192766458E-004,1.121748937293887E-006,3.299778618384153E-004,-5.283580685500056E-005,
2.494300000000000E+009,3.514322161208838E-004,-9.252699237549678E-005,3.613439912442118E-004,-2.658695666468702E-005,
2.494333333333334E+009,3.648612473625690E-004,-2.524415685911663E-005,3.371227940078825E-004,-1.620416696823668E-005,
2.494366666666667E+009,3.262796381022781E-004,-5.194242476136424E-005,3.213800373487175E-004,-6.026575283613056E-005,
2.494400000000000E+009,3.578982432372868E-004,-6.917336577316746E-005,3.465323534328491E-004,-4.556890780804679E-005,
2.494433333333334E+009,3.259978257119656E-004,-6.395191303454340E-005,2.923394786193967E-004,-6.770280015189201E-005,
2.494466666666667E+009,3.011508961208165E-004,-1.038018090184778E-004,3.216631885152310E-004,-6.001970177749172E-005,
2.494500000000000E+009,3.180103958584368E-004,-1.269344502361491E-004,3.015822148881853E-004,-2.930176378868055E-005,
2.494533333333334E+009,3.476065467111766E-004,-4.989575973013416E-005,3.149103140458465E-004,-7.872363494243473E-005,
2.494566666666667E+009,2.446706639602780E-004,-7.890514825703576E-005,2.526234020479024E-004,-6.973808922339231E-005,
2.494600000000000E+009,3.001335717272013E-004,-1.274674432352185E-004,3.185479727108032E-004,-8.419798541581258E-005,
2.494633333333334E+009,3.035463159903884E-004,-1.256499381270260E-004,2.904180437326431E-004,-1.348433870589361E-004,
2.494666666666667E+009,2.363834937568754E-004,-1.502368832007051E-004,2.986174658872187E-004,-9.128529200097546E-005,
2.494700000000000E+009,2.707740932237357E-004,-1.248693733941764E-004,3.051391395274550E-004,-1.267165935132653E-004,
2.494733333333334E+009,2.567599294707179E-004,-1.292173838010058E-004,2.717951429076493E-004,-8.250813698396087E-005,
2.494766666666667E+009,2.261472254758701E-004,-5.608829815173522E-005,3.053501131944358E-004,-1.340986345894635E-004,
2.494800000000000E+009,2.541842113714665E-004,-1.355303684249520E-004,2.489763137418777E-004,-1.295919646508992E-004,
2.494833333333334E+009,2.472921332810074E-004,-1.801011239876971E-004,2.513032814022154E-004,-1.359245652565733E-004,
2.494866666666667E+009,2.115188253810629E-004,-1.235409581568092E-004,2.694752183742821E-004,-1.778649457264692E-004,
2.494900000000000E+009,2.396484342170879E-004,-1.592771295690909E-004,2.092437207465991E-004,-1.596475922269747E-004,
2.494933333333334E+009,2.728531253524125E-004,-1.971583988051862E-004,2.043063868768513E-004,-1.725707843434066E-004,
2.494966666666667E+009,2.606191847007722E-004,-1.154396304627881E-004,2.282034693052992E-004,-1.115475752158091E-004,
2.495000000000000E+009,2.119606942869723E-004,-1.161562686320394E-004,2.438009687466547E-004,-1.963360409718007E-004,
2.495033333333334E+009,1.894564338726923E-004,-1.768613001331687E-004,2.551710058469325E-004,-1.808724045986310E-004,
2.495066666666667E+009,2.245571085950360E-004,-1.473941229050979E-004,1.934829342644662E-004,-1.652037026360631E-004,
2.495100000000000E+009,1.724157918943092E-004,-1.502303202869371E-004,2.168772189179435E-004,-2.155098045477644E-004,
2.495133333333334E+009,2.220388705609366E-004,-1.759905571816489E-004,1.742497552186251E-004,-1.361609902232885E-004,
2.495166666666667E+009,2.202342584496364E-004,-1.760691375238821E-004,2.519617846701294E-004,-1.840071927290410E-004,
2.495200000000000E+009,2.000461099669337E-004,-1.895850873552263E-004,1.804466592147946E-004,-2.294758014613763E-004,
2.495233333333334E+009,2.030393370660022E-004,-1.451028074370697E-004,1.804307394195348E-004,-2.203683834522963E-004,
2.495266666666667E+009,2.282876666868106E-004,-1.904678938444704E-004,2.067461464321241E-004,-1.461184001527727E-004,
2.495300000000000E+009,2.129467611666769E-004,-2.511218772269785E-004,1.903443189803511E-004,-1.823836209950969E-004,
2.495333333333334E+009,1.410252007190138E-004,-2.037130034295842E-004,1.641526032472029E-004,-1.680068962741643E-004,
2.495366666666667E+009,1.188906244351529E-004,-1.863107754616067E-004,1.265385799342766E-004,-2.035741927102208E-004,
2.495400000000000E+009,9.696556662674993E-005,-1.871636923169717E-004,1.649148907745257E-004,-2.198154252255336E-004,
2.495433333333334E+009,1.537820498924702E-004,-1.808722154237330E-004,2.022957050940022E-004,-2.501096168998629E-004,
2.495466666666667E+009,1.588335580890998E-004,-2.453763736411929E-004,1.740846637403593E-004,-2.129303029505536E-004,
2.495500000000000E+009,1.539761433377862E-004,-1.916361798066646E-004,2.136072725988925E-004,-1.778177684172988E-004,
2.495533333333334E+009,1.031885622069240E-004,-2.439606760162860E-004,1.583913690410554E-004,-2.117972617270425E-004,
2.495566666666667E+009,1.443917426513508E-004,-2.940428967121989E-004,1.733710232656449E-004,-2.282163477502763E-004,
2.495600000000000E+009,1.987761788768694E-004,-2.518554392736405E-004,2.063164574792609E-004,-1.946448901435360E-004,
2.495633333333334E+009,1.596521760802716E-004,-2.809523721225560E-004,1.147029761341400E-004,-2.081307611661032E-004,
2.495666666666667E+009,1.639006513869390E-004,-2.739412884693593E-004,1.405980292474851E-004,-2.371269802097231E-004,
2.495700000000000E+009,1.537730859126896E-004,-2.522213617339730E-004,1.387911179335788E-004,-2.858651278074831E-004,
2.495733333333334E+009,9.671284351497889E-005,-2.315045276191086E-004,1.236244424944744E-004,-2.107115433318541E-004,
2.495766666666667E+009,1.409075921401382E-004,-2.813128812704235E-004,1.042357835103758E-004,-2.374795731157064E-004,
2.495800000000000E+009,1.219861660501920E-004,-2.352559095015749E-004,1.087980999727733E-004,-2.750311105046421E-004,
2.495833333333334E+009,6.597521132789552E-005,-3.217343182768673E-004,1.100377121474594E-004,-3.355733642820269E-004,
2.495866666666667E+009,7.828715024515986E-005,-2.843440161086619E-004,1.213195137097500E-004,-2.493914216756821E-004,
2.495900000000000E+009,1.906348770717159E-004,-2.953531220555306E-004,1.251235953532159E-004,-2.734831359703094E-004,
2.495933333333334E+009,1.344271877314895E-004,-2.959405537694693E-004,7.556178024969995E-005,-2.671427209861577E-004,
2.495966666666667E+009,7.039609045023099E-005,-3.021008160430938E-004,7.520375220337883E-005,-2.610734663903713E-004,
2.496000000000000E+009,2.887079608626664E-005,-2.347530244151130E-004,1.107686330215074E-004,-2.962183498311788E-004,
2.496033333333334E+009,1.034882880048826E-004,-3.084237687289715E-004,6.313419726211578E-005,-3.176596655976027E-004,
2.496066666666667E+009,8.290090772788972E-005,-3.007668419741094E-004,5.485523070092313E-005,-3.054161497857422E-004,
2.496100000000000E+009,7.337372517213225E-005,-2.205538767157123E-004,9.756086365086958E-005,-3.326935111545026E-004,
2.496133333333334E+009,6.342022970784456E-005,-2.845778653863818E-004,5.036152651882730E-005,-2.846169518306851E-004,
2.496166666666667E+009,1.479141155869002E-005,-2.946945314761251E-004,2.854342892533168E-005,-2.655544667504728E-004,
2.496200000000000E+009,9.264676918974146E-005,-2.691172121558338E-004,3.596874739741907E-005,-2.701978955883533E-004,
2.496233333333334E+009,8.502625860273838E-005,-3.160257183481008E-004,-2.278949614265002E-005,-2.899140235967934E-004,
2.496266666666667E+009,4.565928975353017E-005,-1.942973758559674E-004,1.661798523855396E-005,-3.178712795488536E-004,
2.496300000000000E+009,3.379272311576642E-005,-3.189367998857051E-004,2.512659011699725E-005,-2.771470171865076E-004,
2.496333333333334E+009,3.219234349671751E-005,-3.056676068808883E-004,7.414221272483701E-006,-3.219515201635659E-004,
2.496366666666667E+009,4.100245860172436E-005,-2.929602342192084E-004,1.017014801618643E-005,-2.902830310631543E-004,
2.496400000000000E+009,-1.297413018619409E-005,-2.554539532866329E-004,-7.109478701750049E-006,-2.877435472328216E-004,
2.496433333333334E+009,1.768320362316445E-005,-3.033289976883680E-004,1.587874976394232E-005,-2.181825111620128E-004,
2.496466666666667E+009,-3.417315383558162E-005,-3.057248541153967E-004,7.009242835920304E-006,-2.020277315750718E-004,
2.496500000000000E+009,-5.315269390848698E-006,-3.147397947032005E-004,-9.872600458038505E-006,-2.781429211609066E-004,
2.496533333333334E+009,-4.786317731486633E-005,-3.182298096362501E-004,2.793962994473986E-005,-3.440728469286114E-004,
2.496566666666667E+009,-2.202212726842845E-006,-2.580126165412366E-004,1.967120806511957E-005,-2.723333309404552E-004,
2.496600000000000E+009,-4.200146213406697E-005,-2.622952160891146E-004,-3.515334901749156E-005,-2.732367720454931E-004,
2.496633333333334E+009,-1.955942389031407E-005,-3.221041406504810E-004,-2.427227809675969E-005,-2.789863792713732E-004,
2.496666666666667E+009,1.451962020837527E-006,-2.957250690087676E-004,-5.037135633756407E-005,-2.897995582316071E-004,
2.496700000000000E+009,2.031995791185182E-006,-2.954654337372631E-004,-9.475793376623187E-006,-2.973517111968249E-004,
2.496733333333334E+009,-4.293771416996606E-005,-3.122763300780207E-004,-5.416547355707735E-005,-2.858783118426800E-004,
2.496766666666667E+009,-2.216122265963350E-005,-3.306501603219658E-004,-6.754330388503149E-005,-3.004195459652692E-004,
2.496800000000000E+009,-7.073369488352910E-005,-2.885158755816519E-004,-8.792908192845061E-005,-2.720804186537862E-004,
2.496833333333334E+009,-2.616593519633170E-006,-2.818157663568854E-004,-7.535455370089039E-005,-2.615965786390007E-004,
2.496866666666667E+009,-9.441094880457968E-005,-2.672519767656922E-004,-4.994925257051364E-005,-2.571243676356971E-004,
2.496900000000000E+009,-9.311291796620935E-005,-2.863403642550111E-004,-5.270672409096733E-005,-2.541756548453122E-004,
2.496933333333334E+009,-6.075784040149301E-005,-2.774742897599936E-004,-8.597282430855557E-005,-3.512971452437341E-004,
2.496966666666667E+009,-5.948711259406991E-005,-2.665312495082617E-004,-1.337618887191638E-004,-2.867438888642937E-004,
2.497000000000000E+009,-1.087924101739191E-004,-2.660044119693339E-004,-7.493967859772965E-005,-2.880713145714253E-004,
2.497033333333334E+009,-1.247262698598206E-004,-2.874749770853669E-004,-1.219084078911692E-004,-2.961560676340014E-004,
2.497066666666667E+009,-1.478945341659710E-004,-2.218555891886354E-004,-1.436930324416608E-004,-2.914680226240307E-004,
2.497100000000000E+009,-1.637887471588329E-004,-2.628135262057185E-004,-1.157250371761620E-004,-2.814362815115601E-004,
2.497133333333334E+009,-9.224395034834743E-005,-2.868026203941554E-004,-1.377280568704009E-004,-3.010304062627256E-004,
2.497166666666667E+009,-1.225701562361792E-004,-2.722805656958371E-004,-1.176374571514316E-004,-2.833149046637118E-004,
2.497200000000000E+009,-1.285399193875492E-004,-2.330699062440544E-004,-1.326623023487628E-004,-2.731343265622854E-004,
2.497233333333334E+009,-1.741313317324966E-004,-2.601472660899162E-004,-1.840454351622611E-004,-2.798694767989218E-004,
2.497266666666667E+009,-2.045925357379019E-004,-3.025667974725366E-004,-1.895073801279068E-004,-2.723621437326074E-004,
2.497300000000000E+009,-2.222569601144642E-004,-2.759433700703085E-004,-2.052886993624270E-004,-2.331331925233826E-004,
2.497333333333334E+009,-1.830978289945051E-004,-2.365364198340103E-004,-2.442132099531591E-004,-3.139124019071460E-004,
2.497366666666667E+009,-1.983309921342880E-004,-2.657357836142182E-004,-1.956971100298688E-004,-2.388751163380221E-004,
2.497400000000000E+009,-2.761521609500051E-004,-2.647719229571521E-004,-2.366313710808754E-004,-2.159468858735636E-004,
2.497433333333334E+009,-2.050324401352555E-004,-2.384747931500897E-004,-2.535330713726580E-004,-2.883034176193178E-004,
2.497466666666667E+009,-2.563441812526435E-004,-2.427956642350182E-004,-2.767827245406807E-004,-2.100329438690096E-004,
2.497500000000000E+009,-2.037779486272484E-004,-2.694271097425371E-004,-1.929603458847851E-004,-2.159039722755551E-004,
2.497533333333334E+009,-2.032085467362776E-004,-2.363443927606568E-004,-2.328788250451908E-004,-2.217935689259321E-004,
2.497566666666667E+009,-2.344979875488207E-004,-1.999634696403518E-004,-2.423896366963163E-004,-2.048687456408516E-004,
2.497600000000000E+009,-2.140138094546273E-004,-2.905722358264029E-004,-2.460119721945375E-004,-1.938902714755386E-004,
2.497633333333334E+009,-2.509073237888515E-004,-2.306982933077961E-004,-2.170450316043571E-004,-2.070217742584646E-004,
2.497666666666667E+009,-2.735820016823709E-004,-2.634381817188114E-004,-2.275916194776073E-004,-1.750625815475360E-004,
2.497700000000000E+009,-2.870606258511543E-004,-1.969748263945803E-004,-2.532968646846712E-004,-1.787944638635963E-004,
2.497733333333334E+009,-2.418785443296656E-004,-1.843342033680528E-004,-3.046215570066124E-004,-2.101643913192675E-004,
2.497766666666667E+009,-2.519222034607083E-004,-1.670991914579645E-004,-2.923825813923031E-004,-1.633618958294392E-004,
2.497800000000000E+009,-3.582802892196924E-004,-1.824688370106742E-004,-2.578392450232059E-004,-1.796458527678624E-004,
2.497833333333334E+009,-3.289114392828196E-004,-1.567673898534849E-004,-3.442417655605823E-004,-1.911747967824340E-004,
2.497866666666667E+009,-2.703579957596958E-004,-1.562677934998646E-004,-2.141865115845576E-004,-8.423028339166194E-005,
2.497900000000000E+009,-2.386686974205077E-004,-1.588337181601673E-004,-2.797558263409883E-004,-1.697035186225548E-004,
2.497933333333334E+009,-2.626536006573588E-004,-1.526973210275173E-004,-3.084606141783297E-004,-1.383439812343568E-004,
2.497966666666667E+009,-2.940161793958396E-004,-1.444800145691261E-004,-2.654235577210784E-004,-1.689447235548869E-004,
2.498000000000000E+009,-2.790462167467922E-004,-1.295531546929851E-004,-2.989676722791046E-004,-1.477874320698902E-004,
2.498033333333334E+009,-3.169138508383185E-004,-8.013556362129748E-005,-3.089029050897807E-004,-1.090900768758729E-004,
2.498066666666667E+009,-3.473891119938344E-004,-1.281645236304030E-004,-3.370650520082563E-004,-1.466988178435713E-004,
2.498100000000000E+009,-3.142638597637415E-004,-9.814562508836389E-005,-3.615336318034679E-004,-1.131141762016341E-004,
2.498133333333334E+009,-2.965798485092819E-004,-1.022280703182332E-004,-2.950789057649672E-004,-1.280275319004431E-004,
2.498166666666667E+009,-3.144992515444756E-004,-8.937828533817083E-005,-3.020219155587256E-004,-9.182315989164636E-005,
2.498200000000000E+009,-3.354751388542354E-004,-1.243344886461273E-004,-3.456993144936860E-004,-8.418022480327636E-005,
2.498233333333334E+009,-3.416782710701227E-004,-7.908995758043602E-005,-3.596928727347404E-004,-1.124339687521569E-004,
2.498266666666667E+009,-3.510050300974399E-004,-1.051466824719682E-005,-3.795027732849121E-004,-5.390985825215466E-005,
2.498300000000000E+009,-3.612842119764537E-004,-4.343502223491669E-005,-3.426750772632659E-004,-7.624518912052736E-005,
2.498333333333334E+009,-3.738144587259740E-004,-1.913639425765723E-005,-3.518606245052069E-004,-2.096484786306974E-005,
2.498366666666667E+009,-3.442201123107225E-004,-7.025796367088333E-005,-3.855874529108405E-004,-6.449287320720032E-005,
2.498400000000000E+009,-3.349014150444418E-004,-3.554196155164391E-005,-3.304951824247837E-004,-1.069734139491629E-006,
2.498433333333334E+009,-3.945158096030355E-004,-5.348696868168190E-005,-3.255689807701856E-004,-8.457317562715616E-006,
2.498466666666667E+009,-3.062171163037419E-004,-4.107102722628042E-005,-3.695724299177527E-004,-1.769468144630082E-005,
2.498500000000000E+009,-3.269279550295323E-004,2.673445851542056E-005,-3.829396155197173E-004,-3.679528890643269E-005,
2.498533333333334E+009,-3.447182825766504E-004,-1.052148490998661E-005,-3.725340648088604E-004,1.918445741466712E-005,
2.498566666666667E+009,-3.794505319092423E-004,2.531419704610016E-005,-3.381830174475908E-004,5.404463081504218E-005,
2.498600000000000E+009,-3.582161443773657E-004,2.469475839461666E-005,-3.480061714071780E-004,5.372122359403875E-006,
2.498633333333334E+009,-3.309715539216995E-004,1.449617957405280E-005,-3.816213866230100E-004,6.029498035786673E-005,
2.498666666666667E+009,-3.947636869270355E-004,5.124276867718436E-005,-3.581873315852135E-004,5.386531847761944E-005,
2.498700000000000E+009,-3.605641832109541E-004,6.989666144363582E-005,-3.542476915754378E-004,5.332383443601430E-005,
2.498733333333334E+009,-3.708322183229029E-004,7.343374454649165E-005,-3.828458720818162E-004,1.063332601916045E-004,
2.498766666666667E+009,-3.597917093429714E-004,1.093246610253118E-004,-3.604514640755951E-004,1.300762669416145E-004,
2.498800000000000E+009,-3.123238566331565E-004,1.449661212973297E-004,-3.275057533755899E-004,9.749919263413176E-005,
2.498833333333334E+009,-3.498893347568810E-004,1.185080836876296E-004,-3.617739712353796E-004,1.083734532585368E-004,
2.498866666666667E+009,-3.224294341634959E-004,1.590300380485132E-004,-3.555314033292234E-004,1.464827946620062E-004,
2.498900000000000E+009,-3.617650945670903E-004,1.396666484652087E-004,-3.580681513994932E-004,1.235633098986000E-004,
2.498933333333334E+009,-3.612760629039258E-004,1.552749890834093E-004,-3.329118771944195E-004,1.660749694565311E-004,
2.498966666666667E+009,-2.783747040666640E-004,2.479635004419833E-004,-3.657658235169947E-004,2.144537138519809E-004,
2.499000000000000E+009,-3.351129125803709E-004,2.080633566947654E-004,-3.343719581607729E-004,1.976165804080665E-004,
2.499033333333334E+009,-3.488085640128702E-004,2.520720299798995E-004,-3.849523491226137E-004,1.960171939572319E-004,
2.499066666666667E+009,-3.656335757113993E-004,2.354429307160899E-004,-3.194084565620869E-004,2.108080807374790E-004,
2.499100000000000E+009,-3.655339532997459E-004,2.114654198521748E-004,-3.308903542347252E-004,2.100312121910974E-004,
2.499133333333334E+009,-3.317528171464801E-004,1.771618553902954E-004,-3.073221305385232E-004,2.397617063252255E-004,
2.499166666666667E+009,-3.317611699458212E-004,2.318347687833011E-004,-3.480314335320145E-004,2.247665252070874E-004,
2.499200000000000E+009,-2.540528075769544E-004,2.342525694984943E-004,-2.801888913381845E-004,2.469565370120108E-004,
2.499233333333334E+009,-3.024083562195301E-004,2.311655844096094E-004,-2.781356743071228E-004,1.767492503859103E-004,
2.499266666666667E+009,-3.642030060291290E-004,2.410383604001254E-004,-2.442592522129417E-004,2.638731675688177E-004,
2.499300000000000E+009,-2.699202741496265E-004,2.675469440873712E-004,-3.046778438147157E-004,2.336377074243501E-004,
2.499333333333334E+009,-2.782283991109580E-004,2.393363829469308E-004,-2.748117549344897E-004,2.470738836564124E-004,
2.499366666666667E+009,-2.608059730846435E-004,2.473097410984337E-004,-2.397578791715205E-004,2.567552146501839E-004,
2.499400000000000E+009,-2.519979025237262E-004,2.827281132340431E-004,-2.011532487813383E-004,2.785896358545870E-004,
2.499433333333334E+009,-2.783028467092663E-004,2.420728706056252E-004,-2.674970019143075E-004,3.173181030433625E-004,
2.499466666666667E+009,-2.797812339849770E-004,2.588614879641682E-004,-2.610285882838070E-004,2.857616345863789E-004,
2.499500000000000E+009,-2.196615387219936E-004,2.543881419114769E-004,-2.524498268030584E-004,2.956233220174909E-004,
2.499533333333334E+009,-2.321339270565659E-004,3.019281430169940E-004,-2.423101395834237E-004,3.314836067147553E-004,
2.499566666666667E+009,-2.090429770760238E-004,2.567786141298711E-004,-1.819708559196442E-004,2.849172160495073E-004,
2.499600000000000E+009,-1.894394954433665E-004,2.998677664436400E-004,-2.049612958217040E-004,2.816492051351816E-004,
2.499633333333334E+009,-1.970137673197314E-004,2.968688786495477E-004,-1.928474084706977E-004,2.784086973406375E-004,
2.499666666666667E+009,-2.034680073847994E-004,3.301863325759769E-004,-1.569593150634319E-004,2.760914503596723E-004,
2.499700000000000E+009,-1.914284657686949E-004,3.273795591667295E-004,-1.893471635412425E-004,3.253282047808170E-004,
2.499733333333334E+009,-2.129410568159074E-004,2.980286953970790E-004,-1.283781457459554E-004,3.978491295129061E-004,
2.499766666666667E+009,-1.217234748764895E-004,3.197434416506439E-004,-1.664528099354357E-004,3.516185970511288E-004,
2.499800000000000E+009,-2.025057474384084E-004,3.548976092133671E-004,-1.776332937879488E-004,3.087080258410424E-004,
2.499833333333334E+009,-1.397231535520405E-004,3.893520624842495E-004,-1.513014431111515E-004,3.085748176090419E-004,
2.499866666666667E+009,-1.447379763703793E-004,3.499694284982979E-004,-1.776905846782029E-004,3.913333930540830E-004,
2.499900000000000E+009,-9.764931019162759E-005,3.744471760001034E-004,-1.277358533116058E-004,3.402331494726241E-004,
2.499933333333334E+009,-1.467752008466050E-004,3.546138468664140E-004,-1.387900992995128E-004,3.606222453527153E-004,
2.499966666666667E+009,-1.152812401414849E-004,3.058549482375383E-004,-9.927977953338996E-005,3.665245894808322E-004,
2.500000000000000E+009,-3.517546429065988E-005,3.972170525230467E-004,-9.380088158650324E-005,3.412188671063632E-004,
