% Version 1.00
%
%freq[Hz];re:Trc1_S21;im:Trc1_S21;re:Trc2_S12;im:Trc2_S12;
2.480000000000000E+009,2.875270147342235E-004,3.649954669526778E-005,2.661342150531709E-004,1.038981281453744E-005,
2.480033333333334E+009,2.771843865048140E-004,-2.691288318601437E-005,2.636740682646632E-004,3.289604819656233E-006,
2.480066666666667E+009,2.827317512128502E-004,-4.104488834855147E-005,2.396596391918138E-004,2.591102429505554E-006,
2.480100000000000E+009,2.266777592012659E-004,-3.016195478267036E-005,2.451174659654498E-004,-3.456990816630423E-005,
2.480133333333334E+009,2.932367788162082E-004,8.810023246041965E-006,2.673370181582868E-004,-2.622042484290432E-005,
2.480166666666667E+009,2.561130968388170E-004,-5.651026367559098E-005,2.728641266003251E-004,-6.746725557604805E-005,
2.480200000000000E+009,2.472557825967670E-004,4.442161753104301E-006,1.969240402104333E-004,-4.039175473735668E-005,
2.480233333333334E+009,2.468841266818345E-004,-7.716002437518910E-005,2.633317490108311E-004,1.875228804237850E-006,
2.480266666666667E+009,2.301185595570132E-004,-7.540060323663056E-005,2.748683327808976E-004,-2.491798113624100E-005,
2.480300000000000E+009,2.358806377742440E-004,-2.156566552002914E-005,1.968879951164126E-004,-6.521175964735448E-005,
2.480333333333334E+009,2.461426192894578E-004,-6.656686309725046E-005,2.729521365836263E-004,-3.115506478934549E-005,
2.480366666666667E+009,2.607409260235727E-004,-9.839710401138291E-005,2.397531643509865E-004,-4.704812090494670E-005,
2.480400000000000E+009,1.870781852630898E-004,-6.728251901222393E-005,2.280549379065633E-004,-1.376562868244946E-004,
2.480433333333334E+009,2.629356458783150E-004,-7.591716712340713E-005,2.610119408927858E-004,-1.101476591429673E-004,
2.480466666666667E+009,2.536085376050323E-004,-1.187066591228358E-004,2.388244756730273E-004,-8.428563887719065E-005,
2.480500000000000E+009,2.659311576280743E-004,-8.493385394103825E-005,2.199693117290735E-004,-7.363099575741217E-005,
2.480533333333334E+009,1.908035192172974E-004,-6.464187754318118E-005,2.325728128198534E-004,-1.125341514125466E-004,
2.480566666666667E+009,2.712381246965379E-004,-8.251525287050754E-005,1.903683878481388E-004,-1.148664086940698E-004,
2.480600000000000E+009,2.186131605412811E-004,-1.064897514879704E-004,2.532541693653911E-004,-8.976649405667558E-005,
2.480633333333334E+009,2.555182727519423E-004,-1.340863818768412E-004,2.294846781296656E-004,-1.013780638459139E-004,
2.480666666666667E+009,2.722067001741380E-004,-1.124718764913268E-004,2.753539592958987E-004,-1.525000843685120E-004,
2.480700000000000E+009,2.137320261681452E-004,-9.056070121005178E-005,1.917129557114095E-004,-1.372192200506106E-004,
2.480733333333334E+009,2.314463345101103E-004,-1.703353918856010E-004,1.902123913168907E-004,-1.742736640153453E-004,
2.480766666666667E+009,1.739476720103994E-004,-1.039620110532269E-004,2.556487161200494E-004,-1.050268838298507E-004,
2.480800000000000E+009,2.228070952696726E-004,-1.353312400169671E-004,2.438099327264354E-004,-1.682207366684452E-004,
2.480833333333334E+009,1.989565207622945E-004,-1.598908274900168E-004,2.439418167341501E-004,-1.315396948484704E-004,
2.480866666666667E+009,2.153542300220579E-004,-1.500694779679179E-004,1.746142370393500E-004,-1.770439557731152E-004,
2.480900000000000E+009,2.438893716316670E-004,-1.663544389884919E-004,2.397393545834348E-004,-2.284007350681350E-004,
2.480933333333334E+009,2.051662740996108E-004,-1.595575304236263E-004,1.987930154427886E-004,-1.773134572431445E-004,
2.480966666666667E+009,1.499010832048953E-004,-1.033655789797194E-004,1.996409700950608E-004,-1.730638468870893E-004,
2.481000000000000E+009,2.053312782663852E-004,-1.240944257006049E-004,2.158988063456491E-004,-1.858365139923990E-004,
2.481033333333334E+009,1.858191244537011E-004,-2.038152742898092E-004,1.915064349304885E-004,-2.064391010208055E-004,
2.481066666666667E+009,1.844292710302398E-004,-1.622213312657550E-004,2.259033062728122E-004,-1.705370668787509E-004,
2.481100000000000E+009,2.254907740280032E-004,-2.026573783950880E-004,2.197233552578837E-004,-1.880868658190593E-004,
2.481133333333334E+009,1.763018080964685E-004,-2.267920353915542E-004,2.065096923615784E-004,-2.548606717027724E-004,
2.481166666666667E+009,2.037055674009025E-004,-2.182702883146703E-004,1.821426412789151E-004,-2.006177383009344E-004,
2.481200000000000E+009,2.160184230888262E-004,-2.527400793042034E-004,2.275451406603679E-004,-2.593971148598939E-004,
2.481233333333334E+009,2.697192539926618E-004,-1.719651772873476E-004,2.306799869984388E-004,-2.092939830617979E-004,
2.481266666666667E+009,2.409196167718619E-004,-2.058660902548581E-004,1.280579890590161E-004,-2.020799292949960E-004,
2.481300000000000E+009,2.127989719156176E-004,-2.682089689187706E-004,2.059336839010939E-004,-2.269427059218288E-004,
2.481333333333334E+009,1.961352245416492E-004,-2.846816205419600E-004,1.985687704291195E-004,-2.492087660357356E-004,
2.481366666666667E+009,1.863654906628653E-004,-3.066310018766671E-004,2.033694763667882E-004,-2.810589212458581E-004,
2.481400000000000E+009,1.780826714821160E-004,-2.567838237155229E-004,2.321571519132704E-004,-2.733723085839301E-004,
2.481433333333334E+009,1.968323631444946E-004,-3.294346970506012E-004,2.001798566197977E-004,-2.690921537578106E-004,
2.481466666666667E+009,1.627319288672879E-004,-3.030564985238016E-004,1.929476566147059E-004,-2.764915407169610E-004,
2.481500000000000E+009,2.108177141053602E-004,-2.938605030067265E-004,1.467533293180168E-004,-3.217898483853787E-004,
2.481533333333334E+009,1.511981972726062E-004,-3.728534502442926E-004,1.636691886233166E-004,-2.793916792143136E-004,
2.481566666666667E+009,1.952892343979329E-004,-3.792784991674125E-004,1.497189223300666E-004,-3.520430764183402E-004,
2.481600000000000E+009,1.661119313212112E-004,-3.434811369515955E-004,1.828009262681007E-004,-3.238475474063307E-004,
2.481633333333334E+009,1.652331702644005E-004,-3.039977164007723E-004,1.524040417280048E-004,-3.053412947338074E-004,
2.481666666666667E+009,9.547837544232607E-005,-3.206769761163741E-004,1.538807700853795E-004,-3.341922420077026E-004,
2.481700000000000E+009,1.089660509023815E-004,-3.967950760852546E-004,1.373505656374618E-004,-2.679379831533879E-004,
2.481733333333334E+009,1.877281756605953E-004,-3.274921909905970E-004,1.218520264956169E-004,-3.271155583206564E-004,
2.481766666666667E+009,1.610964827705175E-004,-2.540524292271584E-004,1.080801521311514E-004,-3.432882367633283E-004,
2.481800000000000E+009,1.255324459634721E-004,-3.267303691245616E-004,9.990808030124754E-005,-3.523069608490914E-004,
2.481833333333334E+009,1.448681141482666E-004,-3.108530363533646E-004,1.391154946759343E-004,-3.194675373379141E-004,
2.481866666666667E+009,7.240185368573293E-005,-3.428167547099292E-004,8.238146983785555E-005,-3.445190959610045E-004,
2.481900000000000E+009,7.594227645313367E-005,-2.909628674387932E-004,8.772000001044944E-005,-3.082262119278312E-004,
2.481933333333334E+009,1.872059692686889E-005,-3.681761445477605E-004,9.878875425783917E-005,-3.022405144292861E-004,
2.481966666666667E+009,8.085677836788818E-005,-3.157045575790107E-004,6.378508987836540E-005,-3.745523863472045E-004,
2.482000000000000E+009,2.272108758916147E-005,-3.266856656409800E-004,3.413350714254193E-005,-3.283456608187407E-004,
2.482033333333334E+009,1.818851887946948E-005,-3.176375757902861E-004,2.116006180585828E-005,-3.897019778378308E-004,
2.482066666666667E+009,7.006068335613236E-005,-3.666825941763818E-004,2.097003198286984E-005,-3.257220378145576E-004,
2.482100000000000E+009,-6.416343694581883E-006,-4.039758932776749E-004,6.596802995773032E-005,-3.858156269416213E-004,
2.482133333333334E+009,3.308798841317184E-005,-3.488686925265938E-004,2.484575088601559E-005,-4.056617617607117E-004,
2.482166666666667E+009,-4.727653140434995E-005,-3.592653083615005E-004,1.310725838266080E-005,-3.497269062791020E-004,
2.482200000000000E+009,-1.525624884379795E-005,-3.412795194890350E-004,-8.014229388209060E-005,-3.872127563226968E-004,
2.482233333333334E+009,-7.509763236157596E-005,-3.266565618105233E-004,-8.519079710822552E-005,-3.329578321427107E-004,
2.482266666666667E+009,-3.007613850058988E-005,-3.729193122126162E-004,-7.637709495611489E-005,-3.783864667639136E-004,
2.482300000000000E+009,-7.324889156734571E-005,-3.603766672313213E-004,-3.122636189800687E-005,-3.715807979460806E-004,
2.482333333333334E+009,-7.610343163833022E-005,-3.455856931395829E-004,-5.535595482797362E-005,-3.717361250892282E-004,
2.482366666666667E+009,-8.282500857603736E-006,-3.993145364802331E-004,-7.567452848888934E-005,-3.381967544555664E-004,
2.482400000000000E+009,-1.022536307573319E-004,-3.770038310904056E-004,-1.031583597068675E-004,-3.197534242644906E-004,
2.482433333333334E+009,-1.529520959593356E-004,-3.896871348842979E-004,-7.283690501935780E-005,-3.525385400280356E-004,
2.482466666666667E+009,-1.207013920065947E-004,-3.671821614261717E-004,-1.282482262467966E-004,-3.310949250590056E-004,
2.482500000000000E+009,-2.174265537178144E-004,-3.289525338914245E-004,-1.589267485542223E-004,-4.005240625701845E-004,
2.482533333333334E+009,-1.883260119939223E-004,-3.906676720362157E-004,-2.130647480953485E-004,-3.705759590957314E-004,
2.482566666666667E+009,-1.397423475282267E-004,-3.464537730906159E-004,-1.697986008366570E-004,-3.520796308293939E-004,
2.482600000000000E+009,-1.701697037788108E-004,-3.505156782921404E-004,-2.235238935099915E-004,-3.967506345361471E-004,
2.482633333333334E+009,-1.935397303896025E-004,-3.682861861307174E-004,-2.103272272506729E-004,-3.490937233436853E-004,
2.482666666666667E+009,-2.325578388990834E-004,-3.668143472168595E-004,-2.235801075585187E-004,-3.591353015508503E-004,
2.482700000000000E+009,-1.304144680034369E-004,-3.523087361827493E-004,-2.124582533724606E-004,-3.619967028498650E-004,
2.482733333333334E+009,-1.857075694715604E-004,-3.751025942619890E-004,-1.743601605994627E-004,-3.565863880794495E-004,
2.482766666666667E+009,-2.366315166000277E-004,-3.582455974537879E-004,-2.457931404933333E-004,-3.418714622966945E-004,
2.482800000000000E+009,-2.567124902270734E-004,-3.445814945735037E-004,-2.456006768625230E-004,-3.488964866846800E-004,
2.482833333333334E+009,-2.924294094555080E-004,-3.473372489679605E-004,-2.402614918537438E-004,-3.875583643093705E-004,
2.482866666666667E+009,-2.989828935824335E-004,-2.988492778968066E-004,-2.248192031402141E-004,-3.404206072445959E-004,
2.482900000000000E+009,-2.203099138569087E-004,-3.343145071994513E-004,-2.859595406334847E-004,-3.057819849345833E-004,
2.482933333333334E+009,-3.117725427728146E-004,-2.865109709091485E-004,-2.717028837651014E-004,-3.337372618261725E-004,
2.482966666666667E+009,-3.437870473135263E-004,-3.227740817237645E-004,-3.572885179892182E-004,-3.430088399909437E-004,
2.483000000000000E+009,-3.773416392505169E-004,-3.586790408007801E-004,-3.050034574698657E-004,-3.740832326002419E-004,
2.483033333333334E+009,-3.234269097447395E-004,-3.048099169973284E-004,-3.791282069869340E-004,-2.742236538324505E-004,
2.483066666666667E+009,-3.671794838737696E-004,-3.303792036604136E-004,-3.899769217241556E-004,-3.565329243429005E-004,
2.483100000000000E+009,-3.178160695824772E-004,-2.928969042841345E-004,-3.900595766026527E-004,-2.852709149010480E-004,
2.483133333333334E+009,-3.790528571698815E-004,-3.152778372168541E-004,-3.669005236588419E-004,-3.186825779266655E-004,
2.483166666666667E+009,-3.905401681549847E-004,-2.443864941596985E-004,-3.905622288584709E-004,-2.254245337098837E-004,
2.483200000000000E+009,-3.457623533904553E-004,-3.271535388194025E-004,-3.652934101410210E-004,-2.695935836527497E-004,
2.483233333333334E+009,-4.566717252600938E-004,-3.261668898630887E-004,-4.069799906574190E-004,-2.503452706150711E-004,
2.483266666666667E+009,-4.052996810059995E-004,-2.098693948937580E-004,-3.836625546682626E-004,-1.902292715385556E-004,
2.483300000000000E+009,-4.320268926676363E-004,-3.081797331105918E-004,-4.484661913011223E-004,-2.554801467340440E-004,
2.483333333333334E+009,-3.937863803002983E-004,-2.216976281488314E-004,-4.634941287804395E-004,-2.139887947123498E-004,
2.483366666666667E+009,-4.651720519177616E-004,-1.408359385095537E-004,-4.597596998792142E-004,-1.602125848876312E-004,
2.483400000000000E+009,-4.314611724112183E-004,-2.330297575099394E-004,-5.126411560922861E-004,-1.646563905524090E-004,
2.483433333333334E+009,-4.260946298018098E-004,-1.957925560418516E-004,-4.102818784303963E-004,-1.571976317791268E-004,
2.483466666666667E+009,-4.340953892096877E-004,-1.340101298410446E-004,-4.696939140558243E-004,-1.890852145152167E-004,
2.483500000000000E+009,-4.584177804645151E-004,-1.013850851450115E-004,-3.920973394997418E-004,-1.315461850026622E-004,
2.483533333333334E+009,-4.339003353379667E-004,-1.671355275902897E-004,-4.279511922504753E-004,-1.176485602627508E-004,
2.483566666666667E+009,-4.528122371993959E-004,-1.046120814862661E-004,-4.172234039288014E-004,-8.589247590862215E-005,
2.483600000000000E+009,-3.961919865105301E-004,-1.130247401306406E-004,-4.473589942790568E-004,-1.030338098644279E-004,
2.483633333333334E+009,-4.981275415048003E-004,-5.100636553834193E-005,-4.502589290495962E-004,-1.227621251018718E-004,
2.483666666666667E+009,-4.765542107634246E-004,-9.843394218478352E-005,-4.710336506832391E-004,-3.337470843689516E-005,
2.483700000000000E+009,-5.031664040870965E-004,-3.930698585463688E-005,-4.621808184310794E-004,1.714337304292712E-005,
2.483733333333334E+009,-4.323778266552836E-004,-2.304169720446225E-005,-4.583609406836331E-004,-2.135874274244998E-005,
2.483766666666667E+009,-4.869707045145333E-004,-2.639113972691121E-006,-5.148164345882833E-004,-3.117873347946443E-005,
2.483800000000000E+009,-4.931870498694480E-004,-1.837791751313489E-005,-4.453730944078416E-004,-3.259414143030881E-006,
2.483833333333334E+009,-4.753181419800967E-004,1.564403464726638E-005,-4.568335716612637E-004,-1.798080546677738E-007,
2.483866666666667E+009,-5.014207563363016E-004,6.104601197876036E-005,-4.860667977482081E-004,8.808621714706533E-006,
2.483900000000000E+009,-5.251589464023709E-004,4.784756310982630E-005,-5.312715657055378E-004,6.866738840471953E-005,
2.483933333333334E+009,-5.084125441499054E-004,6.097277218941599E-005,-4.624160937964916E-004,7.562719110865146E-005,
2.483966666666667E+009,-4.773527034558356E-004,1.119870212278329E-004,-4.432172572705895E-004,7.210100011434406E-005,
2.484000000000000E+009,-5.312177236191928E-004,3.658961213659495E-005,-4.405512590892613E-004,1.087093478417955E-004,
2.484033333333334E+009,-4.269058117642999E-004,8.318852633237839E-005,-4.868008254561573E-004,1.317216228926554E-004,
2.484066666666667E+009,-4.399763129185885E-004,1.268494088435546E-004,-4.359038721304387E-004,1.245270686922595E-004,
2.484100000000000E+009,-4.624488647095859E-004,1.403027126798406E-004,-4.488509439397603E-004,1.647244498599321E-004,
2.484133333333334E+009,-4.737785784527659E-004,1.532566384412348E-004,-4.898622282780707E-004,1.691739453235641E-004,
2.484166666666667E+009,-3.998018510174006E-004,2.033655327977613E-004,-4.473521839827299E-004,2.368838177062571E-004,
2.484200000000000E+009,-4.750443040393293E-004,2.494569052942097E-004,-4.138424992561340E-004,1.091148442355916E-004,
2.484233333333334E+009,-4.566108400467783E-004,2.683944185264409E-004,-4.384884960018098E-004,2.337188780074939E-004,
2.484266666666667E+009,-4.146029532421380E-004,2.294437726959586E-004,-4.458309849724174E-004,2.316594473086298E-004,
2.484300000000000E+009,-4.713657253887504E-004,2.359266800340265E-004,-4.235808737576008E-004,2.174965484300628E-004,
2.484333333333334E+009,-3.635398461483419E-004,2.506218734197319E-004,-4.047160327900201E-004,2.100994897773489E-004,
2.484366666666667E+009,-3.959523164667189E-004,2.774116001091898E-004,-4.088829446118325E-004,2.309199480805546E-004,
2.484400000000000E+009,-3.833512600976974E-004,2.688100212253630E-004,-4.557372303679586E-004,3.157279279548675E-004,
2.484433333333334E+009,-3.914875851478428E-004,2.853004261851311E-004,-4.054518067277968E-004,3.282488614786416E-004,
2.484466666666667E+009,-3.714625490829349E-004,3.586197271943092E-004,-4.024139489047229E-004,2.944913576357067E-004,
2.484500000000000E+009,-3.721010580193251E-004,3.283791011199355E-004,-3.808752808254212E-004,3.625978133641183E-004,
2.484533333333334E+009,-3.934869018848985E-004,3.492316463962197E-004,-3.645558317657560E-004,3.235021722503007E-004,
2.484566666666667E+009,-3.895899280905724E-004,3.637447953224182E-004,-3.803337167482823E-004,3.873240493703634E-004,
2.484600000000000E+009,-3.912090323865414E-004,3.371684870216996E-004,-4.238575929775834E-004,4.065270477440208E-004,
2.484633333333334E+009,-3.824753221124411E-004,4.095771000720561E-004,-3.614081651903689E-004,4.120686207897961E-004,
2.484666666666667E+009,-3.450706426519901E-004,4.114889889024198E-004,-3.451382217463106E-004,4.870027769356966E-004,
2.484700000000000E+009,-3.866960760205984E-004,4.172060580458492E-004,-3.465788904577494E-004,4.409390967339277E-004,
2.484733333333334E+009,-2.923140418715775E-004,3.795050433836877E-004,-3.343116550240666E-004,3.711043391376734E-004,
2.484766666666667E+009,-2.581613953225315E-004,4.166369326412678E-004,-2.953278890345246E-004,5.064094439148903E-004,
2.484800000000000E+009,-3.184061497449875E-004,4.189040046185255E-004,-3.026533813681454E-004,4.688496410381049E-004,
2.484833333333334E+009,-2.707027306314558E-004,4.436991002876312E-004,-3.120556648354977E-004,3.948743396904320E-004,
2.484866666666667E+009,-2.697348536457866E-004,4.778636503033340E-004,-2.861585235223174E-004,4.384446365293115E-004,
2.484900000000000E+009,-2.352150331716985E-004,4.859276814386249E-004,-2.654993149917573E-004,4.159997333772481E-004,
2.484933333333334E+009,-2.027603186434135E-004,4.092839080840349E-004,-2.345424145460129E-004,4.518360947258771E-004,
2.484966666666667E+009,-2.307771501364186E-004,3.940858005080372E-004,-1.990950840990990E-004,4.875203303527087E-004,
2.485000000000000E+009,-2.171354135498405E-004,4.720425640698522E-004,-1.551274326629937E-004,4.810440586879849E-004,
2.485033333333334E+009,-1.710127689875662E-004,5.104189040139318E-004,-1.393237762385979E-004,4.810043901670724E-004,
2.485066666666667E+009,-1.198272511828691E-004,5.105328746140003E-004,-1.178280435851775E-004,4.487938713282347E-004,
2.485100000000000E+009,-1.027274265652522E-004,4.397481388878077E-004,-1.318716822424904E-004,4.454538575373590E-004,
2.485133333333334E+009,-9.450520883547142E-005,4.710037319455296E-004,-1.298443239647895E-004,5.145040340721607E-004,
2.485166666666667E+009,-9.971260442398489E-005,5.195966805331409E-004,-9.998823225032538E-005,4.504847747739404E-004,
2.485200000000000E+009,-1.077337146853097E-004,5.132718360982835E-004,-8.751476707402617E-005,5.258910823613405E-004,
2.485233333333334E+009,-7.576604548376054E-005,4.780230228789151E-004,-6.790852057747543E-005,4.649916663765907E-004,
2.485266666666667E+009,-9.006332402350381E-005,5.332626169547439E-004,-9.032015077536926E-005,4.475956084206700E-004,
2.485300000000000E+009,-2.829695404216182E-005,4.988624714314938E-004,-9.259554644813761E-005,4.856964806094766E-004,
2.485333333333334E+009,-5.561449142987840E-005,5.047661834396422E-004,1.623595744604245E-005,4.826053627766669E-004,
2.485366666666667E+009,3.023438239324605E-006,5.364596727304161E-004,-3.855007162201218E-005,4.767412610817701E-004,
2.485400000000000E+009,-1.274562782782596E-005,4.641110717784613E-004,7.061188080115244E-005,4.767622449435294E-004,
2.485433333333334E+009,4.230399281368591E-005,4.483286174945533E-004,4.679034100263380E-005,4.512830928433687E-004,
2.485466666666667E+009,4.361922492535086E-006,4.828426463063806E-004,3.687445496325381E-005,4.558415676001459E-004,
2.485500000000000E+009,2.123758895322681E-005,4.527518467511982E-004,2.845397830242291E-005,5.299104377627373E-004,
2.485533333333334E+009,1.243618462467566E-004,4.590716562233865E-004,4.076249024365097E-005,4.644427099265158E-004,
2.485566666666667E+009,1.023382938001305E-004,4.662078281398863E-004,8.050561882555485E-005,4.692192596849054E-004,
2.485600000000000E+009,1.148704905062914E-004,4.626552399713546E-004,1.366405485896394E-004,5.155559629201889E-004,
2.485633333333334E+009,1.743816828820854E-004,4.144828126300126E-004,1.365700591122732E-004,4.058149934280664E-004,
2.485666666666667E+009,1.751423260429874E-004,4.905955865979195E-004,1.636867527849972E-004,4.686748143285513E-004,
2.485700000000000E+009,1.411392586305738E-004,4.454351728782058E-004,1.419587788404897E-004,4.713411326520145E-004,
2.485733333333334E+009,1.946615520864725E-004,4.647928872145712E-004,1.588615414220840E-004,4.684550513047725E-004,
2.485766666666667E+009,1.842197525547817E-004,4.286448820494115E-004,1.333476975560188E-004,4.192372725810856E-004,
2.485800000000000E+009,1.873950823210180E-004,4.513352469075471E-004,1.486054097767919E-004,4.538041830528528E-004,
2.485833333333334E+009,1.656293461564928E-004,4.409092362038791E-004,2.237867738585919E-004,4.238657711539418E-004,
2.485866666666667E+009,2.214361593360081E-004,4.185089783277363E-004,1.462316286051646E-004,4.588573647197336E-004,
2.485900000000000E+009,2.151663647964597E-004,3.989138058386743E-004,2.862796536646783E-004,4.124483384657651E-004,
2.485933333333334E+009,3.041552263312042E-004,4.296922998037189E-004,1.997421350097284E-004,3.987517266068608E-004,
2.485966666666667E+009,1.688132033450529E-004,3.551299741957337E-004,2.478334354236722E-004,4.013008438050747E-004,
2.486000000000000E+009,2.658341836649925E-004,4.049718263559043E-004,2.594141697045416E-004,4.045151872560382E-004,
2.486033333333334E+009,2.527535252738744E-004,3.618512710090727E-004,2.534964587539434E-004,3.979208413511515E-004,
2.486066666666667E+009,2.599623112473637E-004,3.674072795547545E-004,2.826347190421075E-004,3.579818003345281E-004,
2.486100000000000E+009,2.834894694387913E-004,4.092825693078339E-004,3.029005602002144E-004,3.849933855235577E-004,
2.486133333333334E+009,2.694219292607158E-004,3.830762580037117E-004,3.639090864453465E-004,3.875267284456641E-004,
2.486166666666667E+009,3.413182857912034E-004,3.923982148990035E-004,3.292361798230559E-004,3.931343380827457E-004,
2.486200000000000E+009,3.161825588904321E-004,4.074588941875845E-004,3.794928197748959E-004,3.644299576990306E-004,
2.486233333333334E+009,3.513637930154800E-004,3.920105227734894E-004,3.607638936955482E-004,3.495957353152335E-004,
2.486266666666667E+009,3.626082616392523E-004,2.933435607701540E-004,3.792847564909607E-004,3.187886031810194E-004,
2.486300000000000E+009,3.718482621479780E-004,2.988808555528522E-004,3.568807151168585E-004,3.532252740114927E-004,
2.486333333333334E+009,3.248347493354231E-004,3.207942354492843E-004,3.710715100169182E-004,2.647935179993510E-004,
2.486366666666667E+009,3.568450920283794E-004,2.642967738211155E-004,3.505754866637290E-004,3.085194039158523E-004,
2.486400000000000E+009,3.825797757599503E-004,3.112067643087357E-004,3.375015803612769E-004,3.506289504002780E-004,
2.486433333333334E+009,3.860518918372691E-004,2.662462356965989E-004,3.029539948329330E-004,2.435035421513021E-004,
2.486466666666667E+009,3.649574355222285E-004,2.679415629245341E-004,3.293685731478035E-004,2.188378857681528E-004,
2.486500000000000E+009,3.794239019043744E-004,2.650730020832270E-004,3.567217208910734E-004,2.172578097088262E-004,
2.486533333333334E+009,3.482782340142876E-004,2.767803089227527E-004,3.725221322383732E-004,2.239775931229815E-004,
2.486566666666667E+009,3.319787792861462E-004,1.922405936056748E-004,3.967381198890507E-004,2.272639685543254E-004,
2.486600000000000E+009,3.383832518011332E-004,2.027250011451542E-004,4.138815274927765E-004,2.401660749455914E-004,
2.486633333333334E+009,4.227602330502123E-004,1.180734689114615E-004,3.605080128181726E-004,2.284777001477778E-004,
2.486666666666667E+009,3.663210081867874E-004,1.861991040641442E-004,3.791704075410962E-004,2.208324149250984E-004,
2.486700000000000E+009,3.683134855236858E-004,2.259801258333027E-004,4.397571610752493E-004,1.503787061665207E-004,
2.486733333333334E+009,3.863945312332362E-004,1.724272733554244E-004,3.832489019259810E-004,1.326653728028759E-004,
2.486766666666667E+009,3.827721811830998E-004,1.661883870838210E-004,4.097047203686088E-004,1.141021348303184E-004,
2.486800000000000E+009,4.248468612786382E-004,1.961363741429523E-004,4.044228699058294E-004,1.128296717070043E-004,
2.486833333333334E+009,4.230901249684393E-004,1.322166208410636E-004,4.650604096241295E-004,9.262736421078444E-005,
2.486866666666667E+009,4.373941046651453E-004,9.399538248544559E-005,4.198430397082120E-004,1.400104229105637E-004,
2.486900000000000E+009,4.600292304530740E-004,1.090619189199060E-004,4.128651053179056E-004,1.070434154826216E-004,
2.486933333333334E+009,4.723159654531628E-004,6.850407226011157E-005,4.330081283114851E-004,1.051710278261453E-004,
2.486966666666667E+009,4.299276042729616E-004,5.594568210653961E-005,4.120965895708650E-004,9.811521158553660E-005,
2.487000000000000E+009,4.339836887083948E-004,1.038672053255141E-004,4.219078982714564E-004,1.234853061760077E-005,
2.487033333333334E+009,4.542142560239881E-004,-1.054784888765425E-006,4.369192756712437E-004,7.429946708725765E-005,
2.487066666666667E+009,3.982109192293137E-004,1.044381424435414E-004,4.631360643543303E-004,1.866053571575321E-005,
2.487100000000000E+009,4.059805069118738E-004,5.803571912110783E-005,4.605496651493013E-004,-1.291993521590484E-005,
2.487133333333334E+009,4.615540383383632E-004,-2.048106580332387E-006,4.011863493360579E-004,1.372431142954156E-005,
2.487166666666667E+009,4.227462341077626E-004,-1.256108703273640E-006,4.266219330020249E-004,-1.654495645198040E-005,
2.487200000000000E+009,4.210106562823057E-004,-7.515826837334316E-006,4.166636208537966E-004,-2.418764324829681E-006,
2.487233333333334E+009,4.513869644142687E-004,-3.499531203488004E-006,4.662296560127288E-004,-4.455720045370981E-005,
2.487266666666667E+009,4.025160742457956E-004,9.849867410594015E-007,3.927530196961016E-004,9.964708624465857E-006,
2.487300000000000E+009,4.194272623863071E-004,-3.644214666564949E-005,3.934276464860886E-004,-2.417163341306150E-005,
2.487333333333334E+009,4.445684608072043E-004,-1.105161136365496E-004,4.896657192148268E-004,-1.836071169236675E-005,
2.487366666666667E+009,3.452377568464726E-004,-7.589395681861788E-005,4.268900083843619E-004,-9.779236279428005E-005,
2.487400000000000E+009,4.130761371925473E-004,-9.631800639908761E-005,4.061182553414255E-004,-4.358594014775008E-005,
2.487433333333334E+009,4.829616227652878E-004,-1.331493258476257E-004,4.381824983283877E-004,-8.196779526770115E-005,
2.487466666666667E+009,4.639679391402751E-004,-8.158761193044484E-005,4.064776876475662E-004,-1.614260254427791E-004,
2.487500000000000E+009,4.445473605301231E-004,-1.243342703673989E-004,3.957343869842589E-004,-9.355620568385348E-005,
2.487533333333334E+009,4.176157817710191E-004,-1.666327589191496E-004,4.610913165379316E-004,-1.005703670671210E-004,
2.487566666666667E+009,4.548368742689490E-004,-1.219076657434925E-004,4.146923020016402E-004,-1.123661786550656E-004,
2.487600000000000E+009,3.606695390772075E-004,-1.265284954570234E-004,3.866386541631073E-004,-1.649787154747173E-004,
2.487633333333334E+009,4.299471329431981E-004,-1.440072373952717E-004,4.147326399106532E-004,-1.474115124437958E-004,
2.487666666666667E+009,4.507150733843446E-004,-1.448586845071986E-004,4.321917367633432E-004,-1.855849259300157E-004,
2.487700000000000E+009,4.354560805950314E-004,-2.186577476095408E-004,4.094747710041702E-004,-1.632990024518222E-004,
2.487733333333334E+009,4.133842594455928E-004,-1.777292054612190E-004,4.485621466301382E-004,-2.244464994873852E-004,
2.487766666666667E+009,4.255379026290029E-004,-2.639760205056518E-004,4.233243234921247E-004,-2.245354553451762E-004,
2.487800000000000E+009,4.158301162533462E-004,-2.053673815680668E-004,3.892467066179961E-004,-2.240154717583209E-004,
2.487833333333334E+009,4.367380170151591E-004,-2.556554682087153E-004,4.626302979886532E-004,-3.279160009697080E-004,
2.487866666666667E+009,4.248982877470553E-004,-2.638229634612799E-004,4.641898558475077E-004,-2.576535043772310E-004,
2.487900000000000E+009,3.985707880929112E-004,-2.681306214071810E-004,4.028070834465325E-004,-2.601886517368257E-004,
2.487933333333334E+009,3.830727655440569E-004,-2.944629522971809E-004,3.872320521622896E-004,-2.753685112111270E-004,
2.487966666666667E+009,4.023898218292743E-004,-2.833374310284853E-004,3.555811126716435E-004,-3.090638201683760E-004,
2.488000000000000E+009,3.142798668704927E-004,-3.369023033883423E-004,3.605953534133732E-004,-3.237337805330753E-004,
2.488033333333334E+009,3.499040030874312E-004,-3.028697683475912E-004,3.343757998663932E-004,-3.271554305683821E-004,
2.488066666666667E+009,3.379854315426201E-004,-3.310274041723460E-004,3.533093840815127E-004,-3.150840057060123E-004,
2.488100000000000E+009,2.976106188725680E-004,-3.107301308773458E-004,3.556871670298278E-004,-2.689550165086985E-004,
2.488133333333334E+009,3.495879645925015E-004,-2.918171230703592E-004,2.872788172680885E-004,-3.505387285258621E-004,
2.488166666666667E+009,3.562794008757919E-004,-3.599429037421942E-004,3.118844178970903E-004,-3.528683737386018E-004,
2.488200000000000E+009,2.432696201140061E-004,-3.791360068134964E-004,2.823955146595836E-004,-3.491241659503430E-004,
2.488233333333334E+009,2.359361969865859E-004,-3.565485822036862E-004,2.683292841538787E-004,-3.461704473011196E-004,
2.488266666666667E+009,2.816769992932677E-004,-3.628002596087754E-004,2.966304891742766E-004,-3.955530410166830E-004,
2.488300000000000E+009,2.506568853277713E-004,-3.765478322748095E-004,2.890999894589186E-004,-3.609856939874589E-004,
2.488333333333334E+009,2.052103518508375E-004,-3.959511232096702E-004,1.940568618010730E-004,-3.508857334963977E-004,
2.488366666666667E+009,2.342047519050539E-004,-3.592124558053911E-004,2.315281890332699E-004,-4.068340931553394E-004,
2.488400000000000E+009,1.603538112249225E-004,-3.647551347967237E-004,1.793216506484896E-004,-4.041653301101178E-004,
2.488433333333334E+009,2.183502947445959E-004,-3.482306492514908E-004,1.793608971638605E-004,-3.947647346649319E-004,
2.488466666666667E+009,2.330968709429726E-004,-3.825391759164631E-004,2.509087789803743E-004,-3.589995903894305E-004,
2.488500000000000E+009,2.095018571708351E-004,-3.658040368463844E-004,1.803448976716027E-004,-4.255831590853632E-004,
2.488533333333334E+009,1.977491629077122E-004,-4.187068261671811E-004,1.650007325224578E-004,-3.864893515128642E-004,
2.488566666666667E+009,1.148592637036927E-004,-3.970289835706353E-004,1.364373019896448E-004,-4.578664957080036E-004,
2.488600000000000E+009,1.722911983961240E-004,-4.064602835569531E-004,1.705317990854383E-004,-4.342073225416243E-004,
2.488633333333334E+009,1.360698806820437E-004,-4.407808010000736E-004,1.297165144933388E-004,-4.406802181620151E-004,
2.488666666666667E+009,8.201050513889641E-005,-4.445288504939526E-004,1.243085571331903E-004,-4.589548916555941E-004,
2.488700000000000E+009,1.103688628063537E-004,-4.281249421183020E-004,6.781308911740780E-005,-4.672969225794077E-004,
2.488733333333334E+009,9.573215356795117E-005,-4.590482276398689E-004,6.368893809849396E-005,-4.220388364046812E-004,
2.488766666666667E+009,1.091201702365652E-004,-4.390043031889945E-004,1.495363103458658E-004,-4.073347954545170E-004,
2.488800000000000E+009,5.233227784628980E-005,-4.573301121126860E-004,3.522063707350753E-005,-4.288067575544119E-004,
2.488833333333334E+009,4.202957279630937E-005,-4.360183083917946E-004,7.173380436142907E-005,-4.282337322365493E-004,
2.488866666666667E+009,4.733881360152736E-005,-4.512937157414854E-004,6.748586201865692E-006,-4.309112846385688E-004,
2.488900000000000E+009,-1.933132807607763E-005,-4.347428330220282E-004,2.764043892966583E-005,-4.612894263118506E-004,
2.488933333333334E+009,2.509799924155232E-005,-4.375943681225181E-004,8.587235242885072E-006,-4.591768956743181E-004,
2.488966666666667E+009,1.093392370421498E-006,-4.152524343226105E-004,-2.286587005073670E-005,-4.497811896726489E-004,
2.489000000000000E+009,-2.058776954072528E-005,-4.120572120882571E-004,2.316938116564415E-005,-4.543002578429878E-004,
2.489033333333334E+009,-1.894735942187253E-005,-4.294167738407850E-004,4.560858428703796E-007,-4.365622298792005E-004,
2.489066666666667E+009,-2.572519224486314E-005,-4.994177143089473E-004,1.223980689246673E-005,-4.430997942108661E-004,
2.489100000000000E+009,-7.031808490864933E-005,-4.463755758479238E-004,-5.355577741283923E-005,-4.616261285264045E-004,
2.489133333333334E+009,-5.781229992862791E-005,-4.911654395982623E-004,-6.934668635949493E-005,-4.850726982112974E-004,
2.489166666666667E+009,-2.790096368698869E-005,-5.279299221001566E-004,-9.881910955300555E-005,-4.386669024825096E-004,
2.489200000000000E+009,-1.021534189931117E-004,-4.253415681887418E-004,-7.583056139992550E-005,-4.841664049308747E-004,
2.489233333333334E+009,-1.379934255965054E-004,-4.623057611752302E-004,-8.397911005886272E-005,-4.845367511734366E-004,
2.489266666666667E+009,-1.217867611558177E-004,-4.603794077411294E-004,-1.096174164558761E-004,-4.638159589376301E-004,
2.489300000000000E+009,-1.641630078665912E-004,-4.617564554791898E-004,-1.276251859962940E-004,-4.812151892110705E-004,
2.489333333333334E+009,-1.361073518637568E-004,-4.728478379547596E-004,-1.798316807253286E-004,-4.987163702026010E-004,
2.489366666666667E+009,-1.693079830147326E-004,-4.130774177610874E-004,-1.783169718692079E-004,-4.919033381156623E-004,
2.489400000000000E+009,-1.950711302924901E-004,-4.552202299237251E-004,-1.682588917901740E-004,-4.431531997397542E-004,
2.489433333333334E+009,-2.382062230026349E-004,-4.524310352280736E-004,-2.445000864099711E-004,-4.528464050963521E-004,
2.489466666666667E+009,-2.027271111728624E-004,-4.487018450163305E-004,-2.064251020783559E-004,-4.850311379414052E-004,
2.489500000000000E+009,-2.272931014886126E-004,-4.222144780214876E-004,-2.004593843594194E-004,-4.265245515853167E-004,
2.489533333333334E+009,-2.302437496837229E-004,-4.027175891678780E-004,-2.538346743676812E-004,-4.005343944299966E-004,
2.489566666666667E+009,-2.763923839665949E-004,-4.210849583614618E-004,-2.577414561528713E-004,-4.517167399171740E-004,
2.489600000000000E+009,-2.487624587956816E-004,-3.528424713294953E-004,-2.565522736404091E-004,-3.775578225031495E-004,
2.489633333333334E+009,-2.433863410260528E-004,-3.934954002033919E-004,-2.976621035486460E-004,-3.858909476548433E-004,
2.489666666666667E+009,-2.728620311245322E-004,-3.849819768220186E-004,-2.594786928966641E-004,-3.955356951337308E-004,
2.489700000000000E+009,-2.575310936663300E-004,-3.871645021717995E-004,-2.806978591252118E-004,-3.367598110344261E-004,
2.489733333333334E+009,-3.076030116062611E-004,-3.517952281981707E-004,-3.261007950641215E-004,-3.446456103119999E-004,
2.489766666666667E+009,-3.109080425929278E-004,-2.958153490908444E-004,-3.078268200624734E-004,-3.637953195720911E-004,
2.489800000000000E+009,-2.944087900687009E-004,-3.218862693756819E-004,-3.024497127626091E-004,-3.626257821451873E-004,
2.489833333333334E+009,-3.089118690695614E-004,-3.991202393081039E-004,-3.326996520627290E-004,-3.415004175622016E-004,
2.489866666666667E+009,-3.439338761381805E-004,-2.926768793258816E-004,-3.590453416109085E-004,-3.413135127630085E-004,
2.489900000000000E+009,-3.613387234508991E-004,-2.596592821646482E-004,-3.618672781158239E-004,-3.255127521697432E-004,
2.489933333333334E+009,-3.470247320365161E-004,-2.800436341203749E-004,-3.626711841206998E-004,-2.590812218841165E-004,
2.489966666666667E+009,-3.243925166316330E-004,-2.865736023522914E-004,-3.305618884041905E-004,-2.490698534529656E-004,
2.490000000000000E+009,-3.438382991589606E-004,-2.494715445209295E-004,-4.421111952979118E-004,-2.662077604327351E-004,
2.490033333333334E+009,-3.343753342051059E-004,-2.140239521395415E-004,-4.220372065901756E-004,-2.610064984764904E-004,
2.490066666666667E+009,-3.508717345539480E-004,-2.448823943268508E-004,-4.211754130665213E-004,-2.522821887396276E-004,
2.490100000000000E+009,-3.651509177871049E-004,-2.348980051465333E-004,-4.405257641337812E-004,-2.829040749929845E-004,
2.490133333333334E+009,-4.138653457630426E-004,-2.549110795371234E-004,-4.046139656566083E-004,-2.502890711184591E-004,
2.490166666666667E+009,-3.657494962681085E-004,-2.744512748904526E-004,-4.041973734274507E-004,-2.156400150852278E-004,
2.490200000000000E+009,-3.740877436939627E-004,-1.773877011146396E-004,-4.469560808502138E-004,-1.432830613339320E-004,
2.490233333333334E+009,-3.598165640141815E-004,-1.640904956730083E-004,-3.890420193783939E-004,-1.604138815309852E-004,
2.490266666666667E+009,-4.182385746389628E-004,-1.649422629270703E-004,-4.091641167178750E-004,-1.793166447896510E-004,
2.490300000000000E+009,-4.317575658205897E-004,-1.755909324856475E-004,-4.781787865795195E-004,-1.379346795147285E-004,
2.490333333333334E+009,-4.069452406838536E-004,-1.756935816956684E-004,-4.243184230290353E-004,-1.044828459271230E-004,
2.490366666666667E+009,-4.277671105228365E-004,-7.976520282682031E-005,-4.009302065242082E-004,-1.323046308243647E-004,
2.490400000000000E+009,-4.552634200081229E-004,-1.850915723480284E-004,-4.106980923097581E-004,-7.510348223149777E-005,
2.490433333333334E+009,-4.051509604323655E-004,-1.002081480692141E-004,-4.845018265768886E-004,-1.533554313937202E-004,
2.490466666666667E+009,-4.396075091790408E-004,-1.000309421215206E-004,-4.431132983881980E-004,-8.605822222307324E-005,
2.490500000000000E+009,-4.427492385730147E-004,-7.509712304454297E-005,-4.363344341982156E-004,-8.492784400004894E-005,
2.490533333333334E+009,-4.211561463307589E-004,-1.059870046447031E-004,-4.643171851057559E-004,-7.100848597474396E-005,
2.490566666666667E+009,-4.490747232921422E-004,-3.353979263920337E-005,-4.217806563246995E-004,-3.973656203015707E-005,
2.490600000000000E+009,-4.569501616060734E-004,-1.587394581292756E-005,-3.968159435316920E-004,-1.872916436695959E-005,
2.490633333333334E+009,-4.658364632632583E-004,-3.251387533964589E-005,-3.889748477376998E-004,-4.610121322912164E-005,
2.490666666666667E+009,-4.765274934470654E-004,-4.948878267896362E-005,-5.058295791968703E-004,1.542048448754940E-005,
2.490700000000000E+009,-4.333739925641567E-004,-3.442286833887920E-005,-5.082183633930981E-004,-1.640412847336847E-005,
2.490733333333334E+009,-4.908495466224849E-004,2.136192233592738E-005,-4.292816156521440E-004,1.671309837547597E-005,
2.490766666666667E+009,-4.714973329100758E-004,3.016996924998239E-005,-4.787858633790165E-004,-8.637582141091116E-006,
2.490800000000000E+009,-4.509517457336187E-004,1.387462907587178E-005,-4.632834461517632E-004,8.734179573366419E-006,
2.490833333333334E+009,-4.793711414095014E-004,4.800381066161208E-005,-4.722422454506159E-004,5.999304630677216E-005,
2.490866666666667E+009,-4.503130621742457E-004,6.851474608993158E-005,-4.937200574204326E-004,6.976729491725564E-005,
2.490900000000000E+009,-4.998222575522959E-004,1.023038857965730E-004,-5.316066672094166E-004,8.229495870182291E-005,
2.490933333333334E+009,-5.180867738090456E-004,1.253255468327552E-004,-4.967162967659533E-004,9.334536298410967E-005,
2.490966666666667E+009,-4.918927443213761E-004,2.001538960030302E-004,-5.398821085691452E-004,1.504766114521772E-004,
2.491000000000000E+009,-4.907253314740956E-004,1.637688255868852E-004,-4.632407508324832E-004,1.421713677700609E-004,
2.491033333333334E+009,-4.749231738969684E-004,1.281242148252204E-004,-4.556539061013609E-004,1.166777874459513E-004,
2.491066666666667E+009,-4.215396475046873E-004,1.551118766656146E-004,-4.574568592943251E-004,1.661562419030815E-004,
2.491100000000000E+009,-4.723064485006034E-004,1.904264936456457E-004,-4.342418396845460E-004,1.597664813743904E-004,
2.491133333333334E+009,-4.135620256420225E-004,1.981216046260670E-004,-4.406408406794071E-004,1.628458267077804E-004,
2.491166666666667E+009,-3.942175535485148E-004,2.280286716995761E-004,-4.178260569460690E-004,1.899286435218528E-004,
2.491200000000000E+009,-4.174702044110745E-004,1.717437553452328E-004,-4.077843914274126E-004,2.598389110062271E-004,
2.491233333333334E+009,-4.241783462930471E-004,1.585537102073431E-004,-3.967356460634619E-004,1.967126008821651E-004,
2.491266666666667E+009,-4.154211783315986E-004,2.139767457265407E-004,-4.033074073959142E-004,2.235389256384224E-004,
2.491300000000000E+009,-3.854786045849323E-004,2.403227117611095E-004,-4.202746786177158E-004,2.217042056145147E-004,
2.491333333333334E+009,-3.303086268715560E-004,2.661516482476145E-004,-3.758568782359362E-004,2.308915572939441E-004,
2.491366666666667E+009,-3.969934186898172E-004,2.070776827167720E-004,-3.334300999995321E-004,3.009653300978243E-004,
2.491400000000000E+009,-3.559529141057283E-004,2.584676840342581E-004,-3.856361436191946E-004,2.939847763627768E-004,
2.491433333333334E+009,-3.709245647769421E-004,2.914856886491180E-004,-3.931400133296847E-004,2.504483272787184E-004,
2.491466666666667E+009,-3.470796509645879E-004,2.901061670854688E-004,-3.975233703386039E-004,2.885877911467105E-004,
2.491500000000000E+009,-2.748187398537993E-004,3.040630836039782E-004,-3.434487443882972E-004,3.168490948155522E-004,
2.491533333333334E+009,-3.203974629286677E-004,2.835403138305992E-004,-2.590512158349156E-004,3.143872017972171E-004,
2.491566666666667E+009,-2.635983983054757E-004,3.415372339077294E-004,-2.979373966809362E-004,3.023449389729649E-004,
2.491600000000000E+009,-3.312082262709737E-004,2.909657196141779E-004,-3.032797831110656E-004,2.964990853797644E-004,
2.491633333333334E+009,-2.818969951476902E-004,3.398503758944571E-004,-2.962612488772720E-004,3.017698181793094E-004,
2.491666666666667E+009,-3.157549945171922E-004,3.101184556726366E-004,-2.509659971110523E-004,3.195124445483089E-004,
2.491700000000000E+009,-2.920843544416130E-004,3.351616906002164E-004,-2.623934124130756E-004,3.645623801276088E-004,
2.491733333333334E+009,-1.906377583509311E-004,4.152757755946368E-004,-2.318199985893443E-004,4.006555827800185E-004,
2.491766666666667E+009,-2.097494580084458E-004,3.851600049529225E-004,-2.299598854733631E-004,3.910415980499238E-004,
2.491800000000000E+009,-2.123614249285311E-004,3.484970075078309E-004,-2.171092492062599E-004,3.633421729318798E-004,
2.491833333333334E+009,-1.712327502900735E-004,3.964167844969779E-004,-2.029571332968772E-004,3.659210633486509E-004,
2.491866666666667E+009,-1.679671549936757E-004,3.354445507284254E-004,-2.096917014569044E-004,3.264056576881558E-004,
2.491900000000000E+009,-2.678901655599475E-004,3.483597538433969E-004,-2.015861682593823E-004,4.325261979829520E-004,
2.491933333333334E+009,-1.830384862842038E-004,3.808456240221858E-004,-1.910872379085049E-004,4.055755562148988E-004,
2.491966666666667E+009,-1.372728584101424E-004,3.453349054325372E-004,-1.748056383803487E-004,3.837622934952378E-004,
2.492000000000000E+009,-1.441078056814149E-004,4.026991373393685E-004,-1.471954747103155E-004,4.078222555108368E-004,
2.492033333333334E+009,-1.325602497672662E-004,3.755129000637680E-004,-1.354258420178667E-004,4.019963089376688E-004,
2.492066666666667E+009,-1.023977456497960E-004,4.214620566926897E-004,-1.306498743360862E-004,4.285978793632239E-004,
2.492100000000000E+009,-7.971128070494160E-005,4.173920024186373E-004,-1.420463668182492E-004,4.282615263946354E-004,
2.492133333333334E+009,-6.171650602482259E-005,3.773628850467503E-004,-1.092395978048444E-004,4.109110741410404E-004,
2.492166666666667E+009,-5.541278733289801E-005,4.395263094920665E-004,-1.188257010653615E-004,4.257896798662841E-004,
2.492200000000000E+009,-1.016887690639123E-004,4.403586499392986E-004,-1.255109236808494E-004,4.323150787968189E-004,
2.492233333333334E+009,-8.552349027013406E-005,3.663412062451243E-004,-1.490818976890296E-005,4.070149152539671E-004,
2.492266666666667E+009,-3.713620026246645E-005,3.816812240984291E-004,-5.291520574246533E-005,4.249941266607493E-004,
2.492300000000000E+009,-8.302464993903413E-005,4.129963635932654E-004,-2.244254937977530E-005,3.999569744337350E-004,
2.492333333333334E+009,-1.858872929005884E-005,3.992486745119095E-004,-4.568421718431637E-005,4.294224490877241E-004,
2.492366666666667E+009,-3.858270065393299E-005,4.430149565450847E-004,-2.242734626634046E-005,4.198811657261103E-004,
2.492400000000000E+009,-4.281108340364881E-005,4.293182282708585E-004,-3.011052058354835E-006,4.401556216180325E-004,
2.492433333333334E+009,2.261117697344162E-005,4.353977565187961E-004,2.770310857158620E-005,4.419593315105885E-004,
2.492466666666667E+009,-1.246184183401056E-006,4.904491361230612E-004,6.207700153026963E-006,4.492873558774591E-004,
2.492500000000000E+009,5.248154047876597E-005,4.242841678205878E-004,1.488037196395453E-005,4.540923400782049E-004,
2.492533333333334E+009,-1.162162607215578E-005,4.477673501241952E-004,8.515684748999775E-005,4.669758782256395E-004,
2.492566666666667E+009,8.217775030061603E-005,4.334724799264222E-004,6.370733171934262E-005,4.541054659057409E-004,
2.492600000000000E+009,9.573917486704886E-005,4.348674847278744E-004,4.299996362533420E-005,4.375281278043985E-004,
2.492633333333334E+009,5.282943311613053E-005,3.741761902347207E-004,4.291161894798279E-005,4.022333305329084E-004,
2.492666666666667E+009,9.586203668732196E-005,4.452407592907548E-004,7.692987128393725E-005,4.257078107912093E-004,
2.492700000000000E+009,7.137509965104982E-005,3.993372374679893E-004,1.654474908718839E-004,4.467070684768260E-004,
2.492733333333334E+009,1.279054995393381E-004,4.287026822566986E-004,1.569912565173581E-004,4.318956052884460E-004,
2.492766666666667E+009,1.159393650596030E-004,4.212827479932457E-004,1.164071727544069E-004,3.946640936192125E-004,
2.492800000000000E+009,1.148826559074223E-004,3.846118343062699E-004,1.753672113409266E-004,3.803987347055227E-004,
2.492833333333334E+009,1.501943334005773E-004,3.837270196527243E-004,1.341845782008022E-004,4.002556379418820E-004,
2.492866666666667E+009,1.895223103929311E-004,3.647468111012131E-004,1.282269513467327E-004,4.228175093885511E-004,
2.492900000000000E+009,1.333235850324854E-004,3.106639778707176E-004,1.813031558413059E-004,3.433479869272560E-004,
2.492933333333334E+009,1.842596975620836E-004,3.301158139947802E-004,1.884798984974623E-004,3.744467685464770E-004,
2.492966666666667E+009,2.437237417325378E-004,3.463512985035777E-004,2.374330942984670E-004,3.435251128394157E-004,
2.493000000000000E+009,1.634205691516399E-004,3.363616415299475E-004,1.588029408594593E-004,3.666440316010267E-004,
2.493033333333334E+009,1.953052269527689E-004,3.628560225479305E-004,2.059843827737495E-004,3.282053803559393E-004,
2.493066666666667E+009,2.099065604852513E-004,2.743616350926459E-004,2.236644213553518E-004,2.809051366057247E-004,
2.493100000000000E+009,2.015274803852662E-004,3.485333872959018E-004,1.898689224617556E-004,3.255654592067003E-004,
2.493133333333334E+009,2.322826912859455E-004,2.893578202929348E-004,2.844923292286694E-004,2.964794111903757E-004,
2.493166666666667E+009,2.400820230832323E-004,3.386255411896855E-004,1.800906611606479E-004,3.362504648976028E-004,
2.493200000000000E+009,2.324566739844158E-004,2.814904437400401E-004,2.441623073536903E-004,3.496275458019227E-004,
2.493233333333334E+009,2.352505398448557E-004,2.312046417500824E-004,2.495553344488144E-004,2.478040114510804E-004,
2.493266666666667E+009,2.742279611993581E-004,3.083333722315729E-004,2.880846441257745E-004,2.661008038558066E-004,
2.493300000000000E+009,2.933410578407347E-004,2.245965297333896E-004,2.749330888036639E-004,2.935839875135571E-004,
2.493333333333334E+009,2.788126876112074E-004,2.934599760919809E-004,2.835609193425626E-004,2.298812905792147E-004,
2.493366666666667E+009,2.849417214747518E-004,2.377596974838525E-004,2.758149639703333E-004,2.434299676679075E-004,
2.493400000000000E+009,2.772638690657914E-004,1.975131453946233E-004,3.118388121947646E-004,2.002284163609147E-004,
2.493433333333334E+009,2.925100852735341E-004,2.018963277805597E-004,2.621014136821032E-004,1.718920102575794E-004,
2.493466666666667E+009,2.969463239423931E-004,1.931114093167707E-004,2.642480249051005E-004,2.269151009386405E-004,
2.493500000000000E+009,3.008527564816177E-004,2.425596467219293E-004,3.005663747899234E-004,2.039388054981828E-004,
2.493533333333334E+009,3.432307275943458E-004,1.856964809121564E-004,2.372767048655078E-004,1.994351914618164E-004,
2.493566666666667E+009,2.656793221831322E-004,1.451631833333522E-004,3.322793636471033E-004,2.302655921084806E-004,
2.493600000000000E+009,2.526635071262717E-004,1.722335000522435E-004,2.863758709281683E-004,1.987389696296305E-004,
2.493633333333334E+009,3.582402132451534E-004,1.825241342885420E-004,3.017538983840495E-004,2.196757704950869E-004,
2.493666666666667E+009,3.569620894268155E-004,1.392358681187034E-004,3.458257997408509E-004,2.169634681195021E-004,
2.493700000000000E+009,2.854052872862667E-004,1.759769802447408E-004,3.439164720475674E-004,1.485306565882638E-004,
2.493733333333334E+009,3.168132971040905E-004,1.642836577957496E-004,3.203741507604718E-004,1.821299229050055E-004,
2.493766666666667E+009,3.084932395722717E-004,1.399733446305618E-004,3.829373454209417E-004,1.342415489489213E-004,
2.493800000000000E+009,2.944416773971170E-004,1.411284029018134E-004,2.756773610599339E-004,1.263646408915520E-004,
2.493833333333334E+009,3.438407147768885E-004,1.498972706031054E-004,2.948106848634780E-004,1.270177599508315E-004,
2.493866666666667E+009,3.967207740060985E-004,9.530066017759964E-005,3.280916425865144E-004,8.712551789358258E-005,
2.493900000000000E+009,3.324096905998886E-004,1.480059145251289E-004,3.214846947230399E-004,1.001705095404759E-004,
2.493933333333334E+009,3.335583896841854E-004,1.729202922433615E-004,3.238128265365958E-004,1.506427652202547E-004,
2.493966666666667E+009,3.151293203700334E-004,1.380420580971986E-004,3.705876006279141E-004,3.390116035006940E-005,
2.494000000000000E+009,3.665927797555924E-004,5.732371209887788E-005,3.554039576556534E-004,1.058843699865975E-004,
2.494033333333334E+009,3.818444674834609E-004,7.123035902623087E-005,4.725574108306319E-004,3.163238579872996E-005,
2.494066666666667E+009,4.021613276563585E-004,3.482921601971611E-005,4.500256327446550E-004,-3.215720425941981E-006,
2.494100000000000E+009,4.148225416429341E-004,6.612147990381345E-005,3.782320418395102E-004,2.344941640330944E-005,
2.494133333333334E+009,3.953409614041448E-004,9.508926450507715E-005,3.869487263727933E-004,4.108285429538228E-005,
2.494166666666667E+009,3.694557817652822E-004,-5.645690180244856E-006,4.595701466314495E-004,5.345811950974166E-005,
2.494200000000000E+009,3.416424733586609E-004,3.991104676970281E-005,3.505453933030367E-004,1.223508479597513E-005,
2.494233333333334E+009,3.506023203954101E-004,4.539803285297239E-006,3.236685006413609E-004,2.362176201131661E-005,
2.494266666666667E+009,3.896799171343446E-004,-2.077895987895317E-005,4.075427132192999E-004,-2.084543302771635E-005,
2.494300000000000E+009,3.305794089101255E-004,8.275096661236603E-006,3.487282665446401E-004,-2.043387394223828E-005,
2.494333333333334E+009,4.220689006615430E-004,1.120197157433722E-005,3.645833930931985E-004,-6.957233563298360E-005,
2.494366666666667E+009,3.678793727885932E-004,-2.926763409050182E-005,3.527483495417982E-004,-3.993325299234130E-005,
2.494400000000000E+009,3.241178346797824E-004,-6.636472971877083E-005,3.123222268186510E-004,-2.992767258547247E-005,
2.494433333333334E+009,3.642757073976100E-004,-1.036411049426533E-004,3.395223757252097E-004,-3.799948535743170E-005,
2.494466666666667E+009,2.917998353950679E-004,-9.467988274991512E-005,3.478401049505919E-004,-5.636854257318191E-005,
2.494500000000000E+009,3.330575127620250E-004,-2.159528230549768E-005,3.770842449739575E-004,-9.774890349945054E-005,
2.494533333333334E+009,2.637155121192336E-004,-6.597844185307622E-005,3.115428844466806E-004,-7.527149864472449E-005,
2.494566666666667E+009,2.843883412424475E-004,-1.051533836289309E-004,3.352609346620739E-004,-1.014510562526994E-004,
2.494600000000000E+009,3.441172593738884E-004,-3.984548675362021E-005,2.820860827341676E-004,-1.296809205086902E-004,
2.494633333333334E+009,2.941820712294430E-004,-8.179221185855568E-005,3.244283434469253E-004,-8.824474934954196E-005,
2.494666666666667E+009,2.503790019545704E-004,-1.187685847980902E-004,2.605911286082119E-004,-1.000472475425340E-004,
2.494700000000000E+009,2.916280063800514E-004,-9.926297207130119E-005,3.272972244303674E-004,-1.531696470919997E-004,
2.494733333333334E+009,2.683446509763598E-004,-1.042333096847870E-004,2.544792077969760E-004,-1.382633054163307E-004,
2.494766666666667E+009,2.679000317584723E-004,-1.816788280848414E-004,3.349230391904712E-004,-1.695100800134242E-004,
2.494800000000000E+009,3.250977897550911E-004,-1.257730036741123E-004,2.668771776370704E-004,-1.300666044699028E-004,
2.494833333333334E+009,2.135191170964390E-004,-1.410897821187973E-004,2.410002343822271E-004,-7.965585973579437E-005,
2.494866666666667E+009,2.011766919167712E-004,-1.025352685246617E-004,2.962124999612570E-004,-2.002380060730502E-004,
2.494900000000000E+009,1.915290486067534E-004,-1.760278537403792E-004,2.561943256296217E-004,-1.633193751331419E-004,
2.494933333333334E+009,2.725174417719245E-004,-1.376840518787503E-004,2.461942785885185E-004,-1.429333206033334E-004,
2.494966666666667E+009,2.692409325391054E-004,-1.396317675244063E-004,2.105534076690674E-004,-1.795654534362257E-004,
2.495000000000000E+009,2.408607833785936E-004,-1.224055449711159E-004,2.309509873157367E-004,-1.981225359486416E-004,
2.495033333333334E+009,2.067615423584357E-004,-1.456555764889345E-004,2.035681973211467E-004,-1.702641166048124E-004,
2.495066666666667E+009,2.883594715967774E-004,-1.779523299774155E-004,2.058415993815288E-004,-1.847479870775715E-004,
2.495100000000000E+009,2.115688257617876E-004,-2.298192703165114E-004,2.166023623431101E-004,-1.933389576151967E-004,
2.495133333333334E+009,1.827146916184574E-004,-1.726963237160817E-004,2.295995946042240E-004,-1.798963639885187E-004,
2.495166666666667E+009,1.929282152559608E-004,-1.588988379808143E-004,2.209203667007387E-004,-1.741863234201446E-004,
2.495200000000000E+009,1.910351420519874E-004,-1.569178566569462E-004,2.424385602353141E-004,-1.803813211154193E-004,
2.495233333333334E+009,2.331065188627690E-004,-2.071066410280764E-004,2.086910826619715E-004,-2.565948525443673E-004,
2.495266666666667E+009,2.620909071993083E-004,-2.232250844826922E-004,2.270516997668892E-004,-2.096582757076249E-004,
2.495300000000000E+009,2.383102691965178E-004,-2.362594968872145E-004,2.148354251403362E-004,-2.822394890245050E-004,
2.495333333333334E+009,1.852967834565789E-004,-2.356047480134293E-004,1.773310941644013E-004,-2.437461371300742E-004,
2.495366666666667E+009,1.585406425874680E-004,-2.174986730096862E-004,1.722939778119326E-004,-2.874144993256778E-004,
2.495400000000000E+009,1.674875384196639E-004,-2.127121260855347E-004,2.026316215051338E-004,-2.321782812941819E-004,
2.495433333333334E+009,1.731400698190555E-004,-2.382704988121986E-004,2.077402750728652E-004,-2.407426800346002E-004,
2.495466666666667E+009,1.260297576664016E-004,-1.953295140992850E-004,1.939250796567649E-004,-2.255559084005654E-004,
2.495500000000000E+009,1.655208179727197E-004,-3.122923371847719E-004,2.086566237267107E-004,-2.824821858666837E-004,
2.495533333333334E+009,1.716018887236714E-004,-2.504264411982149E-004,1.288237253902480E-004,-2.329353446839377E-004,
2.495566666666667E+009,1.735224941512570E-004,-2.600625157356262E-004,2.205440978286788E-004,-2.900827967096120E-004,
2.495600000000000E+009,1.452580036129803E-004,-2.700167242437601E-004,1.417521416442469E-004,-2.897481317631900E-004,
2.495633333333334E+009,1.619429240236059E-004,-3.178913611918688E-004,1.202392886625603E-004,-3.408530028536916E-004,
2.495666666666667E+009,1.900718343676999E-004,-3.116228617727757E-004,1.277955161640421E-004,-2.771410509012640E-004,
2.495700000000000E+009,1.069938516593538E-004,-3.141225897707045E-004,1.299970754189417E-004,-3.371547500137240E-004,
2.495733333333334E+009,1.733913231873885E-004,-2.498734975233674E-004,1.119180815294385E-004,-2.889493771363050E-004,
2.495766666666667E+009,1.448861876269803E-004,-3.844633174594492E-004,1.434745790902525E-004,-2.922828716691583E-004,
2.495800000000000E+009,1.121609966503456E-004,-3.232828166801482E-004,1.296458212891594E-004,-3.057223802898079E-004,
2.495833333333334E+009,1.281531440326944E-004,-2.924344444181770E-004,1.411624543834478E-004,-3.106729418504983E-004,
2.495866666666667E+009,8.652689575683326E-005,-2.995459362864494E-004,5.883792982785963E-005,-2.913434873335064E-004,
2.495900000000000E+009,1.268741034436971E-004,-2.794837346300483E-004,1.164938366855495E-004,-2.770334831438959E-004,
2.495933333333334E+009,9.641154611017555E-005,-2.182171301683411E-004,8.364600216737017E-005,-2.997066476382315E-004,
2.495966666666667E+009,3.685722185764462E-005,-2.855134080164135E-004,1.114859987865202E-004,-2.878036175388843E-004,
2.496000000000000E+009,1.046681645675562E-004,-2.913091157097369E-004,9.357238013762981E-005,-2.873568446375430E-004,
2.496033333333334E+009,3.116371590294875E-005,-2.853358746506274E-004,4.834916762774810E-005,-2.620416053105146E-004,
2.496066666666667E+009,4.268778502591886E-005,-2.964272280223668E-004,5.441900793812238E-005,-3.232592134736478E-004,
2.496100000000000E+009,3.378084147698246E-005,-2.793371677398682E-004,5.840820085722953E-005,-2.511786005925387E-004,
2.496133333333334E+009,1.302073214901611E-004,-2.895229263231158E-004,-9.413070500841059E-008,-3.305670106783509E-004,
2.496166666666667E+009,7.439046021318063E-005,-2.780581999104470E-004,2.996113653352950E-005,-3.084440249949694E-004,
2.496200000000000E+009,3.014499452547170E-005,-2.566401672083885E-004,2.440689740978996E-006,-3.144014917779714E-004,
2.496233333333334E+009,2.425494676572271E-005,-2.556446706876159E-004,2.522814975236543E-005,-2.981894358526915E-004,
2.496266666666667E+009,-7.780027772241738E-006,-2.562291920185089E-004,-1.711747609078884E-005,-2.741081116255373E-004,
2.496300000000000E+009,2.512669561838266E-005,-2.665558713488281E-004,-3.092621773248538E-005,-3.163726942148060E-004,
2.496333333333334E+009,6.067771755624563E-005,-2.831800084095448E-004,1.710043397906702E-005,-2.930097689386457E-004,
2.496366666666667E+009,-4.164849451626651E-005,-2.700492041185498E-004,6.462871169787832E-006,-3.442279121372849E-004,
2.496400000000000E+009,-3.363766381880851E-006,-2.816003107000142E-004,-1.085651365428930E-005,-2.465647994540632E-004,
2.496433333333334E+009,-6.771590506104985E-006,-3.544318024069071E-004,-1.643754148972221E-005,-2.744189987424761E-004,
2.496466666666667E+009,-1.650316153245512E-005,-2.529108605813235E-004,-1.015291309158783E-005,-2.718003524933010E-004,
2.496500000000000E+009,-6.048931481927866E-006,-3.376265522092581E-004,-3.060192466364242E-005,-3.069132508244366E-004,
2.496533333333334E+009,-2.931281778728589E-005,-2.805127587635070E-004,-8.594169048592448E-005,-2.824205148499459E-004,
2.496566666666667E+009,-2.881491491280031E-005,-3.121350600849837E-004,-7.286609616130590E-005,-2.852253674063832E-004,
2.496600000000000E+009,-2.584040885267314E-005,-3.015277325175703E-004,-3.964998541050591E-005,-2.814282197505236E-004,
2.496633333333334E+009,-1.004335281322710E-004,-2.595309633761644E-004,-3.990512050222606E-005,-2.728190738707781E-004,
2.496666666666667E+009,-4.218478716211394E-005,-3.339966060593724E-004,-5.085267912363634E-005,-2.625485649332404E-004,
2.496700000000000E+009,-6.645992834819481E-005,-2.804828400257975E-004,-5.814873293275014E-005,-3.237094788346440E-004,
2.496733333333334E+009,-7.270707283169031E-005,-2.822356473188847E-004,-5.680061076418497E-005,-2.947484026663005E-004,
2.496766666666667E+009,-8.969354530563578E-005,-2.981189172714949E-004,-6.477495480794460E-005,-2.776718756649643E-004,
2.496800000000000E+009,-1.257775002159178E-004,-2.966408501379192E-004,-1.035854584188201E-004,-2.729036787059158E-004,
2.496833333333334E+009,-6.755344656994566E-005,-2.333233715035021E-004,-1.030955099849962E-004,-2.908610622398555E-004,
2.496866666666667E+009,-8.504568540956825E-005,-3.061637398786843E-004,-9.976251749321818E-005,-3.327493323013187E-004,
2.496900000000000E+009,-7.838031160645187E-005,-3.073481493629515E-004,-1.398357126163319E-004,-3.065158089157194E-004,
2.496933333333334E+009,-5.510362097993493E-005,-3.502423933241516E-004,-6.863818998681381E-005,-2.906724694184959E-004,
2.496966666666667E+009,-1.067975172190927E-004,-2.875427599065006E-004,-1.269599015358836E-004,-2.858955122064799E-004,
2.497000000000000E+009,-9.962386684492230E-005,-2.881718100979924E-004,-1.450821000616998E-004,-2.770955325104296E-004,
2.497033333333334E+009,-1.693585654720664E-004,-2.938590478152037E-004,-1.943754614330828E-004,-2.689816465135664E-004,
2.497066666666667E+009,-2.009683666983619E-004,-2.862357650883496E-004,-1.992759789573029E-004,-2.864424604922533E-004,
2.497100000000000E+009,-1.912485167849809E-004,-3.324384742882103E-004,-2.241698384750634E-004,-3.004728350788355E-004,
2.497133333333334E+009,-2.345766552025452E-004,-2.716062299441546E-004,-1.953693135874346E-004,-2.286072558490560E-004,
2.497166666666667E+009,-1.549190637888387E-004,-3.060094895772636E-004,-1.621317496756092E-004,-2.770622377283871E-004,
2.497200000000000E+009,-1.975959603441879E-004,-2.633601834531874E-004,-2.462089469190687E-004,-2.550837525632232E-004,
2.497233333333334E+009,-1.976015337277204E-004,-2.668991510290653E-004,-2.313011646037921E-004,-2.178405848098919E-004,
2.497266666666667E+009,-2.521908318158239E-004,-2.477111993357539E-004,-2.805389231070876E-004,-2.511269412934780E-004,
2.497300000000000E+009,-2.596658887341619E-004,-2.937398094218224E-004,-2.453786728437990E-004,-2.755170862656087E-004,
2.497333333333334E+009,-2.588641655165702E-004,-2.588733914308250E-004,-2.640111197251827E-004,-3.181622305419296E-004,
2.497366666666667E+009,-2.180277369916439E-004,-2.540968998800963E-004,-2.712082350626588E-004,-2.404731494607404E-004,
2.497400000000000E+009,-2.643893240019679E-004,-2.174953551730141E-004,-2.543147711548954E-004,-2.498191897757351E-004,
2.497433333333334E+009,-3.294938651379198E-004,-2.452061453368515E-004,-2.519338158890605E-004,-2.163331519113854E-004,
2.497466666666667E+009,-3.021228767465800E-004,-2.419780939817429E-004,-2.931343333330005E-004,-2.397372300038114E-004,
2.497500000000000E+009,-2.872963086701930E-004,-1.997715444304049E-004,-2.531788486521691E-004,-2.006770810112357E-004,
2.497533333333334E+009,-2.956694224849343E-004,-1.850483386078849E-004,-2.151185908587650E-004,-1.899236667668447E-004,
2.497566666666667E+009,-2.760656352620572E-004,-2.282862551510334E-004,-2.811821177601814E-004,-2.396275085629895E-004,
2.497600000000000E+009,-3.062547766603530E-004,-2.110397472279146E-004,-2.764385717455298E-004,-2.011693286476657E-004,
2.497633333333334E+009,-2.247713418910280E-004,-1.489795104134828E-004,-3.085778153035790E-004,-1.926183176692575E-004,
2.497666666666667E+009,-2.730701817199588E-004,-2.073761279461905E-004,-2.925824082922190E-004,-2.154987450921908E-004,
2.497700000000000E+009,-2.769191924016923E-004,-2.581382868811488E-004,-2.823687100317329E-004,-1.415083825122565E-004,
2.497733333333334E+009,-2.859143423847854E-004,-1.783026964403689E-004,-2.574387181084603E-004,-1.588083396200091E-004,
2.497766666666667E+009,-2.702522906474769E-004,-1.687420590315014E-004,-3.162820066791028E-004,-1.720745785860345E-004,
2.497800000000000E+009,-2.858691150322557E-004,-1.399555185344070E-004,-2.954191295430064E-004,-1.182761698146351E-004,
2.497833333333334E+009,-2.730733540374786E-004,-1.765467022778466E-004,-3.147218958474696E-004,-1.340496382908896E-004,
2.497866666666667E+009,-3.164299123454839E-004,-1.144833877333440E-004,-3.207788104191423E-004,-1.267181651201099E-004,
2.497900000000000E+009,-3.262016689404845E-004,-1.441943895770237E-004,-2.969583147205412E-004,-1.060336944647133E-004,
2.497933333333334E+009,-2.700216718949378E-004,-1.276672555832192E-004,-2.697966410778463E-004,-1.315325062023476E-004,
2.497966666666667E+009,-3.401494177524000E-004,-1.121699242503382E-004,-3.252004680689424E-004,-1.740050356602296E-004,
2.498000000000000E+009,-3.619489725679159E-004,-7.691740756854415E-005,-3.129082033410668E-004,-1.282295706914738E-004,
2.498033333333334E+009,-3.026625490747392E-004,-8.208175131585449E-005,-3.356731613166630E-004,-1.066624172381125E-004,
2.498066666666667E+009,-3.471564850769937E-004,-5.867838990525343E-005,-3.080039750784636E-004,-1.428178948117420E-004,
2.498100000000000E+009,-3.041090676560998E-004,-1.931224869622383E-005,-3.385023737791926E-004,-6.738962110830471E-005,
2.498133333333334E+009,-3.722685505636036E-004,-4.120953599340282E-005,-3.243914688937366E-004,-8.390641596633941E-005,
2.498166666666667E+009,-2.955767267849296E-004,-1.924075695569627E-005,-3.207814588677138E-004,-7.034469308564439E-005,
2.498200000000000E+009,-3.030115622095764E-004,-3.785732769756578E-005,-3.264683764427900E-004,-9.409394988324493E-005,
2.498233333333334E+009,-3.746514848899096E-004,-7.970925071276724E-005,-3.526771615725011E-004,-3.212287992937490E-005,
2.498266666666667E+009,-3.301069373264909E-004,-8.506623998982832E-006,-2.982362639158964E-004,-4.537476706900634E-005,
2.498300000000000E+009,-3.250465088058263E-004,-4.774844637722708E-005,-3.249694127589464E-004,4.618904131348245E-005,
2.498333333333334E+009,-3.521692706272006E-004,-3.285143975517713E-005,-3.142247442156076E-004,-3.693464896059595E-005,
2.498366666666667E+009,-3.537839802447707E-004,2.520550879125949E-005,-3.586427192203701E-004,-3.140623448416591E-005,
2.498400000000000E+009,-3.907086502294987E-004,-2.391307589277858E-006,-3.774437063839287E-004,-4.352897303760983E-005,
2.498433333333334E+009,-3.464217297732830E-004,5.287582098389976E-005,-3.173438890371472E-004,2.847536597982980E-005,
2.498466666666667E+009,-3.513131232466549E-004,2.534537998144515E-005,-3.498543228488416E-004,1.091663398256060E-005,
2.498500000000000E+009,-3.522003826219589E-004,2.683876664377749E-005,-3.757814120035619E-004,3.387465767445974E-005,
2.498533333333334E+009,-3.388955665286630E-004,3.942614421248436E-005,-3.174380399286747E-004,6.834029773017392E-005,
2.498566666666667E+009,-3.653536841738969E-004,-1.274687019758858E-005,-3.859863500110805E-004,4.387765511637554E-005,
2.498600000000000E+009,-3.478066064417362E-004,8.850437734508887E-005,-3.842044097837061E-004,9.809133916860446E-005,
2.498633333333334E+009,-3.540229809004813E-004,7.258642290253192E-005,-3.815310774371028E-004,1.063961972249672E-004,
2.498666666666667E+009,-4.040973726660013E-004,9.122883784584701E-005,-3.682882525026798E-004,8.491154585499317E-005,
2.498700000000000E+009,-3.626225516200066E-004,1.311998348683119E-004,-3.391899226699024E-004,1.794267591321841E-004,
2.498733333333334E+009,-2.937470271717757E-004,1.454445737181231E-004,-3.179475897923112E-004,1.788923837011680E-004,
2.498766666666667E+009,-3.918845613952726E-004,1.442619686713442E-004,-3.748683666344732E-004,1.512325688963756E-004,
2.498800000000000E+009,-3.911754756700248E-004,1.650425256229937E-004,-3.606567624956369E-004,1.707762858131900E-004,
2.498833333333334E+009,-3.685275150928646E-004,2.055297809420154E-004,-4.032040014863014E-004,1.591574691701680E-004,
2.498866666666667E+009,-3.278643998783082E-004,1.820001198211685E-004,-2.963670121971518E-004,2.052395138889551E-004,
2.498900000000000E+009,-3.509124508127570E-004,2.058487880276516E-004,-3.708113799802959E-004,1.993784244405106E-004,
2.498933333333334E+009,-3.493695694487542E-004,1.628442551009357E-004,-3.189397102687508E-004,2.381453377893195E-004,
2.498966666666667E+009,-3.442208108026534E-004,1.724889152683318E-004,-3.820937999989837E-004,2.144742902601138E-004,
2.499000000000000E+009,-2.736814494710416E-004,1.894569868454710E-004,-3.475860285107046E-004,1.772781106410548E-004,
2.499033333333334E+009,-2.881466934923083E-004,2.620835439302027E-004,-3.394103550817817E-004,2.319095219718292E-004,
2.499066666666667E+009,-3.386979806236923E-004,1.903259108075872E-004,-3.462652384769172E-004,2.304141526110470E-004,
2.499100000000000E+009,-3.165335510857403E-004,2.315157471457496E-004,-3.543239145074040E-004,2.458150556776673E-004,
2.499133333333334E+009,-2.841162495315075E-004,2.110024215653539E-004,-2.691896224860102E-004,1.962457172339782E-004,
2.499166666666667E+009,-2.775504253804684E-004,2.091250062221661E-004,-3.352145140524954E-004,1.769919181242585E-004,
2.499200000000000E+009,-3.179302148055285E-004,2.408206928521395E-004,-2.733723085839301E-004,1.816767762647942E-004,
2.499233333333334E+009,-2.613316464703530E-004,2.805344993248582E-004,-2.614673576317728E-004,2.693833666853607E-004,
2.499266666666667E+009,-2.063706779154018E-004,2.566719194874167E-004,-2.985878381878138E-004,2.391701564192772E-004,
2.499300000000000E+009,-2.865445567294955E-004,2.382956736255437E-004,-2.812660532072187E-004,2.168675273424014E-004,
2.499333333333334E+009,-2.033192722592503E-004,2.629868977237493E-004,-2.772863663267344E-004,2.388668508501723E-004,
2.499366666666667E+009,-2.254973660456017E-004,2.763986121863127E-004,-2.554342790972441E-004,2.726420643739402E-004,
2.499400000000000E+009,-2.217061119154096E-004,2.686610096134245E-004,-2.267914242111147E-004,2.830577141139656E-004,
2.499433333333334E+009,-2.297588944202289E-004,2.223922638222575E-004,-2.307300019310787E-004,2.191485400544480E-004,
2.499466666666667E+009,-2.094777155434713E-004,2.513389044906944E-004,-2.652793773449957E-004,2.425366255920380E-004,
2.499500000000000E+009,-2.474061911925674E-004,3.199431812390685E-004,-2.597469720058143E-004,2.677878364920616E-004,
2.499533333333334E+009,-2.261664485558868E-004,3.112840349785984E-004,-2.204330958193168E-004,2.867199655156583E-004,
2.499566666666667E+009,-1.794761046767235E-004,2.249041863251478E-004,-2.212695253547281E-004,3.265166014898568E-004,
2.499600000000000E+009,-2.120541612384841E-004,2.867736620828509E-004,-1.861265191109851E-004,3.137849853374064E-004,
2.499633333333334E+009,-1.567757717566565E-004,3.748674062080681E-004,-1.890023122541606E-004,3.235399490222335E-004,
2.499666666666667E+009,-1.580001116963103E-004,3.264385741204023E-004,-1.586753787705675E-004,3.137094608973712E-004,
2.499700000000000E+009,-1.904762175399810E-004,3.555206640157849E-004,-1.254218223039061E-004,3.208820417057723E-004,
2.499733333333334E+009,-1.300902076764032E-004,2.559778222348541E-004,-1.458188780816272E-004,3.541012993082404E-004,
2.499766666666667E+009,-1.244733430212364E-004,3.864506725221872E-004,-1.210384070873261E-004,3.151213750243187E-004,
2.499800000000000E+009,-1.518437638878822E-004,3.494643315207213E-004,-1.469369017286226E-004,3.893785178661346E-004,
2.499833333333334E+009,-1.252773508895189E-004,2.967264736071229E-004,-1.108805736294016E-004,3.114643914159387E-004,
2.499866666666667E+009,-1.197622259496711E-004,3.392001090105623E-004,-1.194191354443319E-004,3.626408288255334E-004,
2.499900000000000E+009,-1.290879299631342E-004,3.622726944740862E-004,-1.065735705196858E-004,3.628552367445082E-004,
2.499933333333334E+009,-8.557291585020721E-005,3.885962651111186E-004,-9.959599992725998E-005,3.609067643992603E-004,
2.499966666666667E+009,-9.367621532874182E-005,3.514911513775587E-004,-1.082731978385709E-004,3.295233182143420E-004,
2.500000000000000E+009,-1.242719299625605E-004,3.562506462913007E-004,-8.777697803452611E-005,3.575322334654629E-004,
