% Version 1.00
%
%freq[Hz];re:Trc1_S21;im:Trc1_S21;re:Trc2_S12;im:Trc2_S12;
2.480000000000000E+009,2.803628158289939E-004,7.902129436843097E-004,2.770872961264104E-004,8.220100426115096E-004,
2.480033333333334E+009,3.118142485618591E-004,7.691375212743878E-004,2.769853745121509E-004,7.777728023938835E-004,
2.480066666666667E+009,3.207729605492204E-004,7.820656755939126E-004,2.944291045423597E-004,7.951480802148581E-004,
2.480100000000000E+009,3.278820950072259E-004,7.243219297379255E-004,3.422372101340443E-004,7.784367771819234E-004,
2.480133333333334E+009,3.124699287582189E-004,7.599584059789777E-004,3.415694518480450E-004,7.742289453744888E-004,
2.480166666666667E+009,3.392049693502486E-004,7.073265151120722E-004,3.357548266649246E-004,7.613745401613414E-004,
2.480200000000000E+009,3.770522307604551E-004,7.860005134716630E-004,3.485977649688721E-004,7.350597297772765E-004,
2.480233333333334E+009,4.007283714599907E-004,7.722517475485802E-004,3.817182150669396E-004,7.800207240507007E-004,
2.480266666666667E+009,4.418995813466609E-004,7.574346964247525E-004,4.316354170441628E-004,7.166833966039121E-004,
2.480300000000000E+009,4.016567254438996E-004,7.362338365055621E-004,4.491001600399613E-004,7.360446033999324E-004,
2.480333333333334E+009,4.479702038224787E-004,7.765029440633953E-004,4.433025023899972E-004,7.335034897550941E-004,
2.480366666666667E+009,4.029320843983442E-004,6.774990470148623E-004,4.394257557578385E-004,6.968283560127020E-004,
2.480400000000000E+009,4.776818386744708E-004,7.168235606513917E-004,4.510812286753207E-004,6.838585832156241E-004,
2.480433333333334E+009,5.162270972505212E-004,6.445809267461300E-004,5.140666617080569E-004,6.455869879573584E-004,
2.480466666666667E+009,5.003637634217739E-004,6.878988933749497E-004,4.887385875917971E-004,6.576572195626795E-004,
2.480500000000000E+009,4.779076261911541E-004,6.260913796722889E-004,4.855366714764386E-004,6.350018084049225E-004,
2.480533333333334E+009,4.955586628057063E-004,5.752761499024928E-004,5.020797834731638E-004,6.297731888480485E-004,
2.480566666666667E+009,4.763764154631645E-004,6.233213935047388E-004,5.361138028092682E-004,6.045707268640399E-004,
2.480600000000000E+009,5.369146820157766E-004,6.079458398744464E-004,5.290850531309843E-004,6.088739028200507E-004,
2.480633333333334E+009,5.801309016533196E-004,5.593157256953418E-004,5.350031424313784E-004,5.727933603338897E-004,
2.480666666666667E+009,5.909976316615939E-004,5.572580266743898E-004,5.934163345955312E-004,5.306172533892095E-004,
2.480700000000000E+009,5.599052528850734E-004,5.132469232194126E-004,6.133057759143412E-004,5.332785076461732E-004,
2.480733333333334E+009,5.424307892099023E-004,4.911933792755008E-004,5.697398446500301E-004,5.079044494777918E-004,
2.480766666666667E+009,6.293181795626879E-004,4.918834893032908E-004,6.585351075045764E-004,5.329992272891104E-004,
2.480800000000000E+009,6.426356267184019E-004,4.909678245894611E-004,5.927570746280253E-004,5.462477565743029E-004,
2.480833333333334E+009,6.137111922726035E-004,4.755645641125739E-004,6.120184552855790E-004,5.098393885418773E-004,
2.480866666666667E+009,6.424530292861164E-004,4.420197219587863E-004,6.226829136721790E-004,4.336446872912347E-004,
2.480900000000000E+009,5.956547101959586E-004,4.124125407543033E-004,6.316261715255678E-004,4.545939445961267E-004,
2.480933333333334E+009,6.819164264015853E-004,4.182120028417558E-004,6.510500679723918E-004,4.403761995490640E-004,
2.480966666666667E+009,6.798972608521581E-004,3.620132629293948E-004,6.370011833496392E-004,3.965328214690089E-004,
2.481000000000000E+009,6.356719532050192E-004,3.999735927209258E-004,7.384454365819693E-004,3.831983776763082E-004,
2.481033333333334E+009,6.959415040910244E-004,3.903438919223845E-004,6.569524994120002E-004,3.812050854321569E-004,
2.481066666666667E+009,6.860697176307440E-004,3.730641619767994E-004,7.415590807795525E-004,3.715534403454512E-004,
2.481100000000000E+009,6.937035941518843E-004,3.148651740048081E-004,7.250855560414493E-004,3.727749281097204E-004,
2.481133333333334E+009,6.959466845728457E-004,3.254640614613891E-004,7.274874369613826E-004,3.451382799539715E-004,
2.481166666666667E+009,6.864407914690673E-004,2.636770368553698E-004,7.471659919247031E-004,3.128294774796814E-004,
2.481200000000000E+009,7.651019259355962E-004,3.107797238044441E-004,7.639969117008150E-004,2.451911277603358E-004,
2.481233333333334E+009,6.909567164257169E-004,2.240652102045715E-004,7.430863915942609E-004,2.532907819841057E-004,
2.481266666666667E+009,7.317954441532493E-004,2.622817992232740E-004,7.832569535821676E-004,2.272560668643564E-004,
2.481300000000000E+009,7.559799123555422E-004,2.499270776752383E-004,7.893487345427275E-004,1.773526746546850E-004,
2.481333333333334E+009,7.785137859173119E-004,1.996666687773541E-004,7.686873432248831E-004,2.529997145757079E-004,
2.481366666666667E+009,6.988490931689739E-004,2.428861480439082E-004,7.215361692942679E-004,1.353859115624800E-004,
2.481400000000000E+009,8.053893106989563E-004,1.807951630325988E-004,8.150365320034325E-004,1.994527556234971E-004,
2.481433333333334E+009,7.774285040795803E-004,1.392262056469917E-004,8.320478373207152E-004,1.559161610202864E-004,
2.481466666666667E+009,7.986714481376112E-004,1.229015470016748E-004,7.790927775204182E-004,1.254503877134994E-004,
2.481500000000000E+009,7.981550297699869E-004,6.791812484152615E-005,8.325784583576024E-004,6.527309597004205E-005,
2.481533333333334E+009,8.826676639728248E-004,1.351391983916983E-005,8.450642926618457E-004,1.197804158437066E-005,
2.481566666666667E+009,8.242370095103979E-004,-1.355289623461431E-005,8.564687450416386E-004,-1.276067450817209E-005,
2.481600000000000E+009,8.054166100919247E-004,-3.048603866773192E-005,8.154614479281008E-004,-1.257927306141937E-005,
2.481633333333334E+009,7.635401561856270E-004,-1.576950671733357E-005,7.978928042575717E-004,-1.066674012690783E-004,
2.481666666666667E+009,8.055889629758894E-004,-1.123185065807775E-004,8.088123868219554E-004,-1.102952373912558E-004,
2.481700000000000E+009,7.823955384083092E-004,-1.009806874208152E-004,7.995640626177192E-004,-8.633880497654900E-005,
2.481733333333334E+009,8.472159388475120E-004,-7.866264786571264E-005,8.369339630007744E-004,-1.557530049467459E-004,
2.481766666666667E+009,7.880345219746232E-004,-1.112967875087634E-004,8.559342822991312E-004,-9.972241969080642E-005,
2.481800000000000E+009,8.177956333383918E-004,-1.471530558774248E-004,8.447112049907446E-004,-1.531281159259379E-004,
2.481833333333334E+009,8.112324285320938E-004,-2.013661433011293E-004,7.869487162679434E-004,-1.797003351384774E-004,
2.481866666666667E+009,7.617474766448140E-004,-1.495169562986121E-004,7.568437140434980E-004,-1.437456812709570E-004,
2.481900000000000E+009,8.045227732509375E-004,-1.778084551915526E-004,8.044749847613275E-004,-1.456050667911768E-004,
2.481933333333334E+009,7.916626636870205E-004,-1.994189951801673E-004,7.694788509979844E-004,-1.681226567598060E-004,
2.481966666666667E+009,7.184132700785995E-004,-2.576918632257730E-004,7.817732403054833E-004,-1.932146114995703E-004,
2.482000000000000E+009,7.203919813036919E-004,-1.935463660629466E-004,7.073724409565330E-004,-2.115727111231536E-004,
2.482033333333334E+009,7.704128511250019E-004,-2.372344461036846E-004,7.164622074924409E-004,-2.301536151207984E-004,
2.482066666666667E+009,7.353664841502905E-004,-2.379834040766582E-004,7.457319297827780E-004,-2.609627845231444E-004,
2.482100000000000E+009,7.085101678967476E-004,-2.975862880703062E-004,7.236941601149738E-004,-2.193289546994492E-004,
2.482133333333334E+009,7.227110327221453E-004,-1.873361470643431E-004,7.105771801434457E-004,-3.118905297014862E-004,
2.482166666666667E+009,6.703654071316123E-004,-2.781444054562599E-004,6.800795090384781E-004,-3.071422688663006E-004,
2.482200000000000E+009,7.123016985133290E-004,-3.050272352993488E-004,6.939750164747238E-004,-3.226732078474015E-004,
2.482233333333334E+009,6.621260545216501E-004,-4.262929141987115E-004,6.837858236394823E-004,-3.704196424223483E-004,
2.482266666666667E+009,6.998252938501537E-004,-3.338877868372947E-004,6.692888564430177E-004,-3.678164212033153E-004,
2.482300000000000E+009,6.782907876186073E-004,-3.799510013777763E-004,7.193009369075298E-004,-3.737936785910279E-004,
2.482333333333334E+009,6.658989004790783E-004,-3.088536905124784E-004,6.903427420184016E-004,-4.137629002798349E-004,
2.482366666666667E+009,6.616152240894735E-004,-3.875071124639362E-004,6.563227507285774E-004,-4.089647845830768E-004,
2.482400000000000E+009,6.347660091705620E-004,-4.383757186587900E-004,6.411120411939919E-004,-4.326586204115301E-004,
2.482433333333334E+009,5.766176618635654E-004,-4.760393931064755E-004,6.007801857776940E-004,-4.296497791074216E-004,
2.482466666666667E+009,5.832791794091463E-004,-4.173757333774120E-004,5.974557134322822E-004,-4.770971718244255E-004,
2.482500000000000E+009,5.863503320142627E-004,-4.843042406719178E-004,6.237778579816222E-004,-4.436678718775511E-004,
2.482533333333334E+009,5.405011470429599E-004,-5.006293649785221E-004,5.893459892831743E-004,-4.891791613772512E-004,
2.482566666666667E+009,5.740679334849119E-004,-4.903483786620200E-004,5.735312006436288E-004,-5.535766831599176E-004,
2.482600000000000E+009,5.019499221816659E-004,-5.416364874690771E-004,5.568546475842595E-004,-5.074772052466869E-004,
2.482633333333334E+009,5.525456508621573E-004,-5.170176737010479E-004,5.231605609878898E-004,-5.427125142887235E-004,
2.482666666666667E+009,5.457594525068998E-004,-5.447204457595944E-004,5.315776797942817E-004,-5.712903803214431E-004,
2.482700000000000E+009,4.733045061584562E-004,-5.425856797955930E-004,5.204629851505160E-004,-5.732370191253722E-004,
2.482733333333334E+009,4.781393217854202E-004,-5.915184156037867E-004,4.985745181329548E-004,-5.974954692646861E-004,
2.482766666666667E+009,5.246738437563181E-004,-6.050886586308479E-004,5.338437040336430E-004,-5.587839987128973E-004,
2.482800000000000E+009,4.685079620685428E-004,-5.890749162063003E-004,4.800447495654225E-004,-5.616414127871394E-004,
2.482833333333334E+009,4.424210928846151E-004,-6.450660293921828E-004,4.731937369797379E-004,-5.997418193146586E-004,
2.482866666666667E+009,4.048621049150825E-004,-6.561022601090372E-004,4.393999406602234E-004,-5.920931580476463E-004,
2.482900000000000E+009,3.716903738677502E-004,-6.326618022285402E-004,4.014637088403106E-004,-6.508162477985025E-004,
2.482933333333334E+009,4.441546334419400E-004,-6.582172936759889E-004,4.051840805914253E-004,-6.960665341466665E-004,
2.482966666666667E+009,3.837084805127233E-004,-6.547469529323280E-004,3.893719112966210E-004,-6.766488659195602E-004,
2.483000000000000E+009,3.363281721249223E-004,-7.010762346908450E-004,3.700430970638990E-004,-6.642137886956334E-004,
2.483033333333334E+009,3.494868578854948E-004,-7.106414996087551E-004,3.355551743879914E-004,-7.015080773271620E-004,
2.483066666666667E+009,3.195119788870215E-004,-7.141787209548056E-004,3.433012170717120E-004,-6.906389025971293E-004,
2.483100000000000E+009,3.597813483793289E-004,-7.479038904421032E-004,2.461590047460049E-004,-7.552023162133992E-004,
2.483133333333334E+009,2.289952390128747E-004,-7.315994589589536E-004,2.449148159939796E-004,-7.562751998193562E-004,
2.483166666666667E+009,2.068630856228992E-004,-7.712638471275568E-004,2.496287634130567E-004,-7.632395136170089E-004,
2.483200000000000E+009,1.897673791972920E-004,-7.802287582308054E-004,2.047840971499682E-004,-7.390777464024723E-004,
2.483233333333334E+009,1.561126118758693E-004,-7.398792658932507E-004,1.848727406468242E-004,-7.438932661898434E-004,
2.483266666666667E+009,1.731956435833126E-004,-7.893063011579216E-004,1.853816211223602E-004,-7.663718424737454E-004,
2.483300000000000E+009,1.171915355371311E-004,-7.688129553571343E-004,1.484413078287616E-004,-7.704876479692757E-004,
2.483333333333334E+009,1.354827400064096E-004,-7.537003257311881E-004,1.231979404110462E-004,-7.785812485963106E-004,
2.483366666666667E+009,1.460787461837754E-004,-7.473896257579327E-004,1.358230947516859E-004,-8.571601938456297E-004,
2.483400000000000E+009,1.011477288557217E-004,-8.012289181351662E-004,1.505202963016927E-004,-7.260508718900383E-004,
2.483433333333334E+009,1.125168346334249E-004,-7.419131579808891E-004,9.756728104548529E-005,-8.094818331301212E-004,
2.483466666666667E+009,8.168601198121905E-005,-7.731317309662700E-004,6.570766709046438E-005,-7.699306588619947E-004,
2.483500000000000E+009,1.027388716465794E-004,-7.834578282199800E-004,6.310777826001868E-005,-7.824490312486887E-004,
2.483533333333334E+009,2.700828008528333E-005,-7.271833019331098E-004,5.656584107782692E-005,-7.547790883108974E-004,
2.483566666666667E+009,7.775868289172649E-005,-7.635241490788758E-004,1.081217560567893E-004,-8.453220943920314E-004,
2.483600000000000E+009,2.589987707324326E-005,-7.440613117069006E-004,2.751787724264432E-005,-7.907568942755461E-004,
2.483633333333334E+009,-4.699773489846848E-005,-8.042692788876593E-004,-2.603973734949250E-005,-7.914414745755494E-004,
2.483666666666667E+009,3.942959665437229E-006,-7.817096193321049E-004,2.689199391170405E-006,-7.851259433664382E-004,
2.483700000000000E+009,-1.932037412188947E-005,-7.642588461749256E-004,-2.021544605668169E-005,-7.890637498348951E-004,
2.483733333333334E+009,-6.022266097716056E-005,-7.600247045047581E-004,-5.207234789850190E-005,-7.242943975143135E-004,
2.483766666666667E+009,-8.160529978340492E-005,-7.579019293189049E-004,-7.434054714394733E-005,-7.228887407109141E-004,
2.483800000000000E+009,-1.445666421204805E-004,-7.600180106237531E-004,-1.219010227941908E-004,-7.767393835820258E-004,
2.483833333333334E+009,-8.029180753510445E-005,-7.178776431828737E-004,-1.129620504798368E-004,-7.728951168246567E-004,
2.483866666666667E+009,-1.202693674713373E-004,-7.471172721125186E-004,-1.280201249755919E-004,-7.802287582308054E-004,
2.483900000000000E+009,-9.866534674074501E-005,-7.647140882909298E-004,-8.368559065274894E-005,-7.941144285723567E-004,
2.483933333333334E+009,-1.753949909470975E-004,-7.319563883356750E-004,-6.340754043776542E-005,-6.953373085707426E-004,
2.483966666666667E+009,-2.213094994658604E-004,-7.199457031674683E-004,-1.472224103054032E-004,-7.520787185057998E-004,
2.484000000000000E+009,-1.246377214556560E-004,-7.647646125406027E-004,-2.039840765064582E-004,-6.968301022425294E-004,
2.484033333333334E+009,-2.520573907531798E-004,-7.095595356076956E-004,-2.396425988990814E-004,-7.388101075775921E-004,
2.484066666666667E+009,-2.529205812606961E-004,-6.837760447524488E-004,-2.870282623916864E-004,-7.579157827422023E-004,
2.484100000000000E+009,-2.597570128273219E-004,-6.757997907698154E-004,-2.333159645786509E-004,-6.796588422730565E-004,
2.484133333333334E+009,-2.431707252981141E-004,-6.645777611993253E-004,-2.544866583775729E-004,-6.513146217912436E-004,
2.484166666666667E+009,-2.912620548158884E-004,-7.532672025263310E-004,-3.071115352213383E-004,-6.934133707545698E-004,
2.484200000000000E+009,-3.103990457020700E-004,-6.915112026035786E-004,-3.107099619228393E-004,-6.874602404423058E-004,
2.484233333333334E+009,-3.823897859547287E-004,-6.580428453162313E-004,-3.114899154752493E-004,-6.614205194637179E-004,
2.484266666666667E+009,-3.408638876862824E-004,-6.521813338622451E-004,-3.021255542989820E-004,-6.664746324531734E-004,
2.484300000000000E+009,-3.732177719939500E-004,-6.289583980105817E-004,-4.093115858267993E-004,-6.218347698450089E-004,
2.484333333333334E+009,-3.956001601181924E-004,-6.181703065522015E-004,-3.617389011196792E-004,-6.648523849435151E-004,
2.484366666666667E+009,-4.547245916910470E-004,-6.260862573981285E-004,-4.016534658148885E-004,-6.326870643533766E-004,
2.484400000000000E+009,-4.432764835655689E-004,-6.299646338447928E-004,-3.923685580957681E-004,-5.995236570015550E-004,
2.484433333333334E+009,-4.464716766960919E-004,-6.335031939670444E-004,-4.513241001404822E-004,-6.029272917658091E-004,
2.484466666666667E+009,-4.787793150171638E-004,-6.436888943426311E-004,-4.477525362744927E-004,-5.868074367754161E-004,
2.484500000000000E+009,-4.605898866429925E-004,-6.191889988258481E-004,-5.041279946453869E-004,-5.827163695357740E-004,
2.484533333333334E+009,-4.819450841750950E-004,-5.834854091517627E-004,-5.218589794822037E-004,-5.702020134776831E-004,
2.484566666666667E+009,-5.232518888078630E-004,-5.602561868727207E-004,-5.842749378643930E-004,-5.808210116811097E-004,
2.484600000000000E+009,-5.601278971880674E-004,-5.665905191563070E-004,-6.378166144713759E-004,-5.631685489788652E-004,
2.484633333333334E+009,-6.027193740010262E-004,-5.334765301086009E-004,-5.110301426611841E-004,-5.368974525481463E-004,
2.484666666666667E+009,-5.863084807060659E-004,-5.202292231842876E-004,-6.285317940637469E-004,-5.370232975110412E-004,
2.484700000000000E+009,-5.762322107329965E-004,-4.862770438194275E-004,-6.748911109752953E-004,-4.755080444738269E-004,
2.484733333333334E+009,-6.723058177158237E-004,-4.358561709523201E-004,-6.308189476840198E-004,-4.374272539280355E-004,
2.484766666666667E+009,-6.768872844986618E-004,-4.384508065413684E-004,-6.471361266449094E-004,-4.007378593087196E-004,
2.484800000000000E+009,-7.348844665102661E-004,-4.039438790641725E-004,-6.429092027246952E-004,-3.486203204374760E-004,
2.484833333333334E+009,-6.480778683908284E-004,-3.900256997440010E-004,-6.566919619217515E-004,-3.372280334588140E-004,
2.484866666666667E+009,-6.803439464420080E-004,-4.008315154351294E-004,-7.145513663999736E-004,-3.798987600021064E-004,
2.484900000000000E+009,-6.696552736684680E-004,-3.116279549431056E-004,-6.605971721000969E-004,-3.333434287924320E-004,
2.484933333333334E+009,-7.449371623806655E-004,-3.170157433487475E-004,-6.883686291985214E-004,-3.166317183058709E-004,
2.484966666666667E+009,-7.411800324916840E-004,-2.686508814804256E-004,-6.779097602702677E-004,-3.380320267751813E-004,
2.485000000000000E+009,-7.001299527473748E-004,-3.724982088897377E-004,-7.044539670459926E-004,-3.460239677224308E-004,
2.485033333333334E+009,-7.373508997261524E-004,-2.749332634266466E-004,-7.169074960984290E-004,-3.375227097421885E-004,
2.485066666666667E+009,-7.523669046349824E-004,-3.042546159122139E-004,-7.552834576927126E-004,-3.088328812737018E-004,
2.485100000000000E+009,-7.299270364455879E-004,-3.098317829426378E-004,-7.333866087719798E-004,-3.204771492164582E-004,
2.485133333333334E+009,-7.172930054366589E-004,-2.335789904464036E-004,-6.417587283067405E-004,-2.573505917098373E-004,
2.485166666666667E+009,-7.418611785396934E-004,-2.720120246522129E-004,-7.229594048112631E-004,-2.476797089911997E-004,
2.485200000000000E+009,-7.203943678177893E-004,-2.001901448238641E-004,-7.554392796009779E-004,-1.971812598640099E-004,
2.485233333333334E+009,-7.420133915729821E-004,-2.208417427027598E-004,-7.202896522358060E-004,-1.892287982627749E-004,
2.485266666666667E+009,-7.574287592433393E-004,-2.238109591417015E-004,-8.443688857369125E-004,-2.097107062581927E-004,
2.485300000000000E+009,-7.157021900638938E-004,-2.435910719214007E-004,-7.924515521153808E-004,-1.571512839291245E-004,
2.485333333333334E+009,-7.257901597768068E-004,-1.478905469411984E-004,-7.414631545543671E-004,-1.435102603863925E-004,
2.485366666666667E+009,-7.549753645434976E-004,-8.910954784369096E-005,-7.377070141956210E-004,-1.620953116798773E-004,
2.485400000000000E+009,-7.964252145029604E-004,-1.616216904949397E-004,-7.314681424759328E-004,-1.056237961165607E-004,
2.485433333333334E+009,-7.759841973893344E-004,-1.040452116285451E-004,-7.296060211956501E-004,-7.335579721257091E-005,
2.485466666666667E+009,-7.701904978603125E-004,-6.894032412674278E-005,-7.691050996072590E-004,-1.352413091808558E-004,
2.485500000000000E+009,-7.515848847106099E-004,-9.179806511383504E-005,-8.066183072514832E-004,-8.566409087507054E-005,
2.485533333333334E+009,-7.902634679339826E-004,-5.158157364348881E-005,-7.653469801880419E-004,-5.257165685179643E-005,
2.485566666666667E+009,-7.027601823210716E-004,7.093349267961457E-006,-7.650362676940858E-004,4.815638749278151E-005,
2.485600000000000E+009,-7.500731153413653E-004,2.350064278289210E-005,-7.562770624645054E-004,-1.839546894188970E-005,
2.485633333333334E+009,-7.686707540415227E-004,5.437904837890528E-005,-7.973642786964774E-004,7.148214990593260E-006,
2.485666666666667E+009,-7.528667338192463E-004,2.722061071835924E-005,-7.904850644990802E-004,4.688824628829025E-005,
2.485700000000000E+009,-7.073633023537695E-004,5.637227513943799E-005,-7.448996766470373E-004,7.613052730448544E-005,
2.485733333333334E+009,-7.649421459063888E-004,6.517838482977822E-005,-7.913649315014482E-004,1.077664710464887E-004,
2.485766666666667E+009,-7.482595392502844E-004,1.225685409735888E-004,-7.002938073128462E-004,8.485994476359338E-005,
2.485800000000000E+009,-7.404302014037967E-004,1.288422790821642E-004,-7.205414003692567E-004,1.257807307410985E-004,
2.485833333333334E+009,-7.699451525695622E-004,1.556928909849376E-004,-7.530851871706545E-004,1.784547785064206E-004,
2.485866666666667E+009,-7.322828751057386E-004,1.384991337545216E-004,-7.199768442660570E-004,1.749277726048604E-004,
2.485900000000000E+009,-7.381580653600395E-004,1.811367546906695E-004,-7.093620952218771E-004,2.343933301744983E-004,
2.485933333333334E+009,-6.840570713393390E-004,2.274648431921378E-004,-7.291254587471485E-004,1.904553064377978E-004,
2.485966666666667E+009,-7.128036813810468E-004,2.170905790990219E-004,-7.546981796622276E-004,2.699608157854527E-004,
2.486000000000000E+009,-7.504200912080705E-004,2.368521527387202E-004,-6.858824635855854E-004,3.009985375683755E-004,
2.486033333333334E+009,-7.942495867609978E-004,2.960688434541225E-004,-7.040420896373689E-004,2.474978100508452E-004,
2.486066666666667E+009,-7.210622425191104E-004,3.018442366737872E-004,-6.366856978274882E-004,3.418192209210247E-004,
2.486100000000000E+009,-7.383717456832528E-004,3.179184277541935E-004,-6.729405140504241E-004,3.626823890954256E-004,
2.486133333333334E+009,-7.103125681169331E-004,3.133882419206202E-004,-6.972945411689580E-004,3.605499223340303E-004,
2.486166666666667E+009,-6.273724138736725E-004,3.603095829021186E-004,-6.870743236504495E-004,3.504894848447293E-004,
2.486200000000000E+009,-6.956269498914480E-004,3.874296671710908E-004,-6.419224664568901E-004,4.415174771565944E-004,
2.486233333333334E+009,-6.601359345950186E-004,4.137085343245417E-004,-6.632084259763360E-004,4.386813088785857E-004,
2.486266666666667E+009,-6.850854842923582E-004,4.494211752898991E-004,-6.394649390131235E-004,4.608992603607476E-004,
2.486300000000000E+009,-5.910209729336202E-004,4.624860594049096E-004,-6.191458669491112E-004,5.202207248657942E-004,
2.486333333333334E+009,-5.181570886634290E-004,5.360497161746025E-004,-6.090371753089130E-004,5.193283432163298E-004,
2.486366666666667E+009,-5.507544265128672E-004,5.124566378071904E-004,-4.857802705373615E-004,4.677390097640455E-004,
2.486400000000000E+009,-5.532707436941564E-004,5.171411903575063E-004,-5.259381723590195E-004,5.038653034716845E-004,
2.486433333333334E+009,-4.877508908975869E-004,4.974061157554388E-004,-5.515539087355137E-004,5.413896869868040E-004,
2.486466666666667E+009,-5.502363783307374E-004,5.358752096071839E-004,-5.346155376173556E-004,5.523954750970006E-004,
2.486500000000000E+009,-5.609089857898653E-004,5.735378945246339E-004,-5.299758049659431E-004,5.940015544183552E-004,
2.486533333333334E+009,-5.689723184332252E-004,5.899124080315232E-004,-4.895684542134404E-004,6.070415838621557E-004,
2.486566666666667E+009,-5.127048352733254E-004,5.603974568657577E-004,-5.250475951470435E-004,6.104253116063774E-004,
2.486600000000000E+009,-4.977507051080465E-004,5.562180303968489E-004,-5.348067497834563E-004,5.709290853701532E-004,
2.486633333333334E+009,-4.715374961961061E-004,6.304464768618345E-004,-4.590963071677834E-004,5.964351003058255E-004,
2.486666666666667E+009,-4.081283404957503E-004,6.157755851745606E-004,-4.638941027224064E-004,5.990223144181073E-004,
2.486700000000000E+009,-4.422981874085963E-004,6.361664854921401E-004,-4.404885985422880E-004,5.901612457819283E-004,
2.486733333333334E+009,-4.778176080435515E-004,6.738708470948041E-004,-4.362286999821663E-004,6.794187938794494E-004,
2.486766666666667E+009,-4.162030527368188E-004,6.261013913899660E-004,-4.479678173083812E-004,6.257903296500444E-004,
2.486800000000000E+009,-3.683365357574076E-004,6.759327370673418E-004,-4.524466348811984E-004,6.583353388123214E-004,
2.486833333333334E+009,-4.241231654305011E-004,6.082406034693122E-004,-4.370902897790074E-004,6.561297923326492E-004,
2.486866666666667E+009,-3.677398781292141E-004,6.723069818690419E-004,-3.803346189670265E-004,6.548897945322096E-004,
2.486900000000000E+009,-3.671804151963443E-004,7.086562691256404E-004,-3.598867624532431E-004,6.551738479174674E-004,
2.486933333333334E+009,-3.706097777467221E-004,7.300139404833317E-004,-3.198990598320961E-004,6.834767409600318E-004,
2.486966666666667E+009,-2.892423653975129E-004,6.798317190259695E-004,-3.244024701416493E-004,6.901299348101020E-004,
2.487000000000000E+009,-2.777752815745771E-004,6.764234858565033E-004,-3.313913766760379E-004,6.577028543688357E-004,
2.487033333333334E+009,-2.936065138783306E-004,6.972043775022030E-004,-3.383057191967964E-004,6.935413111932576E-004,
2.487066666666667E+009,-2.173535758629441E-004,7.060129428282380E-004,-2.483552962075919E-004,6.506782956421375E-004,
2.487100000000000E+009,-2.927392488345504E-004,6.819116533733904E-004,-2.230113022960722E-004,7.361260359175503E-004,
2.487133333333334E+009,-2.511235943529755E-004,6.669471622444689E-004,-1.937165798153728E-004,6.914358818903565E-004,
2.487166666666667E+009,-1.708408381091431E-004,7.034933078102768E-004,-2.115941751981154E-004,7.405054057016969E-004,
2.487200000000000E+009,-2.078800171148032E-004,6.946851499378681E-004,-1.332780811935663E-004,6.798514514230192E-004,
2.487233333333334E+009,-1.249755732715130E-004,7.111438899300993E-004,-1.354941341560334E-004,7.020332850515842E-004,
2.487266666666667E+009,-1.566161372466013E-004,7.463642978109419E-004,-9.365824371343479E-005,7.635535439476371E-004,
2.487300000000000E+009,-1.286448095925152E-004,7.309358334168792E-004,-1.036654357449152E-004,7.581631653010845E-004,
2.487333333333334E+009,-1.304857432842255E-004,6.516478024423122E-004,-7.196761725936085E-005,7.059930358082056E-004,
2.487366666666667E+009,-1.065729156835005E-004,7.300788420252502E-004,-6.327517621684820E-005,7.248481269925833E-004,
2.487400000000000E+009,-1.126332572312094E-004,7.443160284310579E-004,-3.285670391051099E-005,7.312151719816029E-004,
2.487433333333334E+009,-2.710385888349265E-005,7.742750458419323E-004,-4.201973206363618E-005,7.360260351561010E-004,
2.487466666666667E+009,-9.586750820744783E-006,7.799688610248268E-004,-3.414011735003442E-005,7.685448508709669E-004,
2.487500000000000E+009,-9.637124094297178E-006,7.186303264461458E-004,-1.313423240389966E-006,7.023936486802995E-004,
2.487533333333334E+009,-5.995784704282414E-007,7.270238711498678E-004,4.426197119755670E-005,7.700301357544959E-004,
2.487566666666667E+009,2.389922155998647E-005,7.630920736119151E-004,4.299206557334401E-005,7.539343787357211E-004,
2.487600000000000E+009,2.613675860629883E-005,7.540915976278484E-004,2.784554089885205E-005,7.211513584479690E-004,
2.487633333333334E+009,8.568003977416083E-005,7.237108075059950E-004,1.197721503558569E-004,7.011715788394213E-004,
2.487666666666667E+009,1.227141328854486E-004,7.622208213433623E-004,1.008161852951162E-004,7.280968129634857E-004,
2.487700000000000E+009,1.291379448957741E-004,7.209646282717586E-004,1.672739599598572E-004,7.232723291963339E-004,
2.487733333333334E+009,1.655857195146382E-004,7.610656903125346E-004,1.963959948625416E-004,6.905599730089307E-004,
2.487766666666667E+009,1.442636130377650E-004,7.141076494008303E-004,2.204785560024902E-004,7.506039692088962E-004,
2.487800000000000E+009,2.631305251270533E-004,6.828100886195898E-004,2.172881504520774E-004,7.157573709264398E-004,
2.487833333333334E+009,2.523933362681419E-004,7.179354433901608E-004,3.071469545830041E-004,6.970671238377690E-004,
2.487866666666667E+009,2.412466710666195E-004,6.750954198651016E-004,2.797297202050686E-004,7.222183048725128E-004,
2.487900000000000E+009,3.526925574988127E-004,6.940135499462485E-004,3.606800164561719E-004,6.163046928122640E-004,
2.487933333333334E+009,3.806764434557408E-004,6.269078585319221E-004,3.405530296731740E-004,6.052546086721122E-004,
2.487966666666667E+009,3.667338460218161E-004,5.995466490276158E-004,3.300447133369744E-004,6.413977826014161E-004,
2.488000000000000E+009,3.635045432019979E-004,5.848897853866220E-004,3.585113445296884E-004,5.784115637652576E-004,
2.488033333333334E+009,4.498563648667187E-004,6.208139238879085E-004,3.859727294184268E-004,6.427866755984724E-004,
2.488066666666667E+009,3.839069104287773E-004,6.089797825552523E-004,3.889596555382013E-004,6.543958443216980E-004,
2.488100000000000E+009,3.916972782462835E-004,5.547662731260061E-004,4.889923147857189E-004,6.107586086727679E-004,
2.488133333333334E+009,3.871238732244819E-004,6.072091055102646E-004,3.910005325451493E-004,5.843355902470648E-004,
2.488166666666667E+009,5.097935791127384E-004,5.537044489756227E-004,4.343076725490391E-004,6.180703639984131E-004,
2.488200000000000E+009,4.814613785129041E-004,6.362501881085336E-004,4.564940172713250E-004,6.241371156647801E-004,
2.488233333333334E+009,5.408838042058051E-004,5.469317547976971E-004,4.227544122841209E-004,6.060433806851506E-004,
2.488266666666667E+009,4.913182347081602E-004,6.003277958370745E-004,5.243541090749204E-004,5.861209938302636E-004,
2.488300000000000E+009,4.721792647615075E-004,5.405556294135749E-004,4.926944966427982E-004,5.478881066665053E-004,
2.488333333333334E+009,5.132440710440278E-004,5.497058737091720E-004,4.540896043181419E-004,5.901943077333272E-004,
2.488366666666667E+009,5.071284249424934E-004,5.218487349338830E-004,4.987447173334658E-004,5.786884576082230E-004,
2.488400000000000E+009,5.151743534952402E-004,4.913275479339063E-004,5.334354937076569E-004,5.626255297102034E-004,
2.488433333333334E+009,5.242339102551341E-004,5.353375454433262E-004,5.174421821720898E-004,5.127780023030937E-004,
2.488466666666667E+009,5.761391366831958E-004,4.603277775458992E-004,5.131595535203815E-004,4.640971601475030E-004,
2.488500000000000E+009,5.440188106149435E-004,4.964644322171807E-004,5.562684382312000E-004,5.004465347155929E-004,
2.488533333333334E+009,6.161145283840597E-004,4.510399885475636E-004,5.199779989197850E-004,4.798592708539218E-004,
2.488566666666667E+009,5.856305942870677E-004,4.221574927214533E-004,5.638162838295102E-004,3.941048053093255E-004,
2.488600000000000E+009,5.804513348266482E-004,4.456340393517166E-004,5.536342505365610E-004,4.496477486100048E-004,
2.488633333333334E+009,5.421813111752272E-004,3.942606854252517E-004,5.681763286702335E-004,4.016628954559565E-004,
2.488666666666667E+009,6.065386696718633E-004,3.996506275143474E-004,6.268608267419040E-004,4.401328624226153E-004,
2.488700000000000E+009,6.067599169909954E-004,3.705041017383337E-004,6.014961400069296E-004,3.498468722682446E-004,
2.488733333333334E+009,6.139723700471222E-004,3.485314082354307E-004,5.975881940685213E-004,3.120409674011171E-004,
2.488766666666667E+009,6.238793721422553E-004,3.527007356751710E-004,6.445586914196611E-004,3.826931351795793E-004,
2.488800000000000E+009,6.420231075026095E-004,3.194437886122614E-004,5.892017506994307E-004,3.029516374226660E-004,
2.488833333333334E+009,6.094622658565640E-004,3.794634249061346E-004,6.190188578329980E-004,2.683380444068462E-004,
2.488866666666667E+009,6.219009519554675E-004,2.893837227020413E-004,6.135291187092662E-004,2.357095945626497E-004,
2.488900000000000E+009,6.459576543420553E-004,2.785839606076479E-004,6.315864739008248E-004,2.760664501693100E-004,
2.488933333333334E+009,6.627765833400190E-004,2.800808870233595E-004,6.135596777312458E-004,2.679291937965900E-004,
2.488966666666667E+009,6.476226844824851E-004,2.558997366577387E-004,6.396212847903371E-004,2.754298911895603E-004,
2.489000000000000E+009,6.570026162080467E-004,2.547008625697345E-004,6.365805165842176E-004,2.147837367374450E-004,
2.489033333333334E+009,7.058546761982143E-004,1.830008841352537E-004,6.762780249118805E-004,1.897429465316236E-004,
2.489066666666667E+009,6.614685407839716E-004,1.697960833553225E-004,6.930821691639721E-004,2.031340554822236E-004,
2.489100000000000E+009,7.061879150569439E-004,1.714945537969470E-004,6.889147334732115E-004,1.775660639395937E-004,
2.489133333333334E+009,6.484947516582906E-004,1.700644934317097E-004,6.781197153031826E-004,1.516244228696451E-004,
2.489166666666667E+009,7.090073195286095E-004,8.902467379812151E-005,6.635764148086309E-004,1.228243781952187E-004,
2.489200000000000E+009,6.716622156091034E-004,6.556838343385607E-005,7.252586074173451E-004,6.254041363717988E-005,
2.489233333333334E+009,7.127880235202611E-004,5.150195647729561E-005,7.145291310735047E-004,6.958490848774090E-005,
2.489266666666667E+009,6.523369229398668E-004,8.616119885118678E-005,6.798441754654050E-004,8.435644303972367E-006,
2.489300000000000E+009,7.366216741502285E-004,2.815432890201919E-005,7.131139282137156E-004,3.917724825441837E-005,
2.489333333333334E+009,7.863997016102076E-004,1.580373827891890E-005,7.139259250834584E-004,-2.494161344657186E-005,
2.489366666666667E+009,6.848872872069478E-004,-1.312333461100934E-005,7.225361769087613E-004,-4.203491698717699E-005,
2.489400000000000E+009,7.212401833385229E-004,-2.508003672119230E-005,7.284765015356243E-004,-7.115818880265579E-005,
2.489433333333334E+009,6.414666422642767E-004,-9.585636144038290E-005,6.623637164011598E-004,-1.234229566762224E-004,
2.489466666666667E+009,7.036750321276486E-004,-1.791932591004297E-004,6.826128228567541E-004,-1.745194895192981E-004,
2.489500000000000E+009,6.170699489302933E-004,-1.588614541105926E-004,6.637852056883276E-004,-2.084270672639832E-004,
2.489533333333334E+009,6.357526872307062E-004,-2.231584949186072E-004,6.110083777457476E-004,-1.527532294858247E-004,
2.489566666666667E+009,6.464684265665710E-004,-1.532965688966215E-004,6.189952255226672E-004,-1.422795321559534E-004,
2.489600000000000E+009,6.776989321224392E-004,-1.882935175672174E-004,6.335690268315375E-004,-2.317432517884299E-004,
2.489633333333334E+009,6.590593256987631E-004,-1.971628516912460E-004,6.479779258370400E-004,-1.904898526845500E-004,
2.489666666666667E+009,6.289461161941290E-004,-2.029248134931549E-004,6.882868474349380E-004,-2.085398737108335E-004,
2.489700000000000E+009,6.024774629622698E-004,-2.647288783919066E-004,6.171378772705793E-004,-2.432993933325633E-004,
2.489733333333334E+009,6.134257419034839E-004,-2.677346346899867E-004,6.707549327984452E-004,-1.733462268020958E-004,
2.489766666666667E+009,6.602534558624029E-004,-2.500514674466103E-004,6.047486676834524E-004,-3.028780338354409E-004,
2.489800000000000E+009,6.141620106063783E-004,-2.445585560053587E-004,6.160227931104600E-004,-3.294747439213097E-004,
2.489833333333334E+009,6.473585963249207E-004,-2.974015369545668E-004,5.863154074177146E-004,-2.677453448995948E-004,
2.489866666666667E+009,6.583782960660756E-004,-2.540321438573301E-004,6.439521675929427E-004,-2.963102306239307E-004,
2.489900000000000E+009,5.632743122987449E-004,-2.486415032763034E-004,5.978809786029160E-004,-3.184915985912085E-004,
2.489933333333334E+009,6.203224183991551E-004,-2.933295909315348E-004,5.752043798565865E-004,-3.007157938554883E-004,
2.489966666666667E+009,5.757742328569293E-004,-3.468015638645738E-004,5.935380468145013E-004,-3.451964003033936E-004,
2.490000000000000E+009,6.378795369528234E-004,-3.387961478438228E-004,5.731686251237989E-004,-3.145148220937699E-004,
2.490033333333334E+009,5.652153631672263E-004,-3.669500292744488E-004,5.513299838639796E-004,-3.047395439352840E-004,
2.490066666666667E+009,5.672380793839693E-004,-3.433628589846194E-004,5.431440658867359E-004,-3.307781589683145E-004,
2.490100000000000E+009,5.157052073627710E-004,-3.685058909468353E-004,5.321533535607159E-004,-3.699377411976457E-004,
2.490133333333334E+009,5.662317853420973E-004,-3.286155697423965E-004,5.098893307149410E-004,-3.983429051004350E-004,
2.490166666666667E+009,5.069103208370507E-004,-4.482159565668553E-004,4.947105771861970E-004,-4.097349883522838E-004,
2.490200000000000E+009,5.453812773339450E-004,-4.089778813067824E-004,5.040409159846604E-004,-4.367473011370748E-004,
2.490233333333334E+009,4.873814468737692E-004,-4.264786548446864E-004,4.776293062604964E-004,-4.299525462556630E-004,
2.490266666666667E+009,4.530524311121553E-004,-4.673059447668493E-004,5.326357204467058E-004,-4.756803391501308E-004,
2.490300000000000E+009,4.253728839103133E-004,-4.388881206978113E-004,3.991648554801941E-004,-4.262359580025077E-004,
2.490333333333334E+009,4.459377669263631E-004,-4.839850880671293E-004,4.718657291959971E-004,-4.576161445584148E-004,
2.490366666666667E+009,4.470844578463584E-004,-3.790514019783586E-004,3.974501742050052E-004,-4.661797138396651E-004,
2.490400000000000E+009,3.863113524857909E-004,-4.759671865031123E-004,3.765200963243842E-004,-5.091939237900078E-004,
2.490433333333334E+009,4.789547820109874E-004,-4.718927957583219E-004,4.196827649138868E-004,-5.071720806881785E-004,
2.490466666666667E+009,3.998528700321913E-004,-5.001511890441179E-004,4.167898441664875E-004,-4.647631722036749E-004,
2.490500000000000E+009,4.076194891240448E-004,-4.931253497488797E-004,4.491189320106059E-004,-5.019842064939439E-004,
2.490533333333334E+009,3.715546336025000E-004,-5.180426524020731E-004,3.229559515602887E-004,-4.999569500796497E-004,
2.490566666666667E+009,3.859725838992745E-004,-5.169184878468514E-004,3.389766498003155E-004,-4.916135803796351E-004,
2.490600000000000E+009,3.416812687646598E-004,-5.002356483601034E-004,3.251247399020940E-004,-5.049965693615377E-004,
2.490633333333334E+009,2.845389535650611E-004,-5.334740271791816E-004,3.850805223919451E-004,-5.802746745757759E-004,
2.490666666666667E+009,2.800449437927455E-004,-5.537632969208062E-004,3.179074556101114E-004,-5.037593655288220E-004,
2.490700000000000E+009,2.921592677012086E-004,-5.381252267397940E-004,2.555698156356812E-004,-5.558864213526249E-004,
2.490733333333334E+009,2.891444019041956E-004,-6.114077987149358E-004,2.934552321676165E-004,-5.754424491897225E-004,
2.490766666666667E+009,2.299957413924858E-004,-6.120011676102877E-004,2.862272958736867E-004,-5.799687933176756E-004,
2.490800000000000E+009,1.779749436536804E-004,-6.219418719410896E-004,2.193576365243644E-004,-6.148262182250619E-004,
2.490833333333334E+009,2.268947864649817E-004,-6.593845901079476E-004,2.343029918847606E-004,-6.310656317509711E-004,
2.490866666666667E+009,2.167402417398989E-004,-5.791640724055469E-004,1.955816260306165E-004,-6.068781367503107E-004,
2.490900000000000E+009,1.762335014063865E-004,-5.950334016233683E-004,1.367428922094405E-004,-5.995730753056705E-004,
2.490933333333334E+009,1.744630280882120E-004,-6.124450010247529E-004,1.381337933707982E-004,-6.488892831839621E-004,
2.490966666666667E+009,1.316666021011770E-004,-6.507649668492377E-004,1.332012470811606E-004,-5.901324329897761E-004,
2.491000000000000E+009,7.030131382634863E-005,-6.158670876175165E-004,6.309732998488471E-005,-6.493536056950688E-004,
2.491033333333334E+009,-2.399940422037616E-005,-6.147991516627371E-004,1.002753106149612E-005,-6.175214075483382E-004,
2.491066666666667E+009,4.681454811361618E-005,-6.121642072685063E-004,-8.036789040488657E-006,-6.134002469480038E-004,
2.491100000000000E+009,9.838277037488297E-006,-5.796676850877702E-004,-3.781315535889007E-005,-5.891853943467140E-004,
2.491133333333334E+009,-2.282805144204758E-005,-6.007903139106929E-004,1.276831608265638E-005,-6.199424387887120E-004,
2.491166666666667E+009,-1.259231976291630E-005,-6.278021610341966E-004,-5.724134462070651E-005,-6.670838338322938E-004,
2.491200000000000E+009,-4.243622970534489E-005,-5.926373996771872E-004,-1.257047097169561E-005,-5.992443184368312E-004,
2.491233333333334E+009,-1.851198794611264E-005,-5.591073422692716E-004,-8.674761193105951E-005,-6.122675840742886E-004,
2.491266666666667E+009,-6.496893911389634E-005,-5.934225628152490E-004,-1.093695173040032E-004,-5.668919184245169E-004,
2.491300000000000E+009,-4.388100933283567E-005,-6.063726614229381E-004,-7.085000834194943E-005,-6.079924060031772E-004,
2.491333333333334E+009,-5.755695019615814E-005,-6.068219663575292E-004,-1.111284000216983E-004,-5.992426304146648E-004,
2.491366666666667E+009,-8.553922816645354E-005,-6.450365181080997E-004,-9.695369953988120E-005,-6.473743123933673E-004,
2.491400000000000E+009,-8.403596439165995E-005,-6.016711122356355E-004,-1.093893661163747E-004,-5.602057208307087E-004,
2.491433333333334E+009,-3.000279866682831E-005,-6.647770060226321E-004,-8.381144289160147E-005,-5.969816120341420E-004,
2.491466666666667E+009,-1.204835643875413E-004,-6.045497721061111E-004,-8.749948756303638E-005,-6.413698429241777E-004,
2.491500000000000E+009,-9.213572775479406E-005,-6.112488918006420E-004,-1.199863108922727E-004,-6.370139890350401E-004,
2.491533333333334E+009,-1.971161691471934E-004,-6.397762917913497E-004,-1.630305923754349E-004,-5.613407702185214E-004,
2.491566666666667E+009,-1.238463737536222E-004,-5.937013193033636E-004,-1.439584302715957E-004,-5.553774535655975E-004,
2.491600000000000E+009,-1.296834088861942E-004,-5.343180964700878E-004,-1.652684877626598E-004,-6.310311146080494E-004,
2.491633333333334E+009,-1.404347713105381E-004,-5.654279375448823E-004,-1.510971633251756E-004,-6.015625549480319E-004,
2.491666666666667E+009,-1.530530571471900E-004,-6.203878438100219E-004,-1.944440155057237E-004,-5.147790652699769E-004,
2.491700000000000E+009,-2.126082399627194E-004,-5.513267824426293E-004,-2.100828132824972E-004,-5.647726939059794E-004,
2.491733333333334E+009,-2.182227326557040E-004,-5.439678207039833E-004,-2.542655565775931E-004,-5.637158174067736E-004,
2.491766666666667E+009,-1.767378853401169E-004,-5.442016990855336E-004,-1.810254325391725E-004,-5.826875567436218E-004,
2.491800000000000E+009,-2.489399630576372E-004,-5.505682202056050E-004,-2.504682051949203E-004,-5.803792737424374E-004,
2.491833333333334E+009,-2.177585556637496E-004,-6.039974396117032E-004,-2.315768942935392E-004,-5.144474562257528E-004,
2.491866666666667E+009,-2.818370412569493E-004,-4.655400407500565E-004,-2.948244509752840E-004,-5.066277226433158E-004,
2.491900000000000E+009,-2.619220176711679E-004,-5.202740430831909E-004,-3.060637973248959E-004,-5.137751577422023E-004,
2.491933333333334E+009,-2.989695931319147E-004,-5.027917795814574E-004,-3.101904585491866E-004,-4.379263555165380E-004,
2.491966666666667E+009,-3.079491725657135E-004,-4.456437891349196E-004,-3.296102804597467E-004,-4.619800311047584E-004,
2.492000000000000E+009,-3.096631844528019E-004,-4.702583246398717E-004,-3.064720367547125E-004,-4.821269540116191E-004,
2.492033333333334E+009,-3.352278436068445E-004,-5.157727864570916E-004,-3.058422007597983E-004,-4.576930077746511E-004,
2.492066666666667E+009,-3.335527726449072E-004,-4.137182841077447E-004,-3.786189190577716E-004,-4.615647194441408E-004,
2.492100000000000E+009,-3.571189881768078E-004,-3.953999257646501E-004,-3.447604540269822E-004,-4.371236136648804E-004,
2.492133333333334E+009,-4.156322975177318E-004,-4.451958520803601E-004,-3.960853209719062E-004,-3.907434584107250E-004,
2.492166666666667E+009,-3.753690689336509E-004,-3.875838301610202E-004,-3.911442181561142E-004,-4.616587539203465E-004,
2.492200000000000E+009,-3.844152379315347E-004,-4.547358548734337E-004,-4.461672506295145E-004,-4.375088610686362E-004,
2.492233333333334E+009,-4.226891032885760E-004,-4.017949686385691E-004,-3.820967103820294E-004,-3.702225803863257E-004,
2.492266666666667E+009,-4.132455505896360E-004,-4.134886839892715E-004,-4.497401823755354E-004,-3.667834389489144E-004,
2.492300000000000E+009,-4.156026989221573E-004,-3.749525931198150E-004,-4.306395421735942E-004,-3.700884117279202E-004,
2.492333333333334E+009,-4.283443558961153E-004,-3.797088284045458E-004,-4.500279319472611E-004,-3.718004736583680E-004,
2.492366666666667E+009,-4.676778335124254E-004,-3.349542093928903E-004,-4.906814428977668E-004,-3.596073365770280E-004,
2.492400000000000E+009,-5.127636250108481E-004,-3.265246050432324E-004,-5.077208625152707E-004,-3.265384875703603E-004,
2.492433333333334E+009,-4.721229197457433E-004,-4.086554981768131E-004,-4.800120368599892E-004,-2.952170616481453E-004,
2.492466666666667E+009,-4.754818510264158E-004,-2.739416959229857E-004,-4.581796238198876E-004,-2.772979787550867E-004,
2.492500000000000E+009,-4.887346876785159E-004,-2.926115412265062E-004,-4.725937324110419E-004,-2.754384186118841E-004,
2.492533333333334E+009,-4.904884262941778E-004,-2.346827241126448E-004,-5.006795399822295E-004,-2.692638372536749E-004,
2.492566666666667E+009,-5.586956976912916E-004,-1.982627290999517E-004,-5.081515409983695E-004,-2.663568302523345E-004,
2.492600000000000E+009,-5.479466635733843E-004,-1.886478421511129E-004,-5.242571933194995E-004,-1.669591147219762E-004,
2.492633333333334E+009,-4.782083851750940E-004,-1.426812232239172E-004,-5.852212780155242E-004,-1.256593095604330E-004,
2.492666666666667E+009,-4.793078405782580E-004,-1.385219075018540E-004,-4.516159824561328E-004,-1.213965297210962E-004,
2.492700000000000E+009,-4.912538570351899E-004,-8.348420669790357E-005,-5.071993800811470E-004,-1.397601590724662E-004,
2.492733333333334E+009,-4.489464045036584E-004,-1.297755661653355E-004,-4.601485561579466E-004,-1.053635642165318E-004,
2.492766666666667E+009,-5.410984158515930E-004,-1.262378063984215E-004,-5.235418211668730E-004,-1.229523768415675E-004,
2.492800000000000E+009,-5.227955989539623E-004,-9.969805250875652E-005,-5.457135848701000E-004,-1.091177691705525E-004,
2.492833333333334E+009,-4.768605576828122E-004,-1.370969694107771E-004,-4.975264309905469E-004,-1.572777255205438E-004,
2.492866666666667E+009,-4.709163331426680E-004,-7.339937292272225E-005,-5.378015921451151E-004,-6.630783900618553E-005,
2.492900000000000E+009,-5.877686198800802E-004,-1.167283990071155E-004,-5.270244437269867E-004,-9.803935972740874E-005,
2.492933333333334E+009,-5.733814905397594E-004,-7.526409899583086E-005,-5.275442381389439E-004,-9.509782103123143E-005,
2.492966666666667E+009,-5.759568302892149E-004,8.711724149179645E-006,-5.293753347359598E-004,-5.809845970361494E-005,
2.493000000000000E+009,-5.627530044876039E-004,-7.923808152554557E-005,-5.150876822881401E-004,-7.989336882019416E-005,
2.493033333333334E+009,-5.248420056886971E-004,-3.953789200750180E-005,-5.306515377014875E-004,-4.879088737652637E-005,
2.493066666666667E+009,-5.295546725392342E-004,-1.606412115506828E-005,-5.646271747536957E-004,-5.508351387106814E-005,
2.493100000000000E+009,-5.112960934638977E-004,-4.155782880843617E-005,-5.906532751396298E-004,-2.180744559154846E-005,
2.493133333333334E+009,-5.377508932724595E-004,-4.124073893763125E-005,-5.413065664470196E-004,2.271511766593903E-005,
2.493166666666667E+009,-5.493875942192972E-004,-3.935035783797503E-005,-5.174950929358602E-004,1.669925040914677E-005,
2.493200000000000E+009,-5.676288274116814E-004,2.867572402465157E-005,-5.371249280869961E-004,4.112740498385392E-006,
2.493233333333334E+009,-5.035040085203946E-004,2.912998388637789E-005,-5.123293376527727E-004,2.112355468852911E-005,
2.493266666666667E+009,-5.247896187938750E-004,1.623894422664307E-005,-5.056185764260590E-004,-1.205986336572096E-005,
2.493300000000000E+009,-4.889116971753538E-004,2.205091004725546E-005,-5.345267709344626E-004,4.810339669347741E-005,
2.493333333333334E+009,-5.296512972563505E-004,1.132934357883642E-005,-5.524035659618676E-004,2.184665618187864E-006,
2.493366666666667E+009,-5.290533299557865E-004,6.777467933716252E-005,-4.802465264219791E-004,5.272330599837005E-005,
2.493400000000000E+009,-5.097539979033172E-004,7.057338370941579E-005,-5.154178361408413E-004,8.387539128307253E-005,
2.493433333333334E+009,-4.984727711416781E-004,6.638571358053014E-005,-5.075627123005688E-004,1.118802538258024E-004,
2.493466666666667E+009,-5.098606343381107E-004,5.347303522285074E-005,-5.304684746079147E-004,9.568943642079830E-005,
2.493500000000000E+009,-5.464822170324624E-004,1.072120139724575E-004,-5.177987623028457E-004,1.516107004135847E-004,
2.493533333333334E+009,-4.890605923719704E-004,1.412827841704711E-004,-4.694252274930477E-004,1.796221185941249E-004,
2.493566666666667E+009,-4.897837061434984E-004,1.857646420830861E-004,-4.707775078713894E-004,1.983490365091711E-004,
2.493600000000000E+009,-5.079551483504474E-004,1.509178982814774E-004,-4.827691591344774E-004,1.487873087171465E-004,
2.493633333333334E+009,-5.112229264341295E-004,1.942492381203920E-004,-4.434403672348708E-004,1.573578192619607E-004,
2.493666666666667E+009,-5.127447657287121E-004,2.525932213757187E-004,-4.631643532775343E-004,2.067040331894532E-004,
2.493700000000000E+009,-4.384852654766291E-004,1.505331165390089E-004,-4.538982466328889E-004,2.112373767886311E-004,
2.493733333333334E+009,-4.771051753778011E-004,2.124819729942828E-004,-4.816816071979702E-004,2.434876078041270E-004,
2.493766666666667E+009,-4.592504410538822E-004,2.332688309252262E-004,-4.372823168523610E-004,2.565020986367017E-004,
2.493800000000000E+009,-4.462294455152005E-004,2.558218839112669E-004,-4.096549528185278E-004,2.488319878466427E-004,
2.493833333333334E+009,-4.737542476505041E-004,2.374682371737436E-004,-4.261946305632591E-004,2.513591316528618E-004,
2.493866666666667E+009,-4.463164368644357E-004,3.007226623594761E-004,-4.490587161853910E-004,2.394884941168129E-004,
2.493900000000000E+009,-4.466593381948769E-004,2.983341109938920E-004,-4.259571142029017E-004,2.719135372899473E-004,
2.493933333333334E+009,-4.535251937340945E-004,2.662790648173541E-004,-4.175882786512375E-004,2.545793540775776E-004,
2.493966666666667E+009,-4.129197914153338E-004,3.140968037769198E-004,-4.422885249368846E-004,2.971152425743640E-004,
2.494000000000000E+009,-3.950816462747753E-004,3.051692328881472E-004,-4.184090939816088E-004,3.017150738742203E-004,
2.494033333333334E+009,-3.549481043592095E-004,3.219683130737394E-004,-3.559383330866695E-004,3.340989933349192E-004,
2.494066666666667E+009,-3.964368079323322E-004,3.176984901074320E-004,-3.674056497402489E-004,3.316519141662866E-004,
2.494100000000000E+009,-3.287554136477411E-004,3.569505643099546E-004,-4.005329101346433E-004,3.778035170398653E-004,
2.494133333333334E+009,-3.449898504186422E-004,3.481242456473410E-004,-3.349022008478642E-004,3.844198363367468E-004,
2.494166666666667E+009,-3.208260750398040E-004,3.301115939393640E-004,-2.783437375910580E-004,3.965820651501417E-004,
2.494200000000000E+009,-2.725164231378585E-004,4.439314652699977E-004,-2.618145954329521E-004,3.740510146599263E-004,
2.494233333333334E+009,-2.169188810512424E-004,3.295888600405306E-004,-2.308887633262202E-004,3.671578015200794E-004,
2.494266666666667E+009,-2.530344354454428E-004,4.005284572485834E-004,-2.130692300852388E-004,3.426889306865633E-004,
2.494300000000000E+009,-2.206527860835195E-004,3.786165907513350E-004,-1.974477490875870E-004,3.616657631937414E-004,
2.494333333333334E+009,-2.506694872863591E-004,3.867404302582145E-004,-2.452094340696931E-004,3.941242757719010E-004,
2.494366666666667E+009,-2.752976433839649E-004,3.574197471607477E-004,-2.353574236622080E-004,3.665852709673345E-004,
2.494400000000000E+009,-2.363081148359925E-004,4.206728190183640E-004,-2.116347895935178E-004,4.377041477710009E-004,
2.494433333333334E+009,-1.654936786508188E-004,3.613479202613235E-004,-2.056988596450537E-004,4.148115986026824E-004,
2.494466666666667E+009,-2.411962923360989E-004,4.532645107246935E-004,-2.478343085385859E-004,4.520894726738334E-004,
2.494500000000000E+009,-1.957381173269823E-004,4.698623670265079E-004,-2.042839914793149E-004,4.169724998064339E-004,
2.494533333333334E+009,-1.523135724710301E-004,4.121873935218900E-004,-2.054108626907691E-004,4.398805904202163E-004,
2.494566666666667E+009,-1.890346175059676E-004,3.926455974578857E-004,-1.925664400914684E-004,4.852597194258124E-004,
2.494600000000000E+009,-1.417684252373874E-004,4.489592392928898E-004,-1.797287259250879E-004,4.153093905188143E-004,
2.494633333333334E+009,-1.634410145925358E-004,4.266836040187627E-004,-1.421090273652226E-004,4.292986413929611E-004,
2.494666666666667E+009,-1.865174126578495E-004,4.828143864870071E-004,-1.615354267414659E-004,4.873230354860425E-004,
2.494700000000000E+009,-1.323825272265822E-004,5.055486108176410E-004,-1.735657278914005E-004,4.914542078040540E-004,
2.494733333333334E+009,-8.435465133516118E-005,4.779785231221467E-004,-1.255830866284668E-004,4.764823243021965E-004,
2.494766666666667E+009,-1.374600251438096E-004,4.319282306823880E-004,-1.226115418830887E-004,4.045968526042998E-004,
2.494800000000000E+009,-1.051814251695760E-004,4.469300329219550E-004,-1.176199075416662E-004,4.366072535049170E-004,
2.494833333333334E+009,-1.231932546943426E-004,4.049658018629998E-004,-1.529381115688011E-004,4.638447426259518E-004,
2.494866666666667E+009,-9.461916488362476E-005,4.193053173366934E-004,-9.933180263033137E-005,4.505451652221382E-004,
2.494900000000000E+009,-9.093662811210379E-005,4.773256951011717E-004,-4.301324224798009E-005,4.895935417152941E-004,
2.494933333333334E+009,-3.929678496206179E-005,4.250502679497004E-004,-5.829407382407226E-005,4.625065776053816E-004,
2.494966666666667E+009,-2.192821921198629E-005,4.554136830847710E-004,-9.680407674750313E-005,4.913492593914270E-004,
2.495000000000000E+009,-3.478786675259471E-005,4.196517402306199E-004,-2.010960633924697E-005,4.141632234677672E-004,
2.495033333333334E+009,2.797511479002424E-005,4.724821774289012E-004,-3.508037843857892E-005,4.672511713579297E-004,
2.495066666666667E+009,-2.665163447090890E-005,4.034907906316221E-004,-1.401882946083788E-005,3.952002734877169E-004,
2.495100000000000E+009,1.092062302632257E-005,4.269212076906115E-004,-3.225925684091635E-005,4.537947825156152E-004,
2.495133333333334E+009,-3.448677307460457E-005,4.939989303238690E-004,-8.026762770896312E-006,4.517415945883840E-004,
2.495166666666667E+009,1.674991290201433E-005,4.050376010127366E-004,2.376119709879276E-006,4.566884017549455E-004,
2.495200000000000E+009,2.418064650555607E-005,4.492907610256225E-004,-1.284456266148482E-005,4.182633419986814E-004,
2.495233333333334E+009,5.116618194733746E-005,4.463467048481107E-004,3.161200584145263E-005,4.200110270176083E-004,
2.495266666666667E+009,7.535251643275842E-005,4.314830584917218E-004,9.693652827991173E-005,4.076059267390519E-004,
2.495300000000000E+009,1.269817403226625E-005,4.700354184024036E-004,4.481807991396636E-005,4.299286520108581E-004,
2.495333333333334E+009,5.348475315258838E-005,4.528297577053309E-004,4.616265141521581E-005,3.925672208424658E-004,
2.495366666666667E+009,4.242404247634113E-005,4.367903165984899E-004,7.228298636619002E-005,4.412644775584340E-004,
2.495400000000000E+009,1.688376796664670E-004,3.968703676946461E-004,1.277107367059216E-004,4.496960027609021E-004,
2.495433333333334E+009,1.531255547888577E-004,4.214555083308369E-004,1.335729175480083E-004,4.581854445859790E-004,
2.495466666666667E+009,1.132342949858867E-004,4.554205806925893E-004,1.236337702721357E-004,4.403279745019972E-004,
2.495500000000000E+009,1.544876140542328E-004,3.989956167060882E-004,1.193098578369245E-004,4.351596871856600E-004,
2.495533333333334E+009,1.532128662802279E-004,4.638010286726058E-004,1.559367083245888E-004,4.224151489324868E-004,
2.495566666666667E+009,1.980126253329217E-004,3.874504764098674E-004,1.923086674651131E-004,3.513307601679117E-004,
2.495600000000000E+009,1.559284282848239E-004,4.041624197270721E-004,1.476776378694922E-004,4.230909980833530E-004,
2.495633333333334E+009,1.785379718057811E-004,3.979994216933847E-004,1.542187092127278E-004,3.558698517736048E-004,
2.495666666666667E+009,2.118715201504529E-004,3.940273309126496E-004,2.426236314931884E-004,3.860697324853391E-004,
2.495700000000000E+009,1.935520267579705E-004,3.854350652545691E-004,2.308514376636595E-004,3.444357134867460E-004,
2.495733333333334E+009,2.385050756856799E-004,2.792408922687173E-004,2.589861687738448E-004,3.548758104443550E-004,
2.495766666666667E+009,2.004201523959637E-004,2.920567349065095E-004,2.762379008345306E-004,2.649085363373160E-004,
2.495800000000000E+009,2.900187100749463E-004,2.953190996777266E-004,2.290975535288453E-004,3.008180938195437E-004,
2.495833333333334E+009,2.450288739055395E-004,2.900739782489836E-004,1.773628464434296E-004,2.563638845458627E-004,
2.495866666666667E+009,2.905963920056820E-004,2.458167145960033E-004,2.271679986733943E-004,3.326292790006846E-004,
2.495900000000000E+009,2.708893152885139E-004,2.715955779422075E-004,2.468258608132601E-004,2.859039814211428E-004,
2.495933333333334E+009,3.042565658688545E-004,2.169887884519994E-004,3.271085151936859E-004,2.883524575736374E-004,
2.495966666666667E+009,2.901995612774044E-004,2.599515428300947E-004,3.189654962625355E-004,2.550999051891267E-004,
2.496000000000000E+009,2.385417901678011E-004,3.109844983555377E-004,3.208930429536849E-004,2.992309455294162E-004,
2.496033333333334E+009,2.300563937751576E-004,2.803241950459778E-004,3.368229081388563E-004,2.978705160785466E-004,
2.496066666666667E+009,2.825552364811301E-004,2.431175671517849E-004,2.642455219756812E-004,2.374862961005420E-004,
2.496100000000000E+009,3.421982401050627E-004,2.314281737199053E-004,3.070810635108501E-004,2.668472006917000E-004,
2.496133333333334E+009,2.903705462813377E-004,2.187356294598430E-004,3.277424548286945E-004,3.013319219462574E-004,
2.496166666666667E+009,3.107639786321670E-004,2.468520833645016E-004,3.136082668788731E-004,2.886591828428209E-004,
2.496200000000000E+009,2.929942274931818E-004,2.709907130338252E-004,3.028487553820014E-004,2.273585268994793E-004,
2.496233333333334E+009,3.450444783084095E-004,1.960160880116746E-004,3.385022282600403E-004,2.287362585775554E-004,
2.496266666666667E+009,2.574275131337345E-004,2.883891575038433E-004,3.625568642746657E-004,3.038274007849395E-004,
2.496300000000000E+009,3.497017314657569E-004,1.751035888446495E-004,2.997662522830069E-004,2.125550963683054E-004,
2.496333333333334E+009,2.859915257431567E-004,2.970343630295247E-004,3.320560208521783E-004,1.766832137946039E-004,
2.496366666666667E+009,3.135129227302969E-004,2.120710705639795E-004,3.648744313977659E-004,1.897221372928470E-004,
2.496400000000000E+009,3.330126346554607E-004,2.025240682996810E-004,3.262532409280539E-004,1.471692958148196E-004,
2.496433333333334E+009,3.609270206652582E-004,1.709679199848324E-004,3.727316507138312E-004,1.917033077916130E-004,
2.496466666666667E+009,3.476458077784628E-004,2.063722349703312E-004,3.379276604391635E-004,1.358877925667912E-004,
2.496500000000000E+009,3.852969966828823E-004,1.239140547113493E-004,3.566667437553406E-004,1.736236881697550E-004,
2.496533333333334E+009,4.067513800691813E-004,1.588710874784738E-004,3.571731504052877E-004,1.548347936477512E-004,
2.496566666666667E+009,3.526470682118088E-004,1.408787938999012E-004,3.266668645665050E-004,1.235696399817243E-004,
2.496600000000000E+009,3.469715011306107E-004,1.941784285008907E-004,3.235391632188112E-004,1.208722533192486E-004,
2.496633333333334E+009,3.967437078244984E-004,1.724059839034453E-004,3.785841399803758E-004,1.278600684599951E-004,
2.496666666666667E+009,2.973423688672483E-004,1.216856690007262E-004,3.142132773064077E-004,9.860659338301048E-005,
2.496700000000000E+009,3.472557873465121E-004,1.063001691363752E-004,3.286312276031822E-004,1.548979780636728E-004,
2.496733333333334E+009,3.984459908679128E-004,1.158991217380390E-004,3.465453337412328E-004,1.446084643248469E-004,
2.496766666666667E+009,3.730167227331549E-004,5.594706817646511E-005,3.721656976267695E-004,6.255056359805167E-005,
2.496800000000000E+009,3.882012970279902E-004,3.872354864142835E-005,3.549288376234472E-004,1.160618121502921E-004,
2.496833333333334E+009,3.373468061909080E-004,7.837561133783311E-005,2.873604535125196E-004,2.651721842994448E-005,
2.496866666666667E+009,3.437373088672757E-004,1.309597573708743E-004,3.257085627410561E-004,5.334486559149809E-005,
2.496900000000000E+009,2.889934985432774E-004,7.544155960204080E-005,3.265921841375530E-004,2.541843059589155E-005,
2.496933333333334E+009,3.706800926011056E-004,5.027008955948986E-005,3.694939950946719E-004,1.662491558818147E-005,
2.496966666666667E+009,3.755098732654005E-004,3.937378642149270E-005,4.124650731682777E-004,-1.082851485989522E-005,
2.497000000000000E+009,3.611068241298199E-004,3.223780367989093E-005,4.094192699994892E-004,-4.642331077775452E-006,
2.497033333333334E+009,3.015179536305368E-004,5.150420474819839E-005,3.396978427190334E-004,1.007771697913995E-005,
2.497066666666667E+009,3.576096205506474E-004,2.361819679208566E-005,3.005412581842393E-004,-9.349372703582048E-006,
2.497100000000000E+009,4.194527282379568E-004,1.368082939734450E-005,3.623030788730830E-004,1.009522657113848E-005,
2.497133333333334E+009,3.468346840236336E-004,-1.255700499314116E-005,3.641656076069921E-004,-6.758781819371507E-005,
2.497166666666667E+009,3.549760731402785E-004,-3.938580266549252E-005,3.659469657577574E-004,-3.614894376369193E-005,
2.497200000000000E+009,3.666915290523320E-004,-8.463453559670597E-005,4.158635856583715E-004,-2.991374458360951E-005,
2.497233333333334E+009,3.643131058197469E-004,-9.709813457448036E-005,3.474117838777602E-004,-4.712874942924827E-005,
2.497266666666667E+009,3.642749506980181E-004,-9.696379856904969E-005,3.063162730541080E-004,-1.155460704467259E-004,
2.497300000000000E+009,3.062276518903673E-004,-1.273916568607092E-004,3.128625103272498E-004,-1.076506887329742E-004,
2.497333333333334E+009,3.206174005754292E-004,-1.271131332032383E-004,2.840039960574359E-004,-9.072430111700669E-005,
2.497366666666667E+009,2.737606700975448E-004,-1.646846940275282E-004,2.569975913502276E-004,-7.983589603099972E-005,
2.497400000000000E+009,2.422555262455717E-004,-9.811946802074090E-005,2.776122419163585E-004,-1.332268875557929E-004,
2.497433333333334E+009,2.503033319953829E-004,-1.414388098055497E-004,2.782843366730958E-004,-1.001727287075482E-004,
2.497466666666667E+009,2.430155291222036E-004,-1.200031401822344E-004,2.510563645046204E-004,-7.582864782307297E-005,
2.497500000000000E+009,2.329973067389801E-004,-1.270256616408005E-004,2.860586391761899E-004,-1.417424791725352E-004,
2.497533333333334E+009,3.027573402505368E-004,-1.521226513432339E-004,2.728361578192562E-004,-1.142297260230407E-004,
2.497566666666667E+009,3.017878334503621E-004,-1.180959006887861E-004,2.322599466424435E-004,-1.433141733286902E-004,
2.497600000000000E+009,2.942421997431666E-004,-1.312801032327116E-004,2.849891607183963E-004,-1.251249050255865E-004,
2.497633333333334E+009,2.657478617038578E-004,-1.192052732221782E-004,3.031389787793160E-004,-1.216228702105582E-004,
2.497666666666667E+009,2.666997315827757E-004,-1.813962444430217E-004,2.174025721615180E-004,-1.190429320558906E-004,
2.497700000000000E+009,2.042570849880576E-004,-1.166308647952974E-004,2.802839153446257E-004,-1.301862357649952E-004,
2.497733333333334E+009,2.492567000444979E-004,-1.953434839379042E-004,2.929319452960044E-004,-1.947562268469483E-004,
2.497766666666667E+009,2.641442406456918E-004,-1.164020868600346E-004,2.921012346632779E-004,-1.380304602207616E-004,
2.497800000000000E+009,2.630601520650089E-004,-1.447800168534741E-004,2.627309877425432E-004,-1.565275015309453E-004,
2.497833333333334E+009,2.850009768735617E-004,-1.566422724863514E-004,2.899750543292612E-004,-1.218800171045587E-004,
2.497866666666667E+009,2.790650760289282E-004,-1.902938529383391E-004,2.338230697205290E-004,-1.946905977092683E-004,
2.497900000000000E+009,2.511295024305582E-004,-1.477534678997472E-004,2.698809548746795E-004,-1.608506863703951E-004,
2.497933333333334E+009,2.238696324639022E-004,-1.539703225716949E-004,2.487466845195741E-004,-1.515461626695469E-004,
2.497966666666667E+009,2.418745716568083E-004,-2.430527383694425E-004,2.219682792201638E-004,-1.958027278305963E-004,
2.498000000000000E+009,2.468605525791645E-004,-1.857160968938842E-004,2.449589374009520E-004,-2.173091343138367E-004,
2.498033333333334E+009,1.658497494645417E-004,-2.160459844162688E-004,2.583129971753806E-004,-1.989811134990305E-004,
2.498066666666667E+009,1.974165206775069E-004,-2.322531072422862E-004,2.104257146129385E-004,-1.785919157555327E-004,
2.498100000000000E+009,1.982499816222116E-004,-2.066144661512226E-004,1.916372420964763E-004,-1.889431441668421E-004,
2.498133333333334E+009,2.289553522132337E-004,-2.517892280593514E-004,2.294432197231799E-004,-2.379259531153366E-004,
2.498166666666667E+009,2.395344345131889E-004,-2.137029077857733E-004,1.852698769653216E-004,-2.431182801956311E-004,
2.498200000000000E+009,1.973049365915358E-004,-2.122084115399048E-004,1.984798145713285E-004,-2.660833706613630E-004,
2.498233333333334E+009,1.805983920348808E-004,-1.966898416867480E-004,2.235487481812015E-004,-2.541219000704587E-004,
2.498266666666667E+009,2.310198324266821E-004,-1.776406570570543E-004,1.779076992534101E-004,-2.575766993686557E-004,
2.498300000000000E+009,1.282928569708020E-004,-2.091561473207548E-004,1.781718310667202E-004,-2.258895692648366E-004,
2.498333333333334E+009,1.365956995869055E-004,-1.935307664098218E-004,1.324739860137925E-004,-2.494698273949325E-004,
2.498366666666667E+009,1.670011988608167E-004,-2.282306231791154E-004,1.592694752616808E-004,-2.236354484921321E-004,
2.498400000000000E+009,1.677854161243886E-004,-2.272599522257224E-004,1.715455291559920E-004,-2.006330760195851E-004,
2.498433333333334E+009,1.545823324704543E-004,-2.410473098279908E-004,1.550817396491766E-004,-2.316030731890351E-004,
2.498466666666667E+009,1.602600823389366E-004,-2.665942884050310E-004,9.680198854766786E-005,-2.380178193561733E-004,
2.498500000000000E+009,1.733297685859725E-004,-2.556266845203936E-004,1.740578154567629E-004,-2.713250578381121E-004,
2.498533333333334E+009,1.268561754841358E-004,-2.654914569575340E-004,8.984412124846131E-005,-2.352758747292683E-004,
2.498566666666667E+009,1.147529474110343E-004,-2.169150975532830E-004,1.545556733617559E-004,-2.844120608642697E-004,
2.498600000000000E+009,1.416587037965655E-004,-3.068458754569292E-004,6.196441972861067E-005,-2.708387619350106E-004,
2.498633333333334E+009,1.238755503436551E-004,-2.641796891111881E-004,8.406156121054664E-005,-2.853390178643167E-004,
2.498666666666667E+009,1.278611889574677E-004,-2.685701474547386E-004,5.723056892747991E-005,-3.195955650880933E-004,
2.498700000000000E+009,8.416306081926450E-005,-2.316239842912182E-004,1.129264346673153E-004,-2.606336202006787E-004,
2.498733333333334E+009,9.083565964829177E-005,-2.782433002721518E-004,7.870221452321857E-005,-2.567754418123514E-004,
2.498766666666667E+009,9.523579137749039E-006,-2.512395440135151E-004,4.725253165815957E-005,-2.275090810144320E-004,
2.498800000000000E+009,3.898195063811727E-005,-2.307234244653955E-004,4.949759750161320E-005,-2.025247085839510E-004,
2.498833333333334E+009,5.721034540329129E-005,-2.296002785442397E-004,4.130800516577438E-005,-2.355290780542418E-004,
2.498866666666667E+009,7.404499046970159E-005,-2.644485502969474E-004,6.584933726117015E-005,-2.321613574167714E-004,
2.498900000000000E+009,1.752258140186314E-005,-2.252669655717909E-004,-7.424166142300237E-006,-1.661557180341333E-004,
2.498933333333334E+009,6.475746886280831E-006,-2.161582524422556E-004,-1.148360934166703E-005,-1.877301256172359E-004,
2.498966666666667E+009,-2.811390731949359E-005,-2.431415050523356E-004,2.760989627859090E-005,-1.685535244178027E-004,
2.499000000000000E+009,4.492235893849284E-005,-1.799008750822395E-004,2.730570304265712E-005,-2.403795369900763E-004,
2.499033333333334E+009,5.217633952270262E-005,-1.891646970761940E-004,5.781475556432270E-005,-1.845375227276236E-004,
2.499066666666667E+009,1.963130489457399E-005,-2.550663193687797E-004,-1.013685505313333E-005,-2.267316303914413E-004,
2.499100000000000E+009,-1.258855377272994E-006,-2.476536901667714E-004,-6.621623924729647E-006,-2.004153357120231E-004,
2.499133333333334E+009,-1.668372533458751E-005,-2.880748652387410E-004,-4.008858923043590E-006,-2.234283019788563E-004,
2.499166666666667E+009,-1.086783413484227E-005,-1.927534758578986E-004,-9.889170542010106E-006,-1.968820724869147E-004,
2.499200000000000E+009,-1.431121199857444E-005,-2.590560179669410E-004,-3.120588007732295E-005,-2.599979634396732E-004,
2.499233333333334E+009,-3.087601362494752E-005,-2.489929902367294E-004,-4.194896246190183E-005,-2.252694830531254E-004,
2.499266666666667E+009,1.614455868548248E-005,-2.544710296206176E-004,-3.639819988165982E-005,-2.285272930748761E-004,
2.499300000000000E+009,-4.315288606449030E-005,-2.605672052595764E-004,-3.031125197594520E-005,-2.265495422761887E-004,
2.499333333333334E+009,-5.990749195916578E-005,-2.677387965377420E-004,-3.768834358197637E-005,-2.365317632211372E-004,
2.499366666666667E+009,-8.152049122145400E-005,-3.083637566305697E-004,-3.156684397254139E-005,-2.229131059721112E-004,
2.499400000000000E+009,-4.263769369572401E-005,-2.200116286985576E-004,-2.575051439634990E-005,-2.512628270778805E-004,
2.499433333333334E+009,-6.515511631732807E-005,-2.501809794921428E-004,-2.018785380641930E-005,-2.606487250886858E-004,
2.499466666666667E+009,-3.793905852944590E-005,-2.404297410976142E-004,-1.168548333225772E-004,-2.286405215272680E-004,
2.499500000000000E+009,-6.736464274581522E-005,-2.429498417768627E-004,-6.426210893550888E-005,-2.161248703487217E-004,
2.499533333333334E+009,-6.513886910397559E-005,-2.021785039687529E-004,-8.244748460128903E-005,-2.318073966307566E-004,
2.499566666666667E+009,-4.829675162909553E-005,-2.622105239424855E-004,-4.300712680560537E-005,-2.030826581176370E-004,
2.499600000000000E+009,8.756635907047894E-006,-2.193523978348821E-004,-7.281002763193101E-005,-2.204792108386755E-004,
2.499633333333334E+009,-6.248271529329941E-005,-2.426190912956372E-004,-7.471017306670547E-005,-2.363670646445826E-004,
2.499666666666667E+009,-8.187665662262589E-005,-2.146832703147084E-004,-6.447979103541002E-005,-2.149160864064470E-004,
2.499700000000000E+009,-5.093934760225238E-006,-2.049626637017354E-004,-4.417255695443600E-005,-2.195858105551451E-004,
2.499733333333334E+009,-2.629492882988416E-005,-2.615540579427034E-004,-1.124836562667042E-004,-2.107092586811632E-004,
2.499766666666667E+009,-7.245181041071191E-005,-2.319432242074981E-004,-7.541084050899372E-005,-2.462572301737964E-004,
2.499800000000000E+009,-8.741234341869131E-005,-2.232409315183759E-004,-1.235027593793348E-004,-1.859844924183562E-004,
2.499833333333334E+009,-6.141849007690325E-005,-1.765725755831227E-004,-6.633477460127324E-005,-1.931829174282029E-004,
2.499866666666667E+009,-8.775051537668333E-005,-1.920021459227428E-004,-7.314395770663396E-005,-2.301723434356973E-004,
2.499900000000000E+009,-9.853341180132702E-005,-1.734595571178943E-004,-6.371506606228650E-005,-2.335283206775785E-004,
2.499933333333334E+009,-9.344449063064531E-005,-1.754043332766742E-004,-1.070784273906611E-004,-1.851292909123004E-004,
2.499966666666667E+009,-1.075466134352610E-004,-2.086075546685606E-004,-4.631843330571428E-005,-2.171887317672372E-004,
2.500000000000000E+009,-1.188295645988546E-004,-1.712934754323214E-004,-1.327746576862410E-004,-1.865327358245850E-004,
