% Version 1.00
%
%freq[Hz];re:Trc1_S21;im:Trc1_S21;re:Trc2_S12;im:Trc2_S12;
2.480000000000000E+009,2.263247442897409E-004,7.565214764326811E-004,2.042662381427363E-004,7.651438936591148E-004,
2.480033333333334E+009,2.240531466668472E-004,7.249472546391189E-004,2.732461434789002E-004,7.549228612333536E-004,
2.480066666666667E+009,2.590272924862802E-004,7.233914220705628E-004,2.416213392280042E-004,7.345314952544868E-004,
2.480100000000000E+009,3.113428247161210E-004,7.354734698310494E-004,2.700937620829791E-004,6.882558809593320E-004,
2.480133333333334E+009,2.875207865145057E-004,7.534108008258045E-004,3.384831943549216E-004,7.858970202505589E-004,
2.480166666666667E+009,3.484708431642503E-004,7.355234702117741E-004,2.946836757473648E-004,7.319006836041808E-004,
2.480200000000000E+009,3.359683323651552E-004,7.345487247221172E-004,3.032863314729184E-004,7.547901477664709E-004,
2.480233333333334E+009,3.687879070639610E-004,7.206632872112095E-004,4.162368713878095E-004,7.409591344185174E-004,
2.480266666666667E+009,4.298028070479631E-004,7.307939231395721E-004,4.116208001505584E-004,6.792232743464410E-004,
2.480300000000000E+009,3.868786152452231E-004,6.538970628753305E-004,3.841207944788039E-004,7.331169908866286E-004,
2.480333333333334E+009,3.828769258689135E-004,6.950499955564737E-004,3.926578501705080E-004,7.151416502892971E-004,
2.480366666666667E+009,3.786591405514628E-004,6.762865814380348E-004,4.226262972224504E-004,6.525015342049301E-004,
2.480400000000000E+009,3.769100585486740E-004,6.325864815153182E-004,4.264793533366174E-004,6.951573304831982E-004,
2.480433333333334E+009,4.095972399227321E-004,6.127070519141853E-004,3.995371807832271E-004,6.250945152714849E-004,
2.480466666666667E+009,4.785568744409829E-004,5.594046670012176E-004,4.732751403935254E-004,6.258485955186188E-004,
2.480500000000000E+009,4.378781886771321E-004,5.560054560191929E-004,4.630370531231165E-004,5.675951833836734E-004,
2.480533333333334E+009,4.766465572174639E-004,6.035846890881658E-004,4.911954165436328E-004,5.731125711463392E-004,
2.480566666666667E+009,5.135356332175434E-004,6.348147289827466E-004,4.973882460035384E-004,6.148851825855672E-004,
2.480600000000000E+009,5.545025342144072E-004,5.494201905094087E-004,5.276099545881152E-004,6.200346397235990E-004,
2.480633333333334E+009,5.595977418124676E-004,5.853922339156270E-004,5.758361658081412E-004,5.941085983067751E-004,
2.480666666666667E+009,6.076087011024356E-004,5.803191452287138E-004,5.896273651160300E-004,5.585277685895562E-004,
2.480700000000000E+009,5.194808472879231E-004,5.103116272948682E-004,5.978451808914542E-004,5.172205273993313E-004,
2.480733333333334E+009,5.818814970552921E-004,5.678607849404216E-004,5.872566835023463E-004,5.450648604892194E-004,
2.480766666666667E+009,6.419705459848046E-004,5.189438234083355E-004,6.505785277113318E-004,5.428133299574256E-004,
2.480800000000000E+009,6.301471148617566E-004,4.883704823441804E-004,5.897451774217188E-004,4.861301276832819E-004,
2.480833333333334E+009,5.913520581088960E-004,4.772514221258462E-004,6.740490207448602E-004,4.933062591589987E-004,
2.480866666666667E+009,6.553491111844778E-004,4.916462930850685E-004,6.625961977988482E-004,5.021604010835290E-004,
2.480900000000000E+009,6.772262859158218E-004,4.648631438612938E-004,7.378987502306700E-004,4.130278539378196E-004,
2.480933333333334E+009,6.706909625791013E-004,4.364531487226486E-004,6.930546369403601E-004,4.038910265080631E-004,
2.480966666666667E+009,6.484274636022747E-004,3.678492794279009E-004,7.252889918163419E-004,3.828420303761959E-004,
2.481000000000000E+009,6.981117767281830E-004,3.573445719666779E-004,7.703512092120946E-004,3.749221214093268E-004,
2.481033333333334E+009,7.739315042272210E-004,3.023464814759791E-004,7.232278585433960E-004,3.395079984329641E-004,
2.481066666666667E+009,7.524812244810164E-004,3.368763718754053E-004,6.845543393865228E-004,3.304868296254426E-004,
2.481100000000000E+009,7.513206219300628E-004,3.171121352352202E-004,6.883438909426332E-004,2.998376148752868E-004,
2.481133333333334E+009,7.514564786106348E-004,2.834589977283031E-004,7.503238739445806E-004,2.921276900451630E-004,
2.481166666666667E+009,7.663869182579219E-004,2.483530843164772E-004,8.476928924210370E-004,2.802510280162096E-004,
2.481200000000000E+009,7.663416909053922E-004,2.920418919529766E-004,8.238619193434715E-004,3.061912721022964E-004,
2.481233333333334E+009,7.789586670696735E-004,2.365113759879023E-004,7.877575699239969E-004,2.329905109945685E-004,
2.481266666666667E+009,8.269348181784153E-004,2.527406322769821E-004,7.926950929686427E-004,2.025572757702321E-004,
2.481300000000000E+009,7.690264028497040E-004,2.170500374631956E-004,7.941166404634714E-004,2.039126848103479E-004,
2.481333333333334E+009,7.048284169286490E-004,2.437204966554418E-004,8.248006342910230E-004,1.884987286757678E-004,
2.481366666666667E+009,7.978719077073038E-004,1.759517617756501E-004,8.034370839595795E-004,2.165348123526201E-004,
2.481400000000000E+009,8.226006175391376E-004,1.621366100152955E-004,8.164906175807118E-004,2.008703013416380E-004,
2.481433333333334E+009,8.262401679530740E-004,1.835332950577140E-004,8.254479616880417E-004,1.812449045246467E-004,
2.481466666666667E+009,7.919160998426378E-004,1.016820242512040E-004,7.405702490359545E-004,9.197855979437009E-005,
2.481500000000000E+009,7.664076983928680E-004,9.595859592081979E-005,7.814561249688268E-004,7.174434722401202E-005,
2.481533333333334E+009,7.531529408879578E-004,8.741497003939003E-005,7.543289684690535E-004,9.065363701665774E-005,
2.481566666666667E+009,7.910695858299732E-004,9.015668183565140E-005,7.610865868628025E-004,8.413688919972628E-005,
2.481600000000000E+009,7.692270446568728E-004,1.242420785274589E-005,7.865640800446272E-004,2.755052446445916E-005,
2.481633333333334E+009,7.790570962242782E-004,-6.261550424824236E-007,7.689626072533429E-004,-2.404650558673893E-006,
2.481666666666667E+009,7.111098384484649E-004,-4.541036469163373E-005,8.018807857297361E-004,2.203982330684084E-005,
2.481700000000000E+009,7.894602022133768E-004,3.999138425569981E-005,7.502575754188001E-004,-1.147538387158420E-005,
2.481733333333334E+009,7.600839016959071E-004,-8.450386667391285E-005,7.707631448283792E-004,-6.505006604129449E-005,
2.481766666666667E+009,7.673393702134490E-004,-5.605027763522230E-005,7.593715563416481E-004,-7.519735663663596E-005,
2.481800000000000E+009,7.685030577704310E-004,-9.846855391515419E-005,7.143950206227601E-004,-5.163633613847196E-005,
2.481833333333334E+009,7.734854589216411E-004,-1.108599826693535E-004,7.086528348736465E-004,-1.209535985253751E-004,
2.481866666666667E+009,7.425654912367463E-004,-1.227834873134270E-004,7.431415142491460E-004,-1.512120797997341E-004,
2.481900000000000E+009,7.110840524546802E-004,-1.366003998555243E-004,6.933324621059001E-004,-2.046620065812022E-004,
2.481933333333334E+009,7.286470499821007E-004,-1.588781888131052E-004,7.846700609661639E-004,-1.966372365131974E-004,
2.481966666666667E+009,7.458204636350274E-004,-1.866222446551547E-004,7.201958796940744E-004,-1.818321325117722E-004,
2.482000000000000E+009,7.342175231315196E-004,-1.713724050205201E-004,7.361263269558549E-004,-2.246235089842230E-004,
2.482033333333334E+009,6.769406609237194E-004,-2.142579032806680E-004,7.282511796802282E-004,-2.134848909918219E-004,
2.482066666666667E+009,7.122438400983810E-004,-2.141012955689803E-004,7.184223504737020E-004,-2.503395371604711E-004,
2.482100000000000E+009,7.230668561533094E-004,-2.137822448275983E-004,7.159477099776268E-004,-2.787080884445459E-004,
2.482133333333334E+009,6.941400351934135E-004,-2.953361836262047E-004,6.815330707468092E-004,-2.889859024435282E-004,
2.482166666666667E+009,6.922303582541645E-004,-2.303119836142287E-004,6.997379823587835E-004,-2.747956023085862E-004,
2.482200000000000E+009,6.745688151568174E-004,-3.159556654281914E-004,6.986749940551817E-004,-3.475254343356937E-004,
2.482233333333334E+009,6.268436554819346E-004,-2.500605478417128E-004,6.756706861779094E-004,-3.733363118954003E-004,
2.482266666666667E+009,7.372717373073101E-004,-3.613059816416353E-004,6.587991374544799E-004,-3.591789281927049E-004,
2.482300000000000E+009,7.148331496864557E-004,-3.327010490465909E-004,6.742014666087925E-004,-3.700074739754200E-004,
2.482333333333334E+009,7.213609642349184E-004,-3.671646118164063E-004,6.887964555062354E-004,-4.282652516849339E-004,
2.482366666666667E+009,7.051053689792752E-004,-4.379101446829736E-004,6.290851160883904E-004,-4.104185791220516E-004,
2.482400000000000E+009,6.761661497876048E-004,-4.409181128721684E-004,6.468438077718020E-004,-4.853829159401357E-004,
2.482433333333334E+009,6.108828820288181E-004,-4.154970229137689E-004,6.541592883877456E-004,-4.981166566722095E-004,
2.482466666666667E+009,6.162371137179434E-004,-5.202624597586691E-004,6.019298452883959E-004,-5.215035635046661E-004,
2.482500000000000E+009,6.722925463691354E-004,-5.319467163644731E-004,5.946119199506939E-004,-5.361285293474793E-004,
2.482533333333334E+009,5.949237965978682E-004,-5.910635809414089E-004,6.018622079864144E-004,-5.425355047918856E-004,
2.482566666666667E+009,5.553883383981884E-004,-5.325867095962167E-004,5.470734322443605E-004,-5.831335438415408E-004,
2.482600000000000E+009,5.311968270689249E-004,-5.076569505035877E-004,5.023787380196154E-004,-5.405241972766817E-004,
2.482633333333334E+009,4.486350517254323E-004,-5.520931445062161E-004,5.495234508998692E-004,-5.878249648958445E-004,
2.482666666666667E+009,4.865947703365237E-004,-6.704833940602839E-004,4.964371910318732E-004,-5.206734058447182E-004,
2.482700000000000E+009,5.288579268381000E-004,-6.214962340891361E-004,4.896053578704596E-004,-6.116011063568294E-004,
2.482733333333334E+009,4.678080440498889E-004,-6.174648297019303E-004,4.677186661865562E-004,-6.394183728843927E-004,
2.482766666666667E+009,4.687910259235650E-004,-6.470959051512182E-004,4.591274773702025E-004,-6.065110210329294E-004,
2.482800000000000E+009,4.673364455811679E-004,-6.094849086366594E-004,4.263389273546636E-004,-6.383481668308377E-004,
2.482833333333334E+009,4.713485832326114E-004,-6.627108086831868E-004,4.763019969686866E-004,-6.930515519343317E-004,
2.482866666666667E+009,5.173648241907358E-004,-6.493955152109265E-004,4.102674720343202E-004,-6.473026587627828E-004,
2.482900000000000E+009,4.715580435004085E-004,-6.303712143562734E-004,4.570469027385116E-004,-6.353789358399808E-004,
2.482933333333334E+009,4.219551919959486E-004,-6.759757525287569E-004,3.828039043582976E-004,-7.339600124396384E-004,
2.482966666666667E+009,4.219769325572997E-004,-7.080376963131130E-004,3.928817168343812E-004,-6.732039619237185E-004,
2.483000000000000E+009,3.481398161966354E-004,-6.980109610594809E-004,3.795969532802701E-004,-7.476348546333611E-004,
2.483033333333334E+009,3.176569880452007E-004,-6.760933902114630E-004,3.336074005346745E-004,-6.413162336684763E-004,
2.483066666666667E+009,2.828353608492762E-004,-7.460418273694813E-004,3.384868032298982E-004,-7.290497887879610E-004,
2.483100000000000E+009,3.478704602457583E-004,-6.956703728064895E-004,3.167021786794066E-004,-6.565541843883693E-004,
2.483133333333334E+009,2.825086121447384E-004,-6.850183708593249E-004,3.045603516511619E-004,-7.500922074541450E-004,
2.483166666666667E+009,2.562625450082123E-004,-7.005016086623073E-004,3.009505453519523E-004,-6.914391415193677E-004,
2.483200000000000E+009,2.796802727971226E-004,-6.766659789718688E-004,2.795109176076949E-004,-6.550260004587472E-004,
2.483233333333334E+009,3.104868810623884E-004,-7.317512645386159E-004,1.760758750606328E-004,-7.295291870832443E-004,
2.483266666666667E+009,2.337803598493338E-004,-7.173502817749977E-004,2.318563056178391E-004,-7.666027522645891E-004,
2.483300000000000E+009,1.984210830414668E-004,-7.391544058918953E-004,2.372603921685368E-004,-6.978949531912804E-004,
2.483333333333334E+009,1.591848995303735E-004,-6.991151021793485E-004,1.406391238560900E-004,-6.907315691933036E-004,
2.483366666666667E+009,1.668548502493650E-004,-6.888868520036340E-004,1.542681420687586E-004,-7.364187622442842E-004,
2.483400000000000E+009,2.171156957047060E-004,-7.377841975539923E-004,1.510880538262427E-004,-7.642434211447835E-004,
2.483433333333334E+009,1.562715333420783E-004,-7.959828944876790E-004,1.093414175556973E-004,-7.246470195241272E-004,
2.483466666666667E+009,1.363594783470035E-004,-7.443907670676708E-004,7.208633905975148E-005,-7.589259184896946E-004,
2.483500000000000E+009,5.951419007033110E-005,-7.837043376639485E-004,8.987624460132793E-005,-7.488960982300341E-004,
2.483533333333334E+009,8.628608338767663E-005,-7.098502246662974E-004,6.112051050877199E-005,-7.074768072925508E-004,
2.483566666666667E+009,4.837623055209406E-005,-6.953121628612280E-004,1.085927215171978E-004,-7.836861186660826E-004,
2.483600000000000E+009,5.091350976726972E-005,-7.116083870641887E-004,2.973212212964427E-005,-7.468455587513745E-004,
2.483633333333334E+009,7.090526196407154E-005,-7.373566622845829E-004,4.296449333196506E-005,-7.213600329123437E-004,
2.483666666666667E+009,5.653950938722119E-005,-7.482615183107555E-004,8.137604709190782E-006,-7.434632861986756E-004,
2.483700000000000E+009,-2.721524833759759E-005,-7.576983189210296E-004,7.865691259212326E-006,-7.499972125515342E-004,
2.483733333333334E+009,-4.951303708367050E-005,-7.396055152639747E-004,-1.111092296923744E-005,-7.313101668842137E-004,
2.483766666666667E+009,-3.120876863249578E-005,-7.553655304946005E-004,-4.629433897207491E-005,-7.540179649367929E-004,
2.483800000000000E+009,-9.513393888482824E-005,-7.720611174590886E-004,-5.265719300950877E-005,-7.635744987055659E-004,
2.483833333333334E+009,-1.413536956533790E-004,-7.697548135183752E-004,-1.226779277203605E-004,-7.457967149093747E-004,
2.483866666666667E+009,-1.069253703462891E-004,-7.693925872445107E-004,-9.333794878330082E-005,-7.574849296361208E-004,
2.483900000000000E+009,-1.887934340629727E-004,-7.450054399669170E-004,-1.088291755877435E-004,-7.560978410765529E-004,
2.483933333333334E+009,-1.975412887986749E-004,-7.595354691147804E-004,-1.327351637883112E-004,-7.513920427300036E-004,
2.483966666666667E+009,-2.596428676042706E-004,-6.931239622645080E-004,-2.121643628925085E-004,-7.734584505669773E-004,
2.484000000000000E+009,-2.262764464830980E-004,-7.748166099190712E-004,-2.274688740726560E-004,-7.780682644806802E-004,
2.484033333333334E+009,-2.373215829720721E-004,-7.552823517471552E-004,-2.721041382756084E-004,-7.341759628616273E-004,
2.484066666666667E+009,-2.955004747491330E-004,-7.743435562588275E-004,-3.427925112191588E-004,-7.163459085859358E-004,
2.484100000000000E+009,-2.803056559059769E-004,-6.902548484504223E-004,-3.288882144261152E-004,-7.167101139202714E-004,
2.484133333333334E+009,-4.124333208892494E-004,-7.125651463866234E-004,-3.755558864213526E-004,-6.571986014023423E-004,
2.484166666666667E+009,-3.476489509921521E-004,-7.152215694077313E-004,-3.712896141223609E-004,-6.854022503830493E-004,
2.484200000000000E+009,-3.475791600067169E-004,-6.114133866503835E-004,-3.739955718629062E-004,-6.629446288570762E-004,
2.484233333333334E+009,-3.888832870870829E-004,-6.470558000728488E-004,-3.983076894655824E-004,-6.593572325073183E-004,
2.484266666666667E+009,-4.429785185493529E-004,-6.478512077592313E-004,-3.978237800765783E-004,-6.580883054994047E-004,
2.484300000000000E+009,-4.409303073771298E-004,-6.380176055245102E-004,-4.376679135020822E-004,-6.539844325743616E-004,
2.484333333333334E+009,-4.677195101976395E-004,-6.211035070009530E-004,-4.707067564595491E-004,-6.220708019100130E-004,
2.484366666666667E+009,-4.599672975018621E-004,-6.071698153391480E-004,-4.511937731876969E-004,-5.813785828649998E-004,
2.484400000000000E+009,-4.899328341707587E-004,-6.777285598218441E-004,-4.393853014335036E-004,-6.494160043075681E-004,
2.484433333333334E+009,-4.421863704919815E-004,-6.592741119675338E-004,-4.603025154210627E-004,-6.268139695748687E-004,
2.484466666666667E+009,-4.800136957783252E-004,-6.374433869495988E-004,-5.426715360954404E-004,-5.530765047296882E-004,
2.484500000000000E+009,-4.676727403420955E-004,-6.455500843003392E-004,-4.930336726829410E-004,-5.939397960901260E-004,
2.484533333333334E+009,-5.234075943008065E-004,-5.902591510675848E-004,-5.482860724441707E-004,-6.043621688149869E-004,
2.484566666666667E+009,-4.783689801115543E-004,-5.743768415413797E-004,-5.323885707184672E-004,-5.886551807634533E-004,
2.484600000000000E+009,-5.223825573921204E-004,-5.522667197510600E-004,-5.057077505625784E-004,-5.237386794760823E-004,
2.484633333333334E+009,-5.180303705856204E-004,-4.930506693199277E-004,-5.948910256847739E-004,-5.438410444185138E-004,
2.484666666666667E+009,-5.593099049292505E-004,-4.917939659208059E-004,-5.608192295767367E-004,-5.515465163625777E-004,
2.484700000000000E+009,-5.424605333246291E-004,-5.039072711952031E-004,-6.110874819569290E-004,-5.015101633034647E-004,
2.484733333333334E+009,-5.979209090583026E-004,-4.898310871794820E-004,-6.139134638942778E-004,-4.599472158588469E-004,
2.484766666666667E+009,-6.294522318057716E-004,-4.994448972865939E-004,-5.627569044008851E-004,-4.819254972971976E-004,
2.484800000000000E+009,-5.877082585357130E-004,-4.731862281914800E-004,-5.843623657710850E-004,-4.387010703794658E-004,
2.484833333333334E+009,-6.074561388231814E-004,-4.681577265728265E-004,-6.325205322355032E-004,-4.632775962818414E-004,
2.484866666666667E+009,-6.141297635622323E-004,-4.795419808942825E-004,-6.174259469844401E-004,-3.837643598672003E-004,
2.484900000000000E+009,-6.173387519083917E-004,-4.300572909414768E-004,-6.731080939061940E-004,-3.787828900385648E-004,
2.484933333333334E+009,-6.781190168112516E-004,-4.313081444706768E-004,-6.935133133083582E-004,-3.700217639561743E-004,
2.484966666666667E+009,-6.908086361363530E-004,-3.755437501240522E-004,-6.638985360041261E-004,-4.033525183331221E-004,
2.485000000000000E+009,-6.755417562089860E-004,-3.844295279122889E-004,-6.497242720797658E-004,-3.532297851052135E-004,
2.485033333333334E+009,-6.750401225872338E-004,-3.483447944745421E-004,-6.707554566673935E-004,-3.581943747121841E-004,
2.485066666666667E+009,-6.384372245520353E-004,-3.878805437125266E-004,-7.184944697655737E-004,-3.376831300556660E-004,
2.485100000000000E+009,-6.982941995374858E-004,-2.936225500889123E-004,-6.847000913694501E-004,-3.136256709694862E-004,
2.485133333333334E+009,-6.627491675317287E-004,-2.828178403433412E-004,-7.307103369385004E-004,-2.772121806629002E-004,
2.485166666666667E+009,-7.390626706182957E-004,-2.496665983926505E-004,-7.091098814271390E-004,-2.463557757437229E-004,
2.485200000000000E+009,-6.876934785395861E-004,-2.737111644819379E-004,-7.064364035613835E-004,-2.263118949485943E-004,
2.485233333333334E+009,-6.851172074675560E-004,-1.860390184447169E-004,-7.362685864791274E-004,-2.337224286748096E-004,
2.485266666666667E+009,-6.701478851027787E-004,-2.082112187054008E-004,-7.929466082714498E-004,-2.058985992334783E-004,
2.485300000000000E+009,-7.164948619902134E-004,-2.161447337130085E-004,-7.261977298185229E-004,-1.675878447713330E-004,
2.485333333333334E+009,-6.973236449994147E-004,-9.733689512358978E-005,-7.442214991897345E-004,-1.327870704699308E-004,
2.485366666666667E+009,-7.922745426185429E-004,-1.782457984518260E-004,-7.660393021069467E-004,-1.832342240959406E-004,
2.485400000000000E+009,-7.738686399534345E-004,-1.563027326483280E-004,-7.943929522298276E-004,-1.778853329597041E-004,
2.485433333333334E+009,-6.854425300844014E-004,-1.226381427841261E-004,-8.044659043662250E-004,-7.692920189583674E-005,
2.485466666666667E+009,-7.098531350493431E-004,-8.237316069426015E-005,-8.112445939332247E-004,-8.378321945201606E-005,
2.485500000000000E+009,-7.959271315485239E-004,-9.101159957936034E-005,-8.223755867220461E-004,-4.620824256562628E-005,
2.485533333333334E+009,-7.844028878025711E-004,-2.461668555042706E-005,-7.700905553065240E-004,-1.553507354401518E-005,
2.485566666666667E+009,-7.685129530727863E-004,4.389649802760687E-006,-7.901660283096135E-004,-1.782515028025955E-005,
2.485600000000000E+009,-7.515632896684110E-004,1.483171035943087E-005,-7.473972509615123E-004,1.992292527575046E-005,
2.485633333333334E+009,-7.902256329543889E-004,5.007191430195235E-005,-7.858347962610424E-004,4.196253576083109E-005,
2.485666666666667E+009,-8.156763506121934E-004,1.521795493317768E-004,-8.031607721932232E-004,9.144125215243548E-005,
2.485700000000000E+009,-8.113915682770312E-004,1.283265155507252E-004,-7.390868850052357E-004,2.028490998782218E-004,
2.485733333333334E+009,-7.863022619858384E-004,1.868322142399848E-004,-7.144662667997181E-004,1.921506045619026E-004,
2.485766666666667E+009,-7.191099575720727E-004,1.558679214213044E-004,-7.581729441881180E-004,2.040809195023030E-004,
2.485800000000000E+009,-7.565782871097326E-004,2.447648730594665E-004,-7.381636532954872E-004,2.264242648379877E-004,
2.485833333333334E+009,-7.538468926213682E-004,1.656614913372323E-004,-6.787413149140775E-004,2.173607499571517E-004,
2.485866666666667E+009,-7.300559664145112E-004,2.547309850342572E-004,-7.629008032381535E-004,1.953071623574942E-004,
2.485900000000000E+009,-7.858930039219558E-004,2.636672288645059E-004,-7.962525123730302E-004,2.492599014658481E-004,
2.485933333333334E+009,-7.447017123922706E-004,2.918200625572354E-004,-7.013769354671240E-004,2.925071457866579E-004,
2.485966666666667E+009,-7.533932803198695E-004,2.519501722417772E-004,-7.101207156665623E-004,3.096454893238843E-004,
2.486000000000000E+009,-7.201122352853417E-004,3.126396040897816E-004,-7.186706061474979E-004,2.675786090549082E-004,
2.486033333333334E+009,-7.476151804439724E-004,2.471189654897898E-004,-6.882619345560670E-004,3.315764188300818E-004,
2.486066666666667E+009,-7.614497444592416E-004,3.066599601879716E-004,-6.609107367694378E-004,3.375896776560694E-004,
2.486100000000000E+009,-7.703949231654406E-004,3.019681607838720E-004,-7.266208413057029E-004,3.047431237064302E-004,
2.486133333333334E+009,-7.414758438244462E-004,3.380240232218057E-004,-7.115984917618334E-004,3.631426079664379E-004,
2.486166666666667E+009,-7.210103794932365E-004,3.582568315323442E-004,-6.965931970626116E-004,3.686502168420702E-004,
2.486200000000000E+009,-6.440852303057909E-004,4.067020199727267E-004,-6.486354977823794E-004,3.971276746597141E-004,
2.486233333333334E+009,-7.029479602351785E-004,3.745074209291488E-004,-6.343364948406816E-004,4.246390890330076E-004,
2.486266666666667E+009,-6.649017450399697E-004,3.689014411065728E-004,-6.744063575752080E-004,4.117221978958696E-004,
2.486300000000000E+009,-6.138489115983248E-004,4.530629375949502E-004,-6.183212390169501E-004,4.012539866380394E-004,
2.486333333333334E+009,-6.001630681566894E-004,4.250222409609705E-004,-5.983432638458908E-004,4.667374596465379E-004,
2.486366666666667E+009,-6.140496116131544E-004,4.642647982109338E-004,-5.940606351941824E-004,4.047680995427072E-004,
2.486400000000000E+009,-5.994569510221481E-004,4.633164207916707E-004,-5.788013804703951E-004,4.728086350951344E-004,
2.486433333333334E+009,-5.971976788714528E-004,4.871757410001010E-004,-5.762888467870653E-004,4.361001774668694E-004,
2.486466666666667E+009,-5.780261126346886E-004,4.333392716944218E-004,-5.858907825313509E-004,4.770222294609994E-004,
2.486500000000000E+009,-5.355017492547631E-004,4.990817978978157E-004,-5.373606691136956E-004,4.932479932904244E-004,
2.486533333333334E+009,-5.249626701697707E-004,5.252247792668641E-004,-5.626334459520876E-004,5.024247802793980E-004,
2.486566666666667E+009,-5.332441651262343E-004,5.077036330476403E-004,-4.626598383765668E-004,5.609656800515950E-004,
2.486600000000000E+009,-4.789640079252422E-004,5.306177772581577E-004,-5.027288571000099E-004,5.405705887824297E-004,
2.486633333333334E+009,-5.265205400064588E-004,5.549573106691241E-004,-4.950600559823215E-004,5.886060534976423E-004,
2.486666666666667E+009,-4.534982144832611E-004,5.512709030881524E-004,-5.015604547224939E-004,5.742085049860179E-004,
2.486700000000000E+009,-4.944808315485716E-004,5.780713981948793E-004,-4.512894956860691E-004,5.929753533564508E-004,
2.486733333333334E+009,-4.059071943629533E-004,5.886787548661232E-004,-4.548784054350108E-004,6.004202296026051E-004,
2.486766666666667E+009,-4.613162309397012E-004,6.300688837654889E-004,-4.295154358260334E-004,5.885913269594312E-004,
2.486800000000000E+009,-3.549037210177630E-004,6.454385584220290E-004,-4.158355295658112E-004,6.510609528049827E-004,
2.486833333333334E+009,-4.158606461714953E-004,5.858849035575986E-004,-4.147799045313150E-004,6.399378762580454E-004,
2.486866666666667E+009,-3.666896081995219E-004,6.512729451060295E-004,-4.233849467709661E-004,6.465755868703127E-004,
2.486900000000000E+009,-2.816690539475530E-004,6.731753819622099E-004,-3.276374773122370E-004,6.733646150678396E-004,
2.486933333333334E+009,-3.606966056395322E-004,6.854739622212946E-004,-3.819242992904037E-004,6.716007483191788E-004,
2.486966666666667E+009,-3.271574969403446E-004,6.958419689908624E-004,-2.832401660270989E-004,6.907231290824711E-004,
2.487000000000000E+009,-3.040210867766291E-004,6.970727699808776E-004,-2.997035626322031E-004,7.159450324252248E-004,
2.487033333333334E+009,-2.607224741950631E-004,6.730645545758307E-004,-2.704252838157117E-004,6.615236634388566E-004,
2.487066666666667E+009,-2.689666871447116E-004,6.821801071055234E-004,-2.553254307713360E-004,7.487179245799780E-004,
2.487100000000000E+009,-2.814548206515610E-004,7.355628185905516E-004,-2.854419872164726E-004,6.910556112416089E-004,
2.487133333333334E+009,-1.777242578100413E-004,7.071812287904322E-004,-2.325565874343738E-004,7.228007307276130E-004,
2.487166666666667E+009,-2.134717069566250E-004,7.206312729977071E-004,-1.687879994278774E-004,7.778962608426809E-004,
2.487200000000000E+009,-1.901588111650199E-004,7.795027922838926E-004,-1.233681105077267E-004,7.777665741741657E-004,
2.487233333333334E+009,-1.102290552807972E-004,7.756047998555005E-004,-1.052223960869014E-004,7.197188097052276E-004,
2.487266666666667E+009,-3.632683001342230E-005,7.935755420476198E-004,-8.864606206770986E-005,7.980479858815670E-004,
2.487300000000000E+009,1.003317538561532E-005,7.349484367296100E-004,-6.643036613240838E-006,7.730233483016491E-004,
2.487333333333334E+009,-8.071785123320296E-005,7.628891034983099E-004,4.692048241849989E-005,7.039639749564230E-004,
2.487366666666667E+009,5.143214002600871E-005,7.123949471861124E-004,5.250503090792336E-005,7.373508997261524E-004,
2.487400000000000E+009,1.380007506668335E-005,7.596540963277221E-004,7.158815424190834E-005,7.521576480939984E-004,
2.487433333333334E+009,8.226189675042406E-005,7.845444488339126E-004,1.784321466402616E-005,6.474207038991153E-004,
2.487466666666667E+009,1.056374385370873E-004,7.275144453160465E-004,3.113578713964671E-005,7.544376421719790E-004,
2.487500000000000E+009,6.902629684191197E-005,8.013593032956123E-004,5.101476926938631E-005,7.839565514586866E-004,
2.487533333333334E+009,5.728235191782005E-005,7.781362510286272E-004,6.242723611649126E-005,7.335841073654592E-004,
2.487566666666667E+009,8.517000242136419E-005,7.861207122914493E-004,8.549561607651413E-005,7.327924249693751E-004,
2.487600000000000E+009,7.276250107679516E-005,7.647990132682025E-004,8.301703201141208E-005,7.436667219735682E-004,
2.487633333333334E+009,7.128814468160272E-005,7.649071048945189E-004,8.937446546042338E-005,7.466760580427945E-004,
2.487666666666667E+009,1.527215354144573E-004,7.759830332361162E-004,1.560529053676873E-004,7.579718367196620E-004,
2.487700000000000E+009,1.285996986553073E-004,7.523191743530333E-004,1.286767364945263E-004,7.451068959198892E-004,
2.487733333333334E+009,1.130355085479096E-004,6.877854466438294E-004,2.117515396093950E-004,7.112753228284419E-004,
2.487766666666667E+009,1.707672781776637E-004,7.264720625244081E-004,2.010123571380973E-004,7.256104727275670E-004,
2.487800000000000E+009,8.921068365452811E-005,7.280654972419143E-004,2.250425750389695E-004,7.211412303149700E-004,
2.487833333333334E+009,2.157324634026736E-004,7.563285762444139E-004,2.420899836579338E-004,7.310737273655832E-004,
2.487866666666667E+009,2.099333796650171E-004,6.974624120630324E-004,2.256687439512461E-004,6.958452868275344E-004,
2.487900000000000E+009,2.507835160940886E-004,6.709735025651753E-004,2.443038101773709E-004,6.590540870092809E-004,
2.487933333333334E+009,2.028986928053200E-004,6.575331790372729E-004,2.895770594477654E-004,6.770814070478082E-004,
2.487966666666667E+009,2.715865848585963E-004,6.744645652361214E-004,2.767475380096585E-004,6.823097355663776E-004,
2.488000000000000E+009,2.714474103413522E-004,7.386577781289816E-004,2.785444958135486E-004,6.511336541734636E-004,
2.488033333333334E+009,3.288489824626595E-004,6.235277396626771E-004,3.114215214736760E-004,6.888271891511977E-004,
2.488066666666667E+009,3.667814598884434E-004,6.558644818142057E-004,2.835595514625311E-004,5.723880021832883E-004,
2.488100000000000E+009,3.691228339448571E-004,6.092479452490807E-004,3.847431507892907E-004,6.709514418616891E-004,
2.488133333333334E+009,3.595748858060688E-004,6.163289071992040E-004,3.258550423197448E-004,6.348490132950246E-004,
2.488166666666667E+009,3.830724454019219E-004,6.102113984525204E-004,3.285340790171176E-004,6.434256792999804E-004,
2.488200000000000E+009,3.670520382001996E-004,6.229026475921273E-004,3.843496378976852E-004,6.202283548191190E-004,
2.488233333333334E+009,3.583449288271368E-004,5.859049269929528E-004,3.852703084703535E-004,5.514377262443304E-004,
2.488266666666667E+009,3.847541520372033E-004,5.420745001174510E-004,3.992600250057876E-004,5.733561119996011E-004,
2.488300000000000E+009,4.392703995108604E-004,6.318712839856744E-004,4.789773083757609E-004,5.151380901224911E-004,
2.488333333333334E+009,4.177512309979647E-004,5.526905879378319E-004,4.292368830647320E-004,5.281650228425860E-004,
2.488366666666667E+009,4.168022423982620E-004,5.330294952727854E-004,4.905606620013714E-004,5.591973313130438E-004,
2.488400000000000E+009,4.773697583004832E-004,5.039680982008576E-004,4.845893417950720E-004,4.536917840596288E-004,
2.488433333333334E+009,5.172301898710430E-004,5.570733919739723E-004,4.839035682380199E-004,4.997944342903793E-004,
2.488466666666667E+009,5.341788637451828E-004,4.644140426535159E-004,5.002976977266371E-004,4.844636714551598E-004,
2.488500000000000E+009,4.732978413812816E-004,5.151994409970939E-004,4.844919312745333E-004,4.554792540147901E-004,
2.488533333333334E+009,5.477880476973951E-004,4.633537610061467E-004,5.039119278080761E-004,5.074143409729004E-004,
2.488566666666667E+009,5.904402933083475E-004,4.282506415620446E-004,5.904298159293830E-004,4.617138183675706E-004,
2.488600000000000E+009,5.553971277549863E-004,4.179239913355559E-004,5.893627530895174E-004,4.443200014065951E-004,
2.488633333333334E+009,5.583275924436748E-004,4.140182281844318E-004,6.137284217402339E-004,4.469091072678566E-004,
2.488666666666667E+009,6.177814211696386E-004,4.067600239068270E-004,6.151453126221895E-004,4.051928117405623E-004,
2.488700000000000E+009,6.005263421684504E-004,3.959394525736570E-004,6.204438977874816E-004,3.389101766515523E-004,
2.488733333333334E+009,6.055618287064135E-004,3.128346870653331E-004,6.822074064984918E-004,4.403673228807747E-004,
2.488766666666667E+009,6.430050125345588E-004,3.418881969992071E-004,6.938491133041680E-004,3.091850085183978E-004,
2.488800000000000E+009,6.818291731178761E-004,2.700258919503540E-004,6.799930124543607E-004,2.364466345170513E-004,
2.488833333333334E+009,6.993606220930815E-004,2.483107673469931E-004,6.627605762332678E-004,2.646890061441809E-004,
2.488866666666667E+009,7.052174769341946E-004,2.286554081365466E-004,6.788236787542701E-004,1.829819811973721E-004,
2.488900000000000E+009,7.042943034321070E-004,1.689618657110259E-004,6.518757436424494E-004,1.587402075529099E-004,
2.488933333333334E+009,6.732850451953709E-004,1.127876530517824E-004,7.144190021790564E-004,1.860565098468214E-004,
2.488966666666667E+009,6.856990512460470E-004,1.080405781976879E-004,6.781316478736699E-004,1.526671549072489E-004,
2.489000000000000E+009,6.777447415515780E-004,8.152086957124993E-005,6.682523526251316E-004,1.648576435400173E-004,
2.489033333333334E+009,6.648258422501385E-004,1.325345801888034E-004,6.733234622515738E-004,1.281936129089445E-004,
2.489066666666667E+009,6.726869614794850E-004,1.158946033683606E-004,6.805900484323502E-004,9.074025729205459E-005,
2.489100000000000E+009,7.186715374700725E-004,5.780168794444762E-005,7.073105662129819E-004,9.857374243438244E-005,
2.489133333333334E+009,6.958003505133092E-004,2.873808807635214E-005,7.283028098754585E-004,1.743238972267136E-004,
2.489166666666667E+009,7.285285391844809E-004,7.756242848699912E-005,7.596249924972653E-004,7.899024785729125E-005,
2.489200000000000E+009,7.594916387461126E-004,1.147002549259923E-004,7.158808293752372E-004,4.600466854753904E-005,
2.489233333333334E+009,7.007038220763207E-004,7.920470670796931E-005,7.286586333066225E-004,1.850981607276481E-005,
2.489266666666667E+009,7.170042954385281E-004,2.606798443594016E-005,7.160842069424689E-004,4.981164238415659E-005,
2.489300000000000E+009,7.133996696211398E-004,9.669018254498951E-006,6.666824338026345E-004,4.013768193544820E-005,
2.489333333333334E+009,7.201672997325659E-004,1.291528860747349E-005,7.408050005324185E-004,-1.435210197087145E-005,
2.489366666666667E+009,6.857294938527048E-004,-2.225625939900056E-005,7.091853767633438E-004,-2.150160071323626E-005,
2.489400000000000E+009,6.484676268883050E-004,1.171471922134515E-005,7.095736800692976E-004,-3.440747605054639E-005,
2.489433333333334E+009,7.511070580221713E-004,-7.799848390277475E-005,6.515903514809907E-004,3.078372901654802E-005,
2.489466666666667E+009,6.151549750939012E-004,-1.437966275261715E-004,6.830483907833695E-004,-5.668923404300585E-005,
2.489500000000000E+009,7.168175652623177E-004,-1.174148928839713E-004,6.541439797729254E-004,-4.552383325062692E-005,
2.489533333333334E+009,6.567945238202810E-004,-5.859729935764335E-005,7.303984020836651E-004,-5.857554060639814E-005,
2.489566666666667E+009,6.247294368222356E-004,-1.019461560645141E-004,6.651869625784457E-004,-1.063189847627655E-004,
2.489600000000000E+009,6.476938724517822E-004,-1.273009693250060E-004,6.916189449839294E-004,-9.208545088768005E-005,
2.489633333333334E+009,6.414815434254706E-004,-1.146711874753237E-004,6.563852075487375E-004,-8.047632582020015E-005,
2.489666666666667E+009,6.949014496058226E-004,-1.517837517894805E-004,6.481801392510533E-004,-1.621087576495484E-004,
2.489700000000000E+009,6.315200589597225E-004,-1.556739298393950E-004,6.380971171893179E-004,-1.564364793011919E-004,
2.489733333333334E+009,6.394709344021976E-004,-1.907836413010955E-004,6.473328685387969E-004,-2.029294846579433E-004,
2.489766666666667E+009,6.184671074151993E-004,-1.934527681441978E-004,6.319821695797145E-004,-1.977435895241797E-004,
2.489800000000000E+009,5.582207813858986E-004,-2.571189252194017E-004,6.290480378083885E-004,-2.242253103759140E-004,
2.489833333333334E+009,6.140173063613474E-004,-2.211566315963864E-004,6.480785668827593E-004,-2.530457568354905E-004,
2.489866666666667E+009,5.953586660325527E-004,-2.975322422571480E-004,5.759565974585712E-004,-2.417624345980585E-004,
2.489900000000000E+009,5.981578724458814E-004,-2.647221845109016E-004,6.247317651286721E-004,-2.593584067653865E-004,
2.489933333333334E+009,6.055693374946713E-004,-2.842495450749993E-004,5.766365793533623E-004,-2.883915149141103E-004,
2.489966666666667E+009,5.797055200673640E-004,-3.582499921321869E-004,6.372333737090230E-004,-3.264545812271535E-004,
2.490000000000000E+009,5.699758185073733E-004,-3.169638221152127E-004,5.417995853349567E-004,-3.401750000193715E-004,
2.490033333333334E+009,5.494514480233192E-004,-3.382714348845184E-004,5.130934296175838E-004,-2.944831212516874E-004,
2.490066666666667E+009,5.165548063814640E-004,-3.846891631837934E-004,5.965281161479652E-004,-3.342065028846264E-004,
2.490100000000000E+009,4.821636539418250E-004,-4.028966359328479E-004,5.883421399630606E-004,-3.571444540284574E-004,
2.490133333333334E+009,5.629960214719176E-004,-3.792495117522776E-004,5.189504008740187E-004,-3.385604650247842E-004,
2.490166666666667E+009,5.590911023318768E-004,-3.568785614334047E-004,5.331709398888052E-004,-4.190317413304001E-004,
2.490200000000000E+009,5.109041230753064E-004,-4.204466531518847E-004,4.650730697903782E-004,-4.108497523702681E-004,
2.490233333333334E+009,5.101150600239635E-004,-4.616142250597477E-004,5.027939914725721E-004,-4.585752612911165E-004,
2.490266666666667E+009,4.183001292403787E-004,-4.511358565650880E-004,4.763196629937738E-004,-4.642658459488303E-004,
2.490300000000000E+009,4.381272301543504E-004,-4.654707445297390E-004,4.718893906101584E-004,-4.730841028504074E-004,
2.490333333333334E+009,4.531154118012637E-004,-5.517883109860122E-004,4.858394677285105E-004,-4.993053153157234E-004,
2.490366666666667E+009,4.030869749840349E-004,-5.132317310199142E-004,3.920150629710406E-004,-4.990052548237145E-004,
2.490400000000000E+009,3.755639481823891E-004,-5.773391458205879E-004,4.329465737100691E-004,-5.402583046816289E-004,
2.490433333333334E+009,3.170801210217178E-004,-5.313406581990421E-004,3.217254707124084E-004,-5.568914930336177E-004,
2.490466666666667E+009,3.322833217680454E-004,-5.864924169145525E-004,3.366369928698987E-004,-5.513128126040101E-004,
2.490500000000000E+009,3.146613016724587E-004,-5.615049740299583E-004,3.405176394153386E-004,-5.413717008195818E-004,
2.490533333333334E+009,3.169920528307557E-004,-5.013302434235811E-004,3.010325890500099E-004,-5.281068151816726E-004,
2.490566666666667E+009,2.982729638461024E-004,-5.306497332639992E-004,2.806264674291015E-004,-5.142170120961964E-004,
2.490600000000000E+009,3.158774634357542E-004,-5.523206782527268E-004,2.724926162045449E-004,-5.867920117452741E-004,
2.490633333333334E+009,2.508621837478131E-004,-5.885017453692854E-004,2.982361183967441E-004,-5.828595021739602E-004,
2.490666666666667E+009,1.896174799185246E-004,-5.913106142543256E-004,2.643893531057984E-004,-6.184140220284462E-004,
2.490700000000000E+009,2.285588125232607E-004,-6.274642073549330E-004,2.713437133934349E-004,-5.832680035382509E-004,
2.490733333333334E+009,2.443256671540439E-004,-5.916237132623792E-004,2.345309912925586E-004,-6.063694017939270E-004,
2.490766666666667E+009,2.323348599020392E-004,-5.585360340774059E-004,2.490122278686613E-004,-5.894069909118116E-004,
2.490800000000000E+009,2.541709982324392E-004,-6.292670150287449E-004,2.044768916675821E-004,-5.770869320258498E-004,
2.490833333333334E+009,1.886691607069224E-004,-5.995442043058574E-004,2.439097879687324E-004,-6.150291883386672E-004,
2.490866666666667E+009,2.315194287803024E-004,-6.014751852490008E-004,2.116231771651655E-004,-6.101109320297837E-004,
2.490900000000000E+009,1.756071433192119E-004,-6.160673801787198E-004,1.405512884957716E-004,-6.666402332484722E-004,
2.490933333333334E+009,1.698633132036775E-004,-6.066891364753246E-004,1.764091430231929E-004,-6.338261300697923E-004,
2.490966666666667E+009,2.012981130974367E-004,-6.435512914322317E-004,1.685054448898882E-004,-6.632751901634038E-004,
2.491000000000000E+009,1.748302165651694E-004,-5.910241161473095E-004,1.412224082741886E-004,-5.862523685209453E-004,
2.491033333333334E+009,1.476293109590188E-004,-6.229627761058509E-004,1.181090046884492E-004,-5.936701199971139E-004,
2.491066666666667E+009,1.119434164138511E-004,-6.263249088078737E-004,6.014314203639515E-005,-6.157786701805890E-004,
2.491100000000000E+009,7.960833318065852E-005,-6.044901674613357E-004,1.160050014732406E-004,-6.339918472804129E-004,
2.491133333333334E+009,1.068111378117465E-004,-6.338348612189293E-004,8.202880417229608E-005,-6.256278720684350E-004,
2.491166666666667E+009,3.168727198499255E-005,-6.536456057801843E-004,4.048876871820539E-005,-6.531422841362655E-004,
2.491200000000000E+009,2.584876892797183E-005,-6.234509637579322E-004,6.222351657925174E-005,-6.243354873731732E-004,
2.491233333333334E+009,4.546492618828779E-006,-5.804203683510423E-004,9.520151252218057E-006,-5.748976254835725E-004,
2.491266666666667E+009,3.923119948012754E-005,-6.037917337380350E-004,-1.487206372985384E-005,-6.301995017565787E-004,
2.491300000000000E+009,-4.991208243154688E-006,-6.414014496840537E-004,2.609217153803911E-005,-6.102582556195557E-004,
2.491333333333334E+009,-5.922998388996348E-005,-5.852759350091219E-004,-6.771845073672012E-005,-5.960908601991832E-004,
2.491366666666667E+009,-6.758229574188590E-005,-6.257077329792082E-004,-1.201476334244944E-004,-6.019980064593256E-004,
2.491400000000000E+009,-4.337691643740982E-005,-6.114480202086270E-004,-5.518837861018255E-005,-5.798529018647969E-004,
2.491433333333334E+009,-5.090481863589957E-005,-6.059933803044260E-004,-5.121585127199069E-005,-5.679017049260438E-004,
2.491466666666667E+009,-5.920953844906762E-005,-6.170911947265267E-004,-9.028695058077574E-005,-5.749656702391803E-004,
2.491500000000000E+009,-1.071902734111063E-004,-6.025542388670147E-004,-6.469822255894542E-005,-6.225392571650446E-004,
2.491533333333334E+009,-1.438789768144488E-004,-6.020947475917637E-004,-1.172133997897618E-004,-5.769342533312738E-004,
2.491566666666667E+009,-1.129462543758564E-004,-5.720820627175272E-004,-1.553112670080736E-004,-5.620744777843356E-004,
2.491600000000000E+009,-2.238079323433340E-004,-5.354366730898619E-004,-1.976366038434207E-004,-5.765943787992001E-004,
2.491633333333334E+009,-1.833494898164645E-004,-6.022604065947235E-004,-2.469177998136729E-004,-5.370706785470247E-004,
2.491666666666667E+009,-2.028244780376554E-004,-5.392103339545429E-004,-1.666518364800140E-004,-5.999892600812018E-004,
2.491700000000000E+009,-1.964229304576293E-004,-5.446083960123360E-004,-2.022956905420870E-004,-5.489050527103245E-004,
2.491733333333334E+009,-2.456138317938894E-004,-6.089628441259265E-004,-2.452835324220359E-004,-5.114051746204495E-004,
2.491766666666667E+009,-2.548096235841513E-004,-5.783975939266384E-004,-2.848812146112323E-004,-5.689348909072578E-004,
2.491800000000000E+009,-2.643197949510068E-004,-5.194853292778134E-004,-2.862793626263738E-004,-5.154095706529915E-004,
2.491833333333334E+009,-2.434156194794923E-004,-5.292370915412903E-004,-2.625762135721743E-004,-5.565554019995034E-004,
2.491866666666667E+009,-2.676373696886003E-004,-4.787353973370045E-004,-3.288332954980433E-004,-5.115431267768145E-004,
2.491900000000000E+009,-3.236961201764643E-004,-5.370163707993925E-004,-2.872689801733941E-004,-5.273952847346664E-004,
2.491933333333334E+009,-3.828186600003392E-004,-4.880618944298476E-004,-3.456204722169787E-004,-4.736247356049717E-004,
2.491966666666667E+009,-3.957991721108556E-004,-4.534832842182368E-004,-3.691269375849515E-004,-4.497579939197749E-004,
2.492000000000000E+009,-3.953957930207253E-004,-4.432180430740118E-004,-4.188653547316790E-004,-4.205626901239157E-004,
2.492033333333334E+009,-4.163774719927460E-004,-4.369567905087024E-004,-3.937371948268265E-004,-3.895457193721086E-004,
2.492066666666667E+009,-4.019398184027523E-004,-3.026304184459150E-004,-4.178161034360528E-004,-3.785286389756948E-004,
2.492100000000000E+009,-4.013412399217486E-004,-2.987121115438640E-004,-4.123165563214570E-004,-3.751409822143614E-004,
2.492133333333334E+009,-4.118798242416233E-004,-3.112111298833042E-004,-3.971260157413781E-004,-3.566266968846321E-004,
2.492166666666667E+009,-3.860909491777420E-004,-3.125437651760876E-004,-4.207610618323088E-004,-3.585295635275543E-004,
2.492200000000000E+009,-4.375386633910239E-004,-2.896033111028373E-004,-4.650088958442211E-004,-3.908043436240405E-004,
2.492233333333334E+009,-4.260734131094068E-004,-3.409096971154213E-004,-4.405562649480999E-004,-3.954574058298022E-004,
2.492266666666667E+009,-4.575938801281154E-004,-3.274955670349300E-004,-4.347978392615914E-004,-3.502856416162103E-004,
2.492300000000000E+009,-4.325162444729358E-004,-3.418560081627220E-004,-4.896268364973366E-004,-3.726968134287745E-004,
2.492333333333334E+009,-4.993306938558817E-004,-3.573586000129581E-004,-4.697809636127204E-004,-3.307344159111381E-004,
2.492366666666667E+009,-5.074291257187724E-004,-2.905506989918649E-004,-4.859165637753904E-004,-3.172592550981790E-004,
2.492400000000000E+009,-4.831498372368515E-004,-3.742433036677539E-004,-5.003511323593557E-004,-3.208632988389581E-004,
2.492433333333334E+009,-4.484156379476190E-004,-3.153062716592103E-004,-4.889075062237680E-004,-2.800315851345658E-004,
2.492466666666667E+009,-4.822210757993162E-004,-2.917048113886267E-004,-4.336154670454562E-004,-3.073555417358875E-004,
2.492500000000000E+009,-5.153032834641635E-004,-3.113693092018366E-004,-5.215355777181685E-004,-2.484822471160442E-004,
2.492533333333334E+009,-4.476303292904049E-004,-2.469553728587925E-004,-4.971064627170563E-004,-2.641795726958662E-004,
2.492566666666667E+009,-5.296546733006835E-004,-2.701084013096988E-004,-4.961790982633829E-004,-2.684869687072933E-004,
2.492600000000000E+009,-4.928101552650333E-004,-2.457018999848515E-004,-5.185704794712365E-004,-2.511648926883936E-004,
2.492633333333334E+009,-4.544092225842178E-004,-2.406131534371525E-004,-5.409259465523064E-004,-1.844929647631943E-004,
2.492666666666667E+009,-5.404808325693011E-004,-2.492112689651549E-004,-5.719132605008781E-004,-2.361855731578544E-004,
2.492700000000000E+009,-5.451941397041082E-004,-1.791776885511354E-004,-5.374501924961805E-004,-1.806036016205326E-004,
2.492733333333334E+009,-5.499020917341113E-004,-2.346047549508512E-004,-4.783929907716811E-004,-1.959899818757549E-004,
2.492766666666667E+009,-5.154823302291334E-004,-2.133493107976392E-004,-5.298582254908979E-004,-1.497315824963152E-004,
2.492800000000000E+009,-5.277072195895016E-004,-1.785800996003673E-004,-4.997071227990091E-004,-1.907088735606521E-004,
2.492833333333334E+009,-5.221246392466128E-004,-1.025403398671188E-004,-5.459985695779324E-004,-1.553911424707621E-004,
2.492866666666667E+009,-4.993162001483142E-004,-1.177103185909800E-004,-5.000512464903295E-004,-1.631294580874965E-004,
2.492900000000000E+009,-5.111454520374537E-004,-1.608091115485877E-004,-4.800290334969759E-004,-1.367691147606820E-004,
2.492933333333334E+009,-5.087781464681029E-004,-1.325037155766040E-004,-5.491167539730668E-004,-1.016402093227953E-004,
2.492966666666667E+009,-5.213973345234990E-004,-4.285293471184559E-005,-4.957797937095165E-004,-1.284468016820028E-004,
2.493000000000000E+009,-5.479913088493049E-004,-8.808675920590758E-005,-5.003482219763100E-004,-1.005683807306923E-004,
2.493033333333334E+009,-5.480879917740822E-004,-5.894398782402277E-006,-4.959674552083015E-004,-1.138716324931011E-004,
2.493066666666667E+009,-5.416441126726568E-004,-7.978650683071464E-005,-5.538600962609053E-004,-6.588070391444489E-006,
2.493100000000000E+009,-5.262049962766469E-004,-7.419767644023523E-005,-5.650903331115842E-004,-1.635112312214915E-005,
2.493133333333334E+009,-5.469091702252626E-004,-1.276238617720082E-005,-4.987532738596201E-004,-5.266831067274325E-005,
2.493166666666667E+009,-5.224504275247455E-004,-2.326365574845113E-005,-5.428651929832995E-004,-2.108654916810338E-005,
2.493200000000000E+009,-5.288217798806727E-004,2.223500268883072E-005,-5.343978991732001E-004,3.131268385914154E-005,
2.493233333333334E+009,-5.613262183032930E-004,3.437003761064261E-005,-5.787035916000605E-004,-2.353348463657312E-005,
2.493266666666667E+009,-5.448936135508120E-004,-3.194489545421675E-005,-4.807464720215648E-004,5.944877557340078E-005,
2.493300000000000E+009,-5.451028118841350E-004,6.155514711281285E-005,-4.986315616406500E-004,7.880419434513897E-005,
2.493333333333334E+009,-5.292637506499887E-004,1.217206518049352E-004,-5.309310508891940E-004,1.189828326459974E-004,
2.493366666666667E+009,-5.198124563321471E-004,4.747902494273149E-005,-5.568659398704767E-004,6.144884537206963E-005,
2.493400000000000E+009,-5.428090225905180E-004,1.498876663390547E-004,-5.830186419188976E-004,8.590379729866982E-005,
2.493433333333334E+009,-4.921131185255945E-004,9.903671161737293E-005,-5.141330184414983E-004,1.071746664820239E-004,
2.493466666666667E+009,-5.587085615843535E-004,1.979106164071709E-004,-4.735542752314359E-004,1.383797789458185E-004,
2.493500000000000E+009,-5.085795419290662E-004,2.124671736964956E-004,-5.339602939784527E-004,1.922330411616713E-004,
2.493533333333334E+009,-4.907753900624812E-004,1.461378124076873E-004,-4.390161484479904E-004,1.741036394378170E-004,
2.493566666666667E+009,-4.697434778790921E-004,2.054124197456986E-004,-4.601982363965362E-004,2.085615851683542E-004,
2.493600000000000E+009,-4.635155200958252E-004,2.914620563387871E-004,-4.736505215987563E-004,2.421122335363179E-004,
2.493633333333334E+009,-4.556070198304951E-004,2.693989081308246E-004,-3.484094631858170E-004,2.533732913434506E-004,
2.493666666666667E+009,-4.052676376886666E-004,2.813419268932194E-004,-4.288463969714940E-004,2.032101328950375E-004,
2.493700000000000E+009,-3.406443283893168E-004,2.052759664366022E-004,-4.965213011018932E-004,2.627974026836455E-004,
2.493733333333334E+009,-3.403849841561168E-004,2.845000417437404E-004,-3.565780352801085E-004,2.384126710239798E-004,
2.493766666666667E+009,-4.258235276211053E-004,2.849388984031975E-004,-4.256656102370471E-004,2.978856500703841E-004,
2.493800000000000E+009,-4.017749160993844E-004,2.372458402533084E-004,-4.099026555195451E-004,3.043318283744156E-004,
2.493833333333334E+009,-4.061876097694039E-004,3.090400714427233E-004,-4.186638398095965E-004,3.027286147698760E-004,
2.493866666666667E+009,-3.928310761693865E-004,3.018869902007282E-004,-4.197072121314704E-004,3.416906984057277E-004,
2.493900000000000E+009,-3.912026004400104E-004,3.265226259827614E-004,-3.987959935329855E-004,3.132336423732340E-004,
2.493933333333334E+009,-4.116012132726610E-004,3.367324243299663E-004,-4.219385155010968E-004,3.160291817039251E-004,
2.493966666666667E+009,-3.673757310025394E-004,3.114983555860817E-004,-4.035524034406990E-004,3.016918199136853E-004,
2.494000000000000E+009,-4.018377512693405E-004,2.770276332739741E-004,-3.890522930305451E-004,3.638038178905845E-004,
2.494033333333334E+009,-4.368839436210692E-004,3.528306551743299E-004,-3.437721170485020E-004,3.467420174274594E-004,
2.494066666666667E+009,-3.711756435222924E-004,3.634287568274885E-004,-4.191416082903743E-004,3.321683034300804E-004,
2.494100000000000E+009,-3.829133929684758E-004,3.550392575562000E-004,-3.933737752959132E-004,3.491459065116942E-004,
2.494133333333334E+009,-3.110823745373637E-004,3.454475372564048E-004,-3.910445666406304E-004,3.483168839011341E-004,
2.494166666666667E+009,-3.552229609340429E-004,3.631856234278530E-004,-3.314331406727433E-004,3.195307508576661E-004,
2.494200000000000E+009,-3.281531680840999E-004,3.217209887225181E-004,-3.313236229587346E-004,3.957055159844458E-004,
2.494233333333334E+009,-3.417559491936117E-004,3.612510627135634E-004,-3.130357654299587E-004,3.493636031635106E-004,
2.494266666666667E+009,-3.162804641760886E-004,3.986844094470143E-004,-3.042601165361702E-004,3.765319124795497E-004,
2.494300000000000E+009,-3.435164398979396E-004,4.107688437215984E-004,-2.575592370703816E-004,3.324538993183523E-004,
2.494333333333334E+009,-2.725227968767285E-004,3.529392124619335E-004,-3.069221565965563E-004,3.825437452178448E-004,
2.494366666666667E+009,-3.266482672188431E-004,4.599332751240581E-004,-2.907532616518438E-004,3.910381346940994E-004,
2.494400000000000E+009,-2.637009602040052E-004,3.807035100180656E-004,-3.018098650500178E-004,3.930376551579684E-004,
2.494433333333334E+009,-2.852306934073567E-004,4.375608696136624E-004,-2.512243809178472E-004,3.837230324279517E-004,
2.494466666666667E+009,-1.796004653442651E-004,4.241028800606728E-004,-2.518846013117582E-004,4.071539733558893E-004,
2.494500000000000E+009,-2.128619817085564E-004,3.974556748289615E-004,-2.529901976231486E-004,3.887559287250042E-004,
2.494533333333334E+009,-2.032523334491998E-004,3.555270377546549E-004,-2.354877069592476E-004,4.257341206539422E-004,
2.494566666666667E+009,-2.532213984522969E-004,4.536413180176169E-004,-2.366860135225579E-004,4.197988891974092E-004,
2.494600000000000E+009,-1.633920910535380E-004,3.850453358609229E-004,-1.851525157690048E-004,4.126361163798720E-004,
2.494633333333334E+009,-2.122339210473001E-004,4.787589423358440E-004,-1.489343994762749E-004,4.448491672519594E-004,
2.494666666666667E+009,-1.510570873506367E-004,4.455325833987445E-004,-2.108942135237157E-004,4.556005878839642E-004,
2.494700000000000E+009,-1.567156432429329E-004,4.697072727140039E-004,-1.187693560495973E-004,4.517536144703627E-004,
2.494733333333334E+009,-1.313692046096548E-004,4.449541738722473E-004,-1.669574558036402E-004,4.077160847373307E-004,
2.494766666666667E+009,-1.425582304364070E-004,4.250367637723684E-004,-7.689660560572520E-005,4.407972737681121E-004,
2.494800000000000E+009,-1.199316466227174E-004,4.195414949208498E-004,-1.119502558140084E-004,4.400987236294895E-004,
2.494833333333334E+009,-1.600532850716263E-004,4.061593208462000E-004,-8.955797966336832E-005,4.608930612448603E-004,
2.494866666666667E+009,-3.987010859418660E-005,4.752049280796200E-004,-1.130030141212046E-004,5.294045549817383E-004,
2.494900000000000E+009,-6.022606248734519E-005,4.863147914875299E-004,-9.442496229894459E-005,4.822163027711213E-004,
2.494933333333334E+009,-1.844333201006521E-005,4.766148340422660E-004,-6.691574526485056E-005,4.624117864295840E-004,
2.494966666666667E+009,-2.512868013582192E-005,4.546458367258310E-004,-5.013558984501287E-005,4.983476828783751E-004,
2.495000000000000E+009,-2.894490899052471E-005,4.568488220684230E-004,-2.406638031970942E-006,4.637519596144557E-004,
2.495033333333334E+009,1.267146035388578E-005,4.789743688888848E-004,-8.152616828738246E-006,4.657491808757186E-004,
2.495066666666667E+009,-2.193584259657655E-005,4.911542637273669E-004,2.154333196813241E-005,4.594429628923535E-004,
2.495100000000000E+009,1.855317896115594E-005,4.950587754137814E-004,4.071102921443526E-006,4.517554189078510E-004,
2.495133333333334E+009,2.614245204313193E-005,4.170322208665311E-004,7.634587382199243E-005,3.727638104464859E-004,
2.495166666666667E+009,6.943241169210523E-005,4.523014940787107E-004,8.312289719469845E-005,4.374158743303269E-004,
2.495200000000000E+009,8.183286990970373E-005,3.783619031310082E-004,1.083737879525870E-004,3.547621017787606E-004,
2.495233333333334E+009,8.218706352636218E-005,3.401802678126842E-004,8.095588418655098E-005,3.679271321743727E-004,
2.495266666666667E+009,7.512283627875149E-005,3.721237590070814E-004,5.973589941277169E-005,3.471985983196646E-004,
2.495300000000000E+009,9.467882773606107E-005,3.457995189819485E-004,1.056387991411611E-004,4.082296218257397E-004,
2.495333333333334E+009,1.374440325889736E-004,4.083074163645506E-004,1.360841706627980E-004,3.925756609532982E-004,
2.495366666666667E+009,1.215978336404078E-004,3.591645509004593E-004,1.696052931947634E-004,3.427927731536329E-004,
2.495400000000000E+009,2.254539140267298E-004,4.287024203222245E-004,1.830468681873754E-004,3.880072326865047E-004,
2.495433333333334E+009,1.603526325197890E-004,3.900378360413015E-004,1.055094180628657E-004,4.277968546375632E-004,
2.495466666666667E+009,1.641833950998262E-004,4.154836060479283E-004,2.077027020277455E-004,4.171450564172119E-004,
2.495500000000000E+009,1.929131976794452E-004,4.326977941673249E-004,1.279314310522750E-004,3.812795912381262E-004,
2.495533333333334E+009,1.955658372025937E-004,4.012311401311308E-004,1.752352691255510E-004,3.881073789671063E-004,
2.495566666666667E+009,1.996543287532404E-004,3.622470248956233E-004,1.640300033614039E-004,3.450964286457747E-004,
2.495600000000000E+009,2.229409437859431E-004,4.080004582647234E-004,1.695467508397996E-004,3.644228563643992E-004,
2.495633333333334E+009,1.740126899676397E-004,3.455576079431921E-004,1.792675320757553E-004,4.161834076512605E-004,
2.495666666666667E+009,1.808426750358194E-004,3.562134224921465E-004,1.681883441051468E-004,3.927969955839217E-004,
2.495700000000000E+009,2.736304013524205E-004,3.955115971621126E-004,2.326494286535308E-004,3.532500122673810E-004,
2.495733333333334E+009,2.433973131701350E-004,3.829023335129023E-004,1.890048879431561E-004,3.346773446537554E-004,
2.495766666666667E+009,2.051020419457927E-004,3.859696444123983E-004,2.041048428509384E-004,2.705064252950251E-004,
2.495800000000000E+009,1.972537575056776E-004,3.764278080780059E-004,2.360899379709736E-004,3.184757661074400E-004,
2.495833333333334E+009,2.371314913034439E-004,3.735305508598685E-004,2.312905417056754E-004,3.157949540764093E-004,
2.495866666666667E+009,2.645472995936871E-004,3.862986632157117E-004,2.244541974505410E-004,3.504969936329871E-004,
2.495900000000000E+009,2.643431944306940E-004,3.258907818235457E-004,2.658885787241161E-004,3.407828044146299E-004,
2.495933333333334E+009,2.561741857789457E-004,3.216706681996584E-004,2.827588177751750E-004,3.202080552000552E-004,
2.495966666666667E+009,3.158671897836030E-004,3.912163665518165E-004,2.682469785213471E-004,3.520283207762986E-004,
2.496000000000000E+009,2.772920415736735E-004,3.061974712181836E-004,2.707539242692292E-004,3.601577191147953E-004,
2.496033333333334E+009,2.996401162818074E-004,2.974263043142855E-004,2.744278172031045E-004,3.377233224455267E-004,
2.496066666666667E+009,3.207638510502875E-004,3.131553239654750E-004,2.739958290476352E-004,2.533108054194599E-004,
2.496100000000000E+009,2.687116211745888E-004,2.802117378450930E-004,2.938367542810738E-004,2.528399345465004E-004,
2.496133333333334E+009,3.392171929590404E-004,2.721810888033360E-004,2.754080051090568E-004,3.120667824987322E-004,
2.496166666666667E+009,2.810865407809615E-004,2.889864263124764E-004,2.771064173430204E-004,2.757970069069415E-004,
2.496200000000000E+009,3.834521339740604E-004,2.525720628909767E-004,2.859004016499966E-004,3.096714499406517E-004,
2.496233333333334E+009,2.967361651826650E-004,2.159668947570026E-004,3.270342422183603E-004,2.395728806732222E-004,
2.496266666666667E+009,3.560934565030038E-004,1.943053939612582E-004,3.174948506057262E-004,2.272638375870884E-004,
2.496300000000000E+009,3.399039560463280E-004,2.130002394551411E-004,3.167004324495792E-004,2.162989985663444E-004,
2.496333333333334E+009,2.978122211061418E-004,2.165250771213323E-004,3.288830630481243E-004,1.470137212891132E-004,
2.496366666666667E+009,3.156611637677997E-004,1.990161545109004E-004,3.522643528413028E-004,2.206120116170496E-004,
2.496400000000000E+009,3.428745549172163E-004,2.259777102153748E-004,3.439570427872241E-004,1.793435803847387E-004,
2.496433333333334E+009,3.459450381342322E-004,1.643591967877001E-004,3.328298043925315E-004,1.330192026216537E-004,
2.496466666666667E+009,3.397101536393166E-004,2.301476051798090E-004,3.978351887781173E-004,1.417479797964916E-004,
2.496500000000000E+009,3.410418867133558E-004,1.778578443918377E-004,3.773842472583056E-004,1.541432575322688E-004,
2.496533333333334E+009,3.699256049003452E-004,1.473699812777340E-004,3.126495284959674E-004,1.327837671851739E-004,
2.496566666666667E+009,3.761946863960475E-004,1.314004039159045E-004,3.586285747587681E-004,2.128712367266417E-004,
2.496600000000000E+009,3.634386812336743E-004,1.149200179497711E-004,3.704985138028860E-004,1.299193681916222E-004,
2.496633333333334E+009,3.474004915915430E-004,1.765498309396207E-004,3.747626033145934E-004,1.223477738676593E-004,
2.496666666666667E+009,3.559805627446622E-004,8.205373160308227E-005,3.642745432443917E-004,1.423666544724256E-004,
2.496700000000000E+009,3.889655927196145E-004,6.250976002775133E-005,3.339856921229512E-004,9.610607230570167E-005,
2.496733333333334E+009,3.862112644128501E-004,4.384602289064787E-005,3.492695686873049E-004,1.289456668018829E-005,
2.496766666666667E+009,3.370354825165123E-004,-4.064241147716530E-005,3.422045847401023E-004,8.468270607409068E-006,
2.496800000000000E+009,2.714546571951360E-004,-2.224179297627416E-005,3.219322243239731E-004,4.799666385224555E-006,
2.496833333333334E+009,2.983112353831530E-004,5.652464460581541E-005,3.323266573715955E-004,5.569183485931717E-005,
2.496866666666667E+009,3.159128827974200E-004,3.654393731267192E-005,3.307559818495065E-004,-1.697755033092108E-005,
2.496900000000000E+009,3.827023901976645E-004,1.820254874473903E-005,2.568251220509410E-004,3.500631646602415E-005,
2.496933333333334E+009,3.168432740494609E-004,-2.430005042697303E-005,3.936252905987203E-004,2.620804116304498E-005,
2.496966666666667E+009,2.953639777842909E-004,1.307095590163954E-005,3.485527413431555E-004,-8.897051884559915E-006,
2.497000000000000E+009,3.385827294550836E-004,5.646311910822988E-005,3.739459207281470E-004,-4.361578703537816E-006,
2.497033333333334E+009,3.231597365811467E-004,3.932288382202387E-005,3.216911864001304E-004,1.067798621079419E-005,
2.497066666666667E+009,3.895594272762537E-004,8.806110599834938E-006,3.493696858640760E-004,-2.013473385886755E-005,
2.497100000000000E+009,2.896772930398583E-004,-8.855722262524068E-005,3.782634157687426E-004,-3.495411510812119E-005,
2.497133333333334E+009,3.612047003116459E-004,-2.354954631300643E-005,3.727176517713815E-004,-2.103553561028093E-005,
2.497166666666667E+009,3.794736112467945E-004,-1.505828777226270E-006,3.578858741093427E-004,2.117571966664400E-005,
2.497200000000000E+009,2.929763286374509E-004,-6.228275742614642E-005,3.449881915003061E-004,-6.564473005710170E-005,
2.497233333333334E+009,3.385621821507812E-004,-9.149298421107233E-005,3.067045472562313E-004,-3.746938818949275E-005,
2.497266666666667E+009,3.097871667705476E-004,-2.110312561853789E-005,3.447876079007983E-004,-8.937413076637313E-005,
2.497300000000000E+009,3.755218349397183E-004,-5.229148155194707E-005,3.525324864313006E-004,-1.033261651173234E-004,
2.497333333333334E+009,3.471678064670414E-004,-4.801537579623982E-005,3.072959952987731E-004,-5.519588012248278E-005,
2.497366666666667E+009,3.213442687410861E-004,-5.097327812109143E-005,3.443640307523310E-004,-6.082879554014653E-005,
2.497400000000000E+009,3.078910813201219E-004,-9.475056140217930E-005,3.033787070307881E-004,-5.800025974167511E-005,
2.497433333333334E+009,3.116465813945979E-004,-7.684875163249672E-005,3.141419438179582E-004,-7.381478644674644E-005,
2.497466666666667E+009,3.638268390204758E-004,-8.416592754656449E-005,3.048045618925244E-004,-9.621684876037762E-005,
2.497500000000000E+009,3.041340678464621E-004,-8.011585305212066E-005,3.356525558046997E-004,-8.078573591774330E-005,
2.497533333333334E+009,2.876337384805083E-004,-7.976080087246373E-005,2.848438161890954E-004,-1.005231679300778E-004,
2.497566666666667E+009,2.522277645766735E-004,-8.169381908373907E-005,3.212051524315029E-004,-1.265074970433489E-004,
2.497600000000000E+009,2.748408878687769E-004,-1.512342860223725E-004,3.108782402705401E-004,-1.766190398484469E-004,
2.497633333333334E+009,2.761741343419999E-004,-1.815750147216022E-004,3.067770448978990E-004,-8.575975516578183E-005,
2.497666666666667E+009,3.055391716770828E-004,-1.296318805543706E-004,2.386717242188752E-004,-1.479233324062079E-004,
2.497700000000000E+009,2.768667764030397E-004,-1.240229757968336E-004,3.081439062952995E-004,-1.442261273041368E-004,
2.497733333333334E+009,2.954073424916714E-004,-1.573977351654321E-004,2.830248558893800E-004,-1.341875031357631E-004,
2.497766666666667E+009,2.997423580382019E-004,-1.488462294219062E-004,3.185234672855586E-004,-1.747821661410853E-004,
2.497800000000000E+009,2.804247778840363E-004,-1.537383359391242E-004,3.098363231401891E-004,-1.743294560583308E-004,
2.497833333333334E+009,2.847437863238156E-004,-2.112647780450061E-004,2.506526652723551E-004,-1.476870238548145E-004,
2.497866666666667E+009,3.251179296057671E-004,-1.687041803961620E-004,2.739928895607591E-004,-1.934177416842431E-004,
2.497900000000000E+009,3.087512159254402E-004,-1.910636201500893E-004,2.839713415596634E-004,-1.957415661308914E-004,
2.497933333333334E+009,2.415849885437638E-004,-2.198133297497407E-004,2.466213190928102E-004,-1.712566445348784E-004,
2.497966666666667E+009,2.620465820655227E-004,-1.898466289276257E-004,2.285494992975146E-004,-1.718075218377635E-004,
2.498000000000000E+009,2.513698418624699E-004,-2.158263523597270E-004,2.559666172601283E-004,-1.796187425497919E-004,
2.498033333333334E+009,2.536048414185643E-004,-2.379933139309287E-004,2.157026610802859E-004,-2.039820246864110E-004,
2.498066666666667E+009,1.832437119446695E-004,-1.423141511622816E-004,2.084614243358374E-004,-1.921543589560315E-004,
2.498100000000000E+009,2.370557340327650E-004,-1.708284689811990E-004,2.134091337211430E-004,-2.589695213828236E-004,
2.498133333333334E+009,1.872900757007301E-004,-2.230594109278172E-004,1.978758664336056E-004,-2.130476641468704E-004,
2.498166666666667E+009,2.126691833836958E-004,-2.149307983927429E-004,1.978734362637624E-004,-1.980858214665204E-004,
2.498200000000000E+009,1.251870271516964E-004,-2.346293622395024E-004,1.555726048536599E-004,-2.444575366098434E-004,
2.498233333333334E+009,2.125851024175063E-004,-2.736395981628448E-004,1.816216099541634E-004,-2.163533499697223E-004,
2.498266666666667E+009,1.478212070651352E-004,-2.604600740596652E-004,1.491428993176669E-004,-2.556834660936147E-004,
2.498300000000000E+009,1.008143954095431E-004,-2.438773371977732E-004,1.342784817097709E-004,-2.616453566588461E-004,
2.498333333333334E+009,1.279929711017758E-004,-2.276754385093227E-004,1.150634343503043E-004,-1.853560679592192E-004,
2.498366666666667E+009,1.163025881396607E-004,-2.116528776241466E-004,8.746985258767381E-005,-2.193752588937059E-004,
2.498400000000000E+009,8.971356874099001E-005,-2.023883862420917E-004,1.346543431282044E-004,-2.700299664866179E-004,
2.498433333333334E+009,5.899234747630544E-005,-1.894496526801959E-004,1.245290623046458E-004,-1.306116464547813E-004,
2.498466666666667E+009,7.139235094655305E-005,-1.919849601108581E-004,8.344207890331745E-005,-2.694257418625057E-004,
2.498500000000000E+009,1.355368440272287E-004,-2.389486617175862E-004,9.236844198312610E-005,-2.330634160898626E-004,
2.498533333333334E+009,7.688477489864454E-005,-2.452776243444532E-004,6.193573790369555E-005,-2.345864631934091E-004,
2.498566666666667E+009,6.195603054948151E-005,-2.307902323082089E-004,8.613715181127191E-005,-2.029411116382107E-004,
2.498600000000000E+009,9.960572788259015E-005,-2.603161847218871E-004,1.243840233655646E-004,-2.379349898546934E-004,
2.498633333333334E+009,5.605079786619172E-005,-2.670407120604068E-004,8.159065328072757E-005,-2.632931864354760E-004,
2.498666666666667E+009,2.508020588720683E-005,-2.763575757853687E-004,1.110888842958957E-004,-2.567530027590692E-004,
2.498700000000000E+009,7.046054088277742E-005,-2.713835274334997E-004,8.153922681231052E-005,-2.657788863871247E-004,
2.498733333333334E+009,5.622119715553708E-005,-2.233859559055418E-004,8.329585398314521E-005,-2.683983475435525E-004,
2.498766666666667E+009,8.776680624578148E-005,-2.606044290587306E-004,9.381266136188060E-005,-2.175132976844907E-004,
2.498800000000000E+009,6.952980038477108E-005,-2.144309255527332E-004,5.982958828099072E-005,-2.405605337116867E-004,
2.498833333333334E+009,1.016054156934843E-004,-3.174894372932613E-004,1.031897336360999E-004,-2.841742534656078E-004,
2.498866666666667E+009,5.371407678467222E-005,-2.865405986085534E-004,5.778673948952928E-005,-2.610232040751725E-004,
2.498900000000000E+009,4.795924542122521E-005,-2.190344530390576E-004,3.099270907114260E-005,-2.556149847805500E-004,
2.498933333333334E+009,3.469456351012923E-005,-2.585606125649065E-004,4.680983693106100E-005,-2.540545538067818E-004,
2.498966666666667E+009,4.248892946634442E-005,-2.362491504754871E-004,6.121379556134343E-005,-2.600817824713886E-004,
2.499000000000000E+009,4.877136598224752E-005,-2.636130957398564E-004,3.898375871358439E-005,-2.293607249157503E-004,
2.499033333333334E+009,5.383334064390510E-005,-2.486305893398821E-004,5.330381827661768E-005,-1.875452144304290E-004,
2.499066666666667E+009,-3.307875158498064E-005,-2.320066996617243E-004,-1.046921715897042E-005,-2.057564706774429E-004,
2.499100000000000E+009,-2.562255076554720E-006,-2.321085339644924E-004,-1.775893360900227E-005,-2.324324159417301E-004,
2.499133333333334E+009,-1.785396761988523E-006,-2.332216972718015E-004,-6.475678674178198E-006,-2.518497058190405E-004,
2.499166666666667E+009,-2.319755185453687E-005,-2.381478407187387E-004,2.843669244612102E-005,-2.263619098812342E-004,
2.499200000000000E+009,7.557078333775280E-006,-3.119799657724798E-004,1.627665005798917E-005,-2.576079277787358E-004,
2.499233333333334E+009,2.730113237703336E-006,-2.063041465589777E-004,5.808306377730332E-005,-2.762064978014678E-004,
2.499266666666667E+009,2.955526360892691E-005,-2.479790127836168E-004,1.032955424307147E-005,-2.349931601202115E-004,
2.499300000000000E+009,-7.974284017109312E-006,-2.368895802646875E-004,1.506703665654641E-005,-2.545579336583614E-004,
2.499333333333334E+009,-4.021275890409015E-005,-2.615821140352637E-004,-2.064477484964300E-005,-2.350887953070924E-004,
2.499366666666667E+009,-4.478094342630357E-005,-2.319988707313314E-004,1.584799792908598E-005,-2.543995506130159E-004,
2.499400000000000E+009,-3.022077726200223E-005,-2.581529552116990E-004,1.733947283355519E-005,-2.791830338537693E-004,
2.499433333333334E+009,-4.900336716673337E-005,-2.643378102220595E-004,-5.130454519530758E-005,-2.357511111767963E-004,
2.499466666666667E+009,-6.680403021164239E-005,-1.932857121573761E-004,-8.886355499271303E-005,-1.917098124977201E-004,
2.499500000000000E+009,-1.077372780855512E-005,-2.443479024805129E-004,2.940569402198889E-006,-2.216658467659727E-004,
2.499533333333334E+009,9.878558557829820E-006,-2.566333569120616E-004,-2.188379949075170E-005,-2.548192569520325E-004,
2.499566666666667E+009,-1.040300630847924E-004,-2.248541131848469E-004,-3.376473978278227E-005,-2.199761365773156E-004,
2.499600000000000E+009,-7.778558210702613E-005,-2.238421002402902E-004,-6.822797149652615E-005,-2.080567355733365E-004,
2.499633333333334E+009,-6.972402479732409E-005,-2.686343214008957E-004,-5.769201015937142E-005,-2.116293908329681E-004,
2.499666666666667E+009,-6.170065171318129E-005,-2.427537401672453E-004,-4.748649735120125E-005,-2.357740449951962E-004,
2.499700000000000E+009,-6.238966307137162E-005,-2.456139482092112E-004,-8.955594967119396E-005,-1.689947821432725E-004,
2.499733333333334E+009,-1.394235296174884E-004,-2.164931065635756E-004,-7.907421240815893E-005,-1.913952291943133E-004,
2.499766666666667E+009,-6.585210940102115E-005,-1.969269069377333E-004,-6.614207086386159E-005,-1.765768101904541E-004,
2.499800000000000E+009,-1.477594923926517E-004,-2.343256492167711E-004,-7.084853859851137E-005,-2.025179564952850E-004,
2.499833333333334E+009,-1.201125851366669E-004,-1.572932524140924E-004,-8.534161315765232E-005,-1.572441397001967E-004,
2.499866666666667E+009,-1.094509716494940E-004,-2.378786011831835E-004,-1.174566859845072E-004,-1.412732381140813E-004,
2.499900000000000E+009,-1.044839809765108E-004,-1.052888619597070E-004,-1.559715019538999E-004,-1.585412974236533E-004,
2.499933333333334E+009,-1.029654158628546E-004,-1.610873587196693E-004,-8.232700201915577E-005,-1.832039997680113E-004,
2.499966666666667E+009,-1.244197337655351E-004,-1.313169486820698E-004,-1.079319918062538E-004,-1.755278644850478E-004,
2.500000000000000E+009,-1.065139367710799E-004,-1.372293481836096E-004,-1.168471208075061E-004,-1.367397489957511E-004,
