% Version 1.00
%
%freq[Hz];re:Trc1_S21;im:Trc1_S21;re:Trc2_S12;im:Trc2_S12;
2.480000000000000E+009,1.892927393782884E-004,8.272780687548220E-004,2.467230369802564E-004,8.086104062385857E-004,
2.480033333333334E+009,2.102955622831360E-004,8.361115469597280E-004,2.045005530817434E-004,8.065496804192662E-004,
2.480066666666667E+009,2.922563580796123E-004,8.241837495006621E-004,2.955902600660920E-004,8.449377492070198E-004,
2.480100000000000E+009,3.421956207603216E-004,8.061253465712071E-004,3.807373577728868E-004,7.990389713086188E-004,
2.480133333333334E+009,3.926718782167882E-004,8.048687595874071E-004,3.254080947954208E-004,7.452238933183253E-004,
2.480166666666667E+009,3.778342215809971E-004,7.493377779610455E-004,3.647331905085594E-004,7.307724445126951E-004,
2.480200000000000E+009,4.605378780979663E-004,7.748220814391971E-004,4.332908429205418E-004,7.058921619318426E-004,
2.480233333333334E+009,4.123106482438743E-004,7.011589477770031E-004,4.348979564383626E-004,7.535994518548250E-004,
2.480266666666667E+009,4.130176967009902E-004,7.298638229258359E-004,4.136451170779765E-004,7.641592528671026E-004,
2.480300000000000E+009,4.328197683207691E-004,6.806167075410485E-004,4.887776449322701E-004,7.143492694012821E-004,
2.480333333333334E+009,4.580008389893919E-004,6.686184788122773E-004,4.891596036031842E-004,7.022573263384402E-004,
2.480366666666667E+009,4.650453629437834E-004,6.956469151191413E-004,4.668284382205457E-004,6.763041019439697E-004,
2.480400000000000E+009,4.806363431271166E-004,6.632851436734200E-004,4.359045997262001E-004,6.733922054991126E-004,
2.480433333333334E+009,4.744926118291915E-004,6.685047410428524E-004,4.807898367289454E-004,6.414218805730343E-004,
2.480466666666667E+009,4.984330153092742E-004,6.586040253750980E-004,5.031408509239554E-004,6.931174430064857E-004,
2.480500000000000E+009,5.173019599169493E-004,6.766500882804394E-004,4.866593517363071E-004,6.563401548191905E-004,
2.480533333333334E+009,4.793181724380702E-004,6.004259921610355E-004,5.120996502228081E-004,6.141505436971784E-004,
2.480566666666667E+009,5.207389476709068E-004,5.945709417574108E-004,6.031669327057898E-004,5.895167123526335E-004,
2.480600000000000E+009,5.557028925977647E-004,5.786821711808443E-004,5.137010593898594E-004,6.309529417194426E-004,
2.480633333333334E+009,5.429736920632422E-004,5.805443506687880E-004,5.707909585908055E-004,5.732972058467567E-004,
2.480666666666667E+009,5.501572159118950E-004,6.011273362673819E-004,5.804425454698503E-004,5.598340649157763E-004,
2.480700000000000E+009,5.958629189990461E-004,5.659406306222081E-004,5.651442916132510E-004,5.601214943453670E-004,
2.480733333333334E+009,6.161893252283335E-004,5.387749406509101E-004,6.269861478358507E-004,5.269885296002030E-004,
2.480766666666667E+009,6.355212535709143E-004,4.992367466911674E-004,5.839390796609223E-004,5.607501370832324E-004,
2.480800000000000E+009,6.398644181899726E-004,4.824384232051671E-004,6.300841341726482E-004,4.767105856444687E-004,
2.480833333333334E+009,6.170767592266202E-004,4.373888659756631E-004,6.176181486807764E-004,4.774268018081784E-004,
2.480866666666667E+009,6.014557438902557E-004,4.540131776593626E-004,6.606791284866631E-004,4.066100227646530E-004,
2.480900000000000E+009,6.765229627490044E-004,4.607458540704101E-004,6.219184142537415E-004,4.329080111347139E-004,
2.480933333333334E+009,6.359018152579665E-004,4.031295829918236E-004,6.418254924938083E-004,4.002282512374222E-004,
2.480966666666667E+009,7.007283275015652E-004,4.042224609293044E-004,5.987095064483583E-004,4.561261157505214E-004,
2.481000000000000E+009,6.866673356853426E-004,3.652298473753035E-004,6.526601500809193E-004,3.907017526216805E-004,
2.481033333333334E+009,6.599272019229829E-004,3.263754479121417E-004,6.626290269196034E-004,3.764811845030636E-004,
2.481066666666667E+009,6.940722814761102E-004,3.216025361325592E-004,7.083560922183096E-004,3.620057832449675E-004,
2.481100000000000E+009,6.871774094179273E-004,3.573512367438525E-004,7.476930622942746E-004,3.085755161009729E-004,
2.481133333333334E+009,7.264101877808571E-004,2.998820855282247E-004,7.434629951603711E-004,3.125776711385697E-004,
2.481166666666667E+009,7.049831910990179E-004,3.197543264832348E-004,7.599489763379097E-004,2.750395797193050E-004,
2.481200000000000E+009,7.227797759696841E-004,2.607842034194619E-004,7.043866207823157E-004,2.596966223791242E-004,
2.481233333333334E+009,7.597242365591228E-004,2.002561668632552E-004,7.413651328533888E-004,2.619847946334630E-004,
2.481266666666667E+009,7.755050319246948E-004,2.252545091323555E-004,6.826097960583866E-004,2.061006234725937E-004,
2.481300000000000E+009,7.502007647417486E-004,2.602820750325918E-004,7.050987333059311E-004,2.290114498464391E-004,
2.481333333333334E+009,7.095895707607269E-004,2.074023213936016E-004,7.671384955756366E-004,1.875157031463459E-004,
2.481366666666667E+009,8.255027350969613E-004,1.251157227670774E-004,7.645023870281875E-004,1.625567674636841E-004,
2.481400000000000E+009,7.367494981735945E-004,1.707746705505997E-004,7.325686747208238E-004,9.903133468469605E-005,
2.481433333333334E+009,8.013466722331941E-004,8.672312105773017E-005,8.197635179385543E-004,1.453078584745526E-004,
2.481466666666667E+009,8.091976051218808E-004,1.868513500085101E-004,7.897743489593267E-004,1.252150977961719E-004,
2.481500000000000E+009,7.792527903802693E-004,3.614153683884069E-005,8.183437166735530E-004,1.285954931518063E-004,
2.481533333333334E+009,8.180844597518444E-004,4.436348172021098E-005,7.611323962919414E-004,6.675523036392406E-005,
2.481566666666667E+009,8.417651406489313E-004,6.662514351774007E-005,7.717401022091508E-004,3.602273864089511E-005,
2.481600000000000E+009,7.947334088385105E-004,7.263544830493629E-005,7.704118615947664E-004,4.024721783935092E-005,
2.481633333333334E+009,8.074904908426106E-004,-1.215872725879308E-005,8.061045082286000E-004,-1.245138992089778E-005,
2.481666666666667E+009,8.036586805246770E-004,-9.269445581594482E-005,8.304236107505858E-004,-6.928035872988403E-005,
2.481700000000000E+009,7.932916050776839E-004,-6.792756903450936E-005,8.094681543298066E-004,-1.105160918086767E-004,
2.481733333333334E+009,8.079209947027266E-004,-8.833930041873828E-005,8.324596565216780E-004,-7.360786548815668E-005,
2.481766666666667E+009,8.084403234533966E-004,-1.842211495386437E-004,7.906215614639223E-004,-1.096776177291758E-004,
2.481800000000000E+009,7.589925080537796E-004,-1.647582539590076E-004,7.133681210689247E-004,-1.562758698128164E-004,
2.481833333333334E+009,7.603274425491691E-004,-1.732123200781643E-004,7.652611820958555E-004,-2.300751220900565E-004,
2.481866666666667E+009,7.890072301961482E-004,-1.277425908483565E-004,7.866696687415242E-004,-1.547163847135380E-004,
2.481900000000000E+009,7.696917164139450E-004,-2.064027066808194E-004,8.047683513723314E-004,-1.952082238858566E-004,
2.481933333333334E+009,7.763705216348171E-004,-2.337453188374639E-004,7.457565516233444E-004,-2.136159600922838E-004,
2.481966666666667E+009,7.730077486485243E-004,-2.512276405468583E-004,8.244093623943627E-004,-2.323466178495437E-004,
2.482000000000000E+009,7.778509752824903E-004,-2.018342929659411E-004,8.090153569355607E-004,-2.401613892288879E-004,
2.482033333333334E+009,7.947583799250424E-004,-2.283061039634049E-004,7.683162693865597E-004,-2.813858445733786E-004,
2.482066666666667E+009,7.969786529429257E-004,-2.363795356359333E-004,7.951001753099263E-004,-2.647530636750162E-004,
2.482100000000000E+009,7.252112263813615E-004,-2.413396578049287E-004,7.039206684567034E-004,-2.890149480663240E-004,
2.482133333333334E+009,7.060086354613304E-004,-2.683494531083852E-004,7.157207583077252E-004,-3.293268091510981E-004,
2.482166666666667E+009,7.419137400574982E-004,-3.465335757937282E-004,7.445404189638794E-004,-3.482798347249627E-004,
2.482200000000000E+009,6.592654972337186E-004,-3.218876954633743E-004,6.901005981490016E-004,-3.855680988635868E-004,
2.482233333333334E+009,6.312140612863004E-004,-3.561282937880606E-004,7.264307932928205E-004,-3.437856212258339E-004,
2.482266666666667E+009,6.971461698412895E-004,-3.688902070280165E-004,7.346162456087768E-004,-3.687405551318079E-004,
2.482300000000000E+009,6.600251654163003E-004,-3.774257202167064E-004,6.749278982169926E-004,-3.976435982622206E-004,
2.482333333333334E+009,6.422580918297172E-004,-3.307079023215920E-004,7.179360254667699E-004,-4.357013676781207E-004,
2.482366666666667E+009,6.317487568594515E-004,-3.777786623686552E-004,6.133469869382680E-004,-4.231371858622879E-004,
2.482400000000000E+009,6.382999126799405E-004,-4.441069031599909E-004,6.312006153166294E-004,-4.412730049807578E-004,
2.482433333333334E+009,6.166319944895804E-004,-4.579674859996885E-004,5.930088227614760E-004,-4.533452156465501E-004,
2.482466666666667E+009,5.880133248865604E-004,-4.984306870028377E-004,6.131503614597023E-004,-4.352541291154921E-004,
2.482500000000000E+009,5.837288335897028E-004,-4.692813090514392E-004,6.007273914292455E-004,-5.110787460580468E-004,
2.482533333333334E+009,6.011372315697372E-004,-4.430915578268468E-004,5.770119605585933E-004,-5.087601020932198E-004,
2.482566666666667E+009,5.326778627932072E-004,-5.004620179533958E-004,5.389501457102597E-004,-5.239877500571311E-004,
2.482600000000000E+009,5.490076146088541E-004,-5.315590533427894E-004,5.976945976726711E-004,-5.303575308062136E-004,
2.482633333333334E+009,4.930368741042912E-004,-5.685721407644451E-004,5.022564437240362E-004,-5.032564513385296E-004,
2.482666666666667E+009,5.297668976709247E-004,-5.413373582996428E-004,5.114357918500900E-004,-5.327512044459581E-004,
2.482700000000000E+009,4.733183013740927E-004,-5.487824091687799E-004,4.885193775407970E-004,-5.510685732588172E-004,
2.482733333333334E+009,5.318631301634014E-004,-5.949937622062862E-004,5.002433899790049E-004,-5.611992091871798E-004,
2.482766666666667E+009,4.687749897129834E-004,-6.415810203179717E-004,4.864643269684166E-004,-6.031739176250994E-004,
2.482800000000000E+009,4.425559018272907E-004,-6.449757493101060E-004,4.604556015692651E-004,-6.136759184300900E-004,
2.482833333333334E+009,4.296406987123191E-004,-5.376398330554366E-004,4.615215293597430E-004,-5.970405181869865E-004,
2.482866666666667E+009,4.405342624522746E-004,-6.342167616821826E-004,4.254879313521087E-004,-6.583712529391050E-004,
2.482900000000000E+009,3.729487943928689E-004,-6.737285293638706E-004,4.131186578888446E-004,-5.904737627133727E-004,
2.482933333333334E+009,3.805239975918084E-004,-6.695645861327648E-004,4.523121751844883E-004,-6.725565181113780E-004,
2.482966666666667E+009,3.393409133423120E-004,-6.263350369408727E-004,4.030903219245374E-004,-6.550126126967371E-004,
2.483000000000000E+009,3.168306138832122E-004,-6.473683752119541E-004,3.926153585780412E-004,-6.972523988224566E-004,
2.483033333333334E+009,3.573056892491877E-004,-6.561789778061211E-004,3.446908667683601E-004,-6.939383456483483E-004,
2.483066666666667E+009,4.282113804947585E-004,-6.988748791627586E-004,3.195173048879951E-004,-7.331759552471340E-004,
2.483100000000000E+009,3.605663368944079E-004,-6.883341702632606E-004,3.252567548770458E-004,-7.803366170264781E-004,
2.483133333333334E+009,3.146536764688790E-004,-7.185058202594519E-004,2.577083068899810E-004,-7.037072791717947E-004,
2.483166666666667E+009,2.360782818868756E-004,-7.241308921948075E-004,2.945138257928193E-004,-7.862045895308256E-004,
2.483200000000000E+009,2.415784838376567E-004,-7.576229400001466E-004,2.113728842232376E-004,-8.214551489800215E-004,
2.483233333333334E+009,2.148498606402427E-004,-7.794166449457407E-004,1.645447191549465E-004,-8.435864583589137E-004,
2.483266666666667E+009,1.562007673783228E-004,-7.358398288488388E-004,1.816012518247590E-004,-8.146256441250444E-004,
2.483300000000000E+009,1.257790718227625E-004,-8.038917439989746E-004,7.937300688354299E-005,-7.672777283005416E-004,
2.483333333333334E+009,1.491270377300680E-004,-7.712368969805539E-004,1.100390581996180E-004,-7.664380827918649E-004,
2.483366666666667E+009,7.564346742583439E-005,-7.323636091314256E-004,1.388084201607853E-004,-7.783900364302099E-004,
2.483400000000000E+009,6.853907689219341E-005,-7.560268859378994E-004,7.304777682293207E-005,-7.470853161066771E-004,
2.483433333333334E+009,7.262758299475536E-005,-7.413162966258824E-004,8.921473636291921E-005,-7.747990894131362E-004,
2.483466666666667E+009,4.752101813210174E-005,-7.503994856961072E-004,2.738049624895211E-005,-7.278146804310381E-004,
2.483500000000000E+009,5.209604205447249E-005,-8.163872407749295E-004,6.696087075397372E-005,-7.929541170597076E-004,
2.483533333333334E+009,7.409745740005747E-005,-8.159936405718327E-004,5.909962783334777E-005,-7.886508246883750E-004,
2.483566666666667E+009,3.680936060845852E-005,-8.278085151687264E-004,4.966270353179425E-006,-8.170682121999562E-004,
2.483600000000000E+009,6.846740234323079E-006,-8.170498767867684E-004,2.423774640192278E-005,-7.374772103503346E-004,
2.483633333333334E+009,-5.268582026474178E-005,-7.800119346939027E-004,-1.634428735997062E-005,-7.555265910923481E-004,
2.483666666666667E+009,-1.882385731732938E-005,-7.722922018729150E-004,-1.356221309833927E-005,-8.044503047131002E-004,
2.483700000000000E+009,-6.786429003113881E-005,-7.532334420830011E-004,-7.983403338585049E-005,-7.712948718108237E-004,
2.483733333333334E+009,-4.170129977865145E-005,-7.523273816332221E-004,-7.277843542397022E-005,-7.461066124960780E-004,
2.483766666666667E+009,-9.297827637055889E-005,-7.055879104882479E-004,-4.584162888932042E-005,-7.624448626302183E-004,
2.483800000000000E+009,-6.839250272605568E-005,-7.647804450243712E-004,-9.773390775080770E-005,-7.493273587897420E-004,
2.483833333333334E+009,-1.495860487921163E-004,-7.749460055492818E-004,-1.180126564577222E-004,-7.579268421977758E-004,
2.483866666666667E+009,-1.526455162093043E-004,-7.445752853527665E-004,-1.513381430413574E-004,-7.558710640296340E-004,
2.483900000000000E+009,-1.328620564891025E-004,-7.526560802944005E-004,-1.480892096878961E-004,-7.469229167327285E-004,
2.483933333333334E+009,-1.129717347794212E-004,-7.457409519702196E-004,-2.079623664030805E-004,-7.785025518387556E-004,
2.483966666666667E+009,-1.873978471849114E-004,-7.342633325606585E-004,-1.587134465808049E-004,-7.269306806847453E-004,
2.484000000000000E+009,-2.245322975795716E-004,-7.271208451129496E-004,-2.128340711351484E-004,-7.037936011329293E-004,
2.484033333333334E+009,-2.142736339010298E-004,-7.344744517467916E-004,-2.168992650695145E-004,-7.487956900149584E-004,
2.484066666666667E+009,-2.344074600841850E-004,-6.712214672006667E-004,-2.793574822135270E-004,-7.018258329480887E-004,
2.484100000000000E+009,-2.432186884107068E-004,-6.830193451605737E-004,-2.775040338747203E-004,-7.008673273958266E-004,
2.484133333333334E+009,-2.734911395236850E-004,-6.223451346158981E-004,-2.961593272630125E-004,-6.807184545323253E-004,
2.484166666666667E+009,-2.931075287051499E-004,-6.648526177741587E-004,-3.008071216754615E-004,-7.067039259709418E-004,
2.484200000000000E+009,-3.146117087453604E-004,-7.137007196433842E-004,-3.501491737551987E-004,-6.795101216994226E-004,
2.484233333333334E+009,-3.547962696757168E-004,-6.338751409202814E-004,-3.527977678459138E-004,-6.511274841614068E-004,
2.484266666666667E+009,-3.584912046790123E-004,-6.389104528352618E-004,-3.828984044957906E-004,-6.390926428139210E-004,
2.484300000000000E+009,-3.734957426786423E-004,-6.214744644239545E-004,-3.611865977291018E-004,-6.188632687553763E-004,
2.484333333333334E+009,-4.035288875456899E-004,-6.736093782819808E-004,-4.511471197474748E-004,-6.347231683321297E-004,
2.484366666666667E+009,-3.823781153187156E-004,-6.302594556473196E-004,-3.972922568209469E-004,-6.251120939850807E-004,
2.484400000000000E+009,-3.765258588828147E-004,-6.284599658101797E-004,-4.389371024444699E-004,-5.495126242749393E-004,
2.484433333333334E+009,-4.806494107469916E-004,-6.173889269120991E-004,-4.476358299143612E-004,-5.455391947180033E-004,
2.484466666666667E+009,-4.309994692448527E-004,-5.753578734584153E-004,-4.823517228942365E-004,-5.647797370329499E-004,
2.484500000000000E+009,-3.949210804421455E-004,-6.225290126167238E-004,-5.123070441186428E-004,-6.185169913806021E-004,
2.484533333333334E+009,-4.718251002486795E-004,-6.384497391991317E-004,-4.771618114318699E-004,-5.783679080195725E-004,
2.484566666666667E+009,-4.406961670611054E-004,-5.919288960285485E-004,-4.926228430122137E-004,-5.376225453801453E-004,
2.484600000000000E+009,-5.399684305302799E-004,-5.176624399609864E-004,-5.122953443787992E-004,-5.174370016902685E-004,
2.484633333333334E+009,-5.628175567835569E-004,-5.227983929216862E-004,-4.929314018227160E-004,-5.522554274648428E-004,
2.484666666666667E+009,-5.611773231066763E-004,-5.196395213715732E-004,-5.950307240709662E-004,-4.198797978460789E-004,
2.484700000000000E+009,-6.094843847677112E-004,-4.891603020951152E-004,-5.874447524547577E-004,-5.154660320840776E-004,
2.484733333333334E+009,-6.042712484486401E-004,-4.934411263093352E-004,-6.113576237112284E-004,-4.507478734012693E-004,
2.484766666666667E+009,-6.646937690675259E-004,-4.776798305101693E-004,-5.960536072961986E-004,-4.871992277912796E-004,
2.484800000000000E+009,-6.607125978916884E-004,-4.386147775221616E-004,-6.606726092286408E-004,-4.495159082580358E-004,
2.484833333333334E+009,-6.743641570210457E-004,-4.470297426450998E-004,-6.896925042383373E-004,-4.432056739460677E-004,
2.484866666666667E+009,-6.896660779602826E-004,-3.457717830315232E-004,-6.453553796745837E-004,-3.261172678321600E-004,
2.484900000000000E+009,-7.376704015769064E-004,-3.182780055794865E-004,-6.667488487437367E-004,-3.726637514773756E-004,
2.484933333333334E+009,-6.744419224560261E-004,-2.850616001524031E-004,-6.819530972279608E-004,-2.540266141295433E-004,
2.484966666666667E+009,-7.104962714947760E-004,-3.715361235663295E-004,-6.758920499123633E-004,-3.772189375013113E-004,
2.485000000000000E+009,-7.437064195983112E-004,-2.825612027663738E-004,-7.464503869414330E-004,-2.899128885474056E-004,
2.485033333333334E+009,-7.056171307340264E-004,-2.192818792536855E-004,-7.426248048432171E-004,-3.106943331658840E-004,
2.485066666666667E+009,-7.082661613821983E-004,-3.347574966028333E-004,-7.302188314497471E-004,-2.354908938286826E-004,
2.485100000000000E+009,-7.465593516826630E-004,-2.120306453434750E-004,-7.010996923781931E-004,-2.590084041003138E-004,
2.485133333333334E+009,-7.042746292427182E-004,-2.728519611991942E-004,-7.611761684529483E-004,-2.175856207031757E-004,
2.485166666666667E+009,-8.261756156571209E-004,-2.278288593515754E-004,-7.314907852560282E-004,-2.192050014855340E-004,
2.485200000000000E+009,-7.804352208040655E-004,-2.917954407166690E-004,-7.553707109764218E-004,-2.469321771059185E-004,
2.485233333333334E+009,-7.648673490621150E-004,-2.511320053599775E-004,-7.987817516550422E-004,-1.761490275384858E-004,
2.485266666666667E+009,-7.873977883718908E-004,-1.981223322218284E-004,-7.616730872541666E-004,-1.916791516123340E-004,
2.485300000000000E+009,-7.138930959627032E-004,-2.090484340442345E-004,-8.115035016089678E-004,-1.855764130596072E-004,
2.485333333333334E+009,-7.536234334111214E-004,-1.469060662202537E-004,-7.555881165899336E-004,-1.545285194879398E-004,
2.485366666666667E+009,-7.598637021146715E-004,-1.615246001165360E-004,-7.332974928431213E-004,-1.028108599712141E-004,
2.485400000000000E+009,-7.639438845217228E-004,-1.680055720498785E-004,-7.243062136694789E-004,-9.795801452128217E-005,
2.485433333333334E+009,-7.496523903682828E-004,-9.429656347492710E-005,-7.856498705223203E-004,-7.669290062040091E-005,
2.485466666666667E+009,-6.864261813461781E-004,-9.334904461866245E-005,-8.104325388558209E-004,-6.207767728483304E-005,
2.485500000000000E+009,-7.722869631834328E-004,-8.320188499055803E-005,-7.688037003390491E-004,-9.214368765242398E-005,
2.485533333333334E+009,-7.220961269922555E-004,-6.962197949178517E-005,-7.454761653207243E-004,-4.850042751058936E-005,
2.485566666666667E+009,-7.530667935498059E-004,-1.266115873477247E-006,-7.257710094563663E-004,-2.494090585969389E-005,
2.485600000000000E+009,-7.444535731337965E-004,-7.524265129177366E-006,-7.318873540498316E-004,3.158600156893954E-005,
2.485633333333334E+009,-7.326790946535766E-004,3.500940010781051E-006,-7.823509513400495E-004,6.612614379264414E-005,
2.485666666666667E+009,-7.827917579561472E-004,2.905249493778683E-005,-7.530912407673895E-004,6.342216693155933E-006,
2.485700000000000E+009,-7.736347033642232E-004,9.960409806808457E-005,-7.421126938425005E-004,7.544184336438775E-005,
2.485733333333334E+009,-7.078508497215807E-004,6.784575816709548E-005,-7.447177777066827E-004,5.335748937795870E-005,
2.485766666666667E+009,-7.083076634444296E-004,8.554184023523703E-005,-7.572642061859369E-004,9.299416706198826E-005,
2.485800000000000E+009,-7.324787438847125E-004,8.733051799936220E-005,-7.439891342073679E-004,1.092803649953567E-004,
2.485833333333334E+009,-7.446911768056452E-004,1.309491926804185E-004,-6.982760387472808E-004,1.356674183625728E-004,
2.485866666666667E+009,-6.945807836018503E-004,1.504727697465569E-004,-6.906906492076814E-004,1.859409530879930E-004,
2.485900000000000E+009,-7.412992999888957E-004,1.944266550708562E-004,-7.137715583667159E-004,1.678985718172044E-004,
2.485933333333334E+009,-6.986704538576305E-004,2.369261492276564E-004,-6.967037916183472E-004,1.278403797186911E-004,
2.485966666666667E+009,-7.189638563431799E-004,1.992256729863584E-004,-7.440664921887219E-004,2.110828791046515E-004,
2.486000000000000E+009,-7.121598464436829E-004,2.239353780169040E-004,-6.744029233232141E-004,2.771395957097411E-004,
2.486033333333334E+009,-6.576189771294594E-004,1.990718883462250E-004,-6.800051196478307E-004,2.075446391245350E-004,
2.486066666666667E+009,-7.054369198158383E-004,2.674951101653278E-004,-7.073313463479281E-004,2.712592831812799E-004,
2.486100000000000E+009,-6.281582755036652E-004,3.000738797709346E-004,-6.839271518401802E-004,3.475687408354133E-004,
2.486133333333334E+009,-7.118768407963216E-004,3.057370486203581E-004,-7.229305338114500E-004,3.031872620340437E-004,
2.486166666666667E+009,-6.593079888261855E-004,3.897836722899228E-004,-6.946530193090439E-004,3.574773145373911E-004,
2.486200000000000E+009,-6.250100559554994E-004,3.702408866956830E-004,-6.726379506289959E-004,4.107985005248338E-004,
2.486233333333334E+009,-7.108738063834608E-004,4.248947079759091E-004,-6.993490387685597E-004,4.214265500195324E-004,
2.486266666666667E+009,-6.393576622940600E-004,4.183453856967390E-004,-6.057625287212431E-004,3.927940269932151E-004,
2.486300000000000E+009,-6.850769859738648E-004,4.278278502169997E-004,-6.251760642044246E-004,4.177737864665687E-004,
2.486333333333334E+009,-6.478308350779116E-004,4.931500297971070E-004,-6.388253532350063E-004,4.909866838715971E-004,
2.486366666666667E+009,-6.327483570203185E-004,5.197956343181431E-004,-5.557345575653017E-004,4.959364305250347E-004,
2.486400000000000E+009,-6.042137974873185E-004,5.306787788867950E-004,-6.035426631569862E-004,5.792165175080299E-004,
2.486433333333334E+009,-5.568538326770067E-004,5.166863556951284E-004,-5.304401274770498E-004,5.537567194551230E-004,
2.486466666666667E+009,-5.341779324226081E-004,5.380013608373702E-004,-5.030351458117366E-004,5.629140650853515E-004,
2.486500000000000E+009,-4.812814295291901E-004,5.229464150033891E-004,-5.419948720373213E-004,6.095189601182938E-004,
2.486533333333334E+009,-4.439949407242239E-004,5.781446234323084E-004,-5.271515692584217E-004,5.822795792482793E-004,
2.486566666666667E+009,-4.907594411633909E-004,6.002091104164720E-004,-4.655696102418006E-004,6.130019319243729E-004,
2.486600000000000E+009,-4.694808158092201E-004,6.370129995048046E-004,-4.605543217621744E-004,5.757693434134126E-004,
2.486633333333334E+009,-4.659901314880699E-004,6.084390333853662E-004,-4.329900257289410E-004,6.559233879670501E-004,
2.486666666666667E+009,-4.182010598015040E-004,6.283052498474717E-004,-3.819623379968107E-004,6.264151306822896E-004,
2.486700000000000E+009,-4.376256838440895E-004,6.503534386865795E-004,-4.157913499511778E-004,6.510216044262052E-004,
2.486733333333334E+009,-4.049958370160312E-004,6.289219018071890E-004,-4.308452480472624E-004,6.543374038301408E-004,
2.486766666666667E+009,-3.781171399168670E-004,6.555767031386495E-004,-4.523777752183378E-004,6.526127690449357E-004,
2.486800000000000E+009,-4.469364648684859E-004,6.545656942762435E-004,-3.706793359015137E-004,6.376670789904892E-004,
2.486833333333334E+009,-3.828045155387372E-004,6.682046805508435E-004,-3.728648007381707E-004,6.718099466525018E-004,
2.486866666666667E+009,-3.659347130451351E-004,7.271626964211464E-004,-4.314321849960834E-004,6.641857326030731E-004,
2.486900000000000E+009,-3.415765822865069E-004,6.894166581332684E-004,-3.423049929551780E-004,7.576771895401180E-004,
2.486933333333334E+009,-3.091385005973280E-004,6.810905179008842E-004,-3.475861740298569E-004,7.036908646114171E-004,
2.486966666666667E+009,-2.884867426473647E-004,6.472973036579788E-004,-3.171327116433531E-004,6.970792892389000E-004,
2.487000000000000E+009,-2.831550664268434E-004,6.821476272307336E-004,-3.077430301345885E-004,6.942202453501523E-004,
2.487033333333334E+009,-2.381239173701033E-004,7.083946256898344E-004,-2.671875408850610E-004,6.985854124650359E-004,
2.487066666666667E+009,-2.803372917696834E-004,7.300791912712157E-004,-2.471675979904831E-004,7.066408870741725E-004,
2.487100000000000E+009,-2.865857677534223E-004,7.500587962567806E-004,-2.018330997088924E-004,7.302182493731380E-004,
2.487133333333334E+009,-2.566011389717460E-004,7.205998408608139E-004,-2.215894346591085E-004,6.943294429220259E-004,
2.487166666666667E+009,-1.866340608103201E-004,7.214467623271048E-004,-2.333824813831598E-004,6.811941857449710E-004,
2.487200000000000E+009,-1.865002705017105E-004,6.810370832681656E-004,-1.610887265997008E-004,7.523252861574292E-004,
2.487233333333334E+009,-1.511963928351179E-004,6.604923401027918E-004,-1.336129935225472E-004,7.390837417915463E-004,
2.487266666666667E+009,-1.487452536821365E-004,6.862490554340184E-004,-1.217914250446484E-004,7.162486435845494E-004,
2.487300000000000E+009,-6.308277079369873E-005,6.614456651732326E-004,-1.060208596754819E-004,7.282234728336334E-004,
2.487333333333334E+009,-1.425506197847426E-004,7.382808835245669E-004,-1.006459715426900E-004,7.286600302904844E-004,
2.487366666666667E+009,-6.297798972809687E-005,7.602517725899816E-004,-7.623487908858806E-005,7.223291322588921E-004,
2.487400000000000E+009,1.151205560745439E-005,7.091476581990719E-004,-7.370232196990401E-005,7.405232172459364E-004,
2.487433333333334E+009,-1.978336331376340E-005,7.646557060070336E-004,-4.873240686720237E-005,7.024144870229065E-004,
2.487466666666667E+009,2.603226130304392E-005,7.477021426893771E-004,-7.324125363084022E-006,7.185460999608040E-004,
2.487500000000000E+009,-6.500396807496145E-007,7.262420840561390E-004,3.515766593409353E-006,7.352340617217124E-004,
2.487533333333334E+009,2.430838503642008E-005,7.411218248307705E-004,-3.490524250082672E-005,7.392512052319944E-004,
2.487566666666667E+009,6.579817272722721E-005,7.614005589857698E-004,6.164974183775485E-005,7.223254651762545E-004,
2.487600000000000E+009,4.110915688215755E-005,7.312197703868151E-004,8.159491699188948E-005,7.033728761598468E-004,
2.487633333333334E+009,2.118983866239432E-005,7.403536583296955E-004,1.168952876469120E-004,7.140710949897766E-004,
2.487666666666667E+009,9.778895037015900E-005,7.046354585327208E-004,1.393507118336856E-004,7.071379804983735E-004,
2.487700000000000E+009,1.073991661542095E-004,6.906809285283089E-004,1.305860205320641E-004,7.646469166502357E-004,
2.487733333333334E+009,1.477897167205811E-004,7.119392976164818E-004,1.352098624920473E-004,7.619270472787321E-004,
2.487766666666667E+009,1.913852756842971E-004,7.500342908315361E-004,1.416678715031594E-004,7.663629949092865E-004,
2.487800000000000E+009,1.590852771187201E-004,6.948726368136704E-004,1.723623863654211E-004,6.824714364483953E-004,
2.487833333333334E+009,2.296275924891233E-004,7.286984473466873E-004,1.716255064820871E-004,7.425129297189415E-004,
2.487866666666667E+009,2.456306247040629E-004,7.724620518274605E-004,2.755452296696603E-004,7.462770445272327E-004,
2.487900000000000E+009,2.343837695661932E-004,7.214350043796003E-004,2.816726628225297E-004,6.504385382868350E-004,
2.487933333333334E+009,3.329341998323798E-004,6.801845156587660E-004,3.511903050821275E-004,7.081404910422862E-004,
2.487966666666667E+009,3.086015931330621E-004,6.816838867962360E-004,3.369944461155683E-004,6.632279837504029E-004,
2.488000000000000E+009,3.757322265300900E-004,6.517436122521758E-004,3.966427757404745E-004,5.878407391719520E-004,
2.488033333333334E+009,4.391434486024082E-004,5.645846831612289E-004,3.960420435760170E-004,6.011836812831461E-004,
2.488066666666667E+009,3.714502963703126E-004,5.832702154293656E-004,4.164779675193131E-004,5.859615630470216E-004,
2.488100000000000E+009,4.157351504545659E-004,5.247659282758832E-004,3.522103943396360E-004,5.337281618267298E-004,
2.488133333333334E+009,4.696644609794021E-004,6.127478554844856E-004,4.683912848122418E-004,5.615748232230544E-004,
2.488166666666667E+009,4.850399272982031E-004,6.134985596872866E-004,4.296180268283933E-004,5.685047362931073E-004,
2.488200000000000E+009,4.629647010006011E-004,5.519182304851711E-004,4.400155448820442E-004,5.980764399282634E-004,
2.488233333333334E+009,4.389118403196335E-004,5.714385770261288E-004,4.773565742652863E-004,5.698407185263932E-004,
2.488266666666667E+009,5.186757771298289E-004,5.575604154728353E-004,5.076054949313402E-004,5.627974751405418E-004,
2.488300000000000E+009,5.491830524988473E-004,5.536341923289001E-004,4.864269867539406E-004,5.513387150131166E-004,
2.488333333333334E+009,5.591133376583457E-004,5.051929038017988E-004,4.813701671082526E-004,5.331611610017717E-004,
2.488366666666667E+009,5.373774329200387E-004,5.778185441158712E-004,5.506027955561876E-004,4.983478575013578E-004,
2.488400000000000E+009,5.575299728661776E-004,4.893822479061782E-004,6.105941138230264E-004,4.829643003176898E-004,
2.488433333333334E+009,5.375443142838776E-004,4.571153840515763E-004,5.385037511587143E-004,5.119114066474140E-004,
2.488466666666667E+009,6.464972975663841E-004,5.243021878413856E-004,5.364856915548444E-004,5.154515965841711E-004,
2.488500000000000E+009,5.966264870949090E-004,4.628902825061232E-004,4.806622164323926E-004,4.926737165078521E-004,
2.488533333333334E+009,5.334826419129968E-004,4.611385811585933E-004,5.547329783439636E-004,4.761297605000436E-004,
2.488566666666667E+009,5.675739375874400E-004,4.463760415092111E-004,5.756689934059978E-004,4.400850448291749E-004,
2.488600000000000E+009,5.612934473901987E-004,4.182659904472530E-004,6.001417641527951E-004,4.287648480385542E-004,
2.488633333333334E+009,5.598509451374412E-004,3.966757212765515E-004,6.035577389411628E-004,3.916892164852470E-004,
2.488666666666667E+009,5.476088845171034E-004,4.135963099543005E-004,5.610934458673000E-004,3.729472518898547E-004,
2.488700000000000E+009,5.918327951803803E-004,3.850196953862906E-004,6.260445225052536E-004,3.957295266445726E-004,
2.488733333333334E+009,5.834712646901608E-004,4.103913088329136E-004,5.890385364182293E-004,3.682213136926293E-004,
2.488766666666667E+009,5.919591058045626E-004,3.203602682333440E-004,6.168679683469236E-004,3.076834254898131E-004,
2.488800000000000E+009,5.760621279478073E-004,3.192002477589995E-004,6.708411383442581E-004,2.952924696728587E-004,
2.488833333333334E+009,5.942384595982730E-004,2.641326864250004E-004,5.905910511501133E-004,3.007621853612363E-004,
2.488866666666667E+009,6.383783183991909E-004,3.417268744669855E-004,6.104466738179326E-004,2.917686069849879E-004,
2.488900000000000E+009,6.554948049597442E-004,2.449084713589400E-004,6.163374637253583E-004,3.357859677635133E-004,
2.488933333333334E+009,6.603165529668331E-004,2.754948218353093E-004,6.354498909786344E-004,2.338205376872793E-004,
2.488966666666667E+009,6.405714666470885E-004,2.205438941018656E-004,5.896234652027488E-004,2.397598873358220E-004,
2.489000000000000E+009,6.286916905082762E-004,2.321693464182317E-004,6.276532658375800E-004,2.110448258463293E-004,
2.489033333333334E+009,7.046039099805057E-004,1.331854437012225E-004,6.414542440325022E-004,1.886436366476119E-004,
2.489066666666667E+009,6.309401360340416E-004,1.389905955875292E-004,6.760492105968297E-004,2.166604972444475E-004,
2.489100000000000E+009,7.147488067857921E-004,1.637917448533699E-004,6.334403296932578E-004,1.536624040454626E-004,
2.489133333333334E+009,7.039536139927805E-004,1.549582666484639E-004,6.452070083469153E-004,1.806030486477539E-004,
2.489166666666667E+009,6.678561912849546E-004,6.727692380081862E-005,6.740413955412805E-004,1.484164386056364E-004,
2.489200000000000E+009,6.279010558500886E-004,1.047521145665087E-004,6.867744377814233E-004,1.142077016993426E-004,
2.489233333333334E+009,6.271012243814766E-004,7.182834815466777E-005,6.712854956276715E-004,9.817210229812190E-005,
2.489266666666667E+009,6.528149242512882E-004,8.632733806734905E-005,7.523080566897988E-004,3.933135303668678E-005,
2.489300000000000E+009,7.408119272440672E-004,7.087422090990003E-006,7.078940398059785E-004,4.088103742105886E-005,
2.489333333333334E+009,7.271271315403283E-004,2.729440166149288E-005,6.617610342800617E-004,2.221040085714776E-005,
2.489366666666667E+009,7.093366584740579E-004,-7.304230621230090E-006,7.043510559014976E-004,1.696745857771020E-005,
2.489400000000000E+009,7.054511806927621E-004,-9.645755199017003E-006,6.968852831050754E-004,-3.456471313256770E-005,
2.489433333333334E+009,6.734598428010941E-004,-6.609395495615900E-005,7.289437344297767E-004,-5.899420648347586E-005,
2.489466666666667E+009,7.282081060111523E-004,-2.488012341927970E-006,6.807319005019963E-004,-7.581833051517606E-005,
2.489500000000000E+009,6.487837526947260E-004,-1.598927483428270E-004,7.261528517119587E-004,-6.552466220455244E-005,
2.489533333333334E+009,6.554710562340915E-004,-1.326486235484481E-004,7.103004609234631E-004,-1.585850841365755E-004,
2.489566666666667E+009,6.826618337072432E-004,-2.339845377719030E-004,6.248586578294635E-004,-1.980626402655616E-004,
2.489600000000000E+009,6.559112807735801E-004,-1.717823761282489E-004,6.582277710549533E-004,-2.534123195800930E-004,
2.489633333333334E+009,6.725800922140479E-004,-2.908473252318800E-004,6.505581550300121E-004,-1.875597954494879E-004,
2.489666666666667E+009,6.223154487088323E-004,-2.519412664696574E-004,5.658086156472564E-004,-2.768062113318592E-004,
2.489700000000000E+009,6.164097576402128E-004,-2.299314364790916E-004,6.508250371553004E-004,-2.796587068587542E-004,
2.489733333333334E+009,5.990467034280300E-004,-2.434908383293077E-004,6.128869717940688E-004,-2.378513017902151E-004,
2.489766666666667E+009,6.037993007339537E-004,-2.915842051152140E-004,5.973201477900147E-004,-2.805934345815331E-004,
2.489800000000000E+009,6.182112265378237E-004,-3.253176691941917E-004,6.582675850950182E-004,-3.000208525918424E-004,
2.489833333333334E+009,6.799375987611711E-004,-3.368714242242277E-004,6.068738875910640E-004,-3.123342758044601E-004,
2.489866666666667E+009,5.888056475669146E-004,-2.929702168330550E-004,6.063893088139594E-004,-3.143918293062598E-004,
2.489900000000000E+009,5.668904050253332E-004,-3.461493179202080E-004,6.112442351877689E-004,-3.768126189243048E-004,
2.489933333333334E+009,6.054198602214456E-004,-3.617869224399328E-004,6.312615005299449E-004,-3.321458061691374E-004,
2.489966666666667E+009,6.022785091772676E-004,-3.469523217063397E-004,5.518311518244445E-004,-3.292306500952691E-004,
2.490000000000000E+009,5.900148535147309E-004,-3.788431349676102E-004,6.001480505801737E-004,-3.510887909214944E-004,
2.490033333333334E+009,6.051465170457959E-004,-3.930376551579684E-004,5.834838957525790E-004,-4.118937358725816E-004,
2.490066666666667E+009,5.384730757214129E-004,-3.628213598858565E-004,5.833938485011458E-004,-3.681664820760489E-004,
2.490100000000000E+009,4.908464616164565E-004,-4.467472608666867E-004,5.534078227356076E-004,-3.774358483497053E-004,
2.490133333333334E+009,5.319896736182272E-004,-4.377356381155551E-004,4.921077052131295E-004,-3.935629792977125E-004,
2.490166666666667E+009,5.137581611052156E-004,-4.019705520477146E-004,4.715464601758868E-004,-4.531301965471357E-004,
2.490200000000000E+009,5.286434316076338E-004,-3.774406213779002E-004,5.703750066459179E-004,-4.514531756285578E-004,
2.490233333333334E+009,5.035309004597366E-004,-4.131109744776040E-004,4.741107113659382E-004,-4.357891157269478E-004,
2.490266666666667E+009,4.834346473217011E-004,-4.235786327626556E-004,4.891516291536391E-004,-4.472817236091942E-004,
2.490300000000000E+009,5.315954913385212E-004,-4.440115590114147E-004,5.098185501992703E-004,-4.690777859650552E-004,
2.490333333333334E+009,4.330653173383325E-004,-4.453762085177004E-004,4.226853488944471E-004,-4.858889733441174E-004,
2.490366666666667E+009,4.416606680024415E-004,-4.859645268879831E-004,4.400739853736013E-004,-4.828391538467258E-004,
2.490400000000000E+009,4.662155115511268E-004,-4.752949753310531E-004,3.934997948817909E-004,-4.456936731003225E-004,
2.490433333333334E+009,3.512460680212826E-004,-4.721614241134375E-004,3.635321627371013E-004,-4.706196486949921E-004,
2.490466666666667E+009,3.763880522456020E-004,-4.861625493504107E-004,3.642060910351574E-004,-5.386415868997574E-004,
2.490500000000000E+009,3.690254816319794E-004,-5.025153513997793E-004,3.851760120596737E-004,-4.928662092424929E-004,
2.490533333333334E+009,3.441879525780678E-004,-5.180776352062821E-004,3.884623583871871E-004,-5.247638910077512E-004,
2.490566666666667E+009,3.248064604122192E-004,-5.466328584589064E-004,3.463837201707065E-004,-5.441076937131584E-004,
2.490600000000000E+009,2.565727336332202E-004,-6.310215103439987E-004,3.752875491045415E-004,-5.660025053657591E-004,
2.490633333333334E+009,2.874005294870585E-004,-5.458979867398739E-004,3.639498609118164E-004,-5.394450272433460E-004,
2.490666666666667E+009,2.879795501939952E-004,-5.422838148660958E-004,3.114101127721369E-004,-5.675907596014440E-004,
2.490700000000000E+009,2.802868548315018E-004,-5.603566532954574E-004,2.805746626108885E-004,-5.691924015991390E-004,
2.490733333333334E+009,1.953093742486090E-004,-5.991611396893859E-004,2.481100382283330E-004,-6.138998433016241E-004,
2.490766666666667E+009,2.536369720473886E-004,-6.040069856680930E-004,2.258576132589951E-004,-5.855188355781138E-004,
2.490800000000000E+009,2.443607372697443E-004,-5.815868498757482E-004,2.319752238690853E-004,-5.028757732361555E-004,
2.490833333333334E+009,2.038564271060750E-004,-5.843056133016944E-004,2.403901744401082E-004,-5.687558441422880E-004,
2.490866666666667E+009,1.916102337418124E-004,-5.572591326199472E-004,2.217244327766821E-004,-5.541078280657530E-004,
2.490900000000000E+009,1.601868571015075E-004,-5.822311504743993E-004,1.439101033611223E-004,-5.999756394885480E-004,
2.490933333333334E+009,1.381919137202203E-004,-5.813675816170871E-004,1.971818128367886E-004,-6.111410330049694E-004,
2.490966666666667E+009,1.288487983401865E-004,-6.012290250509977E-004,1.604372228030115E-004,-6.433046073652804E-004,
2.491000000000000E+009,7.385388016700745E-005,-6.481020245701075E-004,1.272317167604342E-004,-6.303323898464441E-004,
2.491033333333334E+009,6.471112283179537E-005,-6.456488044932485E-004,1.178594538941979E-004,-5.849231965839863E-004,
2.491066666666667E+009,5.119248817209154E-005,-6.249938742257655E-004,4.936795448884368E-005,-6.319719832390547E-004,
2.491100000000000E+009,-6.689036581519758E-006,-6.192883593030274E-004,7.489349081879482E-005,-6.010027718730271E-004,
2.491133333333334E+009,5.412611426436342E-005,-6.258285720832646E-004,-2.059487997030374E-006,-5.888108280487359E-004,
2.491166666666667E+009,-5.556678661378101E-005,-6.411988870240748E-004,-6.992031558183953E-005,-6.422332371585071E-004,
2.491200000000000E+009,-4.524374890024774E-005,-6.216660258360207E-004,-5.623292599921115E-005,-5.368374986574054E-004,
2.491233333333334E+009,-9.132194827543572E-005,-5.622875178232789E-004,-6.581229536095634E-005,-5.216780118644238E-004,
2.491266666666667E+009,-3.347229721839540E-005,-5.218994338065386E-004,-1.009947663987987E-004,-5.856628413312137E-004,
2.491300000000000E+009,-1.079356079571880E-004,-6.095402059145272E-004,-6.655437027802691E-005,-5.476346123032272E-004,
2.491333333333334E+009,-1.115287741413340E-004,-5.498423124663532E-004,-1.499931095167995E-004,-6.344244466163218E-004,
2.491366666666667E+009,-1.312394160777330E-004,-5.922979325987399E-004,-7.990079757291824E-005,-6.142396596260369E-004,
2.491400000000000E+009,-5.906590740778484E-005,-5.726660019718111E-004,-1.543218822916970E-004,-5.723667563870549E-004,
2.491433333333334E+009,-8.959267142927274E-005,-6.393599323928356E-004,-1.127699215430766E-004,-6.142611964605749E-004,
2.491466666666667E+009,-1.356474240310490E-004,-5.851286696270108E-004,-1.120268498198129E-004,-5.848966538906097E-004,
2.491500000000000E+009,-1.135888232965954E-004,-5.603034514933825E-004,-1.384693314321339E-004,-6.146443774923682E-004,
2.491533333333334E+009,-1.844488433562219E-004,-6.146830855868757E-004,-1.589833555044606E-004,-5.689662648364902E-004,
2.491566666666667E+009,-1.474960590712726E-004,-6.065673078410327E-004,-2.096648531733081E-004,-5.873642512597144E-004,
2.491600000000000E+009,-1.765910128597170E-004,-6.042988970875740E-004,-1.691987563390285E-004,-6.026834598742425E-004,
2.491633333333334E+009,-2.065351291093975E-004,-5.516785895451903E-004,-1.970405428437516E-004,-5.963549483567476E-004,
2.491666666666667E+009,-1.803386694518849E-004,-5.742536159232259E-004,-2.239781169919297E-004,-5.837225471623242E-004,
2.491700000000000E+009,-2.192330575780943E-004,-5.414634360931814E-004,-2.011159522226080E-004,-5.611642845906317E-004,
2.491733333333334E+009,-2.505183219909668E-004,-5.080112605355680E-004,-2.440621319692582E-004,-5.783503293059766E-004,
2.491766666666667E+009,-2.799713402055204E-004,-5.905565340071917E-004,-2.282102650497109E-004,-5.023221601732075E-004,
2.491800000000000E+009,-2.576356637291610E-004,-5.435668281279504E-004,-2.424147678539157E-004,-5.349507555365562E-004,
2.491833333333334E+009,-2.634336415212601E-004,-5.262296763248742E-004,-2.313721779501066E-004,-5.611623637378216E-004,
2.491866666666667E+009,-3.299870004411787E-004,-5.060981493443251E-004,-2.976030809804797E-004,-5.029212916269898E-004,
2.491900000000000E+009,-2.773781307041645E-004,-5.402353708632290E-004,-3.121590998489410E-004,-5.485529545694590E-004,
2.491933333333334E+009,-3.480935120023787E-004,-4.811344842892140E-004,-3.324096032883972E-004,-5.204378394410014E-004,
2.491966666666667E+009,-3.680435766000301E-004,-5.082777934148908E-004,-3.229577559977770E-004,-4.860299522988498E-004,
2.492000000000000E+009,-3.746170550584793E-004,-4.712631634902209E-004,-3.150550182908773E-004,-4.648185567930341E-004,
2.492033333333334E+009,-4.195030778646469E-004,-4.385943466331810E-004,-3.072188119404018E-004,-4.878871259279549E-004,
2.492066666666667E+009,-3.088130033574998E-004,-4.135240160394460E-004,-3.411136276554316E-004,-4.410770488902926E-004,
2.492100000000000E+009,-2.977502590510994E-004,-4.309902724344283E-004,-3.496938734315336E-004,-4.423994396347553E-004,
2.492133333333334E+009,-3.644083626568317E-004,-4.641742852982134E-004,-4.229520272929221E-004,-4.682022554334253E-004,
2.492166666666667E+009,-3.556128067430109E-004,-4.338396829552949E-004,-3.238558711018413E-004,-4.307313647586852E-004,
2.492200000000000E+009,-3.817202814389020E-004,-3.936238936148584E-004,-4.135478520765901E-004,-3.894253750331700E-004,
2.492233333333334E+009,-3.936672292184085E-004,-3.998154716100544E-004,-3.958981833420694E-004,-3.746394941117615E-004,
2.492266666666667E+009,-4.155435890424997E-004,-4.166822764091194E-004,-4.651437920983881E-004,-3.517481673043221E-004,
2.492300000000000E+009,-3.862323937937617E-004,-3.927415236830711E-004,-4.262329603079706E-004,-4.014088772237301E-004,
2.492333333333334E+009,-4.493023734539747E-004,-3.543944621924311E-004,-4.511440056376159E-004,-3.895189729519188E-004,
2.492366666666667E+009,-3.980649344157428E-004,-3.286202554591000E-004,-4.253516672179103E-004,-3.510264214128256E-004,
2.492400000000000E+009,-4.701123398263007E-004,-2.696299052331597E-004,-5.042343982495368E-004,-3.496101417113096E-004,
2.492433333333334E+009,-4.926117253489792E-004,-2.872216573450714E-004,-4.435271548572928E-004,-3.277029609307647E-004,
2.492466666666667E+009,-4.861403722316027E-004,-2.805681724566966E-004,-4.250511701684445E-004,-3.277804935351014E-004,
2.492500000000000E+009,-4.759233852382749E-004,-2.207706857006997E-004,-4.664035805035383E-004,-2.778201887849718E-004,
2.492533333333334E+009,-4.903221270069480E-004,-2.701250487007201E-004,-5.419798544608057E-004,-2.808794379234314E-004,
2.492566666666667E+009,-4.887626855634153E-004,-2.803899405989796E-004,-5.104315932840109E-004,-2.795842592604458E-004,
2.492600000000000E+009,-4.921590443700552E-004,-2.640811726450920E-004,-5.263320636004210E-004,-2.569828648120165E-004,
2.492633333333334E+009,-5.047908052802086E-004,-2.494167420081794E-004,-5.109337507747114E-004,-2.526355674490333E-004,
2.492666666666667E+009,-5.406615673564374E-004,-2.402908576186746E-004,-4.989877925254405E-004,-2.168022037949413E-004,
2.492700000000000E+009,-5.796320619992912E-004,-1.781354076229036E-004,-5.277580348774791E-004,-1.473910378990695E-004,
2.492733333333334E+009,-5.775204044766724E-004,-1.802257174858823E-004,-5.296677118167281E-004,-1.126938004745171E-004,
2.492766666666667E+009,-5.317333270795643E-004,-6.807269528508186E-005,-5.159781430847943E-004,-1.156307553173974E-004,
2.492800000000000E+009,-4.962799721397460E-004,-9.003580635180697E-005,-5.269662942737341E-004,-8.681904728291556E-005,
2.492833333333334E+009,-5.419966764748097E-004,-7.405554060824215E-005,-5.137828411534429E-004,-1.027451871777885E-004,
2.492866666666667E+009,-5.057330708950758E-004,-6.041265078238212E-005,-4.978569922968745E-004,-1.082124072127044E-005,
2.492900000000000E+009,-4.612010670825839E-004,-2.548177326389123E-005,-5.406583659350872E-004,-2.415575727354735E-005,
2.492933333333334E+009,-4.904452944174409E-004,-6.345399742713198E-005,-5.575498216785491E-004,-1.485560915170936E-005,
2.492966666666667E+009,-5.403716932050884E-004,-1.100076474358502E-006,-5.488367169164121E-004,-3.596705573727377E-005,
2.493000000000000E+009,-6.001592846587300E-004,3.414111779420637E-005,-5.237233708612621E-004,1.555401468067430E-005,
2.493033333333334E+009,-6.140277255326510E-004,-1.941306982189417E-005,-4.842010384891182E-004,-1.106421132135438E-005,
2.493066666666667E+009,-5.205787019804120E-004,-2.855869388440624E-005,-5.868371808901429E-004,-8.617498679086566E-005,
2.493100000000000E+009,-4.880221968051046E-004,1.984176378755365E-005,-5.614990368485451E-004,-2.376621068833629E-006,
2.493133333333334E+009,-5.585423205047846E-004,2.603385109978262E-005,-5.768393166363239E-004,-1.287363920710050E-005,
2.493166666666667E+009,-5.096647073514760E-004,-4.139881275477819E-005,-5.478421808220446E-004,1.229448662343202E-005,
2.493200000000000E+009,-5.284475046209991E-004,1.341779807262356E-005,-5.609708023257554E-004,9.136752510130464E-007,
2.493233333333334E+009,-5.832560709677637E-004,6.760106771253049E-005,-5.241836770437658E-004,-9.240116924047470E-006,
2.493266666666667E+009,-5.488639581017196E-004,3.121880945400335E-005,-5.400166846811771E-004,3.155731246806681E-005,
2.493300000000000E+009,-5.154364625923336E-004,3.094675412285142E-005,-5.209398805163801E-004,8.733991853659973E-005,
2.493333333333334E+009,-4.656428645830602E-004,8.709484973223880E-005,-5.245670909062028E-004,8.696309669176117E-005,
2.493366666666667E+009,-4.909072304144502E-004,1.067049088305794E-004,-5.486623849719763E-004,8.882860129233450E-005,
2.493400000000000E+009,-5.592945963144302E-004,5.270513065624982E-005,-5.090441554784775E-004,9.864004096016288E-005,
2.493433333333334E+009,-5.085642915219069E-004,1.162431071861647E-004,-4.431451379787177E-004,1.097325730370358E-004,
2.493466666666667E+009,-5.188986542634666E-004,1.379477616865188E-004,-5.086261662654579E-004,1.400480105075985E-004,
2.493500000000000E+009,-5.238802405074239E-004,9.827312896959484E-005,-5.245770444162190E-004,1.615599321667105E-004,
2.493533333333334E+009,-5.299323238432407E-004,1.173379932879470E-004,-4.948349087499082E-004,1.660895068198443E-004,
2.493566666666667E+009,-5.566524923779070E-004,2.475155051797628E-004,-4.880570631939918E-004,1.864518999354914E-004,
2.493600000000000E+009,-5.164430476725102E-004,1.685861498117447E-004,-5.093622021377087E-004,1.684983290033415E-004,
2.493633333333334E+009,-4.591808828990907E-004,1.622033159947023E-004,-5.395223852247000E-004,1.382716000080109E-004,
2.493666666666667E+009,-5.112453363835812E-004,2.030922769336030E-004,-4.979356890544295E-004,2.540036221034825E-004,
2.493700000000000E+009,-5.129124037921429E-004,1.782671315595508E-004,-5.212873220443726E-004,2.457055670674890E-004,
2.493733333333334E+009,-4.669247718993574E-004,2.036387741100043E-004,-4.641950072254986E-004,2.681680780369788E-004,
2.493766666666667E+009,-4.589660675264895E-004,2.288961259182543E-004,-4.710294597316533E-004,2.426422433927655E-004,
2.493800000000000E+009,-4.479990166146308E-004,2.497344976291060E-004,-4.145841230638325E-004,2.635572163853794E-004,
2.493833333333334E+009,-4.664408916141838E-004,1.899046183098108E-004,-4.451092099770904E-004,2.496294619049877E-004,
2.493866666666667E+009,-4.120636731386185E-004,2.871114993467927E-004,-4.154947819188237E-004,2.735578163992614E-004,
2.493900000000000E+009,-4.078574129380286E-004,2.330188581254333E-004,-4.528652643784881E-004,2.819537476170808E-004,
2.493933333333334E+009,-5.064629367552698E-004,3.090672835242003E-004,-3.950974496547133E-004,3.375903761480004E-004,
2.493966666666667E+009,-3.871561493724585E-004,2.818408829625696E-004,-3.829137131106108E-004,3.256361815147102E-004,
2.494000000000000E+009,-3.658405039459467E-004,3.166073875036091E-004,-4.474793095141649E-004,3.307376755401492E-004,
2.494033333333334E+009,-3.861438890453428E-004,3.309138992335647E-004,-3.643900563474745E-004,3.501992032397538E-004,
2.494066666666667E+009,-3.717226791195571E-004,3.429520293138921E-004,-3.597414179239422E-004,3.693524631671608E-004,
2.494100000000000E+009,-3.647298726718873E-004,3.310980100650340E-004,-4.017780011054128E-004,3.757997183129191E-004,
2.494133333333334E+009,-3.203859087079763E-004,3.983479691669345E-004,-3.413860977161676E-004,3.506313660182059E-004,
2.494166666666667E+009,-3.094608255196363E-004,3.818265686277300E-004,-3.544413775671274E-004,3.274595073889941E-004,
2.494200000000000E+009,-3.701283421833068E-004,3.911229141522199E-004,-3.261775418650359E-004,3.789540787693113E-004,
2.494233333333334E+009,-3.105689829681069E-004,3.711969766300172E-004,-2.963604929391295E-004,4.258655826561153E-004,
2.494266666666667E+009,-2.901299740187824E-004,3.716902865562588E-004,-2.676288422662765E-004,4.447331302799285E-004,
2.494300000000000E+009,-2.133223897544667E-004,3.813424264080823E-004,-2.116763644153252E-004,4.313700192142278E-004,
2.494333333333334E+009,-1.906882098410279E-004,4.198154783807695E-004,-1.332207320956513E-004,3.940732567571104E-004,
2.494366666666667E+009,-2.506119781173766E-004,3.867304185405374E-004,-1.762797037372366E-004,3.927753423340619E-004,
2.494400000000000E+009,-2.037513913819566E-004,3.907276550307870E-004,-2.107377076754347E-004,3.518775047268719E-004,
2.494433333333334E+009,-2.415850321995094E-004,4.679617995861918E-004,-1.943322422448546E-004,4.431428969837725E-004,
2.494466666666667E+009,-2.037953090621159E-004,4.051389987580478E-004,-1.730362419039011E-004,4.255670355632901E-004,
2.494500000000000E+009,-1.990721939364448E-004,4.234328807797283E-004,-1.416558807250112E-004,4.152887559030205E-004,
2.494533333333334E+009,-1.483854284742847E-004,4.988689324818552E-004,-1.116136700147763E-004,4.286767798475921E-004,
2.494566666666667E+009,-1.899844792205840E-004,4.127434513065964E-004,-1.766763016348705E-004,4.453837464097887E-004,
2.494600000000000E+009,-1.626870944164693E-004,4.708970373030752E-004,-1.453013974241912E-004,4.730341897811741E-004,
2.494633333333334E+009,-1.483844971517101E-004,4.591014585457742E-004,-1.651887723710388E-004,4.371860122773796E-004,
2.494666666666667E+009,-1.569617161294445E-004,3.920299641322345E-004,-1.756183919496834E-004,4.240581765770912E-004,
2.494700000000000E+009,-1.241133286384866E-004,4.568891599774361E-004,-1.260569842997938E-004,5.179809522815049E-004,
2.494733333333334E+009,-1.629351609153673E-004,4.624795983545482E-004,-1.012475331663154E-004,4.503404779825360E-004,
2.494766666666667E+009,-1.176847654278390E-004,4.159310483373702E-004,-1.435422454960644E-004,4.419402976054698E-004,
2.494800000000000E+009,-8.250495011452586E-005,4.521952650975436E-004,-1.142138207796961E-004,4.713986709248275E-004,
2.494833333333334E+009,-9.523998596705496E-005,5.021321121603251E-004,-1.041699506458826E-004,4.803291521966457E-004,
2.494866666666667E+009,-7.232679490698502E-005,4.293169185984880E-004,-1.233920338563621E-004,4.539165529422462E-004,
2.494900000000000E+009,-7.909900887170807E-005,4.317055863793939E-004,-1.034791130223312E-004,4.487927071750164E-004,
2.494933333333334E+009,-9.737403888721019E-005,4.864939837716520E-004,-3.202144580427557E-005,4.469031409826130E-004,
2.494966666666667E+009,-2.730651249294169E-005,4.456533060874790E-004,-6.772466440452263E-005,4.873750440310687E-004,
2.495000000000000E+009,-2.745900383160915E-005,5.230117239989340E-004,-8.440062811132520E-005,4.110420413780958E-004,
2.495033333333334E+009,-6.538750312756747E-005,4.855842562392354E-004,-1.203621286549605E-005,5.297502502799034E-004,
2.495066666666667E+009,-5.355305620469153E-005,5.008536973036826E-004,1.383479138894472E-005,4.598481755238026E-004,
2.495100000000000E+009,7.801800165907480E-006,4.048990376759321E-004,-2.675475116120651E-005,4.465304373297840E-004,
2.495133333333334E+009,3.834657036350109E-005,4.532566526904702E-004,6.439322078222176E-006,5.526612512767315E-004,
2.495166666666667E+009,4.992488175048493E-005,4.663488361984491E-004,5.950263584963977E-006,4.992215544916689E-004,
2.495200000000000E+009,4.284354872652330E-006,4.601658729370683E-004,1.222199625772191E-005,4.284827155061066E-004,
2.495233333333334E+009,4.586840077536181E-005,4.637786769308150E-004,9.468658390687779E-005,4.777344583999366E-004,
2.495266666666667E+009,1.376242471451405E-005,5.143646849319339E-004,1.069871286745183E-004,4.430766566656530E-004,
2.495300000000000E+009,1.035355599015020E-004,4.895516904070973E-004,5.007494837627746E-005,4.399531753733754E-004,
2.495333333333334E+009,1.137446597567760E-004,4.343385226093233E-004,9.440298163099214E-005,4.716977709904313E-004,
2.495366666666667E+009,9.057622082764283E-005,3.902486059814692E-004,8.374513708986342E-005,4.432015703059733E-004,
2.495400000000000E+009,9.821148705668747E-005,4.508689162321389E-004,5.426069765235297E-005,4.279203712940216E-004,
2.495433333333334E+009,9.905867045745254E-005,4.515641485340893E-004,1.504999527242035E-004,4.279610584490001E-004,
2.495466666666667E+009,1.634360523894429E-004,4.178730014245957E-004,1.561429671710357E-004,4.185351135674864E-004,
2.495500000000000E+009,1.612942432984710E-004,4.310989170335233E-004,1.418916217517108E-004,3.516345168463886E-004,
2.495533333333334E+009,1.388867094647139E-004,3.934486885555089E-004,9.045645856531337E-005,4.324089095462114E-004,
2.495566666666667E+009,1.096605119528249E-004,4.184650606475771E-004,1.577730581630021E-004,3.715359198395163E-004,
2.495600000000000E+009,1.970773300854489E-004,3.996985906269401E-004,1.782216568244621E-004,3.945538192056119E-004,
2.495633333333334E+009,1.920024224091321E-004,3.677942149806768E-004,2.054646902251989E-004,3.996200975961983E-004,
2.495666666666667E+009,2.055016520898789E-004,4.269445780664682E-004,2.156687987735495E-004,4.135215422138572E-004,
2.495700000000000E+009,1.859759649960324E-004,4.071013827342540E-004,1.435691374354065E-004,3.843217564281076E-004,
2.495733333333334E+009,1.806121872505173E-004,3.324510180391371E-004,1.975285122171044E-004,3.782809944823384E-004,
2.495766666666667E+009,2.586396003607661E-004,3.581416967790574E-004,2.101556310663000E-004,3.487967769615352E-004,
2.495800000000000E+009,2.471988264005631E-004,2.906789013650268E-004,2.169097861042246E-004,3.284151898697019E-004,
2.495833333333334E+009,2.387374552199617E-004,2.957396791316569E-004,3.464872133918107E-004,3.277763898950070E-004,
2.495866666666667E+009,2.306292735738680E-004,3.428182390052825E-004,2.846135466825217E-004,2.843363035935909E-004,
2.495900000000000E+009,3.106399090029299E-004,2.713849826250225E-004,2.805473050102592E-004,2.623254549689591E-004,
2.495933333333334E+009,2.927120949607343E-004,2.192988613387570E-004,2.866373397409916E-004,1.729905052343383E-004,
2.495966666666667E+009,3.221302176825702E-004,2.403180988039821E-004,3.064404299948365E-004,2.483573625795543E-004,
2.496000000000000E+009,2.939934202004224E-004,2.779195492621511E-004,3.281896933913231E-004,2.023407869273797E-004,
2.496033333333334E+009,2.430923341307789E-004,2.232242259196937E-004,3.225633408874273E-004,2.548957127146423E-004,
2.496066666666667E+009,3.479680744931102E-004,2.278867177665234E-004,2.386905107414350E-004,2.199299487983808E-004,
2.496100000000000E+009,2.727075770962983E-004,1.825359358917922E-004,3.057723806705326E-004,1.811422553146258E-004,
2.496133333333334E+009,3.122962079942226E-004,2.556839026510716E-004,3.371830680407584E-004,2.951815258711577E-004,
2.496166666666667E+009,3.155783924739808E-004,2.118286793120205E-004,3.451414813753218E-004,2.435453061480075E-004,
2.496200000000000E+009,3.503533371258527E-004,2.064354484900832E-004,3.432594821788371E-004,2.388194989180192E-004,
2.496233333333334E+009,4.071214061696082E-004,2.282209898112342E-004,3.767811867874116E-004,1.984896371141076E-004,
2.496266666666667E+009,3.488910151645541E-004,2.418052172288299E-004,3.277590440120548E-004,1.957622589543462E-004,
2.496300000000000E+009,3.643546369858086E-004,2.091542119160295E-004,3.680153167806566E-004,1.860272313933820E-004,
2.496333333333334E+009,3.470376832410693E-004,1.551616151118651E-004,3.871782973874360E-004,1.953213213710114E-004,
2.496366666666667E+009,3.543886996340007E-004,1.632741623325273E-004,3.721322282217443E-004,2.552534278947860E-004,
2.496400000000000E+009,3.629999118857086E-004,1.584405981702730E-004,3.554582071956247E-004,1.430957636330277E-004,
2.496433333333334E+009,3.458774590399116E-004,1.852792338468134E-004,3.014366666320711E-004,1.985410053748637E-004,
2.496466666666667E+009,3.951226826757193E-004,2.176263078581542E-004,3.372064675204456E-004,1.935266918735579E-004,
2.496500000000000E+009,4.126565181650221E-004,2.484470605850220E-004,4.031329881399870E-004,1.848572283051908E-004,
2.496533333333334E+009,3.227650886401534E-004,1.538918149890378E-004,3.590413543861359E-004,1.300403091590852E-004,
2.496566666666667E+009,4.194294160697609E-004,1.989125594263896E-004,3.564788494259119E-004,1.646402379265055E-004,
2.496600000000000E+009,3.905614430550486E-004,1.586989092174918E-004,3.809698100667447E-004,1.198648460558616E-004,
2.496633333333334E+009,3.776885278057307E-004,9.617212344892323E-005,3.604470693971962E-004,1.519117504358292E-004,
2.496666666666667E+009,3.425369504839182E-004,8.623747271485627E-005,3.651783626992255E-004,1.407031377311796E-004,
2.496700000000000E+009,3.589562547858805E-004,1.027581020025536E-004,3.838715492747724E-004,9.072945977095515E-005,
2.496733333333334E+009,3.971396363340318E-004,6.185657548485324E-005,3.283102414570749E-004,1.038223563227803E-004,
2.496766666666667E+009,3.863165038637817E-004,8.490651089232415E-005,3.757813828997314E-004,1.211820490425453E-004,
2.496800000000000E+009,4.102647944819182E-004,8.228663500631228E-005,3.812292125076056E-004,5.739708649343811E-005,
2.496833333333334E+009,3.660677757579833E-004,2.394889997958671E-005,3.735458303708583E-004,5.859775046701543E-005,
2.496866666666667E+009,3.627758997026831E-004,4.535453626886010E-005,3.550328256096691E-004,7.761403685435653E-005,
2.496900000000000E+009,3.751053591258824E-004,4.085307955392636E-005,4.276120162103325E-004,5.531385249923915E-005,
2.496933333333334E+009,3.729698073584586E-004,-2.078252509818412E-005,4.259683191776276E-004,-8.116289222925843E-007,
2.496966666666667E+009,3.389644552953541E-004,5.154162863618694E-005,4.139052762184292E-004,-1.972577229025774E-005,
2.497000000000000E+009,3.650477738119662E-004,2.617328391352203E-005,3.587065148167312E-004,-1.685533607087564E-005,
2.497033333333334E+009,3.691418387461454E-004,-2.125711944245268E-005,3.810366324614734E-004,4.459830961422995E-005,
2.497066666666667E+009,2.959015255328268E-004,1.459599388908828E-005,4.066621768288314E-004,-2.139542266377248E-005,
2.497100000000000E+009,3.621311334427446E-004,-2.734302506723907E-005,3.698653890751302E-004,-2.305270936631132E-005,
2.497133333333334E+009,3.571795241441578E-004,-5.716828673030250E-005,3.604136290960014E-004,1.766536115610506E-005,
2.497166666666667E+009,3.866065235342830E-004,-4.999652082915418E-005,3.317908558528870E-004,-8.979255653684959E-005,
2.497200000000000E+009,3.955698048230261E-004,-4.887664181296714E-005,3.662742965389043E-004,-6.548492820002139E-005,
2.497233333333334E+009,3.483545151539147E-004,-1.183183558168821E-004,3.344232682138681E-004,-4.825888754567131E-005,
2.497266666666667E+009,3.753454657271504E-004,-5.380354195949622E-005,3.798898833338171E-004,-7.004442159086466E-005,
2.497300000000000E+009,2.957737306132913E-004,-1.036450921674259E-004,3.725103451870382E-004,-6.746270810253918E-005,
2.497333333333334E+009,3.430077049415559E-004,-7.832663686713204E-005,3.461897431407124E-004,-7.790337258484215E-005,
2.497366666666667E+009,3.290834138169885E-004,-1.301627198699862E-004,2.929189067799598E-004,-1.068761630449444E-004,
2.497400000000000E+009,3.196306934114546E-004,-9.230830619344488E-005,3.193488810211420E-004,-1.429795374860987E-004,
2.497433333333334E+009,3.022002056241036E-004,-1.619333343114704E-004,2.603236061986536E-004,-1.571020839037374E-004,
2.497466666666667E+009,3.004125901497901E-004,-9.540685277897865E-005,2.351422008359805E-004,-1.865078520495445E-004,
2.497500000000000E+009,2.267227246193215E-004,-1.634456712054089E-004,2.427464642096311E-004,-1.143230692832731E-004,
2.497533333333334E+009,1.780940365279093E-004,-1.483877858845517E-004,2.524868468753994E-004,-1.479356433264911E-004,
2.497566666666667E+009,2.266552619403228E-004,-1.076676708180457E-004,2.959617704618722E-004,-1.153866469394416E-004,
2.497600000000000E+009,2.423597761662677E-004,-1.679831766523421E-004,2.496015513315797E-004,-1.743539032759145E-004,
2.497633333333334E+009,2.275072911288589E-004,-1.713338278932497E-004,2.438059746054933E-004,-1.877476752270013E-004,
2.497666666666667E+009,1.673966180533171E-004,-1.825780782382935E-004,2.967191103380173E-004,-1.891906867967919E-004,
2.497700000000000E+009,2.423549012746662E-004,-2.198529546149075E-004,2.116944524459541E-004,-1.655911473790184E-004,
2.497733333333334E+009,2.483302378095686E-004,-1.669932680670172E-004,2.213088446296752E-004,-2.281655033584684E-004,
2.497766666666667E+009,2.537203254178166E-004,-1.832440757425502E-004,2.506549062673003E-004,-1.475407771067694E-004,
2.497800000000000E+009,2.444690617267042E-004,-1.852936547948048E-004,2.417059586150572E-004,-2.557716215960681E-004,
2.497833333333334E+009,2.675753785297275E-004,-1.786453649401665E-004,2.320030034752563E-004,-1.927788543980569E-004,
2.497866666666667E+009,2.129682834492996E-004,-1.483430096413940E-004,2.404824772384018E-004,-2.064735890598968E-004,
2.497900000000000E+009,2.018217055592686E-004,-2.567454066593200E-004,2.327859838260338E-004,-2.335805329494178E-004,
2.497933333333334E+009,2.463512064423412E-004,-1.697262487141416E-004,2.225322823505849E-004,-2.631388197187334E-004,
2.497966666666667E+009,1.932269369717687E-004,-2.093289222102612E-004,2.478051173966378E-004,-1.625893783057109E-004,
2.498000000000000E+009,1.856604940257967E-004,-2.081713319057599E-004,1.861830241978169E-004,-2.086822933051735E-004,
2.498033333333334E+009,2.241988695459440E-004,-2.073667710646987E-004,1.880588679341599E-004,-2.093746443279088E-004,
2.498066666666667E+009,2.312738361069933E-004,-2.098988625220954E-004,2.040035178652033E-004,-2.019340172410011E-004,
2.498100000000000E+009,1.828174863476306E-004,-2.519064291846007E-004,1.765420893207192E-004,-2.277700841659680E-004,
2.498133333333334E+009,1.635662629269064E-004,-2.041529514826834E-004,1.504992396803573E-004,-1.797150907805190E-004,
2.498166666666667E+009,1.622277777642012E-004,-2.288962132297456E-004,2.186110214097425E-004,-1.692843798082322E-004,
2.498200000000000E+009,1.793150295270607E-004,-2.165183977922425E-004,2.292727440362796E-004,-2.534458762966096E-004,
2.498233333333334E+009,1.758922153385356E-004,-2.738493785727769E-004,1.936648332048208E-004,-2.478868991602212E-004,
2.498266666666667E+009,2.348028647247702E-004,-2.625957131385803E-004,1.195488293888047E-004,-2.193371328758076E-004,
2.498300000000000E+009,1.869770349003375E-004,-2.551893703639507E-004,1.316166744800285E-004,-2.382294478593394E-004,
2.498333333333334E+009,1.516469637863338E-004,-2.594832621980459E-004,2.099509874824435E-004,-2.925459120888263E-004,
2.498366666666667E+009,1.705588074401021E-004,-2.399589138804004E-004,1.466794929001480E-004,-2.071168710244820E-004,
2.498400000000000E+009,1.239351258846000E-004,-2.859901869669557E-004,1.126895949710161E-004,-2.517328830435872E-004,
2.498433333333334E+009,4.478520349948667E-005,-2.526319003663957E-004,1.351996761513874E-004,-2.214753039879724E-004,
2.498466666666667E+009,1.041367795551196E-004,-2.619438746478409E-004,1.035642781062052E-004,-2.348364214412868E-004,
2.498500000000000E+009,1.028457118081860E-004,-2.391970483586192E-004,1.271436631213874E-004,-2.797206107061356E-004,
2.498533333333334E+009,1.469928392907605E-004,-2.597582351882011E-004,1.364786439808086E-004,-2.142409211955965E-004,
2.498566666666667E+009,1.039671915350482E-004,-2.477103844285011E-004,1.086283591575921E-004,-1.888183614937589E-004,
2.498600000000000E+009,9.494704863755032E-005,-3.020836738869548E-004,4.477330367080867E-005,-2.176288253394887E-004,
2.498633333333334E+009,1.173949276562780E-004,-2.423314144834876E-004,9.067352948477492E-005,-2.581840672064573E-004,
2.498666666666667E+009,5.193253673496656E-005,-2.472428895998746E-004,1.043677766574547E-004,-2.887259179260582E-004,
2.498700000000000E+009,6.272664177231491E-005,-2.278554893564433E-004,1.263920858036727E-004,-2.790956932585686E-004,
2.498733333333334E+009,5.933433567406610E-005,-1.897531037684530E-004,7.582957914564759E-005,-2.897992380894721E-004,
2.498766666666667E+009,8.352818986168131E-005,-2.489030594006181E-004,1.912797415570822E-005,-2.486589655745775E-004,
2.498800000000000E+009,6.795045192120597E-005,-2.079785044770688E-004,7.708692282903940E-005,-2.545234747231007E-004,
2.498833333333334E+009,4.425646693562158E-005,-2.276018785778433E-004,7.065488898660988E-005,-2.759927301667631E-004,
2.498866666666667E+009,7.028468826320022E-005,-1.880106428870931E-004,-1.423630328645231E-005,-2.279902837472037E-004,
2.498900000000000E+009,-3.543895218172111E-005,-2.325481473235413E-004,3.026324975508032E-006,-2.160756557714194E-004,
2.498933333333334E+009,1.209556103276555E-005,-2.317117323400453E-004,-1.561410681460984E-005,-2.692560083232820E-004,
2.498966666666667E+009,-2.237537592009176E-005,-2.922175626736134E-004,5.613702887785621E-005,-2.790141443256289E-004,
2.499000000000000E+009,3.214206299162470E-005,-2.775500179268420E-004,1.835952934925444E-005,-2.590830845292658E-004,
2.499033333333334E+009,-3.979869507020339E-005,-1.976186467800289E-004,-3.309503881609999E-005,-2.311212301719934E-004,
2.499066666666667E+009,-8.179738506441936E-005,-2.501557173673064E-004,-5.850855814060196E-005,-2.224385971203446E-004,
2.499100000000000E+009,-3.917057983926497E-005,-1.646160962991417E-004,-7.352032753260573E-006,-2.204852644354105E-004,
2.499133333333334E+009,-8.540813922763846E-008,-2.043123386101797E-004,1.224196694238344E-005,-1.962326059583575E-004,
2.499166666666667E+009,-6.754919013474137E-005,-1.746946945786476E-004,-6.374240911100060E-006,-2.106083702528849E-004,
2.499200000000000E+009,-3.233228562748991E-005,-2.674881834536791E-004,-2.786337427096441E-005,-1.844614307628945E-004,
2.499233333333334E+009,-6.621317879762501E-005,-1.900596107589081E-004,-1.131397311837645E-005,-2.276507584610954E-004,
2.499266666666667E+009,-7.425082731060684E-005,-1.736596750561148E-004,5.581359800999053E-006,-2.382491366006434E-004,
2.499300000000000E+009,-5.627407881547697E-005,-1.886089448817074E-004,-8.313958096550778E-005,-2.609903458505869E-004,
2.499333333333334E+009,-2.368609057157300E-005,-1.756691199261695E-004,2.632347332109930E-006,-1.983039255719632E-004,
2.499366666666667E+009,-6.604413647437468E-005,-1.951195008587092E-004,-7.987641583895311E-005,-1.999368105316535E-004,
2.499400000000000E+009,-6.368321919580922E-005,-2.215799759142101E-004,-4.303532477933914E-005,-1.862147619249299E-004,
2.499433333333334E+009,-8.436603093286976E-005,-2.109186752932146E-004,-4.591937249642797E-005,-2.385259867878631E-004,
2.499466666666667E+009,-5.350805076886900E-005,-2.448851591907442E-004,-9.787140879780054E-005,-2.210313687101007E-004,
2.499500000000000E+009,-7.517234917031601E-005,-2.453035267535597E-004,-9.638650954002515E-005,-1.928094861796126E-004,
2.499533333333334E+009,-6.789668987039477E-005,-2.125072787748650E-004,-2.928020876424853E-005,-2.131352375727147E-004,
2.499566666666667E+009,-1.188287060358562E-004,-1.611194165889174E-004,-5.139075801707804E-005,-2.226739306934178E-004,
2.499600000000000E+009,-8.280530892079696E-005,-1.515273761469871E-004,-4.966357300872915E-005,-1.878249750006944E-004,
2.499633333333334E+009,-8.696118311490864E-005,-2.303588844370097E-004,-8.197603892767802E-005,-1.702920271782205E-004,
2.499666666666667E+009,-4.820449248654768E-005,-2.386076957918704E-004,-9.231469448423013E-005,-1.845812948886305E-004,
2.499700000000000E+009,-5.061706906417385E-005,-2.054360811598599E-004,-4.866397648584098E-005,-1.459756022086367E-004,
2.499733333333334E+009,-3.731574179255404E-005,-1.533919130451977E-004,-6.961610779399052E-005,-2.475171349942684E-004,
2.499766666666667E+009,-5.859031807631254E-005,-1.627790188649669E-004,-1.380853354930878E-004,-2.493154315743595E-004,
2.499800000000000E+009,-6.759035022696480E-005,-1.673364458838478E-004,-1.172609991044737E-004,-1.839722972363234E-004,
2.499833333333334E+009,-1.222511345986277E-004,-1.525019615655765E-004,-1.292533415835351E-004,-1.845821534516290E-004,
2.499866666666667E+009,-1.274560490855947E-004,-1.986495481105521E-004,-1.104982220567763E-004,-2.197611465817317E-004,
2.499900000000000E+009,-1.183242420665920E-004,-1.716732658678666E-004,-8.582752343500033E-005,-1.664542505750433E-004,
2.499933333333334E+009,-7.454576552845538E-005,-1.835723960539326E-004,-1.299087016377598E-004,-1.901356008602306E-004,
2.499966666666667E+009,-1.488400739617646E-004,-2.086539607262239E-004,-1.039890485117212E-004,-1.664170267758891E-004,
2.500000000000000E+009,-1.642896677367389E-004,-2.015298377955332E-004,-1.368253288092092E-004,-1.741631131153554E-004,
