% Version 1.00
%
%freq[Hz];re:Trc1_S21;im:Trc1_S21;re:Trc2_S12;im:Trc2_S12;
2.480000000000000E+009,1.631433260627091E-004,1.097558648325503E-003,1.326292403973639E-004,1.193001633509994E-003,
2.480033333333334E+009,1.769146911101416E-004,1.128481235355139E-003,1.594633213244379E-004,1.099524321034551E-003,
2.480066666666667E+009,1.956357009476051E-004,1.096988562494516E-003,2.033475029747933E-004,1.141923828981817E-003,
2.480100000000000E+009,2.324733213754371E-004,1.172390417195857E-003,2.826493873726577E-004,1.106813549995422E-003,
2.480133333333334E+009,2.463557466398925E-004,1.085420255549252E-003,2.354398748138920E-004,1.088063698261976E-003,
2.480166666666667E+009,2.681451442185789E-004,1.109905773773789E-003,2.704267972148955E-004,1.098810811527073E-003,
2.480200000000000E+009,3.163219662383199E-004,1.122517976909876E-003,3.549639950506389E-004,1.114445272833109E-003,
2.480233333333334E+009,3.135640872642398E-004,1.110137556679547E-003,3.522980259731412E-004,1.097568660043180E-003,
2.480266666666667E+009,3.494960255920887E-004,1.103239483200014E-003,3.364974691066891E-004,1.109441393055022E-003,
2.480300000000000E+009,3.969995013903827E-004,1.076521002687514E-003,3.952491097152233E-004,1.132228760980070E-003,
2.480333333333334E+009,4.260257119312882E-004,1.075788284651935E-003,4.718433774542064E-004,1.043567317537963E-003,
2.480366666666667E+009,4.583603586070240E-004,1.078814500942826E-003,4.572399484459311E-004,1.021683216094971E-003,
2.480400000000000E+009,4.676250682678074E-004,9.978922316804528E-004,4.663820727728307E-004,1.107391668483615E-003,
2.480433333333334E+009,5.207494832575321E-004,1.033655717037618E-003,4.788715741597116E-004,1.038184040226042E-003,
2.480466666666667E+009,5.159314023330808E-004,9.972400730475783E-004,5.349827115423977E-004,1.062882132828236E-003,
2.480500000000000E+009,5.927576567046344E-004,9.471754310652614E-004,5.891377804800868E-004,9.686761768534780E-004,
2.480533333333334E+009,6.340444087982178E-004,9.617469040676951E-004,5.662827170453966E-004,9.544454514980316E-004,
2.480566666666667E+009,5.560645950026810E-004,9.731068857945502E-004,6.167210522107780E-004,9.519726154394448E-004,
2.480600000000000E+009,6.016282131895423E-004,9.942741598933935E-004,6.506151985377073E-004,9.187767864204943E-004,
2.480633333333334E+009,7.058443734422326E-004,9.498205618001521E-004,6.615848978981376E-004,9.020431898534298E-004,
2.480666666666667E+009,7.122704409994185E-004,9.929494699463248E-004,6.613585865125060E-004,9.568597306497395E-004,
2.480700000000000E+009,7.045375532470644E-004,8.955945377238095E-004,7.254633237607777E-004,8.514922810718417E-004,
2.480733333333334E+009,7.439051987603307E-004,8.853618055582047E-004,7.696718676015735E-004,9.454010287299752E-004,
2.480766666666667E+009,7.495395839214325E-004,8.274129359051585E-004,7.843092898838222E-004,8.555292733944953E-004,
2.480800000000000E+009,7.716178079135716E-004,8.249943493865430E-004,8.033575140871108E-004,7.949529681354761E-004,
2.480833333333334E+009,7.604844286106527E-004,8.343892404809594E-004,8.266703807748854E-004,8.152893278747797E-004,
2.480866666666667E+009,7.663119467906654E-004,7.424411014653742E-004,7.631254848092794E-004,7.899958291091025E-004,
2.480900000000000E+009,8.469690801575780E-004,8.225851925089955E-004,8.430709131062031E-004,7.956392946653068E-004,
2.480933333333334E+009,8.017448708415031E-004,7.506707916036248E-004,8.272454724647105E-004,7.625987636856735E-004,
2.480966666666667E+009,9.007088374346495E-004,6.816254463046789E-004,9.006286272779107E-004,6.844591698609293E-004,
2.481000000000000E+009,8.891897159628570E-004,6.714861956425011E-004,8.718059398233891E-004,6.760366377420723E-004,
2.481033333333334E+009,8.857448701746762E-004,6.934739067219198E-004,9.703685063868761E-004,6.196981412358582E-004,
2.481066666666667E+009,8.894276688806713E-004,6.324464920908213E-004,9.247035486623645E-004,6.384746520780027E-004,
2.481100000000000E+009,9.162104688584805E-004,6.392438663169742E-004,9.678632486611605E-004,6.490150699391961E-004,
2.481133333333334E+009,9.469864307902753E-004,5.956167588010430E-004,9.991436963900924E-004,5.757930339314044E-004,
2.481166666666667E+009,9.926552884280682E-004,5.857034120708704E-004,1.004052930511534E-003,5.510712508112192E-004,
2.481200000000000E+009,1.006447826512158E-003,5.330376443453133E-004,1.038822811096907E-003,5.476947408169508E-004,
2.481233333333334E+009,9.880734141916037E-004,5.771647556684911E-004,1.062406692653894E-003,5.577360861934722E-004,
2.481266666666667E+009,9.949351660907269E-004,4.676084499806166E-004,1.057737274095416E-003,4.926423425786197E-004,
2.481300000000000E+009,1.051400206051767E-003,4.527560668066144E-004,1.069086138159037E-003,4.422331403475255E-004,
2.481333333333334E+009,1.125148381106556E-003,3.972695849370211E-004,1.085226424038410E-003,3.823255538009107E-004,
2.481366666666667E+009,1.093527185730636E-003,4.017415631096810E-004,1.087894779630005E-003,4.283114103600383E-004,
2.481400000000000E+009,1.118286047130823E-003,3.828983462881297E-004,1.079334644600749E-003,3.668777644634247E-004,
2.481433333333334E+009,1.089304219931364E-003,3.254671755712479E-004,1.086798496544361E-003,3.646599652711302E-004,
2.481466666666667E+009,1.144312322139740E-003,3.192586882505566E-004,1.048696110956371E-003,3.148884279653430E-004,
2.481500000000000E+009,1.128882053308189E-003,3.081478062085807E-004,1.147874863818288E-003,3.011388762388378E-004,
2.481533333333334E+009,1.122468267567456E-003,2.626619534566999E-004,1.161739462986589E-003,2.881950931623578E-004,
2.481566666666667E+009,1.072461600415409E-003,2.557321859057993E-004,1.167615060694516E-003,2.326779795112088E-004,
2.481600000000000E+009,1.121284672990441E-003,2.099057455779985E-004,1.120185246691108E-003,2.269345714012161E-004,
2.481633333333334E+009,1.129298587329686E-003,1.554007758386433E-004,1.174794742837548E-003,2.186727797379717E-004,
2.481666666666667E+009,1.119041116908193E-003,9.217589831678197E-005,1.095005776733160E-003,1.795235584722832E-004,
2.481700000000000E+009,1.150128664448857E-003,1.131109675043263E-004,1.121396082453430E-003,4.899013947579078E-005,
2.481733333333334E+009,1.137920771725476E-003,6.014893006067723E-005,1.151030650362372E-003,9.218972263624892E-005,
2.481766666666667E+009,1.198103185743094E-003,4.788423029822297E-005,1.118022133596242E-003,6.862007285235450E-005,
2.481800000000000E+009,1.168343122117221E-003,5.264438641461311E-006,1.117829466238618E-003,3.325508441776037E-005,
2.481833333333334E+009,1.169515657238662E-003,2.000436870730482E-005,1.195335411466658E-003,-2.381938611506484E-005,
2.481866666666667E+009,1.146893249824643E-003,-8.133306255331263E-005,1.099267974495888E-003,8.162381163856480E-006,
2.481900000000000E+009,1.151321688666940E-003,-4.270670615369454E-005,1.098674838431180E-003,-1.214569056173787E-004,
2.481933333333334E+009,1.146478229202330E-003,-9.500420128460974E-005,1.127347582951188E-003,-8.091222116490826E-005,
2.481966666666667E+009,1.152399345301092E-003,-1.404060894856229E-004,1.134837861172855E-003,-1.709640637272969E-004,
2.482000000000000E+009,1.137541374191642E-003,-1.927121629705653E-004,1.076714368537068E-003,-1.233437069458887E-004,
2.482033333333334E+009,1.153992605395615E-003,-2.277453168062493E-004,1.175455516204238E-003,-2.049890317721292E-004,
2.482066666666667E+009,1.181063475087285E-003,-2.253717102576047E-004,1.115080900490284E-003,-2.562904846854508E-004,
2.482100000000000E+009,1.061182818375528E-003,-2.541565336287022E-004,1.090116216801107E-003,-2.533824881538749E-004,
2.482133333333334E+009,1.089354860596359E-003,-3.012879169546068E-004,1.154945464804769E-003,-2.819026121869683E-004,
2.482166666666667E+009,1.054028165526688E-003,-3.150062984786928E-004,1.134489779360592E-003,-3.441081789787859E-004,
2.482200000000000E+009,1.042035175487399E-003,-3.806067397817969E-004,1.077646622434259E-003,-3.367715980857611E-004,
2.482233333333334E+009,1.031196326948702E-003,-3.805263258982450E-004,1.080078422091901E-003,-4.161638498771936E-004,
2.482266666666667E+009,1.126680755987763E-003,-4.682436410803348E-004,1.030654762871563E-003,-3.843286540359259E-004,
2.482300000000000E+009,1.076128566637635E-003,-4.519282956607640E-004,1.102308859117329E-003,-4.542485694400966E-004,
2.482333333333334E+009,1.076626940630376E-003,-4.706805339083076E-004,1.037035952322185E-003,-5.070177139714360E-004,
2.482366666666667E+009,1.095606246963143E-003,-4.912498407065868E-004,1.032576663419604E-003,-5.313337896950543E-004,
2.482400000000000E+009,9.764665155671537E-004,-4.998292424716055E-004,1.041750190779567E-003,-5.589420325122774E-004,
2.482433333333334E+009,9.930378291755915E-004,-5.240377504378557E-004,1.028940547257662E-003,-5.657236906699836E-004,
2.482466666666667E+009,9.858981939032674E-004,-5.978295230306685E-004,9.950869716703892E-004,-5.698315217159689E-004,
2.482500000000000E+009,9.618872427381575E-004,-6.086151697672904E-004,9.143042843788862E-004,-5.904974532313645E-004,
2.482533333333334E+009,9.644462843425572E-004,-6.406973698176444E-004,9.407707839272916E-004,-5.803921376354992E-004,
2.482566666666667E+009,9.815494995564222E-004,-7.015346782281995E-004,9.491834207437933E-004,-6.383521831594408E-004,
2.482600000000000E+009,8.616363629698753E-004,-6.341218249872327E-004,9.553342242725194E-004,-6.586117669939995E-004,
2.482633333333334E+009,9.541569743305445E-004,-6.543537601828575E-004,9.643473313190043E-004,-7.151454919949174E-004,
2.482666666666667E+009,8.695867145434022E-004,-7.031676941551268E-004,9.391805506311357E-004,-7.376871071755886E-004,
2.482700000000000E+009,8.851288002915680E-004,-7.315812981687486E-004,8.374061435461044E-004,-7.695984677411616E-004,
2.482733333333334E+009,8.818772621452808E-004,-7.172015612013638E-004,8.076822850853205E-004,-7.667826721444726E-004,
2.482766666666667E+009,8.470437605865300E-004,-8.315621525980532E-004,7.903771474957466E-004,-8.134077070280910E-004,
2.482800000000000E+009,8.214935078285635E-004,-8.110400522127748E-004,8.482194389216602E-004,-8.762703510001302E-004,
2.482833333333334E+009,7.438803440891206E-004,-8.224108023568988E-004,8.024626877158880E-004,-8.234085398726165E-004,
2.482866666666667E+009,6.825249292887747E-004,-8.956500678323209E-004,7.877572788856924E-004,-8.743500802665949E-004,
2.482900000000000E+009,7.221707492135465E-004,-8.829199941828847E-004,7.735327235423029E-004,-8.888457668945193E-004,
2.482933333333334E+009,7.431617123074830E-004,-8.928545285016298E-004,7.041653152555227E-004,-9.242757223546505E-004,
2.482966666666667E+009,7.068468257784843E-004,-9.060566080734134E-004,7.119093788787723E-004,-9.376258240081370E-004,
2.483000000000000E+009,6.941483006812632E-004,-9.132439154200256E-004,6.835929234512150E-004,-9.933352703228593E-004,
2.483033333333334E+009,6.618344923481345E-004,-9.731507743708789E-004,6.655778852291405E-004,-9.210616699419916E-004,
2.483066666666667E+009,5.884125130251050E-004,-1.003283890895546E-003,6.464827456511557E-004,-9.994482388719916E-004,
2.483100000000000E+009,5.856989882886410E-004,-9.823815198615193E-004,5.283275968395174E-004,-1.014336943626404E-003,
2.483133333333334E+009,5.395245389081538E-004,-1.020428258925676E-003,5.495281075127423E-004,-1.042475807480514E-003,
2.483166666666667E+009,5.327640683390200E-004,-1.006029313430190E-003,4.899872001260519E-004,-9.901807643473148E-004,
2.483200000000000E+009,5.313059082254767E-004,-1.070967526175082E-003,5.150799988768995E-004,-1.002018339931965E-003,
2.483233333333334E+009,4.972594906575978E-004,-1.031725783832371E-003,4.717900592368096E-004,-1.051735132932663E-003,
2.483266666666667E+009,4.666021268349141E-004,-1.027246355079114E-003,4.533332539722323E-004,-1.020113704726100E-003,
2.483300000000000E+009,4.284465103410184E-004,-1.049002050422132E-003,3.711736935656518E-004,-1.076011336408556E-003,
2.483333333333334E+009,3.374831867404282E-004,-1.051270635798574E-003,3.547233936842531E-004,-1.096631633117795E-003,
2.483366666666667E+009,3.253795730415732E-004,-1.097614876925945E-003,3.172039578203112E-004,-1.111211255192757E-003,
2.483400000000000E+009,3.669106517918408E-004,-1.087694661691785E-003,3.105508221779019E-004,-1.090530189685524E-003,
2.483433333333334E+009,3.212681040167809E-004,-1.114174956455827E-003,2.810444857459515E-004,-1.093367114663124E-003,
2.483466666666667E+009,3.062291070818901E-004,-1.122598769143224E-003,3.250585286878049E-004,-1.121143111959100E-003,
2.483500000000000E+009,2.427039144095033E-004,-1.078183297067881E-003,1.653707731748000E-004,-1.153103075921536E-003,
2.483533333333334E+009,1.898427872220054E-004,-1.119985943660140E-003,1.827950909500942E-004,-1.115538063459098E-003,
2.483566666666667E+009,1.163560446002521E-004,-1.183495507575572E-003,1.492533192504197E-004,-1.130100339651108E-003,
2.483600000000000E+009,1.210567497764714E-004,-1.131467288360000E-003,8.912661724025384E-005,-1.074576284736395E-003,
2.483633333333334E+009,8.616325794719160E-005,-1.184273278340697E-003,9.821594721870497E-005,-1.168466871604323E-003,
2.483666666666667E+009,7.866343366913497E-005,-1.107906107790768E-003,3.614675006247126E-005,-1.145413378253579E-003,
2.483700000000000E+009,1.688427801127546E-005,-1.182174659334123E-003,1.437290393369040E-005,-1.147257396951318E-003,
2.483733333333334E+009,1.673988549555361E-006,-1.129413722082973E-003,3.315557478344999E-005,-1.150556025095284E-003,
2.483766666666667E+009,6.449858119594865E-006,-1.127109164372087E-003,-4.360907405498438E-005,-1.156505080871284E-003,
2.483800000000000E+009,-8.179162250598893E-005,-1.137564075179398E-003,-4.480030111153610E-005,-1.141310785897076E-003,
2.483833333333334E+009,-1.065412216121331E-004,-1.076292712241411E-003,-9.853501978795975E-005,-1.146280905231834E-003,
2.483866666666667E+009,-1.132811885327101E-004,-1.115738763473928E-003,-1.483410014770925E-004,-1.126431860029697E-003,
2.483900000000000E+009,-1.763196341926232E-004,-1.157374470494688E-003,-2.124214515788481E-004,-1.116454484872520E-003,
2.483933333333334E+009,-1.951339218067005E-004,-1.156365848146379E-003,-2.381591475568712E-004,-1.074852654710412E-003,
2.483966666666667E+009,-2.442169643472880E-004,-1.119604450650513E-003,-2.324674132978544E-004,-1.142168650403619E-003,
2.484000000000000E+009,-2.473080821800977E-004,-1.113349455408752E-003,-2.732939901761711E-004,-1.093167695216835E-003,
2.484033333333334E+009,-2.908252354245633E-004,-1.193949952721596E-003,-3.302637196611613E-004,-1.079774345271289E-003,
2.484066666666667E+009,-2.457295195199549E-004,-1.102462993003428E-003,-2.876180515158922E-004,-1.067928737029433E-003,
2.484100000000000E+009,-3.283940604887903E-004,-1.110442797653377E-003,-3.328739840071648E-004,-1.105823321267963E-003,
2.484133333333334E+009,-3.739026724360883E-004,-1.106583396904171E-003,-3.578883479349315E-004,-1.125620910897851E-003,
2.484166666666667E+009,-3.583585494197905E-004,-1.112955622375011E-003,-4.063075175508857E-004,-1.141860731877387E-003,
2.484200000000000E+009,-4.228257166687399E-004,-1.082636648789048E-003,-4.539109359029681E-004,-1.078433706425130E-003,
2.484233333333334E+009,-4.578369262162596E-004,-1.040205708704889E-003,-4.252974176779389E-004,-1.089560915715993E-003,
2.484266666666667E+009,-4.693313094321638E-004,-1.063722302205861E-003,-4.686370084527880E-004,-1.002436038106680E-003,
2.484300000000000E+009,-4.782522155437619E-004,-1.039713504724205E-003,-5.014170892536640E-004,-1.056754961609840E-003,
2.484333333333334E+009,-5.292238784022629E-004,-1.047308323904872E-003,-5.448315641842783E-004,-1.054659485816956E-003,
2.484366666666667E+009,-6.281649693846703E-004,-1.067119184881449E-003,-5.426130373962224E-004,-1.082423375919461E-003,
2.484400000000000E+009,-5.867219297215343E-004,-1.005014171823859E-003,-5.802771775051951E-004,-1.006427570246160E-003,
2.484433333333334E+009,-6.275497144088149E-004,-1.046201447024941E-003,-6.787437014281750E-004,-1.026281970553100E-003,
2.484466666666667E+009,-6.374034564942122E-004,-1.045311684720218E-003,-6.968235247768462E-004,-8.941528503783047E-004,
2.484500000000000E+009,-6.637344486080110E-004,-9.086596546694636E-004,-7.434216677211225E-004,-9.709001751616597E-004,
2.484533333333334E+009,-7.821494364179671E-004,-8.794691530056298E-004,-7.466244278475642E-004,-9.319123346358538E-004,
2.484566666666667E+009,-7.722597802057862E-004,-8.665376808494330E-004,-7.118826615624130E-004,-9.300564997829497E-004,
2.484600000000000E+009,-7.422439521178603E-004,-9.020339930430055E-004,-7.861709455028176E-004,-8.693403797224164E-004,
2.484633333333334E+009,-7.646288722753525E-004,-8.874614723026753E-004,-7.906309328973293E-004,-8.620658772997558E-004,
2.484666666666667E+009,-7.629020255990326E-004,-8.738933247514069E-004,-8.173129754140973E-004,-8.396901539526880E-004,
2.484700000000000E+009,-8.372242446057499E-004,-8.647382492199540E-004,-8.046443108469248E-004,-8.873341721482575E-004,
2.484733333333334E+009,-7.762816967442632E-004,-7.453556172549725E-004,-8.412525057792664E-004,-8.237884612753987E-004,
2.484766666666667E+009,-8.281460613943636E-004,-8.126341854222119E-004,-8.545080199837685E-004,-7.800490129739046E-004,
2.484800000000000E+009,-9.382109274156392E-004,-7.724533788859844E-004,-8.769314736127853E-004,-7.287397165782750E-004,
2.484833333333334E+009,-8.416029741056263E-004,-6.934131379239261E-004,-9.793135104700923E-004,-7.461400236934423E-004,
2.484866666666667E+009,-9.675459004938602E-004,-6.500319577753544E-004,-9.386620367877185E-004,-7.026284001767635E-004,
2.484900000000000E+009,-9.546374203637242E-004,-6.557545857504010E-004,-9.556033764965832E-004,-6.745142163708806E-004,
2.484933333333334E+009,-9.320175158791244E-004,-6.660354556515813E-004,-9.802826680243015E-004,-6.620783824473620E-004,
2.484966666666667E+009,-9.823926957324147E-004,-5.935463123023510E-004,-9.216485195793212E-004,-6.137065938673914E-004,
2.485000000000000E+009,-9.985580109059811E-004,-5.836788332089782E-004,-9.624667582102120E-004,-6.025352049618959E-004,
2.485033333333334E+009,-9.582311613485217E-004,-6.275083869695664E-004,-1.002190285362303E-003,-5.867498111911118E-004,
2.485066666666667E+009,-1.010873005725443E-003,-5.602394230663776E-004,-1.057339482940733E-003,-5.517927929759026E-004,
2.485100000000000E+009,-1.070065074600279E-003,-4.449016705621034E-004,-1.037355279549956E-003,-4.723093588836491E-004,
2.485133333333334E+009,-1.039400463923812E-003,-5.160754080861807E-004,-1.062324037775397E-003,-4.951448645442724E-004,
2.485166666666667E+009,-1.017433009110391E-003,-4.520824877545238E-004,-1.078878645785153E-003,-3.894419933203608E-004,
2.485200000000000E+009,-1.061235670931637E-003,-3.955491993110627E-004,-1.085606403648853E-003,-4.123677208554000E-004,
2.485233333333334E+009,-1.057085231877863E-003,-3.314339846838266E-004,-1.072541577741504E-003,-3.327253798488528E-004,
2.485266666666667E+009,-1.018875511363149E-003,-3.291358007118106E-004,-1.099876943044365E-003,-3.394266241230071E-004,
2.485300000000000E+009,-1.118754851631820E-003,-3.352624480612576E-004,-1.093880971893668E-003,-2.886526926886290E-004,
2.485333333333334E+009,-1.108670141547918E-003,-3.060089948121458E-004,-1.159473322331905E-003,-2.514763909857720E-004,
2.485366666666667E+009,-1.108008669689298E-003,-2.605250338092446E-004,-1.101446803659201E-003,-2.695059520192444E-004,
2.485400000000000E+009,-1.091867801733315E-003,-2.501874405425042E-004,-1.145840389654040E-003,-2.151290682377294E-004,
2.485433333333334E+009,-1.134543446823955E-003,-2.025418070843443E-004,-1.129357726313174E-003,-2.242388727609068E-004,
2.485466666666667E+009,-1.101801055483520E-003,-1.213730502058752E-004,-1.104328548535705E-003,-2.079400292132050E-004,
2.485500000000000E+009,-1.068103127181530E-003,-9.578602475812659E-005,-1.155909267254174E-003,-1.570857857586816E-004,
2.485533333333334E+009,-1.183894346468151E-003,-1.058514608303085E-004,-1.153517398051918E-003,-1.516267657279968E-004,
2.485566666666667E+009,-1.149156247265637E-003,-5.653526022797450E-005,-1.146237598732114E-003,-7.200200343504548E-005,
2.485600000000000E+009,-1.167723094113171E-003,-1.217265744344331E-004,-1.122564426623285E-003,-2.637295801832806E-005,
2.485633333333334E+009,-1.123817055486143E-003,-1.508724562881980E-005,-1.126583782024682E-003,-1.610631261428352E-005,
2.485666666666667E+009,-1.147971721366048E-003,9.032743037096225E-006,-1.083805807866156E-003,1.369504298054380E-005,
2.485700000000000E+009,-1.161055522970855E-003,7.100821676431224E-005,-1.145351910963655E-003,5.601141310762614E-005,
2.485733333333334E+009,-1.157907419838011E-003,1.003373181447387E-004,-1.118729356676340E-003,1.052016377798282E-004,
2.485766666666667E+009,-1.139633706770837E-003,1.572162436787039E-004,-1.143689150922000E-003,1.050885257427581E-004,
2.485800000000000E+009,-1.119298627600074E-003,1.113592588808388E-004,-1.101708970963955E-003,1.087137061404064E-004,
2.485833333333334E+009,-1.122594578191638E-003,1.772530522430316E-004,-1.186215784400702E-003,1.677421241765842E-004,
2.485866666666667E+009,-1.092863618396223E-003,2.442756958771497E-004,-1.132195582613349E-003,2.201843453804031E-004,
2.485900000000000E+009,-1.070405240170658E-003,2.061237173620611E-004,-1.115750987082720E-003,2.015196660067886E-004,
2.485933333333334E+009,-1.092049875296652E-003,2.855188504327089E-004,-1.117339357733727E-003,2.850976015906781E-004,
2.485966666666667E+009,-1.075428561307490E-003,2.814641629811376E-004,-1.080506131984294E-003,3.274690825492144E-004,
2.486000000000000E+009,-1.051245257258415E-003,3.131593693979085E-004,-1.067428733222187E-003,3.623061056714505E-004,
2.486033333333334E+009,-1.096878200769424E-003,3.881764132529497E-004,-1.044866512529552E-003,3.510817477945238E-004,
2.486066666666667E+009,-1.072017126716673E-003,4.658482794184238E-004,-1.075504580512643E-003,4.157258372288197E-004,
2.486100000000000E+009,-1.030744635500014E-003,4.853663849644363E-004,-1.039492199197412E-003,4.306241753511131E-004,
2.486133333333334E+009,-9.991339175030589E-004,5.078715039417148E-004,-1.071947510354221E-003,4.480485804378986E-004,
2.486166666666667E+009,-1.081310561858118E-003,5.215420969761908E-004,-1.046318211592734E-003,4.878719337284565E-004,
2.486200000000000E+009,-1.032506115734577E-003,5.346520920284092E-004,-1.022804295644164E-003,4.979943623766303E-004,
2.486233333333334E+009,-1.000718679279089E-003,4.966013948433101E-004,-1.073631341569126E-003,5.279294564388692E-004,
2.486266666666667E+009,-1.037580310367048E-003,5.225943168625236E-004,-1.036227913573384E-003,5.047919694334269E-004,
2.486300000000000E+009,-9.457067935727537E-004,5.581639125011861E-004,-9.620813070796430E-004,5.843060207553208E-004,
2.486333333333334E+009,-9.042997844517231E-004,6.434493698179722E-004,-9.729830198921263E-004,5.776445032097399E-004,
2.486366666666667E+009,-9.295984636992216E-004,6.343196728266776E-004,-9.372060885652900E-004,6.097101722843945E-004,
2.486400000000000E+009,-9.150225087068975E-004,5.987312761135399E-004,-8.968884940259159E-004,6.529285456053913E-004,
2.486433333333334E+009,-8.871214231476188E-004,6.167217507027090E-004,-8.570980862714350E-004,6.323765264824033E-004,
2.486466666666667E+009,-8.924562716856599E-004,7.056378526613116E-004,-8.763720979914069E-004,6.679709185846150E-004,
2.486500000000000E+009,-8.556359680369496E-004,7.646905141882598E-004,-8.568497141823173E-004,7.272954680956900E-004,
2.486533333333334E+009,-8.541168062947691E-004,7.549560396000743E-004,-8.064326830208302E-004,7.332048262469471E-004,
2.486566666666667E+009,-8.034032071009278E-004,7.252970244735479E-004,-8.120079291984439E-004,7.862383499741554E-004,
2.486600000000000E+009,-8.421405218541622E-004,8.114235824905336E-004,-7.700471323914826E-004,8.037335937842727E-004,
2.486633333333334E+009,-7.079248316586018E-004,7.836178992874920E-004,-7.332091918215156E-004,8.376177283935249E-004,
2.486666666666667E+009,-7.463168585672975E-004,7.917486946098507E-004,-7.076668553054333E-004,8.303071372210980E-004,
2.486700000000000E+009,-7.181300898082554E-004,8.387146517634392E-004,-6.664571701548994E-004,8.377695921808481E-004,
2.486733333333334E+009,-6.710706511512399E-004,8.244636119343340E-004,-6.854774546809495E-004,8.746554376557469E-004,
2.486766666666667E+009,-6.676847115159035E-004,9.024213068187237E-004,-6.677846540696919E-004,8.881206158548594E-004,
2.486800000000000E+009,-5.559768760576844E-004,9.296077187173069E-004,-6.501617608591914E-004,9.204142843373120E-004,
2.486833333333334E+009,-5.820268997922540E-004,9.169267723336816E-004,-5.561630823649466E-004,8.936540107242763E-004,
2.486866666666667E+009,-6.010258221067488E-004,9.462679736316204E-004,-5.411215242929757E-004,9.359936229884625E-004,
2.486900000000000E+009,-4.904432571493089E-004,9.411475621163845E-004,-5.551072536036372E-004,9.492593235336244E-004,
2.486933333333334E+009,-4.721218429040164E-004,9.309317683801055E-004,-5.619921721518040E-004,9.840957354754210E-004,
2.486966666666667E+009,-4.317113489378244E-004,9.877791162580252E-004,-4.735876864288002E-004,1.002822071313858E-003,
2.487000000000000E+009,-4.192479827906936E-004,9.822082938626409E-004,-4.875251324847341E-004,1.015527523122728E-003,
2.487033333333334E+009,-3.859069547615945E-004,9.652552544139326E-004,-4.160547396168113E-004,9.619169286452234E-004,
2.487066666666667E+009,-4.410655819810927E-004,9.995239088311791E-004,-3.821010468527675E-004,1.039490569382906E-003,
2.487100000000000E+009,-3.842681762762368E-004,9.962710319086909E-004,-3.282175457570702E-004,1.047598430886865E-003,
2.487133333333334E+009,-3.400740388315171E-004,1.089998753741384E-003,-3.285015991423279E-004,1.026231329888105E-003,
2.487166666666667E+009,-3.172479337081313E-004,1.073264516890049E-003,-3.069628146477044E-004,1.027713064104319E-003,
2.487200000000000E+009,-3.202700754627585E-004,1.001836382783949E-003,-2.876974758692086E-004,1.058328663930297E-003,
2.487233333333334E+009,-2.729150291997939E-004,1.064977957867086E-003,-2.551865472923964E-004,1.078248838894069E-003,
2.487266666666667E+009,-2.358955389354378E-004,1.078558270819485E-003,-2.363098174100742E-004,1.022546435706317E-003,
2.487300000000000E+009,-2.125317696481943E-004,1.046067452989519E-003,-1.793774717953056E-004,1.049425452947617E-003,
2.487333333333334E+009,-1.938654168043286E-004,1.070394995622337E-003,-1.967458229046315E-004,1.105624134652317E-003,
2.487366666666667E+009,-8.698005694895983E-005,1.093918923288584E-003,-1.567423023516312E-004,1.059011905454099E-003,
2.487400000000000E+009,-1.465895184082910E-004,1.097669941373169E-003,-1.102189416997135E-004,1.100045628845692E-003,
2.487433333333334E+009,-9.216694888891652E-005,1.047698198817670E-003,-8.527821046300232E-005,1.088471384719014E-003,
2.487466666666667E+009,-1.073444800567813E-004,1.082411152310669E-003,-5.416071144281887E-005,1.069389516487718E-003,
2.487500000000000E+009,-8.338414772879332E-005,1.125165843404830E-003,-1.052401494234800E-004,1.088410383090377E-003,
2.487533333333334E+009,-1.328868802374927E-005,1.103222835808992E-003,-1.849700311140623E-006,1.133470213972032E-003,
2.487566666666667E+009,1.937477463798132E-006,1.092627411708236E-003,9.183154907077551E-005,1.103784539736807E-003,
2.487600000000000E+009,1.196198863908649E-004,1.113812555558980E-003,7.965668919496238E-005,1.077581080608070E-003,
2.487633333333334E+009,1.812720583984628E-004,1.063155825249851E-003,1.604630379006267E-004,1.127470051869750E-003,
2.487666666666667E+009,1.633157080505043E-004,1.034808694384992E-003,1.510983711341396E-004,1.078184694051743E-003,
2.487700000000000E+009,1.357991422992200E-004,1.054573105648160E-003,1.579246454639360E-004,1.097940606996417E-003,
2.487733333333334E+009,2.077292592730373E-004,1.065282383933663E-003,1.915077009471133E-004,1.093891332857311E-003,
2.487766666666667E+009,2.640713937580586E-004,1.084143994376063E-003,2.850283053703606E-004,1.055986969731748E-003,
2.487800000000000E+009,2.682863851077855E-004,1.100682071410120E-003,2.299497718922794E-004,1.046257559210062E-003,
2.487833333333334E+009,2.863928384613246E-004,1.008901861496270E-003,2.896901278290898E-004,1.034137676469982E-003,
2.487866666666667E+009,2.665266802068800E-004,1.005990430712700E-003,3.228110726922751E-004,1.036214176565409E-003,
2.487900000000000E+009,3.083659976255149E-004,1.013651140965521E-003,3.216068434994668E-004,1.075415057130158E-003,
2.487933333333334E+009,3.059866139665246E-004,1.006317092105746E-003,3.508148074615747E-004,1.042890013195574E-003,
2.487966666666667E+009,3.957889857701957E-004,9.388786274939776E-004,3.396758111193776E-004,1.008547376841307E-003,
2.488000000000000E+009,4.262996080797166E-004,9.797636885195971E-004,4.286718904040754E-004,9.634862071834505E-004,
2.488033333333334E+009,4.498122143559158E-004,9.414235828444362E-004,4.100202640984207E-004,9.412146755494177E-004,
2.488066666666667E+009,4.751257656607777E-004,9.531300165690482E-004,4.952016752213240E-004,9.511382668279111E-004,
2.488100000000000E+009,5.439159576781094E-004,9.092698455788195E-004,4.883852088823915E-004,8.969032205641270E-004,
2.488133333333334E+009,4.956009215675294E-004,8.964417502284050E-004,4.998479271307588E-004,9.134871070273221E-004,
2.488166666666667E+009,5.015403148718178E-004,9.072426473721862E-004,5.536769749596715E-004,9.297553333453834E-004,
2.488200000000000E+009,5.648469086736441E-004,8.373232558369637E-004,5.510544287972152E-004,8.699664613232017E-004,
2.488233333333334E+009,5.601850571110845E-004,8.273007697425783E-004,6.350665353238583E-004,9.028978529386222E-004,
2.488266666666667E+009,6.064827903173864E-004,8.266762597486377E-004,6.570711266249418E-004,8.404540712945163E-004,
2.488300000000000E+009,5.735837039537728E-004,8.063656860031188E-004,6.071566604077816E-004,7.500761421397328E-004,
2.488333333333334E+009,6.056951824575663E-004,7.744086906313896E-004,6.175464368425310E-004,8.569147903472185E-004,
2.488366666666667E+009,6.846057949587703E-004,8.196327835321426E-004,6.180456839501858E-004,7.563570979982615E-004,
2.488400000000000E+009,7.113846950232983E-004,7.700410205870867E-004,6.635607569478452E-004,7.548903813585639E-004,
2.488433333333334E+009,6.904618931002915E-004,6.895352853462100E-004,6.668625283055008E-004,7.661145646125078E-004,
2.488466666666667E+009,6.865864270366728E-004,7.182544795796275E-004,7.457723841071129E-004,7.143748225644231E-004,
2.488500000000000E+009,7.221930427476764E-004,6.658034399151802E-004,7.111366139724851E-004,6.664555985480547E-004,
2.488533333333334E+009,7.890359265729785E-004,6.483591278083623E-004,7.609783788211644E-004,6.806271849200130E-004,
2.488566666666667E+009,8.202783064916730E-004,6.720671080984175E-004,7.988743600435555E-004,6.445497856475413E-004,
2.488600000000000E+009,7.840461912564933E-004,6.325764115899801E-004,7.940307841636241E-004,6.086098146624863E-004,
2.488633333333334E+009,7.984219701029360E-004,5.869538290426135E-004,8.198933792300522E-004,6.464080652222037E-004,
2.488666666666667E+009,8.171471999958158E-004,5.799059290438891E-004,8.332576253451407E-004,5.751938442699611E-004,
2.488700000000000E+009,8.960554259829223E-004,5.943396245129407E-004,8.732902351766825E-004,5.378300556913018E-004,
2.488733333333334E+009,8.994087111204863E-004,5.648933001793921E-004,8.058354142121971E-004,5.673519917763770E-004,
2.488766666666667E+009,8.956170640885830E-004,4.779733426403254E-004,8.379024802707136E-004,5.476634833030403E-004,
2.488800000000000E+009,8.599301218055189E-004,5.084754084236920E-004,9.011899819597602E-004,5.139785353094339E-004,
2.488833333333334E+009,8.835837943479419E-004,5.093143554404378E-004,8.413137402385473E-004,4.858412430621684E-004,
2.488866666666667E+009,9.349138708785176E-004,4.946701810695231E-004,8.979301783256233E-004,4.618547682184726E-004,
2.488900000000000E+009,9.321221732534468E-004,4.776988644152880E-004,9.160535992123187E-004,4.001681518275291E-004,
2.488933333333334E+009,8.658077567815781E-004,3.571833076421171E-004,9.259316138923168E-004,4.002747300546616E-004,
2.488966666666667E+009,9.505304624326527E-004,3.728326701093465E-004,9.065359481610358E-004,3.660599468275905E-004,
2.489000000000000E+009,9.542697225697339E-004,2.802220114972442E-004,9.582818602211773E-004,3.678353969007731E-004,
2.489033333333334E+009,9.625270613469183E-004,3.217427583876997E-004,9.684585966169834E-004,3.662490053102374E-004,
2.489066666666667E+009,9.548125672154129E-004,2.940800040960312E-004,9.443676099181175E-004,2.799712819978595E-004,
2.489100000000000E+009,9.794945362955332E-004,2.797622291836888E-004,1.000662217848003E-003,2.929578768089414E-004,
2.489133333333334E+009,9.832590585574508E-004,1.940869406098500E-004,9.339271928183734E-004,1.829196407925338E-004,
2.489166666666667E+009,9.499170118942857E-004,1.824780483730137E-004,9.654365130700171E-004,1.717048580758274E-004,
2.489200000000000E+009,9.384452714584768E-004,1.454497833037749E-004,9.954547276720405E-004,1.494786411058158E-004,
2.489233333333334E+009,1.007455866783857E-003,1.932996383402497E-004,1.021763426251710E-003,1.591063482919708E-004,
2.489266666666667E+009,1.025660429149866E-003,1.087269556592219E-004,1.028069644235075E-003,1.497343619121239E-004,
2.489300000000000E+009,9.880018187686801E-004,8.477947994833812E-005,1.006428501568735E-003,3.909824226866476E-005,
2.489333333333334E+009,9.974403074011207E-004,1.237354736076668E-004,9.723435505293310E-004,3.753229611902498E-005,
2.489366666666667E+009,1.095954561606050E-003,3.686578929773532E-005,9.880976285785437E-004,3.221180350010400E-006,
2.489400000000000E+009,9.419450652785599E-004,3.712995749083348E-005,9.824900189414620E-004,2.809748730214778E-005,
2.489433333333334E+009,9.753137128427625E-004,4.730052023660392E-005,1.003852346912026E-003,-1.767700814525597E-005,
2.489466666666667E+009,8.770769345574081E-004,-5.063446587882936E-005,9.978733723983169E-004,-2.162405507988296E-005,
2.489500000000000E+009,9.376214584335685E-004,-1.624104515940417E-005,9.216539910994470E-004,-6.717817086610012E-006,
2.489533333333334E+009,9.373282082378864E-004,-9.447743650525808E-005,9.725954732857645E-004,-7.656695379409939E-005,
2.489566666666667E+009,9.874094976112247E-004,-1.092578968382441E-004,9.621595381759107E-004,-1.357742730760947E-004,
2.489600000000000E+009,9.682132513262332E-004,-1.961925881914794E-004,9.496164857409895E-004,-1.126292700064369E-004,
2.489633333333334E+009,9.149300167337060E-004,-1.944774121511728E-004,9.858594276010990E-004,-1.319257280556485E-004,
2.489666666666667E+009,9.238430066034198E-004,-1.807502703741193E-004,9.555325377732515E-004,-2.010188327403739E-004,
2.489700000000000E+009,8.943663560785353E-004,-2.430243039270863E-004,9.167979587800801E-004,-2.151486696675420E-004,
2.489733333333334E+009,8.585925097577274E-004,-2.407613355899230E-004,8.912809425964952E-004,-2.230756217613816E-004,
2.489766666666667E+009,8.544956799596548E-004,-2.590098592918366E-004,9.160974877886474E-004,-2.642912440933287E-004,
2.489800000000000E+009,8.718835888430476E-004,-2.513905637897551E-004,8.893299382179976E-004,-2.919320832006633E-004,
2.489833333333334E+009,8.710163529030979E-004,-3.178250626660883E-004,8.254596032202244E-004,-2.441622491460294E-004,
2.489866666666667E+009,8.549741469323635E-004,-2.967026957776398E-004,8.651930838823319E-004,-2.658607263583690E-004,
2.489900000000000E+009,8.893056656233966E-004,-3.727404691744596E-004,8.154788520187140E-004,-3.144546062685549E-004,
2.489933333333334E+009,8.777746697887778E-004,-3.755615907721221E-004,8.164313621819019E-004,-3.539317403919995E-004,
2.489966666666667E+009,8.422891842201352E-004,-3.402263100724667E-004,8.147431071847677E-004,-3.860520082525909E-004,
2.490000000000000E+009,7.414039573632181E-004,-3.775668737944216E-004,7.748812786303461E-004,-3.895948757417500E-004,
2.490033333333334E+009,8.167542400769889E-004,-4.354183911345899E-004,7.861435296945274E-004,-4.004776128567755E-004,
2.490066666666667E+009,7.973739993758500E-004,-4.349231894593686E-004,7.653333013877273E-004,-4.449390689842403E-004,
2.490100000000000E+009,7.731698569841683E-004,-4.612911434378475E-004,8.029932505451143E-004,-4.599714302457869E-004,
2.490133333333334E+009,7.864612853154540E-004,-4.422636120580137E-004,7.599110831506550E-004,-5.079584661871195E-004,
2.490166666666667E+009,7.264264859259129E-004,-5.562260048463941E-004,7.723476737737656E-004,-4.651785129681230E-004,
2.490200000000000E+009,7.350073428824544E-004,-5.098112160339952E-004,7.388098165392876E-004,-5.395711050368846E-004,
2.490233333333334E+009,6.793359643779695E-004,-5.266661755740643E-004,6.691783783026040E-004,-5.571811925619841E-004,
2.490266666666667E+009,6.829134072177112E-004,-4.686271713580936E-004,6.851055077277124E-004,-5.332240834832192E-004,
2.490300000000000E+009,6.958353333175182E-004,-5.668705562129617E-004,6.298511289060116E-004,-5.636515561491251E-004,
2.490333333333334E+009,6.615714519284666E-004,-5.723782232962549E-004,6.452315137721598E-004,-5.544258165173233E-004,
2.490366666666667E+009,5.951473140157759E-004,-6.073678960092366E-004,6.456604460254312E-004,-6.342318374663591E-004,
2.490400000000000E+009,6.272390019148588E-004,-5.796305486001074E-004,6.624697707593441E-004,-6.437659030780196E-004,
2.490433333333334E+009,6.082092295400798E-004,-6.618167390115559E-004,6.340561085380614E-004,-5.977890104986727E-004,
2.490466666666667E+009,6.213682936504483E-004,-6.735695642419159E-004,6.012002122588456E-004,-6.776777445338666E-004,
2.490500000000000E+009,5.837549688294530E-004,-6.453248788602650E-004,5.911142798140645E-004,-7.246949244290590E-004,
2.490533333333334E+009,6.149758119136095E-004,-7.277322583831847E-004,5.681535694748163E-004,-6.728042499162257E-004,
2.490566666666667E+009,5.633099353872240E-004,-7.050181156955659E-004,5.469692987389863E-004,-7.495487807318568E-004,
2.490600000000000E+009,5.081865238025785E-004,-7.465680246241391E-004,4.833040293306112E-004,-7.525437395088375E-004,
2.490633333333334E+009,5.262682680040598E-004,-6.797798560000956E-004,4.600053944159299E-004,-7.343704346567392E-004,
2.490666666666667E+009,5.141723668202758E-004,-7.831137045286596E-004,4.718267591670156E-004,-7.593261543661356E-004,
2.490700000000000E+009,4.453290312085301E-004,-7.730657816864550E-004,4.382423649076372E-004,-7.813504780642688E-004,
2.490733333333334E+009,4.153857589699328E-004,-7.538488134741783E-004,4.099875804968178E-004,-7.556355558335781E-004,
2.490766666666667E+009,3.415216342546046E-004,-7.539398502558470E-004,3.591662389226258E-004,-7.772941607981920E-004,
2.490800000000000E+009,3.429927455727011E-004,-7.817941368557513E-004,4.047828260809183E-004,-7.639797404408455E-004,
2.490833333333334E+009,3.445863258093596E-004,-7.891741115599871E-004,3.944707568734884E-004,-8.267574594356120E-004,
2.490866666666667E+009,3.508439403958619E-004,-8.070928161032498E-004,3.858662967104465E-004,-7.877633324824274E-004,
2.490900000000000E+009,3.430555807426572E-004,-8.006491116248071E-004,3.598159819375724E-004,-7.746060728095472E-004,
2.490933333333334E+009,3.674165345728397E-004,-7.970883743837476E-004,2.853701589629054E-004,-8.464803104288876E-004,
2.490966666666667E+009,2.879284147638828E-004,-8.520039264112711E-004,2.749678678810597E-004,-8.340154890902340E-004,
2.491000000000000E+009,2.683332713786513E-004,-8.020257810130715E-004,2.643018087837845E-004,-8.101820130832493E-004,
2.491033333333334E+009,2.349914720980451E-004,-7.836067234165967E-004,2.681995974853635E-004,-7.651839987374842E-004,
2.491066666666667E+009,1.549204753246158E-004,-8.082321146503091E-004,2.200624730903655E-004,-8.161748992279172E-004,
2.491100000000000E+009,1.782852923497558E-004,-7.570699672214687E-004,2.042268170043826E-004,-7.861182093620300E-004,
2.491133333333334E+009,1.863029465312138E-004,-7.792905671522021E-004,1.665432355366647E-004,-8.073955541476607E-004,
2.491166666666667E+009,1.172466145362705E-004,-8.011543541215360E-004,1.470142015023157E-004,-8.282024646177888E-004,
2.491200000000000E+009,1.367020449833944E-004,-7.474149460904300E-004,1.263533631572500E-004,-7.728705531917512E-004,
2.491233333333334E+009,1.550133165437728E-004,-7.876027957536280E-004,1.325456978520379E-004,-8.182156016118825E-004,
2.491266666666667E+009,9.838608821155503E-005,-8.417323115281761E-004,1.136514838435687E-004,-8.202930330298841E-004,
2.491300000000000E+009,8.691990660736337E-005,-7.393115083687007E-004,1.046926045091823E-004,-8.201366290450096E-004,
2.491333333333334E+009,8.102352148853242E-005,-8.144479361362755E-004,4.551733218249865E-005,-7.936323527246714E-004,
2.491366666666667E+009,5.078034882899374E-005,-7.824694621376693E-004,7.810904935467988E-005,-7.961599621921778E-004,
2.491400000000000E+009,-2.875427708204370E-005,-7.782159955240786E-004,1.138919469667599E-005,-8.024949929676950E-004,
2.491433333333334E+009,-5.533392686629668E-005,-7.919540512375534E-004,-5.933116699452512E-005,-7.432187558151782E-004,
2.491466666666667E+009,8.490170330333058E-006,-7.604496786370874E-004,-2.897176455007866E-005,-8.150720386765897E-004,
2.491500000000000E+009,-6.953087722649798E-005,-7.825535140000284E-004,-4.409768371260725E-005,-8.035068749450147E-004,
2.491533333333334E+009,-4.301983790355735E-005,-8.026576833799481E-004,-9.074720583157614E-005,-8.018559310585260E-004,
2.491566666666667E+009,-7.696879038121551E-005,-7.725115865468979E-004,-1.336212008027360E-004,-7.434639264829457E-004,
2.491600000000000E+009,-8.964509470388293E-005,-7.490757852792740E-004,-1.107686330215074E-004,-8.091859053820372E-004,
2.491633333333334E+009,-1.308704231632873E-004,-7.595559000037611E-004,-1.033370135701262E-004,-7.483508088625968E-004,
2.491666666666667E+009,-1.019487390294671E-004,-7.917131297290325E-004,-1.174927965621464E-004,-7.709003984928131E-004,
2.491700000000000E+009,-1.584582350915298E-004,-7.632634369656444E-004,-1.502495433669537E-004,-7.699468987993896E-004,
2.491733333333334E+009,-2.163948811357841E-004,-7.958399364724755E-004,-1.405161310685799E-004,-7.168909651227295E-004,
2.491766666666667E+009,-1.961912348633632E-004,-7.149728480726481E-004,-1.995230413740501E-004,-7.203932618722320E-004,
2.491800000000000E+009,-1.620112307136878E-004,-6.948628579266369E-004,-1.742159511195496E-004,-6.821005954407156E-004,
2.491833333333334E+009,-1.996191131183878E-004,-6.938859587535262E-004,-2.315928868483752E-004,-7.190717151388526E-004,
2.491866666666667E+009,-2.354955504415557E-004,-7.091824081726372E-004,-2.437044022371993E-004,-7.289929781109095E-004,
2.491900000000000E+009,-2.540051937103272E-004,-6.961249746382237E-004,-2.355359029024839E-004,-6.768456078134477E-004,
2.491933333333334E+009,-2.708244428504258E-004,-7.180962711572647E-004,-2.695193106774241E-004,-6.779842660762370E-004,
2.491966666666667E+009,-2.528714539948851E-004,-6.873683305457234E-004,-2.356955374125391E-004,-7.227036403492093E-004,
2.492000000000000E+009,-3.408585616853088E-004,-7.513946038670838E-004,-2.528645272832364E-004,-7.527020643465221E-004,
2.492033333333334E+009,-3.132769779767841E-004,-6.975032738409936E-004,-3.488750080578029E-004,-6.751295877620578E-004,
2.492066666666667E+009,-3.448155475780368E-004,-6.698672077618539E-004,-3.103744529653341E-004,-6.439096177928150E-004,
2.492100000000000E+009,-3.996622690465301E-004,-6.443847669288516E-004,-3.530452086124569E-004,-6.570923142135143E-004,
2.492133333333334E+009,-4.033092118334025E-004,-6.280828965827823E-004,-4.047292168252170E-004,-6.719802622683346E-004,
2.492166666666667E+009,-4.357285797595978E-004,-6.436307448893786E-004,-4.433097492437810E-004,-6.513934931717813E-004,
2.492200000000000E+009,-3.961473412346095E-004,-6.317474762909114E-004,-4.055691242683679E-004,-6.683702231384814E-004,
2.492233333333334E+009,-4.651597701013088E-004,-6.056513520888984E-004,-4.651032213587314E-004,-5.990257486701012E-004,
2.492266666666667E+009,-4.762445169035345E-004,-5.976060056127608E-004,-4.727023770101368E-004,-5.916203954257071E-004,
2.492300000000000E+009,-4.906294052489102E-004,-6.004021270200610E-004,-4.620414692908526E-004,-5.645471392199397E-004,
2.492333333333334E+009,-4.933667951263487E-004,-5.727169336751103E-004,-4.703867889475077E-004,-5.709812394343317E-004,
2.492366666666667E+009,-4.501676303334534E-004,-5.449322634376586E-004,-5.211208481341600E-004,-5.710279219783843E-004,
2.492400000000000E+009,-4.959820653311908E-004,-5.505971494130790E-004,-5.375784821808338E-004,-5.455184145830572E-004,
2.492433333333334E+009,-5.092208739370108E-004,-5.346249672584236E-004,-5.345193785615265E-004,-5.495124496519566E-004,
2.492466666666667E+009,-4.855176666751504E-004,-4.886392271146178E-004,-5.170317599549890E-004,-5.421492387540638E-004,
2.492500000000000E+009,-5.667438963428140E-004,-5.487460875883699E-004,-5.171902012079954E-004,-5.295305163599551E-004,
2.492533333333334E+009,-5.434987833723426E-004,-4.864347865805030E-004,-5.910042673349381E-004,-4.890071577392519E-004,
2.492566666666667E+009,-5.204789340496063E-004,-5.138250999152660E-004,-5.399176152423024E-004,-4.717340343631804E-004,
2.492600000000000E+009,-4.808609664905816E-004,-4.941803053952754E-004,-4.884173395112157E-004,-5.087038152851164E-004,
2.492633333333334E+009,-5.992218502797186E-004,-4.903282388113439E-004,-5.891424953006208E-004,-4.363972693681717E-004,
2.492666666666667E+009,-5.612520617432892E-004,-4.111597954761237E-004,-5.741671193391085E-004,-4.578441439662129E-004,
2.492700000000000E+009,-5.725251394324005E-004,-4.891532007604837E-004,-5.416587810032070E-004,-4.569580196402967E-004,
2.492733333333334E+009,-5.588980857282877E-004,-4.268230986781418E-004,-5.843460094183683E-004,-4.339306615293026E-004,
2.492766666666667E+009,-6.200528005138040E-004,-4.064094391651452E-004,-5.714090075343847E-004,-3.952734987251461E-004,
2.492800000000000E+009,-5.949186743237078E-004,-3.840820572804660E-004,-6.351730553433299E-004,-4.341038584243506E-004,
2.492833333333334E+009,-5.710991681553423E-004,-4.502627416513860E-004,-6.349395844154060E-004,-4.163576231803745E-004,
2.492866666666667E+009,-5.942684947513044E-004,-3.768664028029889E-004,-5.746752140112221E-004,-3.647403500508517E-004,
2.492900000000000E+009,-6.100931204855442E-004,-3.937779401894659E-004,-6.003256421536207E-004,-3.469463554210961E-004,
2.492933333333334E+009,-6.133980350568891E-004,-3.435846301726997E-004,-5.804229294881225E-004,-3.367809404153377E-004,
2.492966666666667E+009,-6.525584612973034E-004,-3.175577148795128E-004,-5.638755974359810E-004,-3.296340873930603E-004,
2.493000000000000E+009,-6.623070803470910E-004,-3.555034054443240E-004,-5.780190695077181E-004,-2.592223754618317E-004,
2.493033333333334E+009,-6.053819670341909E-004,-2.926606102846563E-004,-6.920053856447339E-004,-3.217928460799158E-004,
2.493066666666667E+009,-6.250243750400841E-004,-2.707545063458383E-004,-6.231260485947132E-004,-2.756338508334011E-004,
2.493100000000000E+009,-6.465841433964670E-004,-2.554945240262896E-004,-7.023185607977212E-004,-2.491057093720883E-004,
2.493133333333334E+009,-6.168956751935184E-004,-2.439070085529238E-004,-6.396735552698374E-004,-2.819479559548199E-004,
2.493166666666667E+009,-6.476806011050940E-004,-2.592833479866386E-004,-6.216542678885162E-004,-2.264031063532457E-004,
2.493200000000000E+009,-6.845730822533369E-004,-1.598859962541610E-004,-6.564780487678945E-004,-1.979704975383356E-004,
2.493233333333334E+009,-6.452588713727891E-004,-2.135912363883108E-004,-6.495888810604811E-004,-2.086218446493149E-004,
2.493266666666667E+009,-6.193880690261722E-004,-2.006561408052221E-004,-6.306423456408083E-004,-2.108783373842016E-004,
2.493300000000000E+009,-6.211639265529811E-004,-2.691777772270143E-004,-6.469499785453081E-004,-1.292675005970523E-004,
2.493333333333334E+009,-6.790697807446122E-004,-1.722651359159499E-004,-6.554338615387678E-004,-1.748225477058440E-004,
2.493366666666667E+009,-6.712162867188454E-004,-1.427140960004181E-004,-6.657328340224922E-004,-1.632459170650691E-004,
2.493400000000000E+009,-6.932468386366963E-004,-1.530695881228894E-004,-6.853610975667834E-004,-7.626949809491634E-005,
2.493433333333334E+009,-6.836458342149854E-004,-8.604627510067076E-005,-6.755788926966488E-004,-1.557737123221159E-004,
2.493466666666667E+009,-6.990539841353893E-004,-7.785609341226518E-005,-6.483434117399156E-004,-9.493211109656841E-005,
2.493500000000000E+009,-6.865350878797472E-004,-9.412518556928262E-005,-6.825127638876438E-004,-1.088837379938923E-004,
2.493533333333334E+009,-6.694011390209198E-004,-1.226245658472180E-004,-6.918056751601398E-004,-2.140722426702268E-005,
2.493566666666667E+009,-6.619671476073563E-004,1.528544453321956E-005,-7.006614468991756E-004,-5.311726272339001E-005,
2.493600000000000E+009,-6.333639030344784E-004,-5.865070488653146E-005,-6.754997884854674E-004,-3.236279371776618E-005,
2.493633333333334E+009,-7.220405968837440E-004,-7.101086521288380E-005,-6.715367780998349E-004,-5.195632547838613E-005,
2.493666666666667E+009,-7.061296491883695E-004,-2.805800249916501E-005,-7.127427379600704E-004,-2.037966078205500E-005,
2.493700000000000E+009,-7.480037747882307E-004,4.001794150099158E-005,-7.256115786731243E-004,1.757094287313521E-005,
2.493733333333334E+009,-6.913659162819386E-004,3.963116978411563E-005,-6.649359711445868E-004,2.904266148107126E-005,
2.493766666666667E+009,-6.480727461166680E-004,2.704562757571694E-005,-7.001843769103289E-004,4.868799805990420E-005,
2.493800000000000E+009,-7.044516969472170E-004,9.507919457973912E-005,-6.620945059694350E-004,1.109422955778427E-004,
2.493833333333334E+009,-7.092971936799586E-004,1.053541127475910E-004,-6.723700207658112E-004,1.067784978658892E-004,
2.493866666666667E+009,-6.992997368797660E-004,9.946314821718261E-005,-6.902790628373623E-004,1.159989187726751E-004,
2.493900000000000E+009,-6.649543065577745E-004,1.704073656583205E-004,-6.425859755836427E-004,1.554916234454140E-004,
2.493933333333334E+009,-6.873804377391934E-004,1.121625900850631E-004,-6.893373210914433E-004,1.844061480369419E-004,
2.493966666666667E+009,-6.437755073420703E-004,1.226609019795433E-004,-6.309689488261938E-004,2.140914293704554E-004,
2.494000000000000E+009,-6.752017070539296E-004,1.996640203287825E-004,-6.752915796823800E-004,2.016514481510967E-004,
2.494033333333334E+009,-6.979934405535460E-004,1.313606044277549E-004,-6.664636894129217E-004,1.834414724726230E-004,
2.494066666666667E+009,-6.100904429331422E-004,1.499671634519473E-004,-6.703388062305749E-004,1.682626898400486E-004,
2.494100000000000E+009,-6.540814647451043E-004,2.475580549798906E-004,-6.764823338016868E-004,2.000995009439066E-004,
2.494133333333334E+009,-5.999747663736343E-004,1.986293646041304E-004,-6.563355564139783E-004,2.220676105935127E-004,
2.494166666666667E+009,-6.373847136273980E-004,1.683305308688432E-004,-6.738216616213322E-004,2.061580744339153E-004,
2.494200000000000E+009,-6.385463057085872E-004,2.403296675765887E-004,-6.240922957658768E-004,2.132349327439442E-004,
2.494233333333334E+009,-6.577849853783846E-004,2.468174207024276E-004,-6.627945112995803E-004,2.645180502440780E-004,
2.494266666666667E+009,-6.006316980347037E-004,2.516806125640869E-004,-6.760899559594691E-004,2.694758295547217E-004,
2.494300000000000E+009,-6.109832902438939E-004,3.370295453350991E-004,-6.128602544777095E-004,2.939843980129808E-004,
2.494333333333334E+009,-6.118689198046923E-004,2.718715404625982E-004,-6.270072190091014E-004,2.883825509343296E-004,
2.494366666666667E+009,-5.890197935514152E-004,2.872280892916024E-004,-6.302295951172710E-004,3.045254561584443E-004,
2.494400000000000E+009,-5.798163474537432E-004,3.291582397650927E-004,-5.833362229168415E-004,3.109825483988971E-004,
2.494433333333334E+009,-6.348300375975668E-004,3.171748539898545E-004,-6.227344856597483E-004,3.508141089696437E-004,
2.494466666666667E+009,-5.793260061182082E-004,3.337949456181377E-004,-5.675071151927114E-004,3.216140030417591E-004,
2.494500000000000E+009,-6.050046649761498E-004,3.782445273827761E-004,-5.607326747849584E-004,3.880341537296772E-004,
2.494533333333334E+009,-5.755981546826661E-004,3.359615220688283E-004,-5.555415409617126E-004,4.080543003510684E-004,
2.494566666666667E+009,-5.855741328559816E-004,3.941612958442420E-004,-5.522897117771208E-004,3.930052043870091E-004,
2.494600000000000E+009,-5.522337742149830E-004,4.083187086507678E-004,-5.412934115156531E-004,4.279030545148999E-004,
2.494633333333334E+009,-5.566373583860695E-004,3.792020725086331E-004,-5.968049517832696E-004,4.119281074963510E-004,
2.494666666666667E+009,-5.688762757927179E-004,3.655656473711133E-004,-5.814942414872348E-004,4.427073581609875E-004,
2.494700000000000E+009,-5.167977651581168E-004,4.413524293340743E-004,-5.537299439311028E-004,4.312022647354752E-004,
2.494733333333334E+009,-5.077292444184423E-004,4.633388598449528E-004,-5.401823436841369E-004,4.169208696112037E-004,
2.494766666666667E+009,-4.880967899225652E-004,4.424056387506425E-004,-4.877948376815766E-004,4.295355174690485E-004,
2.494800000000000E+009,-5.011909524910152E-004,5.040764808654785E-004,-5.254092393442988E-004,4.146272549405694E-004,
2.494833333333334E+009,-5.207429057918489E-004,4.753809189423919E-004,-5.257882294245064E-004,4.399710451252759E-004,
2.494866666666667E+009,-4.816564323846251E-004,4.150571476202458E-004,-4.660735139623284E-004,4.911334835924208E-004,
2.494900000000000E+009,-4.685210878960788E-004,4.951386363245547E-004,-4.755434638354927E-004,4.094027681276202E-004,
2.494933333333334E+009,-4.524763207882643E-004,5.055620567873120E-004,-4.292248631827533E-004,5.257001030258834E-004,
2.494966666666667E+009,-4.941684892401099E-004,4.861147608608007E-004,-4.454881709534675E-004,4.842033667955548E-004,
2.495000000000000E+009,-4.940589424222708E-004,5.145989125594497E-004,-4.629856266546994E-004,5.341359646990895E-004,
2.495033333333334E+009,-4.763183242175728E-004,5.096601089462638E-004,-4.400621110107750E-004,5.458977539092302E-004,
2.495066666666667E+009,-4.617049708031118E-004,5.698934546671808E-004,-3.875605470966548E-004,5.594841204583645E-004,
2.495100000000000E+009,-4.085477557964623E-004,5.821081576868892E-004,-4.761599993798882E-004,5.558272241614759E-004,
2.495133333333334E+009,-4.147774307057262E-004,5.920164403505623E-004,-3.963092749472708E-004,5.726777017116547E-004,
2.495166666666667E+009,-4.137950018048286E-004,6.011830992065370E-004,-3.973485436290503E-004,6.251242011785507E-004,
2.495200000000000E+009,-3.483046893961728E-004,6.436642725020647E-004,-3.885900077875704E-004,6.138850003480911E-004,
2.495233333333334E+009,-3.857199335470796E-004,5.676288856193423E-004,-3.919789742212743E-004,6.517014699056745E-004,
2.495266666666667E+009,-3.920809540431947E-004,6.400205311365426E-004,-3.349506878294051E-004,6.361810374073684E-004,
2.495300000000000E+009,-3.010551736224443E-004,6.759840180166066E-004,-3.261950041633099E-004,6.635782774537802E-004,
2.495333333333334E+009,-3.405984898563474E-004,6.976369186304510E-004,-3.124525537714362E-004,6.691790767945349E-004,
2.495366666666667E+009,-2.616352576296777E-004,6.487078499048948E-004,-2.660149766597897E-004,6.330319447442889E-004,
2.495400000000000E+009,-2.423647965770215E-004,6.652864976786077E-004,-2.122629375662655E-004,6.468154024332762E-004,
2.495433333333334E+009,-2.499544934835285E-004,6.539603346027434E-004,-2.216940774815157E-004,6.705396808683872E-004,
2.495466666666667E+009,-2.259409229736775E-004,6.371600902639329E-004,-2.043599524768069E-004,6.709407316520810E-004,
2.495500000000000E+009,-1.809084205888212E-004,6.755199865438044E-004,-1.635206135688350E-004,6.687556742690504E-004,
2.495533333333334E+009,-1.562679390190169E-004,6.105190259404481E-004,-2.265388175146654E-004,6.875984254293144E-004,
2.495566666666667E+009,-1.836183655541390E-004,7.573060574941337E-004,-2.010093448916450E-004,7.096079643815756E-004,
2.495600000000000E+009,-1.816755684558302E-004,7.468471885658801E-004,-2.272395940963179E-004,6.732007022947073E-004,
2.495633333333334E+009,-1.865880331024528E-004,7.413731655105948E-004,-1.880089548649266E-004,7.704157615080476E-004,
2.495666666666667E+009,-1.048379272106104E-004,7.204252178780735E-004,-1.323819742538035E-004,6.984394276514649E-004,
2.495700000000000E+009,-1.465415698476136E-004,7.344319601543248E-004,-1.410107215633616E-004,7.430237019434571E-004,
2.495733333333334E+009,-9.766534640220925E-005,7.476806640625000E-004,-1.060374852386303E-004,7.455566083081067E-004,
2.495766666666667E+009,-8.039257227210328E-005,7.668980397284031E-004,-9.658830822445452E-005,7.301795994862914E-004,
2.495800000000000E+009,-9.611434506950900E-005,7.736557745374739E-004,-7.525782712036744E-005,7.406121585518122E-004,
2.495833333333334E+009,-8.386178524233401E-005,7.308941567316651E-004,-5.131417492520995E-005,7.109462167136371E-004,
2.495866666666667E+009,-5.157129635335878E-005,7.257365505211055E-004,-9.001933358376846E-005,7.864296785555780E-004,
2.495900000000000E+009,-1.662650356593076E-005,7.289011846296489E-004,-7.476095106540015E-006,7.666063611395657E-004,
2.495933333333334E+009,-5.492289710673504E-005,7.331065717153251E-004,-4.696576797869057E-005,7.888405816629529E-004,
2.495966666666667E+009,-2.067909008474089E-005,7.419122848659754E-004,-3.258016295148991E-005,7.522842497564852E-004,
2.496000000000000E+009,6.556642802024726E-006,7.871825946494937E-004,1.442342909285799E-005,7.558757788501680E-004,
2.496033333333334E+009,1.171845724456944E-005,7.528793648816645E-004,5.002253146813018E-006,7.332621607929468E-004,
2.496066666666667E+009,5.093834988656454E-005,7.671481580473483E-004,6.831126665929332E-005,7.382993935607374E-004,
2.496100000000000E+009,2.031872645602562E-005,7.375386776402593E-004,6.588926044059917E-005,7.752109086140990E-004,
2.496133333333334E+009,1.342188334092498E-004,7.407853845506907E-004,6.079978265915997E-005,7.408884121105075E-004,
2.496166666666667E+009,5.971479913569056E-005,7.330363732762635E-004,8.278962923213840E-005,8.104965672828257E-004,
2.496200000000000E+009,1.075284744729288E-004,7.489724084734917E-004,8.357231126865372E-005,7.530042785219848E-004,
2.496233333333334E+009,1.157391088781878E-004,7.332487148232758E-004,1.828665699576959E-004,7.550519658252597E-004,
2.496266666666667E+009,1.907494151964784E-004,7.715743267908692E-004,1.667100150370970E-004,7.888177642598748E-004,
2.496300000000000E+009,1.548375294078142E-004,7.562277023680508E-004,2.005127898883075E-004,6.976336007937789E-004,
2.496333333333334E+009,1.337885623797774E-004,7.943097734823823E-004,1.812324044294655E-004,7.976775523275137E-004,
2.496366666666667E+009,2.290543488925323E-004,7.458975887857378E-004,1.949704019352794E-004,7.869262481108308E-004,
2.496400000000000E+009,2.435487986076623E-004,7.692545768804848E-004,2.232914121123031E-004,7.574273040518165E-004,
2.496433333333334E+009,2.528278564568609E-004,6.951652467250824E-004,2.932846255134791E-004,7.019531913101673E-004,
2.496466666666667E+009,2.748256665654481E-004,7.489458657801151E-004,2.612053067423403E-004,7.348632207140327E-004,
2.496500000000000E+009,3.173652221448720E-004,7.433210266754031E-004,3.080004244111478E-004,7.274242816492915E-004,
2.496533333333334E+009,3.043356700800359E-004,6.898897700011730E-004,3.060027665924281E-004,7.104839314706624E-004,
2.496566666666667E+009,2.801727096084505E-004,6.889265496283770E-004,2.738659386523068E-004,7.614534697495401E-004,
2.496600000000000E+009,3.597144968807697E-004,7.260236889123917E-004,3.439367283135653E-004,7.337245624512434E-004,
2.496633333333334E+009,3.456812992226332E-004,7.218449027277529E-004,3.730322350747883E-004,7.155093480832875E-004,
2.496666666666667E+009,3.624681557994336E-004,7.354322005994618E-004,3.854741808027029E-004,6.930658128112555E-004,
2.496700000000000E+009,3.846606414299458E-004,7.245625020004809E-004,4.438542528077960E-004,7.387350196950138E-004,
2.496733333333334E+009,4.242483410052955E-004,7.028706022538245E-004,3.671919112093747E-004,6.913403631187975E-004,
2.496766666666667E+009,4.380445752758533E-004,7.039037300273776E-004,4.899758496321738E-004,6.299408269114792E-004,
2.496800000000000E+009,4.468806437216699E-004,6.771261105313897E-004,5.012663314118981E-004,6.628354894928634E-004,
2.496833333333334E+009,4.774596600327641E-004,6.409848574548960E-004,4.919653292745352E-004,6.427903426811099E-004,
2.496866666666667E+009,5.301520577631891E-004,7.099704234860838E-004,5.282948841340840E-004,6.233305321075022E-004,
2.496900000000000E+009,5.114442901685834E-004,5.813019815832377E-004,5.643259501084685E-004,5.839227233082056E-004,
2.496933333333334E+009,5.509931943379343E-004,5.693779676221311E-004,5.667799268849194E-004,5.886497674509883E-004,
2.496966666666667E+009,5.761527572758496E-004,5.832616006955504E-004,5.519856931641698E-004,5.891522159799933E-004,
2.497000000000000E+009,6.310149910859764E-004,5.490693147294223E-004,6.230939179658890E-004,5.512497154995799E-004,
2.497033333333334E+009,6.536550354212523E-004,5.578157142736018E-004,5.979159031994641E-004,5.342293297871947E-004,
2.497066666666667E+009,6.178406183607876E-004,5.085740122012794E-004,5.660807364620268E-004,5.394585314206779E-004,
2.497100000000000E+009,6.183556979522109E-004,5.285170627757907E-004,6.524857017211616E-004,5.470475298352540E-004,
2.497133333333334E+009,6.217359332367778E-004,5.139510612934828E-004,6.801589624956250E-004,5.117509281262755E-004,
2.497166666666667E+009,6.849233177490532E-004,5.253492854535580E-004,6.628947448916733E-004,4.641618288587779E-004,
2.497200000000000E+009,6.765116122551262E-004,4.861797788180411E-004,6.448288913816214E-004,5.100882262922823E-004,
2.497233333333334E+009,6.572674028575420E-004,4.784202028531581E-004,7.139694644138217E-004,4.881158238276839E-004,
2.497266666666667E+009,6.590697448700666E-004,4.152799083385617E-004,6.909001385793090E-004,4.339400911703706E-004,
2.497300000000000E+009,7.247041794471443E-004,4.860241315327585E-004,7.199460524134338E-004,4.239210393279791E-004,
2.497333333333334E+009,7.561332895420492E-004,4.120219091419131E-004,7.580666569992900E-004,4.252730868756771E-004,
2.497366666666667E+009,7.350263767875731E-004,4.288156342227012E-004,7.444465300068259E-004,4.340601735748351E-004,
2.497400000000000E+009,7.715061074122787E-004,4.211485502310097E-004,7.757298881188035E-004,4.230174818076193E-004,
2.497433333333334E+009,8.003179100342095E-004,4.446282982826233E-004,7.767196511849761E-004,4.090470611117780E-004,
2.497466666666667E+009,7.848812965676189E-004,3.974370192736387E-004,7.904877420514822E-004,4.078952770214528E-004,
2.497500000000000E+009,7.705091848038137E-004,3.809303743764758E-004,7.830164395272732E-004,3.741361433640122E-004,
2.497533333333334E+009,8.243701886385679E-004,3.515366115607321E-004,8.408228750340641E-004,3.503535408526659E-004,
2.497566666666667E+009,7.829879759810865E-004,3.055311681237072E-004,7.536920020356774E-004,2.715134760364890E-004,
2.497600000000000E+009,8.408493595197797E-004,3.217667399439961E-004,8.143392624333501E-004,2.932667557615787E-004,
2.497633333333334E+009,8.063612622208893E-004,2.350776485400274E-004,8.218997973017395E-004,2.838165382854641E-004,
2.497666666666667E+009,8.203577017411590E-004,2.178342110710219E-004,8.320815395563841E-004,2.701557532418519E-004,
2.497700000000000E+009,8.215351263061166E-004,2.271090488648042E-004,8.543473086319864E-004,2.523737493902445E-004,
2.497733333333334E+009,8.554116357117891E-004,1.845752849476412E-004,8.666910580359399E-004,2.414188784314320E-004,
2.497766666666667E+009,8.563722367398441E-004,1.789105735952035E-004,8.733157883398235E-004,1.809145469451323E-004,
2.497800000000000E+009,8.557146065868437E-004,1.733972749207169E-004,8.769591222517192E-004,2.064400759991258E-004,
2.497833333333334E+009,8.411722956225276E-004,1.273298112209886E-004,8.449315209873021E-004,1.461235224269331E-004,
2.497866666666667E+009,8.717318414710462E-004,1.177885787910782E-004,8.697584853507578E-004,1.298402348766103E-004,
2.497900000000000E+009,8.827151614241302E-004,7.806725625414401E-005,8.710097754374147E-004,1.015215821098536E-004,
2.497933333333334E+009,8.683659834787250E-004,1.135371639975347E-004,8.430879097431898E-004,8.246571815107018E-005,
2.497966666666667E+009,9.290233720093966E-004,1.118334694183432E-004,8.883643313311040E-004,1.006784586934373E-004,
2.498000000000000E+009,8.660480380058289E-004,6.483979814220220E-005,9.044828475452960E-004,8.265241922345012E-005,
2.498033333333334E+009,9.329972090199590E-004,6.664014654234052E-005,9.120616014115512E-004,-4.281403744244017E-005,
2.498066666666667E+009,8.440447272732854E-004,3.247423592256382E-005,9.058929863385856E-004,6.500609015347436E-005,
2.498100000000000E+009,9.180565830320120E-004,-9.813946235226467E-006,9.300510282628238E-004,-5.454889105749317E-006,
2.498133333333334E+009,8.654344128444791E-004,-3.721489338204265E-005,9.132302948273718E-004,1.293684931624739E-006,
2.498166666666667E+009,9.405511082150042E-004,-4.183860073680989E-005,9.285506093874574E-004,-4.937302946927957E-005,
2.498200000000000E+009,8.833548054099083E-004,-5.894067726330832E-005,9.437939152121544E-004,-8.623749454272911E-005,
2.498233333333334E+009,8.716861484572291E-004,-1.772928080754355E-004,8.709111716598272E-004,-1.130307573475875E-004,
2.498266666666667E+009,8.978096302598715E-004,-1.087123600882478E-004,9.123891359195113E-004,-1.338849979219958E-004,
2.498300000000000E+009,9.250996517948806E-004,-1.511410955572501E-004,9.322463884018362E-004,-1.662964787101373E-004,
2.498333333333334E+009,8.703475468792021E-004,-2.333487936994061E-004,8.680010796524584E-004,-2.629601513035595E-004,
2.498366666666667E+009,9.544743224978447E-004,-2.178701397497207E-004,8.999028359539807E-004,-2.527643518988043E-004,
2.498400000000000E+009,9.191057179123163E-004,-2.154398243874311E-004,8.704434731043875E-004,-3.200480423402041E-004,
2.498433333333334E+009,9.159657056443393E-004,-2.597524144221097E-004,8.520088740624487E-004,-3.337151429150254E-004,
2.498466666666667E+009,9.023963357321918E-004,-2.890146570280194E-004,8.638168801553547E-004,-3.460498410277069E-004,
2.498500000000000E+009,9.060376905836165E-004,-3.206182736903429E-004,8.410273003391922E-004,-3.166469105053693E-004,
2.498533333333334E+009,8.288726676255465E-004,-4.092461313121021E-004,9.059105068445206E-004,-3.798716061282903E-004,
2.498566666666667E+009,9.011213551275432E-004,-3.768173628486693E-004,7.768514915369451E-004,-4.793279222212732E-004,
2.498600000000000E+009,8.610140648670495E-004,-4.374885756988078E-004,8.170224027708173E-004,-4.605311551131308E-004,
2.498633333333334E+009,8.384077227674425E-004,-4.479823110159487E-004,7.683080621063709E-004,-4.237665561959148E-004,
2.498666666666667E+009,8.090446353890002E-004,-4.255425592418760E-004,7.881593774072826E-004,-4.209869948681444E-004,
2.498700000000000E+009,8.013228652998805E-004,-4.418533935677260E-004,7.868935354053974E-004,-4.881655622739345E-004,
2.498733333333334E+009,7.829797104932368E-004,-4.871030687354505E-004,7.513305754400790E-004,-4.978835349902511E-004,
2.498766666666667E+009,8.268200326710939E-004,-5.471736076287925E-004,7.191439508460462E-004,-4.936593468300998E-004,
2.498800000000000E+009,8.182089077308774E-004,-5.623639444820583E-004,7.561038364656270E-004,-5.356140318326652E-004,
2.498833333333334E+009,8.051346521824598E-004,-5.492200725711882E-004,7.800933090038598E-004,-5.462009576149285E-004,
2.498866666666667E+009,7.265843451023102E-004,-6.162430508993566E-004,7.539996877312660E-004,-6.076409481465817E-004,
2.498900000000000E+009,7.460481137968600E-004,-6.303500267677009E-004,7.884271326474845E-004,-6.174506270326674E-004,
2.498933333333334E+009,7.161755929701030E-004,-6.175294984132052E-004,7.381337927654386E-004,-6.476409616880119E-004,
2.498966666666667E+009,7.056826143525541E-004,-6.482939934358001E-004,7.265381282195449E-004,-6.728133885189891E-004,
2.499000000000000E+009,6.967904046177864E-004,-6.692321039736271E-004,6.760160322301090E-004,-6.580478511750698E-004,
2.499033333333334E+009,7.045795791782439E-004,-6.653263117186725E-004,6.692029419355094E-004,-7.019349141046405E-004,
2.499066666666667E+009,6.540891481563449E-004,-7.394507993012667E-004,6.667729467153549E-004,-7.342362659983337E-004,
2.499100000000000E+009,6.429404602386057E-004,-6.870545330457389E-004,5.906863952986896E-004,-7.774984696879983E-004,
2.499133333333334E+009,6.001808214932680E-004,-7.699044072069228E-004,6.547423545271158E-004,-7.848346140235663E-004,
2.499166666666667E+009,6.273449398577213E-004,-7.248974288813770E-004,5.650553503073752E-004,-7.424108916893601E-004,
2.499200000000000E+009,5.538031691685319E-004,-7.947741542011499E-004,5.932621425017715E-004,-7.833262789063156E-004,
2.499233333333334E+009,6.257067434489727E-004,-7.995243067853153E-004,5.581714794971049E-004,-7.924792007543147E-004,
2.499266666666667E+009,5.555647658184171E-004,-8.270189282484353E-004,5.799776408821344E-004,-8.065649308264256E-004,
2.499300000000000E+009,5.412684986367822E-004,-8.209428051486611E-004,5.806791014038026E-004,-8.235818822868168E-004,
2.499333333333334E+009,5.424136761575937E-004,-8.238430600613356E-004,4.706375766545534E-004,-7.861604099161923E-004,
2.499366666666667E+009,5.022361874580383E-004,-8.476620423607528E-004,5.084649310447276E-004,-8.970061317086220E-004,
2.499400000000000E+009,4.379239690024406E-004,-8.849646546877921E-004,4.925069515593350E-004,-8.923507411964238E-004,
2.499433333333334E+009,5.067266174592078E-004,-9.669776773080230E-004,4.482327785808593E-004,-8.900076500140131E-004,
2.499466666666667E+009,4.174493660684675E-004,-8.402431267313659E-004,4.004412330687046E-004,-9.210247080773115E-004,
2.499500000000000E+009,3.666488046292216E-004,-8.761884528212249E-004,4.167772422078997E-004,-9.507122449576855E-004,
2.499533333333334E+009,3.726253926288337E-004,-9.353019995614886E-004,3.950335085391998E-004,-9.577875607647002E-004,
2.499566666666667E+009,3.664788964670152E-004,-9.471363737247884E-004,3.384636074770242E-004,-9.364895522594452E-004,
2.499600000000000E+009,3.223078383598477E-004,-9.199915220960975E-004,2.988934284076095E-004,-1.021783333271742E-003,
2.499633333333334E+009,3.385025484021753E-004,-1.001261291094124E-003,2.981298021040857E-004,-9.423073497600853E-004,
2.499666666666667E+009,2.891338081099093E-004,-9.603429934941232E-004,2.783819509204477E-004,-1.026383368298411E-003,
2.499700000000000E+009,2.818303473759443E-004,-9.995107538998127E-004,2.359534119023010E-004,-9.798902319744229E-004,
2.499733333333334E+009,1.978117797989398E-004,-9.988219244405627E-004,2.145287289749831E-004,-9.821315761655569E-004,
2.499766666666667E+009,1.846444356488064E-004,-1.066602882929146E-003,2.089214831357822E-004,-9.981350740417838E-004,
2.499800000000000E+009,1.616720255697146E-004,-1.053058425895870E-003,1.663122820900753E-004,-1.014339621178806E-003,
2.499833333333334E+009,1.786087668733671E-004,-9.756649378687143E-004,1.617491216165945E-004,-1.004645135253668E-003,
2.499866666666667E+009,5.834655530634336E-005,-1.019563642330468E-003,8.465268183499575E-005,-1.036148052662611E-003,
2.499900000000000E+009,1.139552623499185E-004,-9.910316439345479E-004,8.979945414466783E-005,-1.038242829963565E-003,
2.499933333333334E+009,7.973321044119075E-005,-1.044382224790752E-003,4.177787923254073E-005,-1.015351386740804E-003,
2.499966666666667E+009,-1.292485012527322E-005,-1.072066719643772E-003,1.075311047316063E-005,-1.026876503601670E-003,
2.500000000000000E+009,-5.076870729681104E-005,-1.036273548379540E-003,5.843155122420285E-006,-1.072397222742438E-003,
