% Version 1.00
%
%freq[Hz];re:Trc1_S21;im:Trc1_S21;re:Trc2_S12;im:Trc2_S12;
2.480000000000000E+009,1.081944137695245E-004,1.140447799116373E-003,1.107424250221811E-004,1.147761591710150E-003,
2.480033333333334E+009,1.516308402642608E-004,1.200668048113585E-003,1.641492708586156E-004,1.121386303566396E-003,
2.480066666666667E+009,1.951948070200160E-004,1.159198698587716E-003,2.030953619396314E-004,1.140457927249372E-003,
2.480100000000000E+009,1.547772408230230E-004,1.127622788771987E-003,2.633468247950077E-004,1.145412330515683E-003,
2.480133333333334E+009,2.614236727822572E-004,1.020637224428356E-003,2.933534269686788E-004,1.159521401859820E-003,
2.480166666666667E+009,2.912142372224480E-004,1.136591657996178E-003,2.965820021927357E-004,1.132504898123443E-003,
2.480200000000000E+009,2.425973943900317E-004,1.125556067563593E-003,2.936135570053011E-004,1.106159994378686E-003,
2.480233333333334E+009,3.274701302871108E-004,1.088480348698795E-003,2.970554633066058E-004,1.119033317081630E-003,
2.480266666666667E+009,3.860935685224831E-004,1.092217629775405E-003,3.734695783350617E-004,1.114100683480501E-003,
2.480300000000000E+009,3.952311235480011E-004,1.077464548870921E-003,3.989457909483463E-004,1.085263909772039E-003,
2.480333333333334E+009,4.134846676606685E-004,1.077006687410176E-003,3.935722634196281E-004,1.093123340979219E-003,
2.480366666666667E+009,4.873866273555905E-004,1.078018103726208E-003,4.670830676332116E-004,1.054159016348422E-003,
2.480400000000000E+009,4.725341568700969E-004,1.106012030504644E-003,4.911450669169426E-004,1.021140837110579E-003,
2.480433333333334E+009,5.500116385519505E-004,1.057376270182431E-003,5.280816112644970E-004,1.053442829288542E-003,
2.480466666666667E+009,4.993896000087261E-004,1.028781058266759E-003,5.027630249969661E-004,1.040671486407518E-003,
2.480500000000000E+009,5.813051247969270E-004,1.014200272038579E-003,5.548064946196973E-004,1.038431772030890E-003,
2.480533333333334E+009,5.779748316854239E-004,1.013976871035993E-003,5.128403427079320E-004,9.249287541024387E-004,
2.480566666666667E+009,5.934604560025036E-004,9.840897982940078E-004,6.002238369546831E-004,9.755401406437159E-004,
2.480600000000000E+009,6.379574770107865E-004,9.419322013854981E-004,6.271272432059050E-004,9.898971766233444E-004,
2.480633333333334E+009,6.551888654939830E-004,9.446443291381002E-004,6.097925943322480E-004,9.848655899986625E-004,
2.480666666666667E+009,6.750508327968419E-004,8.990836795419455E-004,6.796565139666200E-004,9.591530542820692E-004,
2.480700000000000E+009,7.233935175463557E-004,9.503927431069315E-004,7.272613001987338E-004,9.295403724536300E-004,
2.480733333333334E+009,7.591054309159517E-004,9.142954368144274E-004,8.152334485203028E-004,9.139605099335313E-004,
2.480766666666667E+009,7.456730236299336E-004,8.143669692799449E-004,8.428393048234284E-004,8.581894217059016E-004,
2.480800000000000E+009,7.806421490386128E-004,8.333271834999323E-004,7.865928928367794E-004,8.662001928314567E-004,
2.480833333333334E+009,8.401987724937499E-004,7.601223187521100E-004,8.020194945856929E-004,7.875677547417581E-004,
2.480866666666667E+009,8.901921100914478E-004,7.941426010802388E-004,8.232428226619959E-004,7.716472027823329E-004,
2.480900000000000E+009,8.658792939968407E-004,7.699839770793915E-004,8.887790609151125E-004,7.706863107159734E-004,
2.480933333333334E+009,8.303452050313354E-004,7.388663361780345E-004,8.792129228822887E-004,7.356391288340092E-004,
2.480966666666667E+009,8.727907552383840E-004,7.593773189000785E-004,9.104934288188815E-004,7.337800343520939E-004,
2.481000000000000E+009,8.768467232584953E-004,7.064763340167701E-004,9.222232038155198E-004,7.151177269406617E-004,
2.481033333333334E+009,8.927921298891306E-004,6.887258496135473E-004,9.076433489099145E-004,7.010186673142016E-004,
2.481066666666667E+009,9.496476268395782E-004,6.051138043403626E-004,9.526187204755843E-004,6.646562251262367E-004,
2.481100000000000E+009,9.603715734556317E-004,5.996907711960375E-004,9.612899739295244E-004,6.126974476501346E-004,
2.481133333333334E+009,9.451094665564597E-004,5.974686937406659E-004,9.035236435011029E-004,5.995047395117581E-004,
2.481166666666667E+009,9.815143421292305E-004,6.098055746406317E-004,9.809780167415738E-004,5.527018220163882E-004,
2.481200000000000E+009,9.913260582834482E-004,5.863894475623965E-004,9.768798481673002E-004,5.671346443705261E-004,
2.481233333333334E+009,9.927476057782769E-004,5.203266046009958E-004,9.584475774317980E-004,5.230738315731287E-004,
2.481266666666667E+009,1.047667581588030E-003,4.575269704218954E-004,1.005408819764853E-003,4.787690704688430E-004,
2.481300000000000E+009,1.063637086190283E-003,4.383834020700306E-004,1.045714598149061E-003,5.046054138801992E-004,
2.481333333333334E+009,1.027443446218967E-003,4.548695578705519E-004,1.082889968529344E-003,4.756241978611797E-004,
2.481366666666667E+009,1.090004458092153E-003,4.319357103668153E-004,1.111361198127270E-003,4.209676699247211E-004,
2.481400000000000E+009,1.026685815304518E-003,4.032791184727103E-004,1.074866391718388E-003,3.862894373014569E-004,
2.481433333333334E+009,1.104559982195497E-003,3.656152402982116E-004,1.076378510333598E-003,3.895412955898792E-004,
2.481466666666667E+009,1.063867122866213E-003,2.707803214434534E-004,1.160286599770188E-003,3.408915654290468E-004,
2.481500000000000E+009,1.065578311681747E-003,2.931683848146349E-004,1.172320218756795E-003,2.731938729993999E-004,
2.481533333333334E+009,1.106502255424857E-003,2.895856450777501E-004,1.118449727073312E-003,2.038381062448025E-004,
2.481566666666667E+009,1.108165597543120E-003,2.105448220390827E-004,1.061779912561178E-003,1.953662576852366E-004,
2.481600000000000E+009,1.142674591392279E-003,2.150560467271134E-004,1.128780189901590E-003,2.143432066077367E-004,
2.481633333333334E+009,1.106710173189640E-003,2.041894331341609E-004,1.133602578192949E-003,1.605301513336599E-004,
2.481666666666667E+009,1.128730364143848E-003,1.239181729033589E-004,1.097688102163374E-003,1.216812815982848E-004,
2.481700000000000E+009,1.134002930484712E-003,1.267873594770208E-004,1.199314370751381E-003,1.244361628778279E-004,
2.481733333333334E+009,1.114053186029196E-003,8.326493116328493E-005,1.177163096144795E-003,5.500645056599751E-005,
2.481766666666667E+009,1.144607434980571E-003,3.054307671845891E-005,1.179451239295304E-003,1.269423592020758E-005,
2.481800000000000E+009,1.186013221740723E-003,6.953651791263837E-006,1.129554351791740E-003,6.125352228991687E-006,
2.481833333333334E+009,1.130122109316289E-003,1.158248960564379E-005,1.160882529802620E-003,3.599456931624445E-006,
2.481866666666667E+009,1.171726034954190E-003,-7.472538709407672E-005,1.182114821858704E-003,-2.000242966460064E-005,
2.481900000000000E+009,1.088073127903044E-003,-6.116354052210227E-005,1.149013405665755E-003,-5.871606481377967E-005,
2.481933333333334E+009,1.113219535909593E-003,-8.041028922889382E-005,1.139140455052257E-003,-1.283519522985444E-004,
2.481966666666667E+009,1.125884475186467E-003,-1.118723739637062E-004,1.145203714258969E-003,-9.664272511145100E-005,
2.482000000000000E+009,1.138133229687810E-003,-1.602484408067539E-004,1.150428666733205E-003,-1.663019502302632E-004,
2.482033333333334E+009,1.155754434876144E-003,-1.822497142711654E-004,1.146051334217191E-003,-1.948556600837037E-004,
2.482066666666667E+009,1.144076115451753E-003,-2.015270438278094E-004,1.094713690690696E-003,-2.379142242716625E-004,
2.482100000000000E+009,1.126759103499353E-003,-3.061316674575210E-004,1.124341157265008E-003,-2.069358451990411E-004,
2.482133333333334E+009,1.096746884286404E-003,-2.289599942741916E-004,1.100104418583214E-003,-2.110945351887494E-004,
2.482166666666667E+009,1.127437106333673E-003,-2.710726985242218E-004,1.091731712222099E-003,-2.851507742889226E-004,
2.482200000000000E+009,1.069546211510897E-003,-2.770026621874422E-004,1.163769164122641E-003,-2.876346989069134E-004,
2.482233333333334E+009,1.107929274439812E-003,-3.690577286761254E-004,1.069735735654831E-003,-3.287779982201755E-004,
2.482266666666667E+009,1.121452311053872E-003,-3.784065775107592E-004,1.100588706322014E-003,-3.836047835648060E-004,
2.482300000000000E+009,1.079578651115298E-003,-4.299654101487249E-004,1.071199658326805E-003,-4.133488691877574E-004,
2.482333333333334E+009,1.007391256280243E-003,-5.039495299570262E-004,1.097769476473332E-003,-4.653557552956045E-004,
2.482366666666667E+009,1.058734487742186E-003,-4.917592159472406E-004,1.040583942085505E-003,-4.749519284814596E-004,
2.482400000000000E+009,1.019012881442905E-003,-5.490232142619789E-004,1.046440331265330E-003,-5.596139235422015E-004,
2.482433333333334E+009,1.008903607726097E-003,-5.246410146355629E-004,9.791841730475426E-004,-6.081614410504699E-004,
2.482466666666667E+009,1.027980470098555E-003,-5.888511659577489E-004,9.685296099632978E-004,-5.242007900960743E-004,
2.482500000000000E+009,9.581913473084569E-004,-5.961452261544764E-004,9.905655169859529E-004,-6.768932216800749E-004,
2.482533333333334E+009,9.847326437011361E-004,-6.585619994439185E-004,9.591703419573605E-004,-6.451365770772100E-004,
2.482566666666667E+009,9.872840018942952E-004,-5.985392490401864E-004,9.430749923922122E-004,-6.700771045871079E-004,
2.482600000000000E+009,9.313106420449913E-004,-6.724958657287061E-004,9.632952278479934E-004,-7.029013358987868E-004,
2.482633333333334E+009,9.236996993422508E-004,-7.104708929546177E-004,9.034572867676616E-004,-7.154920604079962E-004,
2.482666666666667E+009,8.954097284004092E-004,-6.821400602348149E-004,8.979863487184048E-004,-7.516588666476309E-004,
2.482700000000000E+009,9.147618548013270E-004,-7.599425734952092E-004,8.705297950655222E-004,-7.335075060836971E-004,
2.482733333333334E+009,8.633905672468245E-004,-7.822039769962430E-004,8.652886026538909E-004,-7.508465205319226E-004,
2.482766666666667E+009,8.574283565394580E-004,-7.619791431352496E-004,8.510688785463572E-004,-7.782114553265274E-004,
2.482800000000000E+009,8.124186424538493E-004,-8.135995012708008E-004,8.132111979648471E-004,-8.060645777732134E-004,
2.482833333333334E+009,7.869337568990886E-004,-8.203243487514556E-004,8.016582578420639E-004,-8.276849985122681E-004,
2.482866666666667E+009,7.279001874849200E-004,-8.592564845457673E-004,7.683755829930306E-004,-8.611267548985779E-004,
2.482900000000000E+009,7.807940710335970E-004,-8.853157050907612E-004,6.984087522141635E-004,-8.934632642194629E-004,
2.482933333333334E+009,7.646564044989646E-004,-9.356416994705796E-004,7.254037773236632E-004,-9.118855232372880E-004,
2.482966666666667E+009,6.939165759831667E-004,-9.132972336374223E-004,6.472209934145212E-004,-9.252681629732251E-004,
2.483000000000000E+009,6.519922171719372E-004,-9.890859946608543E-004,6.613826844841242E-004,-9.588127140887082E-004,
2.483033333333334E+009,6.555448635481298E-004,-9.817038662731648E-004,6.577090243808925E-004,-9.376017260365188E-004,
2.483066666666667E+009,6.049651419743896E-004,-1.048432779498398E-003,6.259227520786226E-004,-9.904638864099979E-004,
2.483100000000000E+009,6.188345723785460E-004,-9.538574377074838E-004,5.854959599673748E-004,-1.011212123557925E-003,
2.483133333333334E+009,5.339328199625015E-004,-9.743925184011459E-004,5.879292730242014E-004,-1.039364724420011E-003,
2.483166666666667E+009,5.163579480722547E-004,-9.831245988607407E-004,5.510110640898347E-004,-1.023791963234544E-003,
2.483200000000000E+009,5.155234248377383E-004,-1.044597127474845E-003,4.900234052911401E-004,-9.840225102379918E-004,
2.483233333333334E+009,4.813294508494437E-004,-1.089690253138542E-003,4.574029590003192E-004,-1.094570732675493E-003,
2.483266666666667E+009,5.037336959503591E-004,-1.060326350852847E-003,4.470525891520083E-004,-1.049439539201558E-003,
2.483300000000000E+009,3.841099969577044E-004,-1.073712366633117E-003,4.403469793032855E-004,-1.101813511922956E-003,
2.483333333333334E+009,3.930607053916901E-004,-1.075101667083800E-003,3.745321882888675E-004,-1.069428981281817E-003,
2.483366666666667E+009,3.335070214234293E-004,-1.064997864887118E-003,3.199097409378737E-004,-1.138122519478202E-003,
2.483400000000000E+009,2.795466571114957E-004,-1.125643611885607E-003,3.491340321488679E-004,-1.087334821932018E-003,
2.483433333333334E+009,2.776011533569545E-004,-1.124604488722980E-003,2.870732569135726E-004,-1.109443022869527E-003,
2.483466666666667E+009,1.946233824128285E-004,-1.106280134990811E-003,2.007137518376112E-004,-1.139254658482969E-003,
2.483500000000000E+009,2.534531522542238E-004,-1.128442236222327E-003,2.165325859095901E-004,-1.107652671635151E-003,
2.483533333333334E+009,1.960012305062264E-004,-1.097019296139479E-003,2.284191141370684E-004,-1.153817865997553E-003,
2.483566666666667E+009,1.539781806059182E-004,-1.219780184328556E-003,1.386542135151103E-004,-1.156191690824926E-003,
2.483600000000000E+009,1.681478897808120E-004,-1.146703725680709E-003,1.729723153403029E-004,-1.155074569396675E-003,
2.483633333333334E+009,1.723013847367838E-004,-1.128636999055743E-003,8.810895087663084E-005,-1.110127195715904E-003,
2.483666666666667E+009,5.586922634392977E-005,-1.175188110210002E-003,9.958647569874302E-005,-1.155685400590301E-003,
2.483700000000000E+009,1.094772596843541E-004,-1.129050157032907E-003,3.071147511946037E-005,-1.139644766226411E-003,
2.483733333333334E+009,2.876066537282895E-005,-1.131335971876979E-003,1.856663584476337E-005,-1.133592566475272E-003,
2.483766666666667E+009,-5.674946805811487E-006,-1.134130870923400E-003,-3.932373601855943E-006,-1.172841177321971E-003,
2.483800000000000E+009,-4.641900522983633E-005,-1.118903048336506E-003,-4.949951471644454E-005,-1.181760919280350E-003,
2.483833333333334E+009,-8.289295510621741E-005,-1.130385906435549E-003,-1.138446987170028E-005,-1.144036068581045E-003,
2.483866666666667E+009,-1.203104402520694E-004,-1.160231418907642E-003,-1.053905652952381E-004,-1.180864172056317E-003,
2.483900000000000E+009,-1.208251778734848E-004,-1.189550152048469E-003,-1.602023257873952E-004,-1.166621455922723E-003,
2.483933333333334E+009,-1.453342410968617E-004,-1.217277254909277E-003,-1.581013348186389E-004,-1.119422493502498E-003,
2.483966666666667E+009,-2.347794215893373E-004,-1.177565194666386E-003,-2.425662532914430E-004,-1.150253694504499E-003,
2.484000000000000E+009,-2.601611777208746E-004,-1.141897868365049E-003,-3.391087811905891E-004,-1.090504578314722E-003,
2.484033333333334E+009,-2.555639366619289E-004,-1.127196825109422E-003,-2.551506622694433E-004,-1.196125173009932E-003,
2.484066666666667E+009,-3.419105487409979E-004,-1.149931107647717E-003,-3.447803028393537E-004,-1.101388363167644E-003,
2.484100000000000E+009,-3.807815373875201E-004,-1.096131047233939E-003,-3.365351585671306E-004,-1.110559678636491E-003,
2.484133333333334E+009,-3.914679691661149E-004,-1.120265922509134E-003,-3.685224510263652E-004,-1.104295020923019E-003,
2.484166666666667E+009,-3.738598024938256E-004,-1.086947740986943E-003,-4.145195998717099E-004,-1.113672740757465E-003,
2.484200000000000E+009,-4.171216860413551E-004,-1.136397127993405E-003,-3.826442116405815E-004,-1.064416370354593E-003,
2.484233333333334E+009,-4.193289787508547E-004,-1.110649434849620E-003,-4.698903358075768E-004,-1.070905011147261E-003,
2.484266666666667E+009,-4.588711890392005E-004,-1.083520008251071E-003,-5.053413333371282E-004,-1.080054906196892E-003,
2.484300000000000E+009,-5.110158817842603E-004,-1.021544449031353E-003,-5.271453410387039E-004,-9.943469194695354E-004,
2.484333333333334E+009,-5.086829187348485E-004,-1.029481412842870E-003,-5.294395377859473E-004,-1.097271218895912E-003,
2.484366666666667E+009,-5.309615517035127E-004,-9.871360380202532E-004,-5.681625334545970E-004,-1.015006680972874E-003,
2.484400000000000E+009,-5.306841339915991E-004,-9.879780700430274E-004,-5.854044575244188E-004,-1.003080396912992E-003,
2.484433333333334E+009,-6.124319043010473E-004,-9.762831614352763E-004,-6.366941961459816E-004,-9.922990575432777E-004,
2.484466666666667E+009,-6.400115671567619E-004,-9.550388786010444E-004,-6.616390892304480E-004,-9.712581522762775E-004,
2.484500000000000E+009,-7.096619228832424E-004,-9.422873845323920E-004,-6.141233025118709E-004,-9.368723258376122E-004,
2.484533333333334E+009,-6.673946045339108E-004,-9.202166693285108E-004,-7.520325016230345E-004,-8.267150842584670E-004,
2.484566666666667E+009,-6.888835341669619E-004,-8.729647379368544E-004,-6.864473107270896E-004,-9.253342286683619E-004,
2.484600000000000E+009,-7.129691075533629E-004,-9.132956038229168E-004,-7.558090146631002E-004,-8.451669709756970E-004,
2.484633333333334E+009,-7.192973280325532E-004,-8.591224323026836E-004,-7.881673518568277E-004,-8.686553919687867E-004,
2.484666666666667E+009,-7.647437741979957E-004,-8.338825427927077E-004,-7.363672484643757E-004,-8.254174026660621E-004,
2.484700000000000E+009,-7.419933681376278E-004,-8.375823381356895E-004,-8.161946316249669E-004,-7.672135834582150E-004,
2.484733333333334E+009,-8.389793219976127E-004,-8.337104809470475E-004,-8.868800359778106E-004,-8.309929398819804E-004,
2.484766666666667E+009,-8.773233857937157E-004,-7.443773793056607E-004,-8.935334626585245E-004,-7.774054538458586E-004,
2.484800000000000E+009,-8.894329075701535E-004,-8.085538283921778E-004,-9.073877008631825E-004,-7.022691424936056E-004,
2.484833333333334E+009,-9.043880854733288E-004,-6.885276525281370E-004,-8.823568932712078E-004,-7.034970913082361E-004,
2.484866666666667E+009,-9.137918823398650E-004,-6.742667173966765E-004,-9.494942496530712E-004,-6.635342724621296E-004,
2.484900000000000E+009,-9.302900289185345E-004,-6.304262788034976E-004,-9.229283314198256E-004,-6.312608602456749E-004,
2.484933333333334E+009,-1.002341159619391E-003,-6.760653923265636E-004,-9.313552873209119E-004,-5.874644848518074E-004,
2.484966666666667E+009,-9.323391714133322E-004,-6.281318492256105E-004,-9.743503760546446E-004,-6.046606577001512E-004,
2.485000000000000E+009,-9.935140842571855E-004,-5.899049574509263E-004,-9.728349396027625E-004,-5.478310049511492E-004,
2.485033333333334E+009,-9.489411604590714E-004,-5.785936373285949E-004,-1.005076919682324E-003,-5.787495174445212E-004,
2.485066666666667E+009,-9.984079515561461E-004,-5.680118338204920E-004,-1.033019041642547E-003,-5.189186776988208E-004,
2.485100000000000E+009,-1.048894831910729E-003,-5.262852064333856E-004,-1.002058153972030E-003,-5.390314618125558E-004,
2.485133333333334E+009,-1.051475759595633E-003,-4.648533940780908E-004,-1.019550021737814E-003,-5.625924095511437E-004,
2.485166666666667E+009,-1.053970074281097E-003,-4.385516804177314E-004,-1.027231337502599E-003,-4.531160811893642E-004,
2.485200000000000E+009,-1.047489349730313E-003,-3.934050328098238E-004,-1.045532873831689E-003,-3.997408493887633E-004,
2.485233333333334E+009,-1.008922001346946E-003,-3.640303330030292E-004,-1.061779446899891E-003,-3.870013460982591E-004,
2.485266666666667E+009,-1.083505339920521E-003,-3.709587035700679E-004,-1.114082639105618E-003,-3.491646784823388E-004,
2.485300000000000E+009,-1.054221414960921E-003,-3.425895411055535E-004,-1.068274024873972E-003,-3.163432993460447E-004,
2.485333333333334E+009,-1.050976919941604E-003,-3.176749160047621E-004,-1.109277596697211E-003,-3.048059006687254E-004,
2.485366666666667E+009,-1.059559057466686E-003,-3.040769952349365E-004,-1.110469573177397E-003,-2.910458133555949E-004,
2.485400000000000E+009,-1.076369546353817E-003,-2.326539542991668E-004,-1.112439669668675E-003,-2.576155529823154E-004,
2.485433333333334E+009,-1.128572504967451E-003,-2.378419885644689E-004,-1.140139764174819E-003,-2.217921864939854E-004,
2.485466666666667E+009,-1.101111527532339E-003,-2.240125904791057E-004,-1.161355758085847E-003,-1.875839807325974E-004,
2.485500000000000E+009,-1.189716625958681E-003,-1.673702645348385E-004,-1.141713233664632E-003,-9.077710274141282E-005,
2.485533333333334E+009,-1.172662363387644E-003,-1.242991565959528E-004,-1.145145157352090E-003,-5.783549204352312E-005,
2.485566666666667E+009,-1.192346797324717E-003,-3.457351704128087E-005,-1.190289040096104E-003,-3.886361082550138E-005,
2.485600000000000E+009,-1.187042216770351E-003,-1.125205744756386E-005,-1.132964622229338E-003,1.226630865858169E-005,
2.485633333333334E+009,-1.187571207992733E-003,2.944839434348978E-005,-1.160776475444436E-003,1.621103911020327E-005,
2.485666666666667E+009,-1.152976532466710E-003,-1.056648397934623E-005,-1.124871079809964E-003,-2.377667260589078E-005,
2.485700000000000E+009,-1.127335126511753E-003,3.937694782507606E-005,-1.126456540077925E-003,6.358500104397535E-005,
2.485733333333334E+009,-1.127898227423430E-003,7.771841774228960E-005,-1.174702076241374E-003,7.559450023109093E-005,
2.485766666666667E+009,-1.106737065128982E-003,1.049424317898229E-004,-1.135606318712235E-003,8.678605081513524E-005,
2.485800000000000E+009,-1.111334888264537E-003,1.271958899451420E-004,-1.116153784096241E-003,1.444168010493740E-004,
2.485833333333334E+009,-1.179503044113517E-003,1.399759639753029E-004,-1.112926751375198E-003,2.177006826968864E-004,
2.485866666666667E+009,-1.200197963044047E-003,2.034904900938273E-004,-1.085772993974388E-003,1.735175901558250E-004,
2.485900000000000E+009,-1.122213434427977E-003,2.122429432347417E-004,-1.139636267907918E-003,2.227863442385569E-004,
2.485933333333334E+009,-1.114777405746281E-003,2.874308847822249E-004,-1.140646170824766E-003,3.077775763813406E-004,
2.485966666666667E+009,-1.128383795730770E-003,2.694223949220032E-004,-1.081164693459868E-003,3.034698020201176E-004,
2.486000000000000E+009,-1.130073564127088E-003,3.347351448610425E-004,-1.075771753676236E-003,3.209701972082257E-004,
2.486033333333334E+009,-1.119014341384172E-003,3.623596567194909E-004,-1.054495573043823E-003,4.056014004163444E-004,
2.486066666666667E+009,-1.080695423297584E-003,3.823494771495462E-004,-1.050286809913814E-003,3.716358623933047E-004,
2.486100000000000E+009,-1.063119154423475E-003,4.363874904811382E-004,-9.975522989407182E-004,4.536347987595946E-004,
2.486133333333334E+009,-1.036665053106844E-003,4.937231424264610E-004,-1.048746635206044E-003,4.347760695964098E-004,
2.486166666666667E+009,-1.061012735590339E-003,4.844111099373549E-004,-9.673644090071321E-004,4.660989798139781E-004,
2.486200000000000E+009,-1.021349220536649E-003,4.837349697481841E-004,-9.964397177100182E-004,5.293213762342930E-004,
2.486233333333334E+009,-1.007624203339219E-003,5.673363921232522E-004,-9.816170204430819E-004,5.173275130800903E-004,
2.486266666666667E+009,-9.583595092408359E-004,5.571258952841163E-004,-9.779307292774320E-004,5.818414501845837E-004,
2.486300000000000E+009,-9.234044118784368E-004,5.776823963969946E-004,-9.723294642753899E-004,5.730979028157890E-004,
2.486333333333334E+009,-9.342306293547154E-004,6.259477813728154E-004,-9.486267226748169E-004,5.794868338853121E-004,
2.486366666666667E+009,-9.005169267766178E-004,6.330088945105672E-004,-8.664848865009844E-004,6.692375172860920E-004,
2.486400000000000E+009,-8.177980198524892E-004,6.770964828319848E-004,-8.703997009433806E-004,6.626602844335139E-004,
2.486433333333334E+009,-9.288931614719331E-004,6.801036070100963E-004,-9.039340075105429E-004,6.962003535591066E-004,
2.486466666666667E+009,-8.456116775050759E-004,6.451527005992830E-004,-8.865211857482791E-004,7.010892149992287E-004,
2.486500000000000E+009,-7.625360740348697E-004,7.015264709480107E-004,-8.143209270201623E-004,7.312213419936597E-004,
2.486533333333334E+009,-7.907978724688292E-004,7.565049454569817E-004,-8.436850621365011E-004,7.417944143526256E-004,
2.486566666666667E+009,-7.821730105206370E-004,7.676389068365097E-004,-8.686892106197774E-004,7.589587476104498E-004,
2.486600000000000E+009,-7.705684984102845E-004,7.561634411104024E-004,-7.196674123406410E-004,7.721115252934396E-004,
2.486633333333334E+009,-7.243927684612572E-004,8.330437703989446E-004,-7.318138959817588E-004,7.930450374260545E-004,
2.486666666666667E+009,-7.117106579244137E-004,8.536592940799892E-004,-7.226666784845293E-004,8.553265943191946E-004,
2.486700000000000E+009,-6.639157072640955E-004,8.433379116468132E-004,-6.938121514394879E-004,8.863135008141398E-004,
2.486733333333334E+009,-6.634204182773829E-004,8.591350633651018E-004,-6.931738462299109E-004,8.823798270896077E-004,
2.486766666666667E+009,-6.848031771369278E-004,8.808522252365947E-004,-7.049444830045104E-004,8.408961584791541E-004,
2.486800000000000E+009,-6.764710997231305E-004,8.830340811982751E-004,-5.984019953757525E-004,9.081682073883712E-004,
2.486833333333334E+009,-5.710213445127010E-004,8.824692340567708E-004,-5.732217105105519E-004,9.427651530131698E-004,
2.486866666666667E+009,-5.895009380765259E-004,9.277801727876067E-004,-5.868275184184313E-004,9.560241596773267E-004,
2.486900000000000E+009,-5.357940099202097E-004,9.694915497675538E-004,-5.388144054450095E-004,9.606365347281098E-004,
2.486933333333334E+009,-5.156557308509946E-004,9.817751124501228E-004,-5.062623531557620E-004,9.442945010960102E-004,
2.486966666666667E+009,-5.312010762281716E-004,1.001977594569325E-003,-5.251323455013335E-004,1.050225691869855E-003,
2.487000000000000E+009,-4.585399292409420E-004,9.820174891501665E-004,-4.770791856572032E-004,1.023042714223266E-003,
2.487033333333334E+009,-4.055708996020258E-004,9.533721604384482E-004,-4.227589524816722E-004,1.066468190401793E-003,
2.487066666666667E+009,-4.571049939841032E-004,1.024407451041043E-003,-4.388703091535717E-004,1.075890148058534E-003,
2.487100000000000E+009,-3.301555989310145E-004,1.071229227818549E-003,-3.338214301038533E-004,1.023226417601109E-003,
2.487133333333334E+009,-3.769063623622060E-004,1.031885389238596E-003,-2.867049770429730E-004,1.076611224561930E-003,
2.487166666666667E+009,-3.153178840875626E-004,1.101599424146116E-003,-2.830436569638550E-004,1.037453534081578E-003,
2.487200000000000E+009,-3.339329850859940E-004,1.046637422405183E-003,-2.434829220874235E-004,1.112603466026485E-003,
2.487233333333334E+009,-2.841334207914770E-004,1.124317408539355E-003,-2.749922277871519E-004,1.036804635077715E-003,
2.487266666666667E+009,-2.652932016644627E-004,1.080790767446160E-003,-2.460314135532826E-004,1.083839917555451E-003,
2.487300000000000E+009,-1.797503355192021E-004,1.044570468366146E-003,-2.255947474623099E-004,1.118478132411838E-003,
2.487333333333334E+009,-1.757382124196738E-004,1.084934570826590E-003,-1.608801394468173E-004,1.112001133151352E-003,
2.487366666666667E+009,-1.721639127936214E-004,1.096169231459498E-003,-1.826392253860831E-004,1.100494759157300E-003,
2.487400000000000E+009,-1.113593098125421E-004,1.098059699870646E-003,-9.841455903369933E-005,1.083760056644678E-003,
2.487433333333334E+009,-7.307567284442484E-005,1.100384863093495E-003,-8.331539720529690E-005,1.068165409378707E-003,
2.487466666666667E+009,-6.997616583248600E-005,1.074370113201439E-003,-8.093354699667543E-005,1.073119929060340E-003,
2.487500000000000E+009,-7.773919787723571E-005,1.124075846746564E-003,-1.513346069259569E-005,1.075608190149069E-003,
2.487533333333334E+009,2.034321732935496E-005,1.038574031554163E-003,7.796526188030839E-005,1.091082929633558E-003,
2.487566666666667E+009,5.821012564410921E-006,1.071335864253342E-003,5.671930921380408E-005,1.140349078923464E-003,
2.487600000000000E+009,3.844692764687352E-005,1.014664769172669E-003,1.037551264744252E-004,1.092872349545360E-003,
2.487633333333334E+009,8.081188570940867E-005,1.078331260941923E-003,1.196336743305437E-004,1.082034781575203E-003,
2.487666666666667E+009,1.427885581506416E-004,1.043097116053104E-003,1.228153123520315E-004,1.072806888259947E-003,
2.487700000000000E+009,1.309958315687254E-004,1.074822270311415E-003,1.512493909103796E-004,1.056900480762124E-003,
2.487733333333334E+009,1.589089806657285E-004,1.055868458934128E-003,1.327248028246686E-004,1.070423400960863E-003,
2.487766666666667E+009,1.632940693525598E-004,1.065063290297985E-003,1.952620514202863E-004,1.015297137200832E-003,
2.487800000000000E+009,2.646137436386198E-004,1.043642987497151E-003,1.981468521989882E-004,1.052735373377800E-003,
2.487833333333334E+009,3.171341959387064E-004,1.075892942026258E-003,2.515885862521827E-004,1.013557543046773E-003,
2.487866666666667E+009,2.873651683330536E-004,1.030539860948920E-003,3.596748865675181E-004,1.052141305990517E-003,
2.487900000000000E+009,2.855037164408714E-004,9.924571495503187E-004,3.325466532260180E-004,9.822363499552012E-004,
2.487933333333334E+009,3.437091363593936E-004,9.702915558591485E-004,3.683340910356492E-004,9.674034081399441E-004,
2.487966666666667E+009,3.607764956541359E-004,9.716508793644607E-004,3.417650877963752E-004,9.364915313199163E-004,
2.488000000000000E+009,3.696070634759963E-004,9.309079032391310E-004,4.035716410726309E-004,9.758997475728393E-004,
2.488033333333334E+009,3.989959950558841E-004,1.016312860883772E-003,4.536743799690157E-004,9.298209915868938E-004,
2.488066666666667E+009,4.176375223323703E-004,9.184950031340122E-004,4.762665485031903E-004,9.622527286410332E-004,
2.488100000000000E+009,5.209755036048591E-004,9.351391927339137E-004,4.504368989728391E-004,9.601050987839699E-004,
2.488133333333334E+009,4.900641506537795E-004,9.155216976068914E-004,5.101347924210131E-004,8.969778427854180E-004,
2.488166666666667E+009,5.129930214025080E-004,8.151644142344594E-004,5.144347669556737E-004,9.266634006053209E-004,
2.488200000000000E+009,5.454589263536036E-004,8.667434449307621E-004,5.510962218977511E-004,8.703219355084002E-004,
2.488233333333334E+009,6.035337573848665E-004,8.702940540388227E-004,5.639884620904923E-004,8.484699064865708E-004,
2.488266666666667E+009,6.161112687550485E-004,8.780784555710852E-004,5.840320955030620E-004,7.877175230532885E-004,
2.488300000000000E+009,5.902207922190428E-004,8.037526858970523E-004,6.815624656155706E-004,8.270964026451111E-004,
2.488333333333334E+009,6.153683061711490E-004,7.991811144165695E-004,6.461799493990839E-004,7.799549493938685E-004,
2.488366666666667E+009,6.850095815025270E-004,8.260538452304900E-004,6.466592312790453E-004,7.861297344788909E-004,
2.488400000000000E+009,6.935760611668229E-004,7.242251886054874E-004,6.736879004165530E-004,7.804947672411799E-004,
2.488433333333334E+009,6.329361931420863E-004,7.486215909011662E-004,6.837912369519472E-004,7.402115152217448E-004,
2.488466666666667E+009,7.118936046026647E-004,7.471038261428475E-004,7.118292851373553E-004,7.947359117679298E-004,
2.488500000000000E+009,7.552462629973888E-004,6.889486685395241E-004,8.021209505386651E-004,7.277542026713491E-004,
2.488533333333334E+009,7.103236275725067E-004,6.970203248783946E-004,7.797156576998532E-004,6.554944557137787E-004,
2.488566666666667E+009,7.525464752689004E-004,7.086755358614028E-004,8.100681588985026E-004,6.804293370805681E-004,
2.488600000000000E+009,7.442610221914947E-004,6.443312158808112E-004,8.095161756500602E-004,6.572269485332072E-004,
2.488633333333334E+009,8.610467193648219E-004,5.908528110012412E-004,8.641543099656701E-004,6.476926500909030E-004,
2.488666666666667E+009,8.847887511365116E-004,6.228598067536950E-004,8.632065146230161E-004,5.676411092281342E-004,
2.488700000000000E+009,8.879482047632337E-004,5.618472932837904E-004,8.566890028305352E-004,5.904036224819720E-004,
2.488733333333334E+009,8.572127553634346E-004,5.246457294560969E-004,8.941649575717747E-004,4.914660239592195E-004,
2.488766666666667E+009,8.747729589231312E-004,5.191381787881255E-004,9.122237097471952E-004,5.699885077774525E-004,
2.488800000000000E+009,9.394390508532524E-004,4.355807031970471E-004,8.941851556301117E-004,5.033808993175626E-004,
2.488833333333334E+009,9.174775332212448E-004,4.849948454648256E-004,8.779428899288178E-004,5.048203747719526E-004,
2.488866666666667E+009,9.694173349998891E-004,4.215647641103715E-004,9.834186639636755E-004,4.786521603818983E-004,
2.488900000000000E+009,9.580466430634260E-004,4.097237251698971E-004,9.769186144694686E-004,4.139541415497661E-004,
2.488933333333334E+009,9.405249147675932E-004,4.017197352368385E-004,9.475420811213553E-004,4.495437606237829E-004,
2.488966666666667E+009,9.275205666199327E-004,3.290922322776169E-004,9.024181053973734E-004,3.564326616469771E-004,
2.489000000000000E+009,9.473179234191775E-004,3.315423091407865E-004,9.604048100300133E-004,3.403318696655333E-004,
2.489033333333334E+009,9.369931649416685E-004,2.966181491501629E-004,9.503396577201784E-004,3.008581406902522E-004,
2.489066666666667E+009,9.662616648711264E-004,3.200635546818376E-004,9.519654558971524E-004,3.437874838709831E-004,
2.489100000000000E+009,9.527701768092811E-004,2.737578470259905E-004,9.283691761083901E-004,2.440017997287214E-004,
2.489133333333334E+009,9.459249558858573E-004,1.935628242790699E-004,9.646173566579819E-004,2.525827731005848E-004,
2.489166666666667E+009,9.688061545602977E-004,2.013881894527003E-004,9.853740921244025E-004,2.213131083408371E-004,
2.489200000000000E+009,9.331877809017897E-004,1.589043531566858E-004,9.638774208724499E-004,1.846612576628104E-004,
2.489233333333334E+009,9.430795907974243E-004,1.469674461986870E-004,9.786650771275163E-004,1.356578140985221E-004,
2.489266666666667E+009,9.775358485057950E-004,1.138130464823917E-004,9.536338038742542E-004,1.453895529266447E-004,
2.489300000000000E+009,9.302720427513123E-004,1.005761369015090E-004,9.950211970135570E-004,1.042804287862964E-004,
2.489333333333334E+009,9.755613282322884E-004,6.426376785384491E-005,9.749340824782848E-004,1.179103128379211E-005,
2.489366666666667E+009,9.337490191683173E-004,8.891045581549406E-006,1.004858757369220E-003,1.044905293383636E-004,
2.489400000000000E+009,9.487271308898926E-004,-2.798111563606653E-005,9.564552456140518E-004,1.869591142167337E-005,
2.489433333333334E+009,9.170493576675654E-004,-3.493156691547483E-005,9.423019364476204E-004,-2.372300969000207E-006,
2.489466666666667E+009,9.403199073858559E-004,-5.971399514237419E-005,9.698659996502101E-004,8.306473318953067E-006,
2.489500000000000E+009,9.368658647872508E-004,-5.718539250665344E-005,1.011738670058549E-003,-1.269502099603415E-004,
2.489533333333334E+009,8.926393347792327E-004,-8.672764670336619E-005,9.142935159616172E-004,-8.550956408726051E-005,
2.489566666666667E+009,9.260998922400177E-004,-1.401674380758777E-004,9.733898332342506E-004,-9.310946188634262E-005,
2.489600000000000E+009,8.985846070572734E-004,-1.499746140325442E-004,9.340808610431850E-004,-1.362359616905451E-004,
2.489633333333334E+009,9.621158824302256E-004,-1.654657826293260E-004,9.041161392815411E-004,-1.586231810506433E-004,
2.489666666666667E+009,8.958369144238532E-004,-1.272114313906059E-004,9.643029188737273E-004,-2.129416097886860E-004,
2.489700000000000E+009,9.177652536891401E-004,-2.673284325283021E-004,9.208975243382156E-004,-1.919710630318150E-004,
2.489733333333334E+009,8.813150925561786E-004,-3.088719386141747E-004,9.409067570231855E-004,-2.772185835056007E-004,
2.489766666666667E+009,9.565219515934587E-004,-2.651660761330277E-004,8.812457090243697E-004,-2.622587198857218E-004,
2.489800000000000E+009,8.870186284184456E-004,-2.817515633068979E-004,8.940927218645811E-004,-2.843939000740647E-004,
2.489833333333334E+009,8.842412498779595E-004,-2.790030557662249E-004,8.346976828761399E-004,-3.206501132808626E-004,
2.489866666666667E+009,8.637144928798080E-004,-3.321339900139719E-004,8.676142315380275E-004,-3.356398083269596E-004,
2.489900000000000E+009,8.481545955874026E-004,-3.291012544650585E-004,8.457882795482874E-004,-3.501597093418241E-004,
2.489933333333334E+009,8.031573379412293E-004,-3.856209223158658E-004,8.128351764753461E-004,-3.739309613592923E-004,
2.489966666666667E+009,8.286598022095859E-004,-4.066269029863179E-004,8.423038525506854E-004,-4.003906506113708E-004,
2.490000000000000E+009,7.931503932923079E-004,-4.049387061968446E-004,7.968413992784917E-004,-4.573295591399074E-004,
2.490033333333334E+009,8.004001574590802E-004,-4.667774192057550E-004,8.311081328429282E-004,-4.100336518604308E-004,
2.490066666666667E+009,8.344518137164414E-004,-4.928324487991631E-004,7.478417828679085E-004,-4.602849076036364E-004,
2.490100000000000E+009,7.377779111266136E-004,-4.819322202820331E-004,8.574371458962560E-004,-4.539501387625933E-004,
2.490133333333334E+009,7.886646781116724E-004,-5.086790770292282E-004,8.185421465896070E-004,-5.170921795070171E-004,
2.490166666666667E+009,7.888624095357955E-004,-5.214920383878052E-004,7.773741381242871E-004,-5.428448785096407E-004,
2.490200000000000E+009,7.477141916751862E-004,-5.321539938449860E-004,7.754375692456961E-004,-5.571530200541019E-004,
2.490233333333334E+009,7.934597088024020E-004,-5.513881333172321E-004,6.565497023984790E-004,-5.752736469730735E-004,
2.490266666666667E+009,6.592072313651443E-004,-6.195880705490708E-004,6.980847101658583E-004,-5.734997685067356E-004,
2.490300000000000E+009,6.395755335688591E-004,-5.952427745796740E-004,6.631822325289249E-004,-5.904897116124630E-004,
2.490333333333334E+009,6.391949718818069E-004,-5.972390063107014E-004,5.932115018367767E-004,-6.169285043142736E-004,
2.490366666666667E+009,6.920257583260536E-004,-6.374169024638832E-004,6.862388108856976E-004,-6.266972632147372E-004,
2.490400000000000E+009,6.336576770991087E-004,-6.746627041138709E-004,5.969004705548286E-004,-7.048801635392010E-004,
2.490433333333334E+009,6.102008046582341E-004,-6.644075037911534E-004,6.195328896865249E-004,-6.520418683066964E-004,
2.490466666666667E+009,5.785573739558458E-004,-6.598683539777994E-004,5.897423834539950E-004,-6.470949156209827E-004,
2.490500000000000E+009,5.676111904904246E-004,-7.015111041255295E-004,6.353961070999503E-004,-6.875605904497206E-004,
2.490533333333334E+009,5.623440956696868E-004,-7.587074069306254E-004,5.897024529986084E-004,-7.026942912489176E-004,
2.490566666666667E+009,4.946608678437769E-004,-6.632414879277349E-004,4.649320035241544E-004,-7.416537264361978E-004,
2.490600000000000E+009,5.041873082518578E-004,-6.901699816808105E-004,5.319612100720406E-004,-7.723689777776599E-004,
2.490633333333334E+009,5.215091514401138E-004,-6.865090108476579E-004,4.798928566742688E-004,-7.277198601514101E-004,
2.490666666666667E+009,5.098621477372944E-004,-7.500645006075501E-004,4.490328719839454E-004,-7.200819673016667E-004,
2.490700000000000E+009,4.800023452844471E-004,-6.958321318961680E-004,4.997304058633745E-004,-6.773346103727818E-004,
2.490733333333334E+009,4.523198585957289E-004,-7.752038072794676E-004,4.512033483479172E-004,-7.923118537291884E-004,
2.490766666666667E+009,4.114738258067519E-004,-7.519830251112580E-004,3.780812257900834E-004,-7.678851252421737E-004,
2.490800000000000E+009,3.539483295753598E-004,-7.589471642859280E-004,4.191102925688028E-004,-7.346441852860153E-004,
2.490833333333334E+009,3.245863481424749E-004,-7.925051613710821E-004,3.156919556204230E-004,-7.582256803289056E-004,
2.490866666666667E+009,3.499009471852332E-004,-7.460295455530286E-004,3.523493360262364E-004,-7.479246123693883E-004,
2.490900000000000E+009,3.748265153262764E-004,-7.668784819543362E-004,2.949633635580540E-004,-7.551893941126764E-004,
2.490933333333334E+009,2.943668805528432E-004,-7.062444929033518E-004,2.719457552302629E-004,-7.813505362719297E-004,
2.490966666666667E+009,2.434339257888496E-004,-7.480152416974306E-004,2.964781306218356E-004,-7.490892312489450E-004,
2.491000000000000E+009,2.006741851801053E-004,-7.137763896025717E-004,3.066556819248945E-004,-7.545136613771319E-004,
2.491033333333334E+009,2.373598981648684E-004,-7.775267586112022E-004,2.573155506979674E-004,-8.163201855495572E-004,
2.491066666666667E+009,2.118505071848631E-004,-8.328792755492032E-004,1.928937272168696E-004,-8.366210386157036E-004,
2.491100000000000E+009,2.265060320496559E-004,-7.117541390471160E-004,1.969971053767949E-004,-8.137623080983758E-004,
2.491133333333334E+009,1.206842061947100E-004,-7.567045977339149E-004,1.842960773501545E-004,-7.475095917470753E-004,
2.491166666666667E+009,1.119129083235748E-004,-7.972510065883398E-004,1.351379905827344E-004,-8.141966536641121E-004,
2.491200000000000E+009,1.530070439912379E-004,-7.527205161750317E-004,1.058353300322779E-004,-7.630014442838728E-004,
2.491233333333334E+009,1.207261811941862E-004,-8.179528522305191E-004,1.342879113508388E-004,-7.825403590686619E-004,
2.491266666666667E+009,9.279014921048656E-005,-8.082550484687090E-004,1.355402637273073E-004,-7.995945634320378E-004,
2.491300000000000E+009,1.297982089454308E-004,-8.016733918339014E-004,1.012097636703402E-004,-7.471697754226625E-004,
2.491333333333334E+009,4.899346095044166E-005,-8.119980921037495E-004,6.999937613727525E-005,-7.945913821458817E-004,
2.491366666666667E+009,5.410324229160324E-005,-7.969925645738840E-004,-2.421690851406311E-006,-7.842879276722670E-004,
2.491400000000000E+009,2.448592931614257E-005,-8.295362349599600E-004,-5.052684628026327E-006,-8.030091412365437E-004,
2.491433333333334E+009,2.316165591764730E-005,-8.526134188286960E-004,-4.476579306356143E-006,-7.603136473335326E-004,
2.491466666666667E+009,-3.586790626286529E-005,-8.241645991802216E-004,-1.880176569102332E-005,-7.498005288653076E-004,
2.491500000000000E+009,-7.887574611231685E-005,-7.974522886797786E-004,-2.076921919069719E-005,-8.694520220160484E-004,
2.491533333333334E+009,-3.300180833321065E-005,-7.693731458857656E-004,-1.263329886569409E-005,-7.982318638823926E-004,
2.491566666666667E+009,-4.111529779038392E-005,-7.996642962098122E-004,-8.283383067464456E-005,-7.783164037391543E-004,
2.491600000000000E+009,-1.343151234323159E-004,-7.732289959676564E-004,-4.713248563348316E-005,-7.781841559335589E-004,
2.491633333333334E+009,-1.589667663211003E-004,-7.631700136698782E-004,-1.161659820354544E-004,-7.339678704738617E-004,
2.491666666666667E+009,-9.484639303991571E-005,-7.475704187527299E-004,-1.368425873806700E-004,-8.325506933033466E-004,
2.491700000000000E+009,-1.450810523238033E-004,-8.126014727167785E-004,-1.262464938918129E-004,-7.825440843589604E-004,
2.491733333333334E+009,-1.539169461466372E-004,-7.963159587234259E-004,-1.983289694180712E-004,-7.360391318798065E-004,
2.491766666666667E+009,-2.119441633112729E-004,-8.039997192099690E-004,-1.781418686732650E-004,-7.602004334330559E-004,
2.491800000000000E+009,-2.139792341040447E-004,-7.531662704423070E-004,-2.332609728910029E-004,-7.980249938555062E-004,
2.491833333333334E+009,-2.649690723046660E-004,-7.247171597555280E-004,-2.310474083060399E-004,-7.773180841468275E-004,
2.491866666666667E+009,-3.289115265943110E-004,-6.965331267565489E-004,-3.090561949647963E-004,-7.097218767739832E-004,
2.491900000000000E+009,-2.862715627998114E-004,-7.426656084135175E-004,-2.950037596747279E-004,-7.084258249960840E-004,
2.491933333333334E+009,-3.374009393155575E-004,-7.175016216933727E-004,-2.755540190264583E-004,-7.582154357805848E-004,
2.491966666666667E+009,-3.729857271537185E-004,-7.473287405446172E-004,-3.725484129972756E-004,-7.043701480142772E-004,
2.492000000000000E+009,-3.398687113076448E-004,-6.684878026135266E-004,-3.194262098986656E-004,-6.938725709915161E-004,
2.492033333333334E+009,-3.654876200016588E-004,-6.528181838802993E-004,-3.378725668881089E-004,-6.575984298251569E-004,
2.492066666666667E+009,-4.053389129694551E-004,-7.239960250444710E-004,-3.748172312043607E-004,-7.334656547755003E-004,
2.492100000000000E+009,-3.585827071219683E-004,-6.818511174060404E-004,-3.739278763532639E-004,-6.496501737274230E-004,
2.492133333333334E+009,-3.414016682654619E-004,-6.340629188343883E-004,-3.828269545920193E-004,-6.552554550580680E-004,
2.492166666666667E+009,-3.840269346255809E-004,-6.200196803547442E-004,-4.217514651827514E-004,-6.333634955808520E-004,
2.492200000000000E+009,-4.098716017324477E-004,-6.383371655829251E-004,-3.837779513560236E-004,-7.036792230792344E-004,
2.492233333333334E+009,-3.820682759396732E-004,-6.025754264555872E-004,-4.240423731971532E-004,-5.876283394172788E-004,
2.492266666666667E+009,-4.747496859636158E-004,-5.866594146937132E-004,-4.589585878420621E-004,-5.893603083677590E-004,
2.492300000000000E+009,-5.054390057921410E-004,-5.655803252011538E-004,-4.231716739013791E-004,-5.990107310935855E-004,
2.492333333333334E+009,-4.510554135777056E-004,-5.002523539587855E-004,-4.070331051480025E-004,-5.834642215631902E-004,
2.492366666666667E+009,-4.807610821444541E-004,-5.798398633487523E-004,-4.409586545079947E-004,-5.477170925587416E-004,
2.492400000000000E+009,-4.488833073992282E-004,-5.618592840619385E-004,-4.705072205979377E-004,-6.200657226145268E-004,
2.492433333333334E+009,-4.358896403573453E-004,-5.391938029788435E-004,-4.507613775786012E-004,-5.084694130346179E-004,
2.492466666666667E+009,-4.581670218612999E-004,-5.540969432331622E-004,-5.198662402108312E-004,-5.031693726778030E-004,
2.492500000000000E+009,-5.506576853804290E-004,-5.089986952953041E-004,-5.020962562412024E-004,-5.246677319519222E-004,
2.492533333333334E+009,-5.347587866708636E-004,-4.924933309666812E-004,-4.904662491753697E-004,-4.848991229664534E-004,
2.492566666666667E+009,-5.486330483108759E-004,-4.714280657935888E-004,-4.924875102005899E-004,-5.124529125168920E-004,
2.492600000000000E+009,-5.240834434516728E-004,-4.740195872727782E-004,-5.243303021416068E-004,-4.912156728096306E-004,
2.492633333333334E+009,-5.401983507908881E-004,-3.938890586141497E-004,-5.189499352127314E-004,-4.972851602360606E-004,
2.492666666666667E+009,-5.222077597863972E-004,-4.307969647925347E-004,-5.404875846579671E-004,-4.120003140997142E-004,
2.492700000000000E+009,-5.813553580082953E-004,-4.642437270376831E-004,-5.731356213800609E-004,-4.382960032671690E-004,
2.492733333333334E+009,-5.691738333553076E-004,-4.248362965881825E-004,-5.520866252481937E-004,-4.112277238164097E-004,
2.492766666666667E+009,-5.881834658794105E-004,-4.688618064392358E-004,-6.043005851097405E-004,-4.218889225739986E-004,
2.492800000000000E+009,-6.020818836987019E-004,-3.377583052497357E-004,-6.079397862777114E-004,-4.014711885247380E-004,
2.492833333333334E+009,-6.091169780120254E-004,-4.128972941543907E-004,-5.977399414405227E-004,-3.203445812687278E-004,
2.492866666666667E+009,-5.897654918953776E-004,-3.643043164629489E-004,-5.576686235144734E-004,-3.773733915295452E-004,
2.492900000000000E+009,-6.077934522181749E-004,-3.749988391064107E-004,-5.739007610827684E-004,-3.173893492203206E-004,
2.492933333333334E+009,-6.341719417832792E-004,-3.693254548124969E-004,-6.612180732190609E-004,-3.290587046649307E-004,
2.492966666666667E+009,-5.979372072033584E-004,-3.164325898978859E-004,-6.361574633046985E-004,-3.429954231251031E-004,
2.493000000000000E+009,-6.423076847568154E-004,-2.603317843750119E-004,-6.059571169316769E-004,-2.993471862282604E-004,
2.493033333333334E+009,-5.771542782895267E-004,-2.629138180054724E-004,-6.643373053520918E-004,-2.925425651483238E-004,
2.493066666666667E+009,-6.731227040290833E-004,-2.663542109075934E-004,-6.423802697099745E-004,-2.306797687197104E-004,
2.493100000000000E+009,-6.544094649143517E-004,-2.384367107879371E-004,-6.610905984416604E-004,-2.663160266820341E-004,
2.493133333333334E+009,-6.581956404261291E-004,-2.589833457022905E-004,-6.907024071551859E-004,-2.328051486983895E-004,
2.493166666666667E+009,-6.302822730503976E-004,-2.581267908681184E-004,-6.769582978449762E-004,-2.485819277353585E-004,
2.493200000000000E+009,-6.513145053759217E-004,-2.010965981753543E-004,-6.977048469707370E-004,-2.417925861664116E-004,
2.493233333333334E+009,-6.709347362630069E-004,-1.858734904089943E-004,-6.948711816221476E-004,-1.608502352610230E-004,
2.493266666666667E+009,-6.686396664008498E-004,-1.946230040630326E-004,-7.256124517880380E-004,-2.402385871391743E-004,
2.493300000000000E+009,-7.278441917151213E-004,-1.624734286451712E-004,-6.884110043756664E-004,-1.670980273047462E-004,
2.493333333333334E+009,-7.008283864706755E-004,-1.304508186876774E-004,-6.653757300227881E-004,-1.672386279096827E-004,
2.493366666666667E+009,-6.278403452597559E-004,-1.386267249472439E-004,-6.941091851331294E-004,-1.244685990968719E-004,
2.493400000000000E+009,-6.624785019084811E-004,-9.946726640919223E-005,-7.077525951899588E-004,-7.623713463544846E-005,
2.493433333333334E+009,-6.786558078601956E-004,-5.782847438240424E-005,-6.844452582299709E-004,-9.602677891962230E-005,
2.493466666666667E+009,-6.908950163051486E-004,-5.824251275043935E-005,-6.663023377768695E-004,-3.111032492597587E-005,
2.493500000000000E+009,-6.612847791984677E-004,-7.287180051207542E-005,-7.514863391406834E-004,-4.705756509792991E-005,
2.493533333333334E+009,-7.295749965123832E-004,2.381011654506438E-005,-6.740948883816600E-004,-6.294916238402948E-005,
2.493566666666667E+009,-6.919353036209941E-004,-1.373212762700860E-005,-7.001323392614722E-004,-5.673815030604601E-005,
2.493600000000000E+009,-7.330501684919000E-004,1.540772791486234E-005,-6.690850132144988E-004,4.247225660947152E-005,
2.493633333333334E+009,-6.912108510732651E-004,-7.653792999917641E-005,-6.425408646464348E-004,2.088835026370361E-005,
2.493666666666667E+009,-7.741131121292710E-004,2.180271440010984E-005,-7.273424416780472E-004,2.205693635914940E-005,
2.493700000000000E+009,-6.888808566145599E-004,6.259101792238653E-005,-6.770231411792338E-004,4.762374885558529E-007,
2.493733333333334E+009,-6.804271833971143E-004,7.079000351950526E-005,-7.053040317259729E-004,6.449000647990033E-005,
2.493766666666667E+009,-6.733518093824387E-004,7.007554086158052E-005,-6.523347110487521E-004,-2.583718378446065E-005,
2.493800000000000E+009,-6.825958262197673E-004,3.763581480598077E-005,-6.387021858245134E-004,7.414026913465932E-005,
2.493833333333334E+009,-6.778482929803431E-004,1.031744614010677E-004,-6.825072341598570E-004,6.708658474963158E-005,
2.493866666666667E+009,-6.522563635371625E-004,1.334740809397772E-004,-6.628059782087803E-004,6.843745359219611E-005,
2.493900000000000E+009,-6.808003527112305E-004,1.163812557933852E-004,-6.803982541896403E-004,1.333350810455158E-004,
2.493933333333334E+009,-6.523040938191116E-004,1.408289099344984E-004,-6.755795329809189E-004,6.276766362134367E-005,
2.493966666666667E+009,-6.957071018405259E-004,1.339975569862872E-004,-6.455644033849239E-004,1.298927672905847E-004,
2.494000000000000E+009,-6.666127592325211E-004,1.716561528155580E-004,-6.599341286346316E-004,1.653676008572802E-004,
2.494033333333334E+009,-6.545997457578778E-004,1.504624233348295E-004,-6.737954099662602E-004,1.699825224932283E-004,
2.494066666666667E+009,-6.153873982839286E-004,1.968851574929431E-004,-6.461823359131813E-004,1.702970475889742E-004,
2.494100000000000E+009,-6.492135580629110E-004,2.044342836597934E-004,-6.561817135661840E-004,2.004249690799043E-004,
2.494133333333334E+009,-6.057164282537997E-004,1.615398941794410E-004,-6.618520710617304E-004,1.660840789554641E-004,
2.494166666666667E+009,-6.774718058295548E-004,1.906867546495050E-004,-6.559981266036630E-004,2.244247734779492E-004,
2.494200000000000E+009,-6.187712424434722E-004,2.246580115752295E-004,-6.861879955977202E-004,2.462459378875792E-004,
2.494233333333334E+009,-6.309985765255988E-004,2.519581175874919E-004,-5.979634006507695E-004,2.210750390077010E-004,
2.494266666666667E+009,-5.766475223936141E-004,2.427949511911720E-004,-5.470684263855219E-004,2.519471745472401E-004,
2.494300000000000E+009,-6.168077816255391E-004,2.524546871427447E-004,-5.850874586030841E-004,2.909410686697811E-004,
2.494333333333334E+009,-6.163524813018739E-004,2.832561731338501E-004,-5.821392405778170E-004,2.832464815583080E-004,
2.494366666666667E+009,-6.330829928629100E-004,3.083822957705706E-004,-5.798187339678407E-004,3.214418538846076E-004,
2.494400000000000E+009,-6.317190127447248E-004,3.139019536320120E-004,-5.851931637153029E-004,2.485354198142886E-004,
2.494433333333334E+009,-5.696992157027125E-004,3.731529286596924E-004,-5.393279134295881E-004,3.366660384926945E-004,
2.494466666666667E+009,-6.122622289694846E-004,3.270155284553766E-004,-6.034119869582355E-004,3.840181743726134E-004,
2.494500000000000E+009,-6.026509799994528E-004,3.325860016047955E-004,-5.963404546491802E-004,3.731455071829259E-004,
2.494533333333334E+009,-5.760890198871493E-004,3.538015589583665E-004,-6.056162528693676E-004,3.654472238849849E-004,
2.494566666666667E+009,-5.653933621942997E-004,3.746014845091850E-004,-6.179124466143549E-004,4.043130029458553E-004,
2.494600000000000E+009,-5.523157306015492E-004,3.114654100500047E-004,-5.869168089702725E-004,4.104093823116273E-004,
2.494633333333334E+009,-5.562478909268975E-004,4.041247593704611E-004,-5.254485877230763E-004,4.482325748540461E-004,
2.494666666666667E+009,-5.670040845870972E-004,4.313139070291072E-004,-5.449056625366211E-004,4.315664118621498E-004,
2.494700000000000E+009,-4.881958593614399E-004,4.342136089690030E-004,-5.097351968288422E-004,4.305400943849236E-004,
2.494733333333334E+009,-5.248922971077263E-004,4.654158256016672E-004,-5.010988097637892E-004,4.598595551215112E-004,
2.494766666666667E+009,-5.257028969936073E-004,4.349617520347238E-004,-5.863574333488941E-004,4.444946825969964E-004,
2.494800000000000E+009,-5.759854102507234E-004,4.815992724616081E-004,-5.208689253777266E-004,5.448325537145138E-004,
2.494833333333334E+009,-5.695401341654360E-004,4.850334371440113E-004,-5.255587748251855E-004,5.216584540903568E-004,
2.494866666666667E+009,-4.513567546382546E-004,5.422294489108026E-004,-4.958827630616725E-004,5.358497146517038E-004,
2.494900000000000E+009,-5.024025449529290E-004,5.040818941779435E-004,-4.163165576756001E-004,5.309525295160711E-004,
2.494933333333334E+009,-4.755037080030888E-004,5.325582460500300E-004,-4.651031631510705E-004,5.275187431834638E-004,
2.494966666666667E+009,-4.649728653021157E-004,5.691295373253524E-004,-3.778543905355036E-004,5.482620326802135E-004,
2.495000000000000E+009,-4.196499066893011E-004,5.928450846113265E-004,-3.771673655137420E-004,5.409859586507082E-004,
2.495033333333334E+009,-4.564271948765963E-004,5.589753272943199E-004,-3.686684067361057E-004,5.874961498193443E-004,
2.495066666666667E+009,-4.240368434693664E-004,5.869373562745750E-004,-3.820498241111636E-004,6.104744388721883E-004,
2.495100000000000E+009,-3.654760948847979E-004,6.030107615515590E-004,-3.596197057049722E-004,5.724988295696676E-004,
2.495133333333334E+009,-3.694752231240273E-004,6.056616548448801E-004,-3.603507939260453E-004,6.083470070734620E-004,
2.495166666666667E+009,-4.015363228973001E-004,6.121793412603438E-004,-3.530388348735869E-004,6.434639799408615E-004,
2.495200000000000E+009,-4.049219423905015E-004,6.096482975408435E-004,-3.964836650993675E-004,6.143593927845359E-004,
2.495233333333334E+009,-3.766597656067461E-004,6.724071572534740E-004,-3.640667709987611E-004,6.237510242499411E-004,
2.495266666666667E+009,-2.663513005245477E-004,5.857904325239360E-004,-2.951638889499009E-004,6.212938460521400E-004,
2.495300000000000E+009,-3.431869263295084E-004,6.633485318161547E-004,-3.093636769335717E-004,6.207832484506071E-004,
2.495333333333334E+009,-2.697036252357066E-004,6.124848732724786E-004,-3.274017653893679E-004,6.188193801790476E-004,
2.495366666666667E+009,-2.797415654640645E-004,6.715267663821578E-004,-3.356576198711991E-004,6.620062631554902E-004,
2.495400000000000E+009,-2.780630020424724E-004,7.019036565907300E-004,-2.918342652264983E-004,6.875583785586059E-004,
2.495433333333334E+009,-2.801501832436770E-004,6.839856505393982E-004,-2.465792058501393E-004,6.886208429932594E-004,
2.495466666666667E+009,-2.692983252927661E-004,6.922009051777422E-004,-2.497746318113059E-004,7.321027806028724E-004,
2.495500000000000E+009,-2.568871423136443E-004,6.844179006293416E-004,-2.300023479619995E-004,6.464530015364289E-004,
2.495533333333334E+009,-3.101001202594489E-004,6.705254781991243E-004,-2.428676671115682E-004,7.137331413105130E-004,
2.495566666666667E+009,-2.200152230216190E-004,6.678746431134641E-004,-2.262908819830045E-004,6.713113980367780E-004,
2.495600000000000E+009,-1.380190660711378E-004,6.699224468320608E-004,-2.275713632116094E-004,6.789482431486249E-004,
2.495633333333334E+009,-2.136973635060713E-004,6.904036272317171E-004,-1.865608355728909E-004,6.977720186114311E-004,
2.495666666666667E+009,-1.013678556773812E-004,7.344515179283917E-004,-1.675065868766978E-004,6.650597206316888E-004,
2.495700000000000E+009,-1.095775805879384E-004,6.965386564843357E-004,-1.719221327221021E-004,7.010799599811435E-004,
2.495733333333334E+009,-1.041807408910245E-004,6.968054221943021E-004,-1.058316411217675E-004,7.400751928798854E-004,
2.495766666666667E+009,-9.545746434014291E-005,6.951759569346905E-004,-1.288905332330614E-004,7.529309950768948E-004,
2.495800000000000E+009,-8.725521911401302E-005,7.984209805727005E-004,-9.087337821256369E-005,7.316528353840113E-004,
2.495833333333334E+009,-1.127276409533806E-004,7.653398788534105E-004,-8.364718087250367E-005,7.017650641500950E-004,
2.495866666666667E+009,-3.367543467902578E-005,6.798732792958617E-004,-7.184105197666213E-005,7.316574919968844E-004,
2.495900000000000E+009,-7.743980677332729E-005,7.754159742034972E-004,-3.437307168496773E-005,7.498060585930944E-004,
2.495933333333334E+009,8.218360562750604E-006,7.648447644896805E-004,-9.614582086214796E-005,7.461537024937570E-004,
2.495966666666667E+009,-4.375561547931284E-005,7.446547970175743E-004,-1.520488694950473E-005,7.672771462239325E-004,
2.496000000000000E+009,-2.664915155037306E-005,7.982498500496149E-004,7.154972081480082E-006,7.646742160432041E-004,
2.496033333333334E+009,1.488689576945035E-005,7.946640253067017E-004,3.797994941123761E-005,7.945677498355508E-004,
2.496066666666667E+009,6.587976031369180E-007,7.638143142685294E-004,6.307200965238735E-005,8.133582305163145E-004,
2.496100000000000E+009,4.155530405114405E-005,7.474677986465395E-004,1.096080086426809E-004,7.862527272664011E-004,
2.496133333333334E+009,1.083505630958825E-004,7.575482595711947E-004,9.398647671332583E-005,7.237800746224821E-004,
2.496166666666667E+009,9.365007281303406E-005,7.439606124535203E-004,1.103644026443362E-004,7.320769946090877E-004,
2.496200000000000E+009,8.641424210509285E-005,7.758077699691057E-004,1.140780877904035E-004,7.611031178385019E-004,
2.496233333333334E+009,1.186149893328548E-004,7.445613737218082E-004,1.468956616008654E-004,7.471970166079700E-004,
2.496266666666667E+009,1.502919621998444E-004,7.237147656269372E-004,1.566953287692741E-004,7.618998060934246E-004,
2.496300000000000E+009,1.741685846354812E-004,7.364742923527956E-004,1.672090875217691E-004,7.790266536176205E-004,
2.496333333333334E+009,1.619343238417059E-004,7.685851887799799E-004,2.347374393139035E-004,7.346410420723259E-004,
2.496366666666667E+009,2.358869824092835E-004,7.707732729613781E-004,2.736983005888760E-004,7.589120068587363E-004,
2.496400000000000E+009,2.692216075956821E-004,7.428923272527754E-004,2.630996750667691E-004,7.810861570760608E-004,
2.496433333333334E+009,2.585050533525646E-004,7.357210270129144E-004,2.759716298896819E-004,7.440998451784253E-004,
2.496466666666667E+009,3.042899770662189E-004,7.243303116410971E-004,2.677459269762039E-004,7.719914428889751E-004,
2.496500000000000E+009,2.958559489343315E-004,7.091328152455390E-004,3.296886570751667E-004,7.506774272769690E-004,
2.496533333333334E+009,3.499839804135263E-004,7.049667765386403E-004,3.349052858538926E-004,7.286356412805617E-004,
2.496566666666667E+009,3.700224333442748E-004,6.873131496831775E-004,3.532373521011323E-004,6.881980807520449E-004,
2.496600000000000E+009,3.579983604140580E-004,6.823154399171472E-004,3.557529416866601E-004,6.742114783264697E-004,
2.496633333333334E+009,4.264843882992864E-004,6.662521045655012E-004,3.780951956287026E-004,6.637158803641796E-004,
2.496666666666667E+009,4.457643663045019E-004,6.812774809077382E-004,4.019699117634445E-004,6.163184298202395E-004,
2.496700000000000E+009,4.720887518487871E-004,7.125376141630113E-004,4.290057113394141E-004,6.946127978153527E-004,
2.496733333333334E+009,4.591723845805973E-004,6.408269982784987E-004,4.944099346175790E-004,6.609987467527390E-004,
2.496766666666667E+009,4.637812962755561E-004,6.709684384986758E-004,5.043796845711768E-004,6.483459728769958E-004,
2.496800000000000E+009,4.692901566158980E-004,6.066545611247420E-004,5.165847833268344E-004,6.352819618768990E-004,
2.496833333333334E+009,4.695066018030047E-004,6.586011149920523E-004,4.653813957702369E-004,6.469993968494237E-004,
2.496866666666667E+009,5.190531373955309E-004,6.183795630931854E-004,4.880445485468954E-004,6.354735814966261E-004,
2.496900000000000E+009,5.644258344545960E-004,5.998813430778682E-004,5.256590666249394E-004,6.139638717286289E-004,
2.496933333333334E+009,5.694681312888861E-004,6.384679581969976E-004,5.275043076835573E-004,5.819113575853407E-004,
2.496966666666667E+009,5.441033281385899E-004,6.176716415211558E-004,5.375930923037231E-004,6.160340271890163E-004,
2.497000000000000E+009,5.650058737955988E-004,5.944421864114702E-004,5.283860955387354E-004,6.332607590593398E-004,
2.497033333333334E+009,5.352785810828209E-004,5.845853593200445E-004,6.192775908857584E-004,5.884974962100387E-004,
2.497066666666667E+009,5.860536475665867E-004,5.396264023147523E-004,6.006293697282672E-004,5.300063639879227E-004,
2.497100000000000E+009,6.517035653814673E-004,5.893824272789061E-004,5.912749911658466E-004,5.813979660160840E-004,
2.497133333333334E+009,6.628871778957546E-004,5.344006931409240E-004,6.747333100065589E-004,5.505563458427787E-004,
2.497166666666667E+009,6.554199499078095E-004,5.469292518682778E-004,6.349189789034426E-004,5.004690610803664E-004,
2.497200000000000E+009,6.882192683406174E-004,5.085741868242621E-004,6.709331064485014E-004,6.004018941894174E-004,
2.497233333333334E+009,7.076416513882577E-004,5.417499342001975E-004,6.444621831178665E-004,5.001469398848712E-004,
2.497266666666667E+009,6.787714082747698E-004,4.314031684771180E-004,7.601383258588612E-004,5.117073887959123E-004,
2.497300000000000E+009,7.129416335374117E-004,4.483505617827177E-004,6.977007142268121E-004,4.677212855312973E-004,
2.497333333333334E+009,7.225720910355449E-004,4.681208811234683E-004,6.790886982344091E-004,4.411999834701419E-004,
2.497366666666667E+009,7.421192131005228E-004,4.783272452186793E-004,7.615151116624475E-004,4.442836798261851E-004,
2.497400000000000E+009,7.905163802206516E-004,4.761974269058555E-004,7.014988805167377E-004,4.085227265022695E-004,
2.497433333333334E+009,7.756259292364121E-004,4.237801476847380E-004,7.640760159119964E-004,4.025812668260187E-004,
2.497466666666667E+009,8.175558177754283E-004,4.024972149636596E-004,7.716141990385950E-004,3.749891766346991E-004,
2.497500000000000E+009,7.847442757338285E-004,3.260168887209147E-004,7.680830312892795E-004,3.678089415188879E-004,
2.497533333333334E+009,7.540297228842974E-004,3.342120617162436E-004,8.131221984513104E-004,3.012647212017328E-004,
2.497566666666667E+009,7.769477088004351E-004,3.612809814512730E-004,8.081925334408879E-004,3.427484189160168E-004,
2.497600000000000E+009,8.053237688727677E-004,3.676362393889576E-004,8.379261125810444E-004,3.309634921606630E-004,
2.497633333333334E+009,8.224931079894304E-004,2.978976117447019E-004,8.103779982775450E-004,2.664798230398446E-004,
2.497666666666667E+009,7.946238620206714E-004,2.450833853799850E-004,7.950440049171448E-004,2.458949747961015E-004,
2.497700000000000E+009,8.720403420738876E-004,1.929913414642215E-004,8.061536937020719E-004,1.920710928970948E-004,
2.497733333333334E+009,8.452299516648054E-004,2.039682294707745E-004,8.559350972063839E-004,2.409199660178274E-004,
2.497766666666667E+009,9.196726023219526E-004,1.421713386662304E-004,8.430673624388874E-004,2.265595830976963E-004,
2.497800000000000E+009,8.901813998818398E-004,1.464262459194288E-004,8.893879130482674E-004,2.141996665159240E-004,
2.497833333333334E+009,8.472995832562447E-004,1.438175386283547E-004,9.148565004579723E-004,1.228991459356621E-004,
2.497866666666667E+009,8.818397764116526E-004,1.570183958392590E-004,8.925252477638423E-004,1.013366054394282E-004,
2.497900000000000E+009,8.693466079421341E-004,1.345059426967055E-004,8.783191442489624E-004,1.463621301809326E-004,
2.497933333333334E+009,9.212924633175135E-004,1.301921292906627E-004,8.816626504994929E-004,8.566837641410530E-005,
2.497966666666667E+009,9.006732143461704E-004,4.103097671759315E-005,9.185894741676748E-004,3.233937968616374E-005,
2.498000000000000E+009,9.094270644709468E-004,-4.925008033751510E-005,8.921498665586114E-004,3.209974966011941E-005,
2.498033333333334E+009,8.568786433897913E-004,-8.109645364129392E-007,8.862987160682678E-004,1.107440766645595E-005,
2.498066666666667E+009,9.288968867622316E-004,-3.881255906890146E-005,8.823773241601884E-004,-9.203991794493049E-005,
2.498100000000000E+009,8.964032749645412E-004,-8.000411617103964E-005,8.576897089369595E-004,-9.447415504837409E-005,
2.498133333333334E+009,8.878824301064014E-004,-2.068743742711376E-005,8.659178856760263E-004,-9.953315020538867E-005,
2.498166666666667E+009,8.788608829490840E-004,-5.224925916991197E-005,8.035320788621903E-004,-5.345716272131540E-005,
2.498200000000000E+009,8.596202242188156E-004,-1.310512598138303E-004,8.682232000865042E-004,-1.421682536602020E-004,
2.498233333333334E+009,8.646654896438122E-004,-1.254614471690729E-004,8.626410271972418E-004,-1.744867040542886E-004,
2.498266666666667E+009,8.762109209783375E-004,-2.397855569142848E-004,8.821949013508856E-004,-1.842266065068543E-004,
2.498300000000000E+009,8.598065469413996E-004,-2.108280605170876E-004,8.916176739148796E-004,-2.075641386909410E-004,
2.498333333333334E+009,8.824912365525961E-004,-2.221710019512102E-004,9.305219282396138E-004,-2.085736778099090E-004,
2.498366666666667E+009,8.805456454865634E-004,-2.612473617773503E-004,9.165162337012589E-004,-2.672616974450648E-004,
2.498400000000000E+009,8.800317300483584E-004,-3.037210553884506E-004,8.922454435378313E-004,-2.958219556603581E-004,
2.498433333333334E+009,9.273731848224998E-004,-3.126623632851988E-004,9.313083137385547E-004,-3.041300806216896E-004,
2.498466666666667E+009,8.724821382202208E-004,-2.837768406607211E-004,8.733485592529178E-004,-2.722778881434351E-004,
2.498500000000000E+009,8.880667737685144E-004,-3.767569724004716E-004,8.786700200289488E-004,-3.022545133717358E-004,
2.498533333333334E+009,8.823098614811897E-004,-4.453157016541809E-004,8.453206974081695E-004,-3.616272006183863E-004,
2.498566666666667E+009,8.943855063989759E-004,-3.923345939256251E-004,8.064272697083652E-004,-3.468730719760060E-004,
2.498600000000000E+009,8.394786855205894E-004,-4.782234318554401E-004,8.181048906408250E-004,-4.216213710606098E-004,
2.498633333333334E+009,8.182107121683657E-004,-4.071215516887605E-004,8.774245507083833E-004,-4.069197457283735E-004,
2.498666666666667E+009,8.362288936041296E-004,-4.147913132328540E-004,8.320843335241079E-004,-4.546476120594889E-004,
2.498700000000000E+009,8.253031410276890E-004,-4.953385796397924E-004,8.158815326169133E-004,-4.666429886128753E-004,
2.498733333333334E+009,8.019086671993136E-004,-4.799187008757144E-004,8.110360940918326E-004,-4.692623042501509E-004,
2.498766666666667E+009,7.874972652643919E-004,-5.088018951937556E-004,7.770227966830134E-004,-4.965104744769633E-004,
2.498800000000000E+009,7.926218095235527E-004,-5.526537424884737E-004,7.467937539331615E-004,-5.291663110256195E-004,
2.498833333333334E+009,7.306457264348865E-004,-5.751599092036486E-004,7.726594340056181E-004,-5.472174962051213E-004,
2.498866666666667E+009,7.718700217083097E-004,-6.101498147472739E-004,7.646872545592487E-004,-5.560361314564943E-004,
2.498900000000000E+009,7.507566479034722E-004,-6.221898365765810E-004,7.273305673152208E-004,-5.931230843998492E-004,
2.498933333333334E+009,7.217923994176090E-004,-6.078488659113646E-004,7.520836079493165E-004,-6.166755920276046E-004,
2.498966666666667E+009,7.550533628091216E-004,-6.348644965328276E-004,7.367427460849285E-004,-6.916883285157383E-004,
2.499000000000000E+009,7.109732832759619E-004,-6.841493304818869E-004,6.593423313461244E-004,-6.488704821094871E-004,
2.499033333333334E+009,6.936240242794156E-004,-6.810854538343847E-004,7.083381060510874E-004,-7.319264695979655E-004,
2.499066666666667E+009,6.863995804451406E-004,-7.126122363843024E-004,6.812610663473606E-004,-6.942912004888058E-004,
2.499100000000000E+009,6.880019791424274E-004,-7.053467561490834E-004,6.771950866095722E-004,-7.226349553093314E-004,
2.499133333333334E+009,6.699987570755184E-004,-7.095414330251515E-004,6.153115537017584E-004,-7.217634702101350E-004,
2.499166666666667E+009,6.292464095167816E-004,-7.243402069434524E-004,6.601593340747058E-004,-7.747646304778755E-004,
2.499200000000000E+009,6.457829149439931E-004,-7.525069522671402E-004,5.673132254742086E-004,-7.492122822441161E-004,
2.499233333333334E+009,5.662778858095408E-004,-7.552910246886313E-004,5.832876777276397E-004,-7.974007166922092E-004,
2.499266666666667E+009,5.812794552184641E-004,-7.914377492852509E-004,5.131147336214781E-004,-8.021165267564356E-004,
2.499300000000000E+009,5.301395431160927E-004,-8.673127158544958E-004,5.591742810793221E-004,-8.212522370740771E-004,
2.499333333333334E+009,5.262718768790364E-004,-8.215138223022223E-004,4.895582678727806E-004,-8.520558476448059E-004,
2.499366666666667E+009,4.907172406092286E-004,-8.600907167419791E-004,5.297893076203764E-004,-8.559265988878906E-004,
2.499400000000000E+009,4.616594815161079E-004,-8.732104906812310E-004,4.920288338325918E-004,-8.449177839793265E-004,
2.499433333333334E+009,4.874772275798023E-004,-8.741844794712961E-004,4.971775342710316E-004,-9.218138875439763E-004,
2.499466666666667E+009,4.352661781013012E-004,-9.064946789294481E-004,4.535388725344092E-004,-9.209264535456896E-004,
2.499500000000000E+009,4.490157589316368E-004,-9.119072929024696E-004,3.643970412667841E-004,-9.420036803930998E-004,
2.499533333333334E+009,3.444360336288810E-004,-9.042143356055021E-004,3.823393781203777E-004,-9.096072753891349E-004,
2.499566666666667E+009,3.378760884515941E-004,-9.553987183608115E-004,3.515977878123522E-004,-9.328765445388854E-004,
2.499600000000000E+009,3.038101422134787E-004,-9.780796244740486E-004,2.743720833677799E-004,-9.371270425617695E-004,
2.499633333333334E+009,3.326467121951282E-004,-9.121228358708322E-004,3.006090410053730E-004,-9.605028317309916E-004,
2.499666666666667E+009,2.743487129919231E-004,-9.501357562839985E-004,2.396619820501655E-004,-1.002415083348751E-003,
2.499700000000000E+009,1.230203488375992E-004,-9.800028055906296E-004,2.453207853250206E-004,-9.613050497137010E-004,
2.499733333333334E+009,1.174062854261138E-004,-9.852250805124641E-004,1.668393524596468E-004,-9.257475612685084E-004,
2.499766666666667E+009,1.736651465762407E-004,-9.822775609791279E-004,1.782604667823762E-004,-9.782644920051098E-004,
2.499800000000000E+009,9.753025369718671E-005,-9.947197977453470E-004,1.202917192131281E-004,-1.059063477441669E-003,
2.499833333333334E+009,1.698739215498790E-004,-1.045750919729471E-003,5.289529508445412E-005,-1.019236515276134E-003,
2.499866666666667E+009,9.177170431939885E-005,-1.031976658850908E-003,8.820348011795431E-005,-1.056244014762342E-003,
2.499900000000000E+009,9.085392230190337E-005,-1.046304241754115E-003,7.680971611989662E-005,-1.014201552607119E-003,
2.499933333333334E+009,2.591216070868541E-005,-1.035497291013598E-003,5.640900053549558E-005,-1.029844628646970E-003,
2.499966666666667E+009,-6.337737431749702E-005,-9.754798957146704E-004,1.550389697513310E-006,-1.033904030919075E-003,
2.500000000000000E+009,-8.626690942037385E-006,-1.059122616425157E-003,-6.775063866371056E-006,-1.039250171743333E-003,
