% Version 1.00
%
%freq[Hz];re:Trc1_S21;im:Trc1_S21;re:Trc2_S12;im:Trc2_S12;
2.480000000000000E+009,1.072614177246578E-004,1.131377299316227E-003,1.276538096135482E-004,1.148385461419821E-003,
2.480033333333334E+009,1.985084381885827E-004,1.183338928967714E-003,1.411347184330225E-004,1.144765526987612E-003,
2.480066666666667E+009,1.664941664785147E-004,1.087531913071871E-003,2.346935943933204E-004,1.133142970502377E-003,
2.480100000000000E+009,1.988027070183307E-004,1.100675086490810E-003,2.159852156182751E-004,1.152158947661519E-003,
2.480133333333334E+009,2.733514993451536E-004,1.135807600803673E-003,2.270394179504365E-004,1.127303927205503E-003,
2.480166666666667E+009,3.289760497864336E-004,1.119458815082908E-003,2.808070275932550E-004,1.153878285549581E-003,
2.480200000000000E+009,2.727081882767379E-004,1.063515897840262E-003,2.851176541298628E-004,1.067408593371511E-003,
2.480233333333334E+009,3.546281368471682E-004,1.086067175492644E-003,3.373760264366865E-004,1.100473338738084E-003,
2.480266666666667E+009,3.673113824333996E-004,1.148894545622170E-003,3.667048003990203E-004,1.070322352461517E-003,
2.480300000000000E+009,4.418650350999087E-004,1.049804617650807E-003,3.886994672939181E-004,1.134393154643476E-003,
2.480333333333334E+009,3.825460153166205E-004,1.082569709978998E-003,4.121799138374627E-004,1.062022172845900E-003,
2.480366666666667E+009,4.403860075399280E-004,1.054364140145481E-003,4.419166652951390E-004,1.043968833982945E-003,
2.480400000000000E+009,5.385237163864076E-004,1.019075280055404E-003,4.615285142790526E-004,1.006102073006332E-003,
2.480433333333334E+009,4.833633720409125E-004,1.051894272677600E-003,5.151012446731329E-004,1.082312897779048E-003,
2.480466666666667E+009,5.399208748713136E-004,9.991311235353351E-004,5.127060576342046E-004,1.034772722050548E-003,
2.480500000000000E+009,5.749143892899156E-004,1.024593017064035E-003,5.698995664715767E-004,9.759641252458096E-004,
2.480533333333334E+009,5.643972544930875E-004,9.675365872681141E-004,5.872308975085616E-004,9.766592411324382E-004,
2.480566666666667E+009,6.273743347264826E-004,9.871500078588724E-004,6.863281596451998E-004,9.544361382722855E-004,
2.480600000000000E+009,6.654968601651490E-004,9.686465491540730E-004,6.276593776419759E-004,9.754907805472612E-004,
2.480633333333334E+009,5.989655619487166E-004,9.499822626821697E-004,6.562754861079156E-004,9.687353740446270E-004,
2.480666666666667E+009,7.133203907869756E-004,9.663937380537391E-004,7.273747469298542E-004,8.964854059740901E-004,
2.480700000000000E+009,7.192338816821575E-004,8.743489161133766E-004,7.005044608376920E-004,8.743223734200001E-004,
2.480733333333334E+009,6.900437874719501E-004,8.599749417044222E-004,7.568779401481152E-004,8.544821175746620E-004,
2.480766666666667E+009,7.378962473012507E-004,8.714969735592604E-004,7.751911762170494E-004,8.551433566026390E-004,
2.480800000000000E+009,7.596772047691047E-004,8.250750834122300E-004,7.759178988635540E-004,8.147133048623800E-004,
2.480833333333334E+009,7.987940334714949E-004,8.400692022405565E-004,8.107557077892125E-004,8.826779667288065E-004,
2.480866666666667E+009,8.458707598038018E-004,7.778550498187542E-004,8.124068845063448E-004,8.174339309334755E-004,
2.480900000000000E+009,8.588323835283518E-004,8.083395077846944E-004,8.889343589544296E-004,7.776137208566070E-004,
2.480933333333334E+009,8.351182332262397E-004,8.068991010077298E-004,8.201959426514804E-004,7.458520703949034E-004,
2.480966666666667E+009,9.062492754310370E-004,7.241534185595810E-004,8.818866335786879E-004,7.485860842280090E-004,
2.481000000000000E+009,9.407185716554523E-004,7.447151001542807E-004,8.266289369203150E-004,6.411566864699125E-004,
2.481033333333334E+009,9.283776744268835E-004,6.528399535454810E-004,9.083517943508923E-004,6.691109738312662E-004,
2.481066666666667E+009,9.450010256841779E-004,7.184618152678013E-004,1.027330290526152E-003,6.595946615561843E-004,
2.481100000000000E+009,1.028090715408325E-003,6.540199974551797E-004,1.011978602036834E-003,6.395052769221366E-004,
2.481133333333334E+009,1.009952044114471E-003,5.664328928105533E-004,9.550387621857226E-004,5.608424544334412E-004,
2.481166666666667E+009,9.842712897807360E-004,6.031502853147686E-004,9.681279188953340E-004,5.261710612103343E-004,
2.481200000000000E+009,9.995882865041494E-004,5.477438680827618E-004,1.009703963063657E-003,5.475417710840702E-004,
2.481233333333334E+009,1.020687515847385E-003,5.412448663264513E-004,1.042127143591642E-003,5.254785646684468E-004,
2.481266666666667E+009,1.013752887956798E-003,5.315796006470919E-004,1.072914339601994E-003,4.895880701951683E-004,
2.481300000000000E+009,1.003407174721360E-003,4.764762707054615E-004,1.098443870432675E-003,4.776030255015940E-004,
2.481333333333334E+009,1.070228754542768E-003,4.745330661535263E-004,1.096084248274565E-003,4.389671084936708E-004,
2.481366666666667E+009,1.081384252756834E-003,4.347943759057671E-004,1.098668435588479E-003,4.082448140252382E-004,
2.481400000000000E+009,1.082487171515822E-003,4.288470663595945E-004,1.082903007045388E-003,4.196006048005074E-004,
2.481433333333334E+009,1.022320706397295E-003,3.873543755616993E-004,1.052570994943380E-003,3.781797131523490E-004,
2.481466666666667E+009,1.099440851248801E-003,3.150989941786975E-004,1.118795014917851E-003,2.748508995864540E-004,
2.481500000000000E+009,1.057808287441731E-003,3.338935202918947E-004,1.083791721612215E-003,3.229948051739484E-004,
2.481533333333334E+009,1.158337690867484E-003,2.136541152140126E-004,1.139984815381467E-003,2.990075445268303E-004,
2.481566666666667E+009,1.111259916797280E-003,3.008089261129499E-004,1.085664727725089E-003,2.226859069196507E-004,
2.481600000000000E+009,1.090215286239982E-003,1.661125133978203E-004,1.107225427404046E-003,1.997951621888205E-004,
2.481633333333334E+009,1.097015338018537E-003,1.449713454348967E-004,1.130359712988138E-003,2.163860626751557E-004,
2.481666666666667E+009,1.106581417843700E-003,1.182560445158742E-004,1.189163653180003E-003,1.225324667757377E-004,
2.481700000000000E+009,1.143822330050170E-003,1.315035915467888E-004,1.131710014306009E-003,9.513618715573102E-005,
2.481733333333334E+009,1.131410710513592E-003,8.264309872174636E-005,1.120041008107364E-003,1.228374894708395E-004,
2.481766666666667E+009,1.136762206442654E-003,7.886496860010084E-006,1.156539423391223E-003,3.357427340233699E-005,
2.481800000000000E+009,1.152435201220214E-003,2.991367909999099E-005,1.185032655484974E-003,2.849719385267235E-005,
2.481833333333334E+009,1.195408636704087E-003,-1.478197282267502E-005,1.149081159383059E-003,-3.186535104759969E-005,
2.481866666666667E+009,1.075259526260197E-003,-1.165873345598811E-005,1.186088775284588E-003,-5.926020821789280E-005,
2.481900000000000E+009,1.122177345678210E-003,-8.900749526219443E-005,1.150969415903091E-003,-9.103364573093131E-005,
2.481933333333334E+009,1.142251421697438E-003,-1.129156444221735E-004,1.152956625446677E-003,-8.643080946058035E-005,
2.481966666666667E+009,1.166430767625570E-003,-1.823016064008698E-004,1.112653058953583E-003,-1.807637017918751E-004,
2.482000000000000E+009,1.122437650337815E-003,-1.954720355570316E-004,1.118002342991531E-003,-1.382575137540698E-004,
2.482033333333334E+009,1.085210475139320E-003,-2.042036212515086E-004,1.140333944931626E-003,-1.587434089742601E-004,
2.482066666666667E+009,1.112417085096240E-003,-2.412511821603403E-004,1.116889878176153E-003,-2.431190077913925E-004,
2.482100000000000E+009,1.162539701908827E-003,-2.981165307573974E-004,1.129322219640017E-003,-2.563050657045096E-004,
2.482133333333334E+009,1.111841411329806E-003,-2.989771019201726E-004,1.087961252778769E-003,-3.028482897207141E-004,
2.482166666666667E+009,1.085729687474668E-003,-2.995744289364666E-004,1.110453624278307E-003,-3.312807821203023E-004,
2.482200000000000E+009,1.136796316131949E-003,-3.914833650924265E-004,1.082705799490213E-003,-3.495694836601615E-004,
2.482233333333334E+009,1.138017978519201E-003,-3.351720515638590E-004,1.027579419314861E-003,-3.474048280622810E-004,
2.482266666666667E+009,1.054190448485315E-003,-3.679735236801207E-004,1.085338881239295E-003,-4.632055934052914E-004,
2.482300000000000E+009,1.044274889864028E-003,-4.311707452870905E-004,1.076514832675457E-003,-4.426788946148008E-004,
2.482333333333334E+009,1.049585174769163E-003,-4.358839651104063E-004,1.028752885758877E-003,-4.625988076440990E-004,
2.482366666666667E+009,1.008495688438416E-003,-5.058821989223361E-004,9.859313722699881E-004,-4.964047111570835E-004,
2.482400000000000E+009,9.753336780704558E-004,-4.896158352494240E-004,1.054706517606974E-003,-5.046352744102478E-004,
2.482433333333334E+009,9.690202423371375E-004,-4.875287413597107E-004,1.015230198390782E-003,-5.379328504204750E-004,
2.482466666666667E+009,9.959877934306860E-004,-5.737581523135305E-004,1.005404279567301E-003,-5.453834892250598E-004,
2.482500000000000E+009,9.965276112779975E-004,-5.567148909904063E-004,9.910125518217683E-004,-5.668232333846390E-004,
2.482533333333334E+009,9.442187729291618E-004,-6.179533083923161E-004,9.722575778141618E-004,-6.255814223550260E-004,
2.482566666666667E+009,9.476918494328857E-004,-6.605234812013805E-004,9.544501663185656E-004,-6.297952495515347E-004,
2.482600000000000E+009,9.345461730845273E-004,-6.972477422095835E-004,9.058244759216905E-004,-6.693700561299920E-004,
2.482633333333334E+009,9.454503306187689E-004,-6.999504985287786E-004,9.326751460321248E-004,-7.232361240312457E-004,
2.482666666666667E+009,8.549748454242945E-004,-7.394755957648158E-004,9.051119559444487E-004,-7.521102088503540E-004,
2.482700000000000E+009,8.707303786650300E-004,-7.462434587068856E-004,8.936948725022376E-004,-7.677940302528441E-004,
2.482733333333334E+009,8.322286885231733E-004,-7.906489772722125E-004,8.153875241987407E-004,-8.090321207419038E-004,
2.482766666666667E+009,8.717018645256758E-004,-8.313474245369434E-004,8.563462761230767E-004,-8.127418113872409E-004,
2.482800000000000E+009,8.298286702483892E-004,-8.876724168658257E-004,7.911973516456783E-004,-8.333570440299809E-004,
2.482833333333334E+009,7.975439657457173E-004,-7.929155835881829E-004,7.926759426482022E-004,-8.551505161449313E-004,
2.482866666666667E+009,7.384844357147813E-004,-8.921365370042622E-004,7.980098598636687E-004,-8.885881397873163E-004,
2.482900000000000E+009,7.309752400033176E-004,-9.190373239107430E-004,7.518361671827734E-004,-9.060707525350153E-004,
2.482933333333334E+009,7.928670383989811E-004,-9.193868609145284E-004,7.472013821825385E-004,-8.960419218055904E-004,
2.482966666666667E+009,6.879748543724418E-004,-9.675614419393241E-004,7.204553694464266E-004,-9.222112712450326E-004,
2.483000000000000E+009,7.125835982151330E-004,-9.476006962358952E-004,6.749145104549825E-004,-9.314197232015431E-004,
2.483033333333334E+009,6.562526687048376E-004,-9.964297059923410E-004,6.357061793096364E-004,-9.818935068324208E-004,
2.483066666666667E+009,6.286840653046966E-004,-9.645676473155618E-004,6.232698215171695E-004,-1.017899601720274E-003,
2.483100000000000E+009,6.080226157791913E-004,-9.733337792567909E-004,6.267923163250089E-004,-1.017982373014092E-003,
2.483133333333334E+009,6.333551136776805E-004,-9.597996249794960E-004,5.430245655588806E-004,-9.972404222935438E-004,
2.483166666666667E+009,5.265346262603998E-004,-1.007462968118489E-003,5.763916415162385E-004,-1.026170211844146E-003,
2.483200000000000E+009,5.072408239357173E-004,-1.018699025735259E-003,5.463539273478091E-004,-1.084384392015636E-003,
2.483233333333334E+009,4.729412612505257E-004,-9.786870796233416E-004,4.798579029738903E-004,-1.057661953382194E-003,
2.483266666666667E+009,4.187368322163820E-004,-1.007517683319747E-003,4.508961865212768E-004,-1.041138311848044E-003,
2.483300000000000E+009,4.646039742510766E-004,-1.069113030098379E-003,4.252306825947017E-004,-1.087550539523363E-003,
2.483333333333334E+009,3.851219080388546E-004,-1.050997176207602E-003,4.091593145858496E-004,-1.113001839257777E-003,
2.483366666666667E+009,3.494340635370463E-004,-1.120779430493712E-003,3.467196947894990E-004,-1.090597128495574E-003,
2.483400000000000E+009,3.256447089370340E-004,-1.127660972997546E-003,2.896194055210799E-004,-1.118749729357660E-003,
2.483433333333334E+009,3.141623164992780E-004,-1.128570875152946E-003,2.622873580548912E-004,-1.155522884801030E-003,
2.483466666666667E+009,2.471829939167947E-004,-1.113955513574183E-003,2.456368238199502E-004,-1.166777452453971E-003,
2.483500000000000E+009,1.781021128408611E-004,-1.103810500353575E-003,1.718629209790379E-004,-1.131602562963963E-003,
2.483533333333334E+009,1.659350382396951E-004,-1.124781672842801E-003,2.383090904913843E-004,-1.124011236242950E-003,
2.483566666666667E+009,1.518778153695166E-004,-1.146048074588180E-003,1.838821917772293E-004,-1.162845641374588E-003,
2.483600000000000E+009,1.755380944814533E-004,-1.140583888627589E-003,1.222557766595855E-004,-1.188570633530617E-003,
2.483633333333334E+009,1.142816472565755E-004,-1.129054580815136E-003,1.284307800233364E-004,-1.144598820246756E-003,
2.483666666666667E+009,6.686848792014644E-005,-1.145424903370440E-003,5.994754246785305E-005,-1.172793796285987E-003,
2.483700000000000E+009,3.693315738928504E-005,-1.119520631618798E-003,3.691850724862889E-005,-1.115927705541253E-003,
2.483733333333334E+009,3.395855310373008E-005,-1.120008644647896E-003,-1.427045208401978E-005,-1.158640370704234E-003,
2.483766666666667E+009,4.719113803730579E-006,-1.144897658377886E-003,-1.971493838937022E-005,-1.147835631854832E-003,
2.483800000000000E+009,-3.601147545850836E-005,-1.140994369052351E-003,-8.770064596319571E-005,-1.114214188419282E-003,
2.483833333333334E+009,-3.695245686685666E-005,-1.130215241573751E-003,-5.066754238214344E-005,-1.211128197610378E-003,
2.483866666666667E+009,-8.858874207362533E-005,-1.125780050642788E-003,-1.755935663823038E-004,-1.145135262049735E-003,
2.483900000000000E+009,-1.081677037291229E-004,-1.178389880806208E-003,-1.700071297818795E-004,-1.139757107011974E-003,
2.483933333333334E+009,-1.386236399412155E-004,-1.143901026807725E-003,-1.392598642269149E-004,-1.163886277936399E-003,
2.483966666666667E+009,-1.963916729437187E-004,-1.096986583434045E-003,-2.094945084536448E-004,-1.134786871261895E-003,
2.484000000000000E+009,-2.122071746271104E-004,-1.146663096733391E-003,-2.330145362066105E-004,-1.133405487053096E-003,
2.484033333333334E+009,-2.271058183396235E-004,-1.113651320338249E-003,-2.918449172284454E-004,-1.132390811108053E-003,
2.484066666666667E+009,-2.236483705928549E-004,-1.160574960522354E-003,-3.513967094477266E-004,-1.115560182370246E-003,
2.484100000000000E+009,-3.362721181474626E-004,-1.068345620296896E-003,-3.337774833198637E-004,-1.101396861486137E-003,
2.484133333333334E+009,-2.986163890454918E-004,-1.089402125217021E-003,-3.872645902447403E-004,-1.071671140380204E-003,
2.484166666666667E+009,-3.738384984899312E-004,-1.084292074665427E-003,-4.005887894891202E-004,-1.131696626543999E-003,
2.484200000000000E+009,-3.674470353871584E-004,-1.096241641789675E-003,-4.510683065745980E-004,-1.081432099454105E-003,
2.484233333333334E+009,-4.291909863241017E-004,-1.039560767821968E-003,-4.701987199950963E-004,-1.041052164509893E-003,
2.484266666666667E+009,-4.737257841043174E-004,-1.005772384814918E-003,-5.032593617215753E-004,-1.084264949895442E-003,
2.484300000000000E+009,-5.359255010262132E-004,-1.057508983649313E-003,-5.336446920409799E-004,-9.691921877674758E-004,
2.484333333333334E+009,-4.831147089134902E-004,-1.041035400703549E-003,-6.166142411530018E-004,-9.964975761249661E-004,
2.484366666666667E+009,-5.414594779722393E-004,-9.757444495335221E-004,-6.252349121496081E-004,-1.024393248371780E-003,
2.484400000000000E+009,-5.974817904643714E-004,-1.001812401227653E-003,-6.384723237715662E-004,-1.001469208858907E-003,
2.484433333333334E+009,-6.133096758276224E-004,-1.016116584651172E-003,-5.867519066669047E-004,-1.029320061206818E-003,
2.484466666666667E+009,-6.410435307770968E-004,-1.014462905004621E-003,-6.384534644894302E-004,-9.717902867123485E-004,
2.484500000000000E+009,-7.095547625795007E-004,-9.710946469567716E-004,-7.385588251054287E-004,-9.646976832300425E-004,
2.484533333333334E+009,-6.693617906421423E-004,-9.357565431855619E-004,-6.801991257816553E-004,-9.163373615592718E-004,
2.484566666666667E+009,-6.882496527396143E-004,-9.110176470130682E-004,-7.226009620353580E-004,-8.821176015771925E-004,
2.484600000000000E+009,-7.133085746318102E-004,-8.966838940978050E-004,-7.192501216195524E-004,-8.583730086684227E-004,
2.484633333333334E+009,-7.457692991010845E-004,-8.872511680237949E-004,-7.438947213813663E-004,-9.057552088052034E-004,
2.484666666666667E+009,-8.123875595629215E-004,-8.464134298264980E-004,-8.189260843209922E-004,-8.281584596261382E-004,
2.484700000000000E+009,-7.727035554125905E-004,-8.116750395856798E-004,-8.188969804905355E-004,-8.316246094182134E-004,
2.484733333333334E+009,-8.056222577579320E-004,-8.449145243503153E-004,-8.580497815273702E-004,-7.849305402487516E-004,
2.484766666666667E+009,-8.394580800086260E-004,-7.941400981508195E-004,-8.437063079327345E-004,-7.789062801748514E-004,
2.484800000000000E+009,-8.851561578921974E-004,-7.490252610296011E-004,-8.837505592964590E-004,-7.376068388111889E-004,
2.484833333333334E+009,-8.716514566913247E-004,-6.674054311588407E-004,-8.959683473221958E-004,-7.264831219799817E-004,
2.484866666666667E+009,-8.817769121378660E-004,-7.087251287885010E-004,-9.460283326916397E-004,-7.032722351141274E-004,
2.484900000000000E+009,-9.265345870517194E-004,-6.252281600609422E-004,-9.230179712176323E-004,-6.886101327836514E-004,
2.484933333333334E+009,-9.489287622272968E-004,-5.954173393547535E-004,-9.250562288798392E-004,-6.168765830807388E-004,
2.484966666666667E+009,-9.894598042592406E-004,-6.286324933171272E-004,-9.290123125538230E-004,-6.471416563726962E-004,
2.485000000000000E+009,-1.034997636452317E-003,-5.868387524969876E-004,-9.982994524762034E-004,-5.475062644109130E-004,
2.485033333333334E+009,-9.827209869399667E-004,-5.001468816772103E-004,-1.024220720864832E-003,-5.710693076252937E-004,
2.485066666666667E+009,-1.035694149322808E-003,-5.172164528630674E-004,-1.014925655908883E-003,-4.888246185146272E-004,
2.485100000000000E+009,-9.947440121322870E-004,-5.063069984316826E-004,-1.013341476209462E-003,-4.821579204872251E-004,
2.485133333333334E+009,-1.052643870934844E-003,-4.730486543849111E-004,-1.063916482962668E-003,-4.871990240644664E-004,
2.485166666666667E+009,-1.063821138814092E-003,-4.357703728601337E-004,-1.034834072925150E-003,-3.907121135853231E-004,
2.485200000000000E+009,-1.033218810334802E-003,-4.123290709685534E-004,-1.058426569215953E-003,-4.006393719464541E-004,
2.485233333333334E+009,-1.009600237011910E-003,-4.297867126297206E-004,-1.076973741874099E-003,-3.392315702512860E-004,
2.485266666666667E+009,-1.148047391325235E-003,-3.374551597516984E-004,-1.120124361477792E-003,-3.698611399158835E-004,
2.485300000000000E+009,-1.103020971640945E-003,-3.129304968751967E-004,-1.104434486478567E-003,-3.366169112268835E-004,
2.485333333333334E+009,-1.104906899854541E-003,-2.987842308357358E-004,-1.089989440515637E-003,-3.139643231406808E-004,
2.485366666666667E+009,-1.061093993484974E-003,-2.723540237639099E-004,-1.114792772568762E-003,-2.684637438505888E-004,
2.485400000000000E+009,-1.105491654016078E-003,-2.241438050987199E-004,-1.161961932666600E-003,-2.317023754585534E-004,
2.485433333333334E+009,-1.138867926783860E-003,-1.981996902031824E-004,-1.127512194216251E-003,-1.860951306298375E-004,
2.485466666666667E+009,-1.115029910579324E-003,-1.984758418984711E-004,-1.111370162107050E-003,-1.416905433870852E-004,
2.485500000000000E+009,-1.119673717767000E-003,-1.476358156651259E-004,-1.135960570536554E-003,-1.212065253639594E-004,
2.485533333333334E+009,-1.120761386118829E-003,-1.444933150196448E-004,-1.148877898231149E-003,-1.377813750877976E-004,
2.485566666666667E+009,-1.132830744609237E-003,-3.378837936907075E-005,-1.178139937110245E-003,-7.819023448973894E-005,
2.485600000000000E+009,-1.105820876546204E-003,3.378140536369756E-005,-1.132788136601448E-003,-8.328591502504423E-005,
2.485633333333334E+009,-1.168342307209969E-003,-7.486584217986092E-005,-1.131626195274293E-003,-4.199239265290089E-005,
2.485666666666667E+009,-1.143423956818879E-003,8.425783562415745E-006,-1.086345640942454E-003,2.690996552701108E-005,
2.485700000000000E+009,-1.221102778799832E-003,6.651912553934380E-005,-1.069648889824748E-003,4.019606785732321E-005,
2.485733333333334E+009,-1.147259958088398E-003,3.811287388089113E-005,-1.149857765994966E-003,9.082593169296160E-005,
2.485766666666667E+009,-1.199756632559001E-003,1.021632197080180E-004,-1.120061613619328E-003,8.420711674261838E-005,
2.485800000000000E+009,-1.170143717899919E-003,9.718923683976755E-005,-1.168860006146133E-003,1.400606852257624E-004,
2.485833333333334E+009,-1.174277160316706E-003,2.145797043340281E-004,-1.199172926135361E-003,1.972469035536051E-004,
2.485866666666667E+009,-1.153349177911878E-003,3.096181608270854E-004,-1.107948715798557E-003,2.407770662102848E-004,
2.485900000000000E+009,-1.137000508606434E-003,2.557200496084988E-004,-1.127181807532907E-003,3.147656098008156E-004,
2.485933333333334E+009,-1.091485377401114E-003,2.711840497795492E-004,-1.086900359950960E-003,2.757641777861863E-004,
2.485966666666667E+009,-1.144962967373431E-003,3.189112467225641E-004,-1.075399108231068E-003,3.146364178974181E-004,
2.486000000000000E+009,-1.063174917362630E-003,3.765512665268034E-004,-1.131679513491690E-003,3.199564816895872E-004,
2.486033333333334E+009,-1.005734666250646E-003,3.264983533881605E-004,-1.055778469890356E-003,3.658836649265140E-004,
2.486066666666667E+009,-1.119240419939160E-003,3.723658446688205E-004,-1.034096465446055E-003,3.932318650186062E-004,
2.486100000000000E+009,-1.051394850946963E-003,3.576751623768359E-004,-1.091545214876533E-003,4.563322290778160E-004,
2.486133333333334E+009,-1.062087249010801E-003,4.505046235863119E-004,-1.047599362209439E-003,4.689195193350315E-004,
2.486166666666667E+009,-1.063862000592053E-003,4.480080679059029E-004,-1.002713455818594E-003,5.170007934793830E-004,
2.486200000000000E+009,-1.035433611832559E-003,5.241737817414105E-004,-1.010771025903523E-003,4.599868261720985E-004,
2.486233333333334E+009,-1.029532868415117E-003,4.765818302985281E-004,-1.002400997094810E-003,5.308650434017181E-004,
2.486266666666667E+009,-9.232626180164516E-004,6.056600832380354E-004,-9.989778045564890E-004,5.487370654009283E-004,
2.486300000000000E+009,-9.609446278773248E-004,5.686315707862377E-004,-9.349503088742495E-004,5.743274232372642E-004,
2.486333333333334E+009,-9.997368324548006E-004,5.816095508635044E-004,-9.350725449621677E-004,6.175349117256701E-004,
2.486366666666667E+009,-8.729984401725233E-004,5.893628695048392E-004,-9.443673188798130E-004,6.664004758931696E-004,
2.486400000000000E+009,-8.796470938250423E-004,6.406465545296669E-004,-8.944285218603909E-004,6.603415822610259E-004,
2.486433333333334E+009,-8.883367991074920E-004,7.363523473031819E-004,-8.898117812350392E-004,6.808157777413726E-004,
2.486466666666667E+009,-9.009006316773593E-004,6.958275916986167E-004,-8.792696171440184E-004,6.451208610087633E-004,
2.486500000000000E+009,-8.434713236056268E-004,7.226609741337597E-004,-8.797951741144061E-004,7.693960797041655E-004,
2.486533333333334E+009,-8.225011406466365E-004,7.038559997454286E-004,-8.170176297426224E-004,7.782109896652401E-004,
2.486566666666667E+009,-7.678110850974917E-004,7.740790024399757E-004,-8.189312065951526E-004,8.164561004377902E-004,
2.486600000000000E+009,-7.987882127054036E-004,7.048969273455441E-004,-7.787993527017534E-004,7.839605095796287E-004,
2.486633333333334E+009,-8.131855865940452E-004,8.083010907284915E-004,-7.601009565405548E-004,8.178821881301701E-004,
2.486666666666667E+009,-7.163635455071926E-004,8.073163335211575E-004,-7.594082853756845E-004,8.344448870047927E-004,
2.486700000000000E+009,-7.199533283710480E-004,8.204809273593128E-004,-6.588851101696491E-004,8.148397319018841E-004,
2.486733333333334E+009,-6.592815625481308E-004,8.568428456783295E-004,-6.586615927517414E-004,8.809906430542469E-004,
2.486766666666667E+009,-6.088378140702844E-004,8.664139313623309E-004,-6.165502709336579E-004,8.997550467029214E-004,
2.486800000000000E+009,-5.894216592423618E-004,8.904426358640194E-004,-6.431032670661807E-004,9.638044284656644E-004,
2.486833333333334E+009,-6.491290405392647E-004,9.033595561049879E-004,-6.153513677418232E-004,9.091761894524097E-004,
2.486866666666667E+009,-5.932910717092454E-004,9.328243322670460E-004,-6.156486924737692E-004,9.375052759423852E-004,
2.486900000000000E+009,-5.276755546219647E-004,9.534396231174469E-004,-5.467595765367150E-004,9.475417900830507E-004,
2.486933333333334E+009,-5.697609158232808E-004,1.001942669972777E-003,-4.816808796022087E-004,9.241993539035320E-004,
2.486966666666667E+009,-4.934291937388480E-004,9.960158495232463E-004,-5.232545081526041E-004,9.814704535529017E-004,
2.487000000000000E+009,-5.038626259192824E-004,1.035260967910290E-003,-4.495254252105951E-004,9.961674222722650E-004,
2.487033333333334E+009,-4.511323350016028E-004,1.032475847750902E-003,-4.449925036169589E-004,9.639532072469592E-004,
2.487066666666667E+009,-4.065109242219478E-004,1.045281649567187E-003,-4.335929988883436E-004,1.007704180665314E-003,
2.487100000000000E+009,-3.891172818839550E-004,1.075002597644925E-003,-4.226994933560491E-004,1.050492748618126E-003,
2.487133333333334E+009,-3.445374895818532E-004,1.089730882085860E-003,-3.426739131100476E-004,1.049540820531547E-003,
2.487166666666667E+009,-3.308003069832921E-004,1.090983976610005E-003,-3.191896248608828E-004,1.057430752553046E-003,
2.487200000000000E+009,-2.898059028666467E-004,1.054647145792842E-003,-2.996251278091222E-004,9.824354201555252E-004,
2.487233333333334E+009,-2.752594009507448E-004,1.066244323737919E-003,-3.334123757667840E-004,1.071836450137198E-003,
2.487266666666667E+009,-2.783967065624893E-004,1.043312950059772E-003,-2.148544881492853E-004,1.111408113501966E-003,
2.487300000000000E+009,-2.550648059695959E-004,1.107309479266405E-003,-2.549726923462004E-004,1.111203338950872E-003,
2.487333333333334E+009,-1.578999799676240E-004,1.054085441865027E-003,-1.676159736234695E-004,1.070447848178446E-003,
2.487366666666667E+009,-1.222796272486448E-004,1.091516925953329E-003,-1.415372244082391E-004,1.128634903579950E-003,
2.487400000000000E+009,-1.028632250381634E-004,1.134974067099392E-003,-9.639383642934263E-005,1.130442717112601E-003,
2.487433333333334E+009,-6.067079448257573E-005,1.114574377425015E-003,-2.427644722047262E-005,1.089729717932642E-003,
2.487466666666667E+009,-4.116819400223903E-005,1.114107551984489E-003,9.134284482570365E-006,1.113214995712042E-003,
2.487500000000000E+009,-1.984775917662773E-005,1.059674890711904E-003,-1.373916711600032E-005,1.115994877181947E-003,
2.487533333333334E+009,1.336650529992767E-005,1.088224817067385E-003,4.099469879292883E-005,1.146577997133136E-003,
2.487566666666667E+009,6.956855213502422E-005,1.092040212824941E-003,-1.043064366967883E-005,1.037389039993286E-003,
2.487600000000000E+009,8.341557986568660E-005,1.096818596124649E-003,6.480142474174500E-005,1.089054974727333E-003,
2.487633333333334E+009,5.664527998305857E-005,1.076138345524669E-003,1.034460801747628E-004,1.121177570894361E-003,
2.487666666666667E+009,1.573232584632933E-004,1.096191699616611E-003,9.498873259872198E-005,1.114617800340056E-003,
2.487700000000000E+009,1.246506581082940E-004,1.073180930688977E-003,1.557176437927410E-004,1.074883737601340E-003,
2.487733333333334E+009,1.437848404748365E-004,1.081412541680038E-003,1.963153190445155E-004,1.054591964930296E-003,
2.487766666666667E+009,1.074256506399252E-004,1.042678602971137E-003,2.361637452850118E-004,1.075125066563487E-003,
2.487800000000000E+009,2.215401327703148E-004,1.007898477837443E-003,2.048327442025766E-004,1.063201460056007E-003,
2.487833333333334E+009,2.434708294458687E-004,1.092432765290141E-003,2.527347824070603E-004,1.060293870978057E-003,
2.487866666666667E+009,2.500908740330488E-004,1.034216606058180E-003,3.016011905856431E-004,1.009282190352678E-003,
2.487900000000000E+009,3.030004736501724E-004,1.011305022984743E-003,2.714672591537237E-004,9.601734345778823E-004,
2.487933333333334E+009,3.118127933703363E-004,1.040282659232616E-003,3.509022935759276E-004,9.731341851875186E-004,
2.487966666666667E+009,4.102773382328451E-004,9.915232658386231E-004,3.589967673178762E-004,1.020989613607526E-003,
2.488000000000000E+009,3.796405799221247E-004,9.787167655304074E-004,3.712638863362372E-004,9.481720044277608E-004,
2.488033333333334E+009,4.642881976906210E-004,9.227443952113390E-004,4.354175762273371E-004,9.160650661215186E-004,
2.488066666666667E+009,4.233036888763309E-004,9.501940221525729E-004,4.504865210037679E-004,9.801583364605904E-004,
2.488100000000000E+009,4.911498981527984E-004,8.901702822186053E-004,5.184420733712614E-004,8.992273360490799E-004,
2.488133333333334E+009,4.884279915131629E-004,9.270018781535327E-004,5.251287948340178E-004,9.324097190983594E-004,
2.488166666666667E+009,5.513342912308872E-004,8.635492995381355E-004,5.211305688135326E-004,9.128876845352352E-004,
2.488200000000000E+009,5.888557643629611E-004,9.071218664757907E-004,5.035357316955924E-004,8.708947570994496E-004,
2.488233333333334E+009,5.062752752564848E-004,8.111984352581203E-004,5.848482833243907E-004,8.618168649263680E-004,
2.488266666666667E+009,5.471952026709914E-004,8.538014371879399E-004,5.652628606185317E-004,8.735607261769474E-004,
2.488300000000000E+009,5.916157970204949E-004,8.018919033929706E-004,6.684358813799918E-004,8.584497263655067E-004,
2.488333333333334E+009,6.519338930957019E-004,8.216553251259029E-004,6.241929950192571E-004,8.080968982540071E-004,
2.488366666666667E+009,6.807388272136450E-004,7.752854726277292E-004,7.126029231585562E-004,8.156069670803845E-004,
2.488400000000000E+009,6.357365637086332E-004,7.774937548674643E-004,6.469906074926257E-004,7.763839093968272E-004,
2.488433333333334E+009,7.477799663320184E-004,7.374775013886392E-004,7.398804882541299E-004,7.187832961790264E-004,
2.488466666666667E+009,6.682078819721937E-004,7.403047638945282E-004,7.393461419269443E-004,7.400881731882691E-004,
2.488500000000000E+009,7.892428548075259E-004,6.963419727981091E-004,8.053673082031310E-004,6.227275007404387E-004,
2.488533333333334E+009,7.739734719507396E-004,6.600067717954516E-004,7.566681597381830E-004,6.778655224479735E-004,
2.488566666666667E+009,7.423635106533766E-004,6.640966748818755E-004,7.986160926520824E-004,5.940179107710719E-004,
2.488600000000000E+009,7.683687144890428E-004,6.793714128434658E-004,8.207994978874922E-004,6.445884937420487E-004,
2.488633333333334E+009,7.389064994640648E-004,6.340208929032087E-004,7.671383791603148E-004,6.604471127502620E-004,
2.488666666666667E+009,7.719408604316413E-004,6.074491539038718E-004,8.420012891292572E-004,5.500690895132721E-004,
2.488700000000000E+009,8.983337320387363E-004,5.986675969325006E-004,8.332073921337724E-004,6.493563996627927E-004,
2.488733333333334E+009,8.201738237403333E-004,5.798391066491604E-004,8.047417504712939E-004,5.223312764428556E-004,
2.488766666666667E+009,8.316540624946356E-004,4.887601826339960E-004,8.790112915448844E-004,5.040030810050666E-004,
2.488800000000000E+009,9.205420501530170E-004,4.863234353251755E-004,8.347698603756726E-004,5.239560850895941E-004,
2.488833333333334E+009,8.804876706562936E-004,4.895362071692944E-004,8.803692762739956E-004,4.995061899535358E-004,
2.488866666666667E+009,9.331282926723361E-004,4.317059938330203E-004,9.021597797982395E-004,5.168320494703949E-004,
2.488900000000000E+009,9.097072179429233E-004,3.975486324634403E-004,9.487476781941950E-004,4.235309897921979E-004,
2.488933333333334E+009,9.271958260796964E-004,4.499086935538799E-004,9.904042817652226E-004,4.780575109180063E-004,
2.488966666666667E+009,9.343797573819757E-004,3.524116182234138E-004,9.803540306165814E-004,3.621149517130107E-004,
2.489000000000000E+009,1.055099884979427E-003,3.526915388647467E-004,9.701507515273988E-004,3.435121325310320E-004,
2.489033333333334E+009,1.041731680743396E-003,3.666866687126458E-004,9.918079013004899E-004,2.683149941731244E-004,
2.489066666666667E+009,9.232356678694487E-004,2.630410308483988E-004,1.017164788208902E-003,2.383875398663804E-004,
2.489100000000000E+009,9.513658005744219E-004,2.210296806879342E-004,9.617980103939772E-004,2.138693962479010E-004,
2.489133333333334E+009,9.513122495263815E-004,1.940880320034921E-004,1.023786957375705E-003,2.288227115059272E-004,
2.489166666666667E+009,9.831271599978209E-004,2.043485728790984E-004,1.006701495498419E-003,2.142398152500391E-004,
2.489200000000000E+009,9.902275633066893E-004,1.693169324425980E-004,9.693991742096841E-004,1.951649319380522E-004,
2.489233333333334E+009,9.547815425321460E-004,1.028361148200929E-004,1.040942035615444E-003,1.624209835426882E-004,
2.489266666666667E+009,9.934986010193825E-004,6.502267206087709E-005,9.529382805339992E-004,1.308860955759883E-004,
2.489300000000000E+009,9.609576081857085E-004,6.045408372301608E-005,9.636301547288895E-004,1.383501221425831E-004,
2.489333333333334E+009,9.799294639378786E-004,1.259423443116248E-004,9.382767602801323E-004,1.006937600322999E-004,
2.489366666666667E+009,9.508031653240323E-004,2.750637941062450E-005,9.570500697009265E-004,6.763213605154306E-005,
2.489400000000000E+009,9.552560513839126E-004,7.029205153230578E-005,1.013539731502533E-003,-1.495372089266311E-005,
2.489433333333334E+009,9.023099555633962E-004,-1.144640646089101E-005,9.731451282277703E-004,-2.310336640221067E-005,
2.489466666666667E+009,1.018414623104036E-003,-8.419509686063975E-005,9.654949535615742E-004,-3.222908708266914E-005,
2.489500000000000E+009,9.365918813273311E-004,-6.243152893148363E-005,9.749170858412981E-004,-3.790715709328651E-005,
2.489533333333334E+009,9.863018058240414E-004,-1.007861428661272E-004,9.821914136409760E-004,-1.012744905892760E-004,
2.489566666666667E+009,9.881322039291263E-004,-1.036318426486105E-004,9.396864916197956E-004,-1.079982394003309E-004,
2.489600000000000E+009,9.754868806339800E-004,-6.438724813051522E-005,9.006456821225584E-004,-9.409449558006600E-005,
2.489633333333334E+009,9.652387234382331E-004,-1.040217757690698E-004,8.859809022396803E-004,-1.302638847846538E-004,
2.489666666666667E+009,9.506352362222970E-004,-2.049811155302450E-004,9.096769499592483E-004,-1.666733151068911E-004,
2.489700000000000E+009,8.970515336841345E-004,-2.563847810961306E-004,9.374346118420363E-004,-2.043571439571679E-004,
2.489733333333334E+009,8.619956788606942E-004,-2.252683771075681E-004,9.435403044335544E-004,-2.183528413297609E-004,
2.489766666666667E+009,8.865510462783277E-004,-2.387016138527542E-004,8.783607627265155E-004,-2.397262287558988E-004,
2.489800000000000E+009,9.217649931088090E-004,-2.529338235035539E-004,8.917296654544771E-004,-2.979124838020653E-004,
2.489833333333334E+009,8.776907925494015E-004,-3.217250923626125E-004,8.702778141014278E-004,-3.119569446425885E-004,
2.489866666666667E+009,8.094311342574656E-004,-3.445695620030165E-004,8.968226029537618E-004,-3.394808154553175E-004,
2.489900000000000E+009,7.745103212073445E-004,-3.752129850909114E-004,8.632986573502421E-004,-3.651598526630551E-004,
2.489933333333334E+009,8.264972129836679E-004,-3.635212779045105E-004,8.376112091355026E-004,-3.478396392893046E-004,
2.489966666666667E+009,7.971061859279871E-004,-4.234418738633394E-004,8.149638306349516E-004,-4.052674048580229E-004,
2.490000000000000E+009,8.585210307501257E-004,-4.196424561087042E-004,8.205962367355824E-004,-4.247163305990398E-004,
2.490033333333334E+009,8.126468746922910E-004,-4.418963508214802E-004,7.852387498132885E-004,-4.482930526137352E-004,
2.490066666666667E+009,7.592483307234943E-004,-4.300655564293265E-004,7.871345733292401E-004,-4.189673345535994E-004,
2.490100000000000E+009,7.140729576349258E-004,-4.629337636288256E-004,7.664104341529310E-004,-5.240328609943390E-004,
2.490133333333334E+009,7.416574517264962E-004,-4.818368761334568E-004,7.308765198104084E-004,-5.031262408010662E-004,
2.490166666666667E+009,7.509583956561983E-004,-5.152903031557798E-004,7.242496358230710E-004,-5.205268389545381E-004,
2.490200000000000E+009,7.460854249075055E-004,-5.444766720756888E-004,7.037514587864280E-004,-4.557801585178822E-004,
2.490233333333334E+009,7.136314525268972E-004,-5.312990397214890E-004,7.509128190577030E-004,-5.574768874794245E-004,
2.490266666666667E+009,6.943226908333600E-004,-5.973993684165180E-004,6.565943476743996E-004,-5.753554869443178E-004,
2.490300000000000E+009,6.296180072240531E-004,-5.368918646126986E-004,6.540145841427147E-004,-5.575526156462729E-004,
2.490333333333334E+009,7.337926072068512E-004,-5.617843125946820E-004,6.854480016045272E-004,-5.888486048206687E-004,
2.490366666666667E+009,6.126413354650140E-004,-6.149639957584441E-004,6.468328647315502E-004,-5.830819718539715E-004,
2.490400000000000E+009,6.450693472288549E-004,-6.261485978029668E-004,6.393824587576091E-004,-6.315131322480738E-004,
2.490433333333334E+009,6.259607034735382E-004,-6.594432052224875E-004,6.388893234543502E-004,-6.209635175764561E-004,
2.490466666666667E+009,5.998052074573934E-004,-6.838521221652627E-004,5.992083461023867E-004,-6.300873355939984E-004,
2.490500000000000E+009,5.913482164032757E-004,-6.649709539487958E-004,5.556916585192084E-004,-6.890233489684761E-004,
2.490533333333334E+009,5.555806565098465E-004,-6.550078978762031E-004,5.577416159212589E-004,-7.901388453319669E-004,
2.490566666666667E+009,5.405990523286164E-004,-7.335195550695062E-004,5.279216566123068E-004,-7.097860798239708E-004,
2.490600000000000E+009,5.046706646680832E-004,-7.306102779693902E-004,4.570370365399867E-004,-7.595492643304169E-004,
2.490633333333334E+009,4.575411148834974E-004,-7.181324181146920E-004,4.879403568338603E-004,-7.611717446707189E-004,
2.490666666666667E+009,4.732878005597740E-004,-7.662300486117601E-004,4.589732561726123E-004,-8.138076518662274E-004,
2.490700000000000E+009,4.313192330300808E-004,-7.477431208826602E-004,4.393220297060907E-004,-7.397177978418768E-004,
2.490733333333334E+009,4.709618806373328E-004,-7.173966150730848E-004,4.211463965475559E-004,-6.863480084575713E-004,
2.490766666666667E+009,4.044157976750284E-004,-7.641593692824245E-004,4.162600380368531E-004,-8.050960022956133E-004,
2.490800000000000E+009,3.868289641104639E-004,-7.966304547153413E-004,3.750243631657213E-004,-8.112438372336328E-004,
2.490833333333334E+009,3.904996265191585E-004,-7.820597966201603E-004,3.393067163415253E-004,-8.084331057034433E-004,
2.490866666666667E+009,3.207942645531148E-004,-7.924234378151596E-004,2.941207203548402E-004,-7.960360380820930E-004,
2.490900000000000E+009,3.274597984272987E-004,-8.182897581718862E-004,3.455570549704135E-004,-7.920477073639631E-004,
2.490933333333334E+009,2.528094337321818E-004,-7.839206373319030E-004,3.157648025080562E-004,-7.549446308985353E-004,
2.490966666666667E+009,3.060740418732166E-004,-7.818190497346222E-004,2.906716836150736E-004,-7.963757961988449E-004,
2.491000000000000E+009,3.009830543305725E-004,-7.906066020950675E-004,2.471552288625389E-004,-7.746219635009766E-004,
2.491033333333334E+009,2.123976155417040E-004,-7.500185165554285E-004,2.585735928732902E-004,-7.617251249030232E-004,
2.491066666666667E+009,2.414369955658913E-004,-7.997138891369104E-004,2.263907954329625E-004,-8.127700421027839E-004,
2.491100000000000E+009,2.256224688608199E-004,-8.117773686535657E-004,1.895547029562295E-004,-7.964588003233075E-004,
2.491133333333334E+009,1.713865058263764E-004,-7.947401027195156E-004,1.690831704763696E-004,-7.890209089964628E-004,
2.491166666666667E+009,1.504976826254278E-004,-8.385517867282033E-004,1.563457481097430E-004,-7.858971366658807E-004,
2.491200000000000E+009,1.190465554827824E-004,-7.770110387355089E-004,1.299455907428637E-004,-7.953261956572533E-004,
2.491233333333334E+009,9.648627019487321E-005,-8.097921381704509E-004,1.074286774382927E-004,-7.811062969267368E-004,
2.491266666666667E+009,1.371146063320339E-004,-8.006672142073512E-004,1.208765461342409E-004,-8.056482765823603E-004,
2.491300000000000E+009,5.780683204648085E-005,-7.657433161512017E-004,6.278943328652531E-005,-7.724714814685285E-004,
2.491333333333334E+009,6.084350752644241E-005,-8.121695136651397E-004,6.882969319121912E-005,-8.044324349611998E-004,
2.491366666666667E+009,6.937151283636922E-006,-7.513770251534879E-004,8.765584789216518E-005,-7.999145891517401E-004,
2.491400000000000E+009,-2.276900340802968E-005,-8.211731910705566E-004,2.037854528680327E-006,-7.726287003606558E-004,
2.491433333333334E+009,3.046738129341975E-005,-7.655929657630622E-004,-6.616948667215183E-005,-8.174477261491120E-004,
2.491466666666667E+009,-4.552138761937385E-006,-7.625894504599273E-004,-6.383654545061290E-005,-7.983848336152732E-004,
2.491500000000000E+009,-6.423504964914173E-005,-7.689603371545672E-004,-3.675173138617538E-005,-7.228808826766908E-004,
2.491533333333334E+009,-3.268310319981538E-005,-8.048672461882234E-004,-3.959950117859989E-005,-8.068945608101785E-004,
2.491566666666667E+009,-3.870558430207893E-005,-7.553655887022615E-004,-8.166015322785825E-005,-7.838634192012250E-004,
2.491600000000000E+009,-1.400320761604235E-004,-7.799061713740230E-004,-1.255891693290323E-004,-7.390142418444157E-004,
2.491633333333334E+009,-7.291809015441686E-005,-7.856778684072197E-004,-1.435524754924700E-004,-7.354439585469663E-004,
2.491666666666667E+009,-1.099193832487799E-004,-7.809959352016449E-004,-1.109314980567433E-004,-7.297688280232251E-004,
2.491700000000000E+009,-1.189702088595368E-004,-7.450537523254752E-004,-1.235042000189424E-004,-7.796859135851264E-004,
2.491733333333334E+009,-1.904804812511429E-004,-7.226086454465985E-004,-1.366248034173623E-004,-7.322865421883762E-004,
2.491766666666667E+009,-2.332923177164048E-004,-7.055546157062054E-004,-2.029014431172982E-004,-7.385654025711119E-004,
2.491800000000000E+009,-1.921648945426568E-004,-6.952534895390272E-004,-2.280230401083827E-004,-7.660473929718137E-004,
2.491833333333334E+009,-2.586037735454738E-004,-6.932804244570434E-004,-1.944195391843095E-004,-7.481824140995741E-004,
2.491866666666667E+009,-1.743735774653032E-004,-7.179036037996411E-004,-2.484862925484777E-004,-7.363769109360874E-004,
2.491900000000000E+009,-2.752160362433642E-004,-7.033234578557313E-004,-2.473300264682621E-004,-7.258660625666380E-004,
2.491933333333334E+009,-2.364992687944323E-004,-7.165967836044729E-004,-2.925450680777431E-004,-7.265004678629339E-004,
2.491966666666667E+009,-2.475782530382276E-004,-7.206291775219142E-004,-2.941653947345913E-004,-6.834713276475668E-004,
2.492000000000000E+009,-3.365588781889528E-004,-6.536958389915526E-004,-2.919947146438062E-004,-6.925473571754992E-004,
2.492033333333334E+009,-2.894855570048094E-004,-6.921793683432043E-004,-3.381892165634781E-004,-6.678349454887211E-004,
2.492066666666667E+009,-4.294350219424814E-004,-7.127695134840906E-004,-3.455673286225647E-004,-6.723106489516795E-004,
2.492100000000000E+009,-3.595695889089257E-004,-6.988557870499790E-004,-4.131142923142761E-004,-6.792638450860977E-004,
2.492133333333334E+009,-3.661142836790532E-004,-6.444755126722157E-004,-4.128512809984386E-004,-6.483421311713755E-004,
2.492166666666667E+009,-4.284533788450062E-004,-5.650211824104190E-004,-4.433570429682732E-004,-6.210829596966505E-004,
2.492200000000000E+009,-4.821920301765204E-004,-5.866189603693783E-004,-3.868091152980924E-004,-5.828320863656700E-004,
2.492233333333334E+009,-4.504360258579254E-004,-5.950973136350513E-004,-4.531047306954861E-004,-6.530866958200932E-004,
2.492266666666667E+009,-4.564291448332369E-004,-5.451582837849855E-004,-4.162467084825039E-004,-5.892456392757595E-004,
2.492300000000000E+009,-5.031591281294823E-004,-5.354492459446192E-004,-4.594164493028075E-004,-5.704492796212435E-004,
2.492333333333334E+009,-4.673883377108723E-004,-5.939420661889017E-004,-4.914542078040540E-004,-5.503004649654031E-004,
2.492366666666667E+009,-4.823351628147066E-004,-5.838524084538221E-004,-4.769219958689064E-004,-5.649995873682201E-004,
2.492400000000000E+009,-4.514097818173468E-004,-5.979385459795594E-004,-4.383817140478641E-004,-5.496738594956696E-004,
2.492433333333334E+009,-5.338144255802035E-004,-5.328189581632614E-004,-5.731824785470963E-004,-5.546474130824208E-004,
2.492466666666667E+009,-5.126395262777805E-004,-5.304068326950073E-004,-5.039831157773733E-004,-5.403143004514277E-004,
2.492500000000000E+009,-4.808047960978001E-004,-5.524628795683384E-004,-5.313286674208939E-004,-4.793451807927340E-004,
2.492533333333334E+009,-5.641235620714724E-004,-5.125012248754501E-004,-5.304375081323087E-004,-5.370170692913234E-004,
2.492566666666667E+009,-5.075648077763617E-004,-5.149071221239865E-004,-4.809472884517163E-004,-5.143703310750425E-004,
2.492600000000000E+009,-5.532541545107961E-004,-4.983741091564298E-004,-5.296950694173574E-004,-5.114572704769671E-004,
2.492633333333334E+009,-5.244732019491494E-004,-4.420330224093050E-004,-5.459310486912727E-004,-4.134374030400068E-004,
2.492666666666667E+009,-5.942133720964193E-004,-3.913617692887783E-004,-5.715910810977221E-004,-4.559271619655192E-004,
2.492700000000000E+009,-5.744096706621349E-004,-4.454684967640787E-004,-5.645272321999073E-004,-4.242929571773857E-004,
2.492733333333334E+009,-5.475168582051992E-004,-4.179575771559030E-004,-6.279053050093353E-004,-3.810341877397150E-004,
2.492766666666667E+009,-6.069352384656668E-004,-4.129178705625236E-004,-5.927134188823402E-004,-3.937922301702201E-004,
2.492800000000000E+009,-5.766316899098456E-004,-3.939836460631341E-004,-5.624519544653595E-004,-4.058471240568906E-004,
2.492833333333334E+009,-5.571857909671962E-004,-3.662945819087327E-004,-5.860450910404325E-004,-3.739068924915046E-004,
2.492866666666667E+009,-5.986414616927505E-004,-3.595926391426474E-004,-6.203606026247144E-004,-4.280174325685948E-004,
2.492900000000000E+009,-5.843680701218545E-004,-3.327185113448650E-004,-5.896873190067709E-004,-3.235140175092965E-004,
2.492933333333334E+009,-5.913434433750808E-004,-3.495403798297048E-004,-6.299808737821877E-004,-3.377821412868798E-004,
2.492966666666667E+009,-6.250842707231641E-004,-2.974997332785279E-004,-6.350429612211883E-004,-3.196361649315804E-004,
2.493000000000000E+009,-6.417711265385151E-004,-2.653203555382788E-004,-6.024736212566495E-004,-2.838891523424536E-004,
2.493033333333334E+009,-6.315650534816086E-004,-3.405988682061434E-004,-6.211515865288675E-004,-2.810584264807403E-004,
2.493066666666667E+009,-5.552389193326235E-004,-2.982981677632779E-004,-6.630911957472563E-004,-3.045158518943936E-004,
2.493100000000000E+009,-6.655574543401599E-004,-2.349122660234571E-004,-6.454864633269608E-004,-3.156944876536727E-004,
2.493133333333334E+009,-6.224267417564988E-004,-2.216594730271027E-004,-6.328086601570249E-004,-2.509274636395276E-004,
2.493166666666667E+009,-6.477173301391304E-004,-2.064925938611850E-004,-6.679085199721158E-004,-2.938516263384372E-004,
2.493200000000000E+009,-6.248805439099670E-004,-2.076099481200799E-004,-6.762454286217690E-004,-2.697281888686121E-004,
2.493233333333334E+009,-6.678549107164145E-004,-1.587873703101650E-004,-6.961816106922925E-004,-1.753765827743337E-004,
2.493266666666667E+009,-5.968206678517163E-004,-1.569411397213116E-004,-6.184254307299852E-004,-2.058210084214807E-004,
2.493300000000000E+009,-6.657619960606098E-004,-1.711566583253443E-004,-6.742997211404145E-004,-1.877604518085718E-004,
2.493333333333334E+009,-6.382307619787753E-004,-1.610408653505147E-004,-6.641545332968235E-004,-1.978265790967271E-004,
2.493366666666667E+009,-6.245069089345634E-004,-1.511626760475338E-004,-6.535142892971635E-004,-1.142954643000849E-004,
2.493400000000000E+009,-6.631709402427077E-004,-1.569246815051884E-004,-7.378738955594599E-004,-1.241807476617396E-004,
2.493433333333334E+009,-6.447985069826245E-004,-1.237224350916222E-004,-7.300699362531304E-004,-1.202761704917066E-004,
2.493466666666667E+009,-7.257830002345145E-004,-6.095258504501544E-005,-7.363127078860998E-004,-8.654093107907102E-005,
2.493500000000000E+009,-6.937129073776305E-004,-4.704418824985623E-005,-7.040226482786238E-004,-1.294708490604535E-004,
2.493533333333334E+009,-6.362139247357845E-004,-9.202450019074604E-005,-6.864132010377944E-004,-3.919436130672693E-005,
2.493566666666667E+009,-7.180758402682841E-004,-2.326348112546839E-005,-7.099056383594871E-004,-2.199368464061990E-005,
2.493600000000000E+009,-6.521363975480199E-004,1.572713813402515E-006,-6.645257817581296E-004,2.504790427337866E-005,
2.493633333333334E+009,-7.580090896226466E-004,-1.546610837976914E-005,-6.618703482672572E-004,-1.933525163622107E-005,
2.493666666666667E+009,-6.297245854511857E-004,4.929085662297439E-006,-6.762986304238439E-004,9.102437616093084E-006,
2.493700000000000E+009,-7.441905327141285E-004,9.982527444662992E-006,-6.704271072521806E-004,1.042111398419365E-004,
2.493733333333334E+009,-6.346576847136021E-004,8.339325722772628E-005,-6.907870993018150E-004,6.490388477686793E-005,
2.493766666666667E+009,-6.502563483081758E-004,1.057306144502945E-004,-6.657898193225265E-004,5.769711424363777E-005,
2.493800000000000E+009,-6.620305939577520E-004,7.233714859467000E-005,-6.392180803231895E-004,1.196367011289112E-004,
2.493833333333334E+009,-6.408054032362998E-004,8.508169412380084E-005,-6.741505931131542E-004,1.298466959269717E-004,
2.493866666666667E+009,-6.645295652560890E-004,1.031419378705323E-004,-6.249079597182572E-004,1.399671891704202E-004,
2.493900000000000E+009,-6.710085435770452E-004,1.451825955882669E-004,-6.889487849548459E-004,1.422326167812571E-004,
2.493933333333334E+009,-6.349554751068354E-004,1.472346193622798E-004,-6.474506226368249E-004,1.715054677333683E-004,
2.493966666666667E+009,-7.289138156920672E-004,2.068423054879531E-004,-6.816977402195334E-004,1.815755531424657E-004,
2.494000000000000E+009,-6.425821920856834E-004,1.816080475691706E-004,-6.450570654124022E-004,1.502086670370773E-004,
2.494033333333334E+009,-7.031301502138376E-004,1.800771860871464E-004,-6.220815703272820E-004,2.088062174152583E-004,
2.494066666666667E+009,-6.917426362633705E-004,1.759659789968282E-004,-7.061398355290294E-004,1.740162697387859E-004,
2.494100000000000E+009,-6.772759370505810E-004,1.575874775880948E-004,-6.471812375821173E-004,1.685602328507230E-004,
2.494133333333334E+009,-6.228607380762696E-004,2.298751787748188E-004,-6.379753467626870E-004,2.204955962952226E-004,
2.494166666666667E+009,-6.634241435676813E-004,1.895858149509877E-004,-6.823826115578413E-004,2.109306806232780E-004,
2.494200000000000E+009,-6.595034501515329E-004,1.624962606001645E-004,-6.702406681142747E-004,2.615654084365815E-004,
2.494233333333334E+009,-5.953385261818767E-004,2.646061766427010E-004,-6.390563794411719E-004,2.604432229418308E-004,
2.494266666666667E+009,-6.708500441163778E-004,2.016901999013498E-004,-6.571686826646328E-004,2.961187274195254E-004,
2.494300000000000E+009,-6.083510234020650E-004,2.793116436805576E-004,-5.819571670144796E-004,2.771702420432121E-004,
2.494333333333334E+009,-6.414329982362688E-004,2.879600506275892E-004,-6.132129346951842E-004,2.802340022753924E-004,
2.494366666666667E+009,-5.348993581719697E-004,3.063662443310022E-004,-6.270112935453653E-004,2.920031838584691E-004,
2.494400000000000E+009,-5.930945626460016E-004,2.678600430954248E-004,-5.940845003351569E-004,3.170648415107280E-004,
2.494433333333334E+009,-6.103378836996853E-004,3.175399324391037E-004,-5.962206632830203E-004,3.431703371461481E-004,
2.494466666666667E+009,-6.124968640506268E-004,3.680575755424798E-004,-5.994806997478008E-004,2.936497621703893E-004,
2.494500000000000E+009,-5.737469764426351E-004,3.351836930960417E-004,-6.126848165877163E-004,3.445188631303608E-004,
2.494533333333334E+009,-6.144456565380096E-004,3.306675644125789E-004,-5.906095029786229E-004,3.412419173400849E-004,
2.494566666666667E+009,-5.393606843426824E-004,3.101287875324488E-004,-6.173432921059430E-004,3.780376282520592E-004,
2.494600000000000E+009,-5.771145806647837E-004,3.990981495007873E-004,-5.255636060610414E-004,3.469317452982068E-004,
2.494633333333334E+009,-5.701656336896122E-004,3.961634065490216E-004,-5.931121413595974E-004,3.908500948455185E-004,
2.494666666666667E+009,-5.802044179290533E-004,3.646086843218654E-004,-5.862276302650571E-004,4.558638320304453E-004,
2.494700000000000E+009,-5.013097543269396E-004,4.323797184042633E-004,-5.373828462325037E-004,3.989677934441716E-004,
2.494733333333334E+009,-5.398158100433648E-004,4.394706920720637E-004,-5.671537364833057E-004,4.648091271519661E-004,
2.494766666666667E+009,-4.999748780392110E-004,4.481850191950798E-004,-5.288732936605811E-004,4.119676887057722E-004,
2.494800000000000E+009,-5.287677049636841E-004,4.065504763275385E-004,-4.795911663677543E-004,4.904701490886509E-004,
2.494833333333334E+009,-5.302901263348758E-004,4.826548392884433E-004,-4.959583166055381E-004,4.323105677030981E-004,
2.494866666666667E+009,-5.033648922108114E-004,4.619547398760915E-004,-4.745149926748127E-004,4.335413977969438E-004,
2.494900000000000E+009,-5.266903899610043E-004,5.371345905587077E-004,-4.858234606217593E-004,5.028785089962184E-004,
2.494933333333334E+009,-4.662308783736080E-004,4.780988965649158E-004,-4.817286680918187E-004,5.178254796192050E-004,
2.494966666666667E+009,-4.741018929053098E-004,5.368623533286154E-004,-4.796825232915580E-004,5.367590347304940E-004,
2.495000000000000E+009,-4.702372825704515E-004,5.484607536345720E-004,-4.038444894831628E-004,5.429946468211711E-004,
2.495033333333334E+009,-4.600416868925095E-004,5.373718449845910E-004,-4.237973771523684E-004,5.256197182461619E-004,
2.495066666666667E+009,-3.474065451882780E-004,5.604110192507505E-004,-4.358175792731345E-004,6.165653467178345E-004,
2.495100000000000E+009,-3.772249037865549E-004,5.409804871305823E-004,-3.957629087381065E-004,5.889175226911902E-004,
2.495133333333334E+009,-3.894019755534828E-004,6.133069982752204E-004,-4.108192515559495E-004,6.033275276422501E-004,
2.495166666666667E+009,-4.286440962459892E-004,6.356539088301361E-004,-3.866230836138129E-004,6.744718994013965E-004,
2.495200000000000E+009,-4.184374702163041E-004,5.809864378534257E-004,-3.766991721931845E-004,6.287467549555004E-004,
2.495233333333334E+009,-4.145177081227303E-004,6.230645813047886E-004,-3.596797760110349E-004,6.359750404953957E-004,
2.495266666666667E+009,-2.968472545035183E-004,6.841999711468816E-004,-3.503617772366852E-004,6.353874341584742E-004,
2.495300000000000E+009,-2.328284754185006E-004,7.113247411325574E-004,-2.622569736558944E-004,6.780624389648438E-004,
2.495333333333334E+009,-2.674562856554985E-004,6.460882141254842E-004,-2.300246414961293E-004,6.295281928032637E-004,
2.495366666666667E+009,-2.949176123365760E-004,6.308226147666574E-004,-3.034402034245431E-004,6.475592381320894E-004,
2.495400000000000E+009,-2.748609113041312E-004,6.734883645549417E-004,-2.603723842184991E-004,6.403795559890568E-004,
2.495433333333334E+009,-2.258275053463876E-004,7.527059642598033E-004,-2.303717046743259E-004,6.691368180327117E-004,
2.495466666666667E+009,-1.994342019315809E-004,6.942159961909056E-004,-2.213019906776026E-004,6.481442833319306E-004,
2.495500000000000E+009,-1.973835751414299E-004,6.653842865489423E-004,-2.129790664184839E-004,6.806728779338300E-004,
2.495533333333334E+009,-2.323914959561080E-004,6.585588562302291E-004,-1.980364613700658E-004,6.998944445513189E-004,
2.495566666666667E+009,-1.735969999572262E-004,7.379155722446740E-004,-2.166419290006161E-004,6.963126943446696E-004,
2.495600000000000E+009,-2.148274797946215E-004,7.020172197371721E-004,-1.597223017597571E-004,7.155608036555350E-004,
2.495633333333334E+009,-1.790581445675343E-004,6.643283995799720E-004,-1.554322952870280E-004,7.262807921506465E-004,
2.495666666666667E+009,-2.050205221166834E-004,6.946467328816652E-004,-1.626339071663097E-004,7.415103609673679E-004,
2.495700000000000E+009,-9.846306784311310E-005,7.204891298897564E-004,-1.410464174114168E-004,7.101433584466577E-004,
2.495733333333334E+009,-9.540207975078374E-005,7.203305140137672E-004,-1.327562349615619E-004,7.667940226383507E-004,
2.495766666666667E+009,-1.052271909429692E-004,7.574243354611099E-004,-1.042897711158730E-004,7.410625694319606E-004,
2.495800000000000E+009,-1.073405583156273E-004,7.350398227572441E-004,-1.105121264117770E-004,7.345876656472683E-004,
2.495833333333334E+009,-5.259501631371677E-005,7.546319393441081E-004,-9.734028571983799E-005,7.231258787214756E-004,
2.495866666666667E+009,-6.639122148044407E-005,7.537618512287736E-004,-4.774605622515082E-005,7.356376154348254E-004,
2.495900000000000E+009,-8.247958612628281E-005,7.987353601492941E-004,-4.734049798571505E-005,7.926895050331950E-004,
2.495933333333334E+009,-2.559494896559045E-005,7.305852486751974E-004,-2.376296833972447E-005,7.204598514363170E-004,
2.495966666666667E+009,-3.124032673440524E-006,7.504380773752928E-004,-1.054876884154510E-005,7.550888112746179E-004,
2.496000000000000E+009,2.160791154892650E-005,7.705218740738928E-004,-2.814444269461092E-005,7.265369640663266E-004,
2.496033333333334E+009,5.189522653381573E-006,7.392850238829851E-004,3.931938772439025E-005,6.921153399161995E-004,
2.496066666666667E+009,5.209080427448498E-006,7.140532834455371E-004,7.409532827296061E-006,7.758371066302061E-004,
2.496100000000000E+009,5.910246909479611E-005,7.720332941971719E-004,4.426157101988792E-005,7.281866855919361E-004,
2.496133333333334E+009,1.034610904753208E-004,7.371192914433777E-004,7.929930870886892E-005,7.976252236403525E-004,
2.496166666666667E+009,1.119377484428696E-004,7.599682430736721E-004,8.694421558175236E-005,7.620718679390848E-004,
2.496200000000000E+009,1.864892983576283E-004,6.976750446483493E-004,1.207430541398935E-004,7.370046805590391E-004,
2.496233333333334E+009,7.285246101673693E-005,7.893032743595541E-004,1.568836742080748E-004,7.256286335177720E-004,
2.496266666666667E+009,1.014223380479962E-004,7.625190191902220E-004,1.399020984536037E-004,7.496835896745324E-004,
2.496300000000000E+009,1.099142536986619E-004,7.337739807553589E-004,1.136446589953266E-004,7.951165898703039E-004,
2.496333333333334E+009,2.030552859650925E-004,7.744200411252677E-004,1.641720300540328E-004,7.495374884456396E-004,
2.496366666666667E+009,1.877941249404103E-004,7.391920080408454E-004,2.151238149963319E-004,7.650339975953102E-004,
2.496400000000000E+009,2.809925063047558E-004,7.786580245010555E-004,2.751054125837982E-004,7.426493102684617E-004,
2.496433333333334E+009,3.242724924348295E-004,7.240542909130454E-004,2.658430894371122E-004,7.974482723511756E-004,
2.496466666666667E+009,2.787639677990228E-004,7.520217914134264E-004,2.960287092719227E-004,7.667925092391670E-004,
2.496500000000000E+009,2.563612069934607E-004,7.486847462132573E-004,2.372787130298093E-004,7.073733140714467E-004,
2.496533333333334E+009,3.219248901586980E-004,7.306555053219199E-004,3.010288928635418E-004,7.520185317844153E-004,
2.496566666666667E+009,3.694223414640874E-004,7.123870309442282E-004,3.076387802138925E-004,7.296662079170346E-004,
2.496600000000000E+009,3.639001224655658E-004,6.953209522180259E-004,2.945148444268853E-004,7.702613947913051E-004,
2.496633333333334E+009,3.784779692068696E-004,7.444185321219266E-004,3.712853358592838E-004,7.233215728774667E-004,
2.496666666666667E+009,3.891327360179275E-004,7.218683022074401E-004,4.114359035156667E-004,6.783059216104448E-004,
2.496700000000000E+009,4.586220020428300E-004,7.031882414594293E-004,4.629317845683545E-004,6.974292336963117E-004,
2.496733333333334E+009,4.479709896259010E-004,6.855050451122224E-004,3.745514259207994E-004,7.325388723984361E-004,
2.496766666666667E+009,5.060647381469607E-004,6.637003389187157E-004,4.879650368820876E-004,6.521531031467021E-004,
2.496800000000000E+009,4.856722080148757E-004,5.999237182550132E-004,4.458454495761544E-004,6.506543140858412E-004,
2.496833333333334E+009,4.413616261444986E-004,6.032027304172516E-004,4.778996226377785E-004,6.791178020648658E-004,
2.496866666666667E+009,5.147022893652320E-004,6.191145512275398E-004,5.281696212477982E-004,5.692827980965376E-004,
2.496900000000000E+009,5.276799784041941E-004,6.386169116012752E-004,5.000722594559193E-004,5.615742993541062E-004,
2.496933333333334E+009,5.292945425026119E-004,6.308605079539120E-004,5.337181501090527E-004,5.874242051504552E-004,
2.496966666666667E+009,5.637249560095370E-004,6.234071915969253E-004,5.829736473970115E-004,5.207221838645637E-004,
2.497000000000000E+009,5.636216374114156E-004,5.547095788642764E-004,5.347093683667481E-004,5.353364394977689E-004,
2.497033333333334E+009,5.972568760626018E-004,5.602222518064082E-004,6.136627634987235E-004,5.431857425719500E-004,
2.497066666666667E+009,5.780390347354114E-004,5.750401760451496E-004,6.362171843647957E-004,5.501511623151600E-004,
2.497100000000000E+009,6.816070526838303E-004,5.353887681849301E-004,5.870485329069197E-004,5.370784783735871E-004,
2.497133333333334E+009,5.953237414360046E-004,5.839963559992611E-004,6.276145577430725E-004,6.225481047295034E-004,
2.497166666666667E+009,6.907141651026905E-004,4.802127659786493E-004,6.524491473101080E-004,5.381744704209268E-004,
2.497200000000000E+009,6.654259632341564E-004,4.714879032690078E-004,7.253749645315111E-004,5.169514915905893E-004,
2.497233333333334E+009,6.751091568730772E-004,4.454294685274363E-004,6.817974499426782E-004,4.599222447723150E-004,
2.497266666666667E+009,6.815721280872822E-004,4.576182109303772E-004,7.173402118496597E-004,4.502602096181363E-004,
2.497300000000000E+009,6.251017912290990E-004,4.450907872524113E-004,7.120324298739433E-004,4.631568444892764E-004,
2.497333333333334E+009,7.146987481974065E-004,4.164485726505518E-004,7.552268216386437E-004,4.695554089266807E-004,
2.497366666666667E+009,7.423279457725585E-004,4.773201071657240E-004,7.157654035836458E-004,4.255065286997706E-004,
2.497400000000000E+009,7.733779493719339E-004,3.857227857224643E-004,7.808954687789083E-004,4.414176219142973E-004,
2.497433333333334E+009,7.498964550904930E-004,3.419007989577949E-004,7.343993638642132E-004,4.329304210841656E-004,
2.497466666666667E+009,7.734968094155192E-004,3.972052363678813E-004,7.303440943360329E-004,3.878340066876262E-004,
2.497500000000000E+009,8.136368705891073E-004,2.862297696992755E-004,7.779062143526971E-004,4.274453967809677E-004,
2.497533333333334E+009,7.846896769478917E-004,3.507603541947901E-004,7.809736416675150E-004,3.568984102457762E-004,
2.497566666666667E+009,8.100103004835546E-004,3.226098779123277E-004,7.719410932622850E-004,2.995769027620554E-004,
2.497600000000000E+009,7.962450617924333E-004,3.559537872206420E-004,8.053675992414355E-004,2.700373006518930E-004,
2.497633333333334E+009,8.050953620113432E-004,2.782579103950411E-004,8.289049146696925E-004,2.483598073013127E-004,
2.497666666666667E+009,8.378510829061270E-004,2.538393309805542E-004,8.054475765675306E-004,3.202765947207809E-004,
2.497700000000000E+009,8.600506698712707E-004,2.469378232490271E-004,8.205891936086118E-004,2.635567798279226E-004,
2.497733333333334E+009,8.912355988286436E-004,2.070448390441015E-004,8.341399370692670E-004,2.623788313940167E-004,
2.497766666666667E+009,8.673465927131474E-004,1.800818863557652E-004,8.737006573937833E-004,1.461695355828852E-004,
2.497800000000000E+009,8.435677154920995E-004,1.307927159359679E-004,8.798818453215063E-004,1.606824953341857E-004,
2.497833333333334E+009,8.475304348394275E-004,1.162621556431986E-004,9.277113713324070E-004,1.106223062379286E-004,
2.497866666666667E+009,8.460882236249745E-004,1.682400761637837E-004,9.058294235728681E-004,1.499392674304545E-004,
2.497900000000000E+009,8.567519835196436E-004,9.905274055199698E-005,9.345239377580583E-004,1.564092526677996E-004,
2.497933333333334E+009,9.802160784602165E-004,7.813430420355871E-005,8.755584130994976E-004,6.654642493231222E-005,
2.497966666666667E+009,9.017210104502738E-004,6.946203939151019E-005,8.859880617819727E-004,3.604144148994237E-005,
2.498000000000000E+009,9.359761606901884E-004,6.756862421752885E-005,8.667340152896941E-004,3.656945409602486E-005,
2.498033333333334E+009,8.985822205431759E-004,2.043525455519557E-005,9.165480732917786E-004,1.697304651315790E-005,
2.498066666666667E+009,9.025558829307556E-004,-1.246231840923429E-005,9.210695861838758E-004,-4.740712029160932E-006,
2.498100000000000E+009,9.083454497158527E-004,-9.195603524858598E-006,9.023483144119382E-004,-6.334757927106693E-006,
2.498133333333334E+009,9.309058659709990E-004,-3.007475061167497E-005,9.402434807270765E-004,-6.660562939941883E-005,
2.498166666666667E+009,8.900637039914727E-004,-7.947421545395628E-005,8.510707411915064E-004,-7.423663191730157E-005,
2.498200000000000E+009,8.844942203722894E-004,-9.595423762220889E-005,8.935033110901713E-004,-6.632402073591948E-005,
2.498233333333334E+009,8.903117850422859E-004,-1.468330592615530E-004,9.400256094522774E-004,-1.480074715800583E-004,
2.498266666666667E+009,9.192197467200458E-004,-1.598282833583653E-004,9.138617315329611E-004,-1.474066084483638E-004,
2.498300000000000E+009,9.078579023480415E-004,-1.987472496693954E-004,9.022032609209418E-004,-1.972397149074823E-004,
2.498333333333334E+009,9.200772037729621E-004,-2.346715482417494E-004,8.929883479140699E-004,-2.298975887242705E-004,
2.498366666666667E+009,9.278227807953954E-004,-2.511415223125368E-004,9.009371278807521E-004,-2.655585121829063E-004,
2.498400000000000E+009,8.475569775328040E-004,-3.023556491825730E-004,8.516262168996036E-004,-3.387711767572910E-004,
2.498433333333334E+009,8.531647035852075E-004,-2.753029402811080E-004,8.578758570365608E-004,-3.407817275729030E-004,
2.498466666666667E+009,8.409740985371172E-004,-3.304250421933830E-004,8.453753544017673E-004,-3.459567669779062E-004,
2.498500000000000E+009,8.496603113599122E-004,-3.283871628809720E-004,7.905949605628848E-004,-3.687191347125918E-004,
2.498533333333334E+009,8.107032626867294E-004,-3.918665461242199E-004,8.002427639439702E-004,-3.778403624892235E-004,
2.498566666666667E+009,8.175165276043117E-004,-4.316937120165676E-004,8.137648692354560E-004,-3.907746577169746E-004,
2.498600000000000E+009,7.904152153059840E-004,-3.844358725473285E-004,8.362301741726697E-004,-4.705199389718473E-004,
2.498633333333334E+009,7.714586099609733E-004,-4.355627752374858E-004,8.083670982159674E-004,-4.324436013121158E-004,
2.498666666666667E+009,8.453602786175907E-004,-4.022446810267866E-004,8.294093422591686E-004,-4.691165813710541E-004,
2.498700000000000E+009,8.170746732503176E-004,-4.960437654517591E-004,7.806445937603712E-004,-4.757637216243893E-004,
2.498733333333334E+009,8.306098170578480E-004,-5.148571217432618E-004,8.061876869760454E-004,-5.360182258300483E-004,
2.498766666666667E+009,8.457378135062754E-004,-5.749088595621288E-004,7.975412299856544E-004,-5.255231517367065E-004,
2.498800000000000E+009,7.894558948464692E-004,-5.743590299971402E-004,7.558063371106982E-004,-5.750383716076613E-004,
2.498833333333334E+009,7.323427125811577E-004,-5.161715089343488E-004,7.564258412458003E-004,-5.806411500088871E-004,
2.498866666666667E+009,7.866030791774392E-004,-5.980019923299551E-004,7.520608487538993E-004,-6.033816025592387E-004,
2.498900000000000E+009,7.102285162545741E-004,-5.478761158883572E-004,7.425671792589128E-004,-5.754419835284352E-004,
2.498933333333334E+009,7.258882396854460E-004,-6.271042511798441E-004,7.553126197308302E-004,-6.150904227979481E-004,
2.498966666666667E+009,7.080923533067107E-004,-6.510263192467392E-004,7.055388996377587E-004,-6.133431452326477E-004,
2.499000000000000E+009,6.907046772539616E-004,-6.519057787954807E-004,6.817248649895191E-004,-6.564048235304654E-004,
2.499033333333334E+009,7.522191153839231E-004,-6.794051732867956E-004,6.489985971711576E-004,-6.910737720318139E-004,
2.499066666666667E+009,6.943026673980057E-004,-6.442433805204928E-004,6.957692094147205E-004,-6.414403906092048E-004,
2.499100000000000E+009,6.291372119449079E-004,-6.882173474878073E-004,7.013077847659588E-004,-7.578894146718085E-004,
2.499133333333334E+009,6.692645838484168E-004,-7.272345246747136E-004,6.714422488585115E-004,-7.768218638375402E-004,
2.499166666666667E+009,6.001702276989818E-004,-7.383234333246946E-004,6.219366332516074E-004,-8.092999923974276E-004,
2.499200000000000E+009,6.004632450640202E-004,-7.230813498608768E-004,5.827395943924785E-004,-7.583471597172320E-004,
2.499233333333334E+009,5.706270458176732E-004,-7.777019054628909E-004,5.634508561342955E-004,-7.951716543175280E-004,
2.499266666666667E+009,5.457821534946561E-004,-7.971797022037208E-004,5.338822375051677E-004,-7.773910765536130E-004,
2.499300000000000E+009,4.935078904964030E-004,-8.446171996183693E-004,5.633988184854388E-004,-8.711341652087867E-004,
2.499333333333334E+009,5.159887368790805E-004,-8.540680282749236E-004,5.107445758767426E-004,-8.206934435293078E-004,
2.499366666666667E+009,4.508471756707877E-004,-8.305632509291172E-004,4.810271202586591E-004,-7.960490765981376E-004,
2.499400000000000E+009,4.744383622892201E-004,-8.725331281311810E-004,4.318195278756321E-004,-8.922100532799959E-004,
2.499433333333334E+009,4.563889815472066E-004,-9.328906307928264E-004,4.113917530048639E-004,-8.564726449549198E-004,
2.499466666666667E+009,4.032626457046717E-004,-9.154730360023677E-004,4.120132070966065E-004,-9.154680301435292E-004,
2.499500000000000E+009,4.098509962204844E-004,-8.741845958866179E-004,4.006971139460802E-004,-9.191465796902776E-004,
2.499533333333334E+009,3.952387778554112E-004,-8.657692233100534E-004,3.969894023612142E-004,-9.458654094487429E-004,
2.499566666666667E+009,3.510600072331727E-004,-9.165432420559228E-004,3.517589939292520E-004,-9.400548296980560E-004,
2.499600000000000E+009,3.076098801102489E-004,-9.824162116274238E-004,3.121128247585148E-004,-9.840232087299228E-004,
2.499633333333334E+009,3.056631248909980E-004,-9.861629223451018E-004,2.618167782202363E-004,-9.148555691353977E-004,
2.499666666666667E+009,2.622365718707442E-004,-9.598176111467183E-004,2.976675459649414E-004,-9.900616714730859E-004,
2.499700000000000E+009,2.041870466200635E-004,-9.642299846746028E-004,2.359342470299453E-004,-9.538352023810148E-004,
2.499733333333334E+009,1.970261946553364E-004,-1.019608578644693E-003,2.287496172357351E-004,-9.870746871456504E-004,
2.499766666666667E+009,1.976432104129344E-004,-1.019946299493313E-003,2.232518017990515E-004,-9.450035286135972E-004,
2.499800000000000E+009,1.623755961190909E-004,-1.002523000352085E-003,1.648511970415711E-004,-1.009154715575278E-003,
2.499833333333334E+009,1.075047694030218E-004,-1.036555157043040E-003,1.478631020290777E-004,-9.938173461705446E-004,
2.499866666666667E+009,7.031288259895518E-005,-1.008886145427823E-003,1.324621698586270E-004,-1.011621206998825E-003,
2.499900000000000E+009,9.421631148143206E-006,-1.032364554703236E-003,6.131886038929224E-006,-9.704239200800657E-004,
2.499933333333334E+009,6.602664507227019E-005,-1.021059695631266E-003,2.667220360308420E-005,-1.029499224387109E-003,
2.499966666666667E+009,-9.320797289547045E-006,-1.038226066157222E-003,-1.886110658233520E-005,-1.053051324561238E-003,
2.500000000000000E+009,-5.865420462214388E-005,-9.737010113894939E-004,-2.291403689014260E-005,-1.044422271661460E-003,
