% Version 1.00
%
%freq[Hz];re:Trc1_S21;im:Trc1_S21;re:Trc2_S12;im:Trc2_S12;
2.480000000000000E+009,1.469923590775579E-004,1.130392774939537E-003,1.702752488199621E-004,1.138434279710054E-003,
2.480033333333334E+009,1.891073188744485E-004,1.099400920793414E-003,1.453290460631251E-004,1.166427973657847E-003,
2.480066666666667E+009,1.565979182487354E-004,1.151345320977271E-003,1.720327563816682E-004,1.196362660266459E-003,
2.480100000000000E+009,2.063298597931862E-004,1.090083736926317E-003,2.898320672102273E-004,1.137204817496240E-003,
2.480133333333334E+009,2.292402496095747E-004,1.156757469289005E-003,3.037749556824565E-004,1.108917058445513E-003,
2.480166666666667E+009,3.568122629076242E-004,1.126824878156185E-003,2.567266928963363E-004,1.141058863140643E-003,
2.480200000000000E+009,3.044935583602637E-004,1.067314529791474E-003,2.838082727976143E-004,1.117963809520006E-003,
2.480233333333334E+009,3.865731705445796E-004,1.138457213528454E-003,3.328130696900189E-004,1.052002538926899E-003,
2.480266666666667E+009,3.229072899557650E-004,1.052779378369451E-003,3.127394011244178E-004,1.111564575694501E-003,
2.480300000000000E+009,3.933440020773560E-004,1.078198314644396E-003,3.409757919143885E-004,1.114858314394951E-003,
2.480333333333334E+009,4.071071743965149E-004,1.052182284183800E-003,4.215568478684872E-004,1.000263029709458E-003,
2.480366666666667E+009,4.800070018973202E-004,1.107153599150479E-003,4.635778022930026E-004,1.092086778953672E-003,
2.480400000000000E+009,5.022130208089948E-004,1.027725753374398E-003,4.491608415264636E-004,1.029669423587620E-003,
2.480433333333334E+009,4.524727992247790E-004,1.030912273563445E-003,4.893707227893174E-004,1.004383200779557E-003,
2.480466666666667E+009,5.059759132564068E-004,1.006023376248777E-003,5.355207249522209E-004,9.823163272812963E-004,
2.480500000000000E+009,5.645167548209429E-004,1.003293204121292E-003,5.592919769696891E-004,1.035692985169590E-003,
2.480533333333334E+009,6.067756912671030E-004,1.021131174638867E-003,5.694325082004070E-004,9.799133986234665E-004,
2.480566666666667E+009,6.130054825916886E-004,9.538233280181885E-004,5.418161745183170E-004,1.019449089653790E-003,
2.480600000000000E+009,6.297955987975001E-004,9.594052098691464E-004,6.249108118936420E-004,9.764282731339335E-004,
2.480633333333334E+009,6.260826485231519E-004,9.538779850117862E-004,6.965087377466261E-004,9.520628955215216E-004,
2.480666666666667E+009,7.276380201801658E-004,9.310154127888382E-004,6.847399636171758E-004,9.219832136295736E-004,
2.480700000000000E+009,7.125912234187126E-004,9.342363919131458E-004,6.821854040026665E-004,8.794590248726308E-004,
2.480733333333334E+009,7.475946913473308E-004,8.819933864288032E-004,6.969035603106022E-004,8.504901779815555E-004,
2.480766666666667E+009,7.911753491498530E-004,8.791144937276840E-004,8.344715461134911E-004,8.496795780956745E-004,
2.480800000000000E+009,7.662699208594859E-004,7.634322391822934E-004,7.992080645635724E-004,7.882661302573979E-004,
2.480833333333334E+009,8.110750932246447E-004,8.529861806891859E-004,8.543524891138077E-004,7.705127936787903E-004,
2.480866666666667E+009,8.408669964410365E-004,8.200501906685531E-004,8.706048247404397E-004,8.431215537711978E-004,
2.480900000000000E+009,9.020561119541526E-004,7.925029494799674E-004,8.596890256740153E-004,7.741479785181582E-004,
2.480933333333334E+009,8.167759515345097E-004,7.588603766635060E-004,9.167334646917880E-004,7.594104972667992E-004,
2.480966666666667E+009,8.619950967840850E-004,7.404530770145357E-004,9.143880452029407E-004,6.862914888188243E-004,
2.481000000000000E+009,8.997842087410390E-004,7.445322116836906E-004,8.699932368472219E-004,7.192491902969778E-004,
2.481033333333334E+009,9.044835460372269E-004,7.192328921519220E-004,9.310320019721985E-004,6.891068769618869E-004,
2.481066666666667E+009,9.309729794040322E-004,6.747058359906077E-004,9.008180350065231E-004,6.844474119134247E-004,
2.481100000000000E+009,9.797220118343830E-004,6.110735703259707E-004,9.418326080776751E-004,6.347926100715995E-004,
2.481133333333334E+009,9.140768670476973E-004,6.241390365175903E-004,9.956511203199625E-004,5.959401023574174E-004,
2.481166666666667E+009,1.017916831187904E-003,5.787977715954185E-004,9.396999957971275E-004,6.073069525882602E-004,
2.481200000000000E+009,9.562727645970881E-004,5.045944708399475E-004,1.042516203597188E-003,5.853406619280577E-004,
2.481233333333334E+009,1.055393717251718E-003,4.966694395989180E-004,9.864912135526538E-004,5.695016589015722E-004,
2.481266666666667E+009,9.953822009265423E-004,5.585844628512859E-004,1.078106230124831E-003,4.825389187317342E-004,
2.481300000000000E+009,1.036342582665384E-003,4.418462340254337E-004,1.025780220516026E-003,4.920689389109612E-004,
2.481333333333334E+009,1.031207502819598E-003,3.704412374645472E-004,1.088761375285685E-003,4.637899401132017E-004,
2.481366666666667E+009,1.104090013541281E-003,4.138824006076902E-004,1.059695496223867E-003,4.077964986208826E-004,
2.481400000000000E+009,1.097166794352233E-003,3.925550554413348E-004,1.080371090210974E-003,3.606936370488256E-004,
2.481433333333334E+009,1.045569893904030E-003,3.371051279827952E-004,1.075464184395969E-003,3.574781585484743E-004,
2.481466666666667E+009,1.089307130314410E-003,2.822858805302531E-004,1.084278221242130E-003,3.493302501738071E-004,
2.481500000000000E+009,1.066087977960706E-003,2.578602579887956E-004,1.117730978876352E-003,2.917365054599941E-004,
2.481533333333334E+009,1.099363202229142E-003,2.524360024835914E-004,1.148297800682485E-003,2.343829110031948E-004,
2.481566666666667E+009,1.063537201844156E-003,2.172433596570045E-004,1.096008229069412E-003,2.238421147922054E-004,
2.481600000000000E+009,1.142070628702641E-003,1.828084350563586E-004,1.112965168431401E-003,1.596578949829564E-004,
2.481633333333334E+009,1.122125773690641E-003,1.999843516387045E-004,1.147068105638027E-003,1.641658309381455E-004,
2.481666666666667E+009,1.097281463444233E-003,1.184162101708353E-004,1.162591157481074E-003,9.807504102354869E-005,
2.481700000000000E+009,1.138293067924678E-003,6.899480649735779E-005,1.152093522250652E-003,9.263327228836715E-005,
2.481733333333334E+009,1.132413046434522E-003,8.494670328218490E-005,1.110890181735158E-003,2.285322079842445E-005,
2.481766666666667E+009,1.110592624172568E-003,7.672815263504162E-005,1.148867886513472E-003,1.012448319670511E-005,
2.481800000000000E+009,1.158462953753769E-003,2.254392529721372E-005,1.141179935075343E-003,2.183421565860044E-005,
2.481833333333334E+009,1.131125143729150E-003,-1.164202603831654E-005,1.155525562353432E-003,-1.842962592490949E-005,
2.481866666666667E+009,1.116515952162445E-003,-1.489451460656710E-005,1.139480387791991E-003,-3.306374128442258E-005,
2.481900000000000E+009,1.147864037193358E-003,-1.135648635681719E-004,1.144394045695663E-003,-1.047570767696016E-004,
2.481933333333334E+009,1.125020673498511E-003,-9.485753253102303E-005,1.194794313050807E-003,-1.303214958170429E-004,
2.481966666666667E+009,1.123996451497078E-003,-1.154048441094346E-004,1.134598860517144E-003,-1.604894059710205E-004,
2.482000000000000E+009,1.122506801038981E-003,-1.530399022158235E-004,1.134036108851433E-003,-1.407120871590450E-004,
2.482033333333334E+009,1.207965542562306E-003,-1.680297427810729E-004,1.199006219394505E-003,-1.183773129014298E-004,
2.482066666666667E+009,1.082145725376904E-003,-1.753086835378781E-004,1.092392136342824E-003,-1.884625671664253E-004,
2.482100000000000E+009,1.098948414437473E-003,-2.401490637566894E-004,1.156746875494719E-003,-2.509540354367346E-004,
2.482133333333334E+009,1.132402918301523E-003,-2.516651002224535E-004,1.139856642112136E-003,-3.486961650196463E-004,
2.482166666666667E+009,1.083894167095423E-003,-3.068622609134764E-004,1.101483125239611E-003,-2.934753138106316E-004,
2.482200000000000E+009,1.084265648387373E-003,-3.579957701731473E-004,1.053769490681589E-003,-3.682622918859124E-004,
2.482233333333334E+009,1.069738995283842E-003,-3.789610927924514E-004,1.093611819669604E-003,-3.309091844130307E-004,
2.482266666666667E+009,1.035691006109119E-003,-4.042549699079245E-004,1.063210191205144E-003,-3.899806179106236E-004,
2.482300000000000E+009,1.092596794478595E-003,-4.930300638079643E-004,1.101774978451431E-003,-4.801131435669959E-004,
2.482333333333334E+009,1.063459087163210E-003,-4.332447424530983E-004,1.020938274450600E-003,-4.494673630688340E-004,
2.482366666666667E+009,1.011892920359969E-003,-5.055768415331841E-004,1.126710907556117E-003,-5.361521034501493E-004,
2.482400000000000E+009,9.721378446556628E-004,-5.466472357511520E-004,1.058087800629437E-003,-5.177423008717597E-004,
2.482433333333334E+009,1.015737652778626E-003,-5.583293386735022E-004,1.037278678268194E-003,-6.005771574564278E-004,
2.482466666666667E+009,9.480926091782749E-004,-5.808129790239036E-004,1.025858917273581E-003,-6.259773508645594E-004,
2.482500000000000E+009,9.885071776807308E-004,-6.354498327709734E-004,1.006536534987390E-003,-5.981971626169980E-004,
2.482533333333334E+009,1.013126340694726E-003,-6.408758345060051E-004,9.698266512714326E-004,-6.511625833809376E-004,
2.482566666666667E+009,9.426536853425205E-004,-6.268886500038207E-004,9.379012626595795E-004,-6.232765736058354E-004,
2.482600000000000E+009,9.709496516734362E-004,-7.601426914334297E-004,9.464286849834025E-004,-6.984677747823298E-004,
2.482633333333334E+009,9.259009966626763E-004,-7.016708841547370E-004,9.354412322863936E-004,-6.692965398542583E-004,
2.482666666666667E+009,8.547746692784131E-004,-7.176573271863163E-004,9.415466920472682E-004,-7.420332403853536E-004,
2.482700000000000E+009,8.672510157339275E-004,-7.375842542387545E-004,8.930245530791581E-004,-8.130876231007278E-004,
2.482733333333334E+009,8.624640759080648E-004,-8.198292343877256E-004,8.617838029749692E-004,-8.012186735868454E-004,
2.482766666666667E+009,8.400609949603677E-004,-8.140423451550305E-004,8.033955818973482E-004,-7.766665075905621E-004,
2.482800000000000E+009,7.815723656676710E-004,-8.520073606632650E-004,7.737561827525497E-004,-8.035022183321416E-004,
2.482833333333334E+009,8.264156640507281E-004,-8.532247738912702E-004,7.547776913270354E-004,-8.048740564845502E-004,
2.482866666666667E+009,8.136978722177446E-004,-9.033407550305128E-004,8.039576932787895E-004,-8.075789664871991E-004,
2.482900000000000E+009,7.515501929447055E-004,-8.568792254664004E-004,7.576835341751576E-004,-8.948169997893274E-004,
2.482933333333334E+009,7.918556220829487E-004,-8.788584964349866E-004,6.753163761459291E-004,-9.263209649361670E-004,
2.482966666666667E+009,6.929421797394753E-004,-8.867395808920264E-004,7.080618524923921E-004,-9.273681789636612E-004,
2.483000000000000E+009,6.966673536226153E-004,-9.252050658687949E-004,7.067748229019344E-004,-9.513969998806715E-004,
2.483033333333334E+009,6.743762060068548E-004,-9.164283983409405E-004,5.994547973386943E-004,-9.980093454942107E-004,
2.483066666666667E+009,6.711403839290142E-004,-9.635247406549752E-004,6.176618626341224E-004,-9.276106138713658E-004,
2.483100000000000E+009,5.726215313188732E-004,-9.978641755878925E-004,5.683064810000360E-004,-1.009586616419256E-003,
2.483133333333334E+009,6.152772693894804E-004,-1.033598207868636E-003,5.325742531567812E-004,-9.743967093527317E-004,
2.483166666666667E+009,5.321615608409047E-004,-1.000305986963213E-003,5.383944953791797E-004,-9.900789009407163E-004,
2.483200000000000E+009,4.496023757383227E-004,-1.018169103190303E-003,5.302674253471196E-004,-1.026312238536775E-003,
2.483233333333334E+009,4.998942604288459E-004,-1.069086487405002E-003,4.813123960047960E-004,-1.058115507476032E-003,
2.483266666666667E+009,4.513637977652252E-004,-1.131862984038889E-003,4.337038553785533E-004,-1.031248597428203E-003,
2.483300000000000E+009,4.184019053354859E-004,-1.089943107217550E-003,4.001109045930207E-004,-1.088191755115986E-003,
2.483333333333334E+009,4.081879160366952E-004,-1.095731393434107E-003,3.801084822043777E-004,-1.067742356099188E-003,
2.483366666666667E+009,3.563583304639906E-004,-1.072661136277020E-003,3.818788100033999E-004,-1.101613393984735E-003,
2.483400000000000E+009,3.107072843704373E-004,-1.116302912123501E-003,3.285748243797571E-004,-1.090636709704995E-003,
2.483433333333334E+009,2.926049637608230E-004,-1.095103682018817E-003,3.263356338720769E-004,-1.154348021373153E-003,
2.483466666666667E+009,2.752720902208239E-004,-1.056921668350697E-003,2.328746923012659E-004,-1.181235769763589E-003,
2.483500000000000E+009,2.705564838834107E-004,-1.134511199779809E-003,2.327824186068028E-004,-1.081031747162342E-003,
2.483533333333334E+009,1.768845831975341E-004,-1.083809765987098E-003,1.892588916234672E-004,-1.114198355935514E-003,
2.483566666666667E+009,1.420201442670077E-004,-1.109264208935201E-003,1.556518400320783E-004,-1.130060991272330E-003,
2.483600000000000E+009,1.518649369245395E-004,-1.180309220217168E-003,1.798221928765997E-004,-1.120420289225876E-003,
2.483633333333334E+009,1.326826750300825E-004,-1.119500258937478E-003,1.030106868711300E-004,-1.184392953291535E-003,
2.483666666666667E+009,9.118559682974592E-005,-1.129963551647961E-003,9.347251761937514E-005,-1.168152433820069E-003,
2.483700000000000E+009,7.359945448115468E-005,-1.144338864833117E-003,5.102550130686723E-005,-1.169727649539709E-003,
2.483733333333334E+009,3.032875611097552E-005,-1.146601280197501E-003,2.227235017926432E-005,-1.169122988358140E-003,
2.483766666666667E+009,-5.730574685003376E-006,-1.147399772889912E-003,2.241584661533125E-005,-1.155043020844460E-003,
2.483800000000000E+009,-4.892371362075210E-005,-1.164181390777230E-003,-2.155213041987736E-005,-1.127178780734539E-003,
2.483833333333334E+009,1.683621667325497E-005,-1.153402961790562E-003,-6.049605144653469E-005,-1.166997710242868E-003,
2.483866666666667E+009,-1.268167834496126E-004,-1.186531619168818E-003,-7.548743451479822E-005,-1.164959743618965E-003,
2.483900000000000E+009,-1.998912193812430E-004,-1.184901571832597E-003,-2.079000551020727E-004,-1.166789792478085E-003,
2.483933333333334E+009,-2.012020122492686E-004,-1.126334071159363E-003,-1.891788560897112E-004,-1.091055804863572E-003,
2.483966666666667E+009,-2.365547697991133E-004,-1.136726816184819E-003,-2.371946902712807E-004,-1.116220024414361E-003,
2.484000000000000E+009,-2.340639330213890E-004,-1.076492713764310E-003,-2.068655740004033E-004,-1.131434692069888E-003,
2.484033333333334E+009,-2.819919027388096E-004,-1.138703897595406E-003,-3.158930630888790E-004,-1.159411040134728E-003,
2.484066666666667E+009,-3.464636392891407E-004,-1.096552005037665E-003,-2.524425508454442E-004,-1.144329085946083E-003,
2.484100000000000E+009,-3.513761330395937E-004,-1.033031381666660E-003,-3.239731013309211E-004,-1.123021822422743E-003,
2.484133333333334E+009,-3.544837527442724E-004,-1.079367590136826E-003,-3.427650663070381E-004,-1.108919619582593E-003,
2.484166666666667E+009,-4.057079786434770E-004,-1.071050530299544E-003,-4.110299923922867E-004,-1.061007729731500E-003,
2.484200000000000E+009,-3.922978066839278E-004,-1.033200533129275E-003,-3.921510069631040E-004,-1.097968895919621E-003,
2.484233333333334E+009,-4.399048339109868E-004,-1.062734285369515E-003,-4.209863254800439E-004,-1.048880396410823E-003,
2.484266666666667E+009,-4.966406850144267E-004,-1.062554656527937E-003,-4.500925424508750E-004,-1.025837031193078E-003,
2.484300000000000E+009,-4.539499350357801E-004,-1.088038552552462E-003,-5.010011373087764E-004,-1.062697963789105E-003,
2.484333333333334E+009,-4.958249046467245E-004,-1.011385465972126E-003,-4.808051744475961E-004,-1.040310482494533E-003,
2.484366666666667E+009,-5.344272940419614E-004,-9.910255903378129E-004,-5.462151602841914E-004,-1.027483842335641E-003,
2.484400000000000E+009,-5.321337957866490E-004,-9.849346242845058E-004,-6.211526924744248E-004,-9.608639520592988E-004,
2.484433333333334E+009,-6.044944166205823E-004,-1.014652312733233E-003,-6.194500019773841E-004,-9.691698942333460E-004,
2.484466666666667E+009,-6.538971792906523E-004,-9.131137048825622E-004,-6.346745067276061E-004,-9.685381082817912E-004,
2.484500000000000E+009,-6.556094740517438E-004,-9.077847935259342E-004,-7.026555831544101E-004,-9.981101611629129E-004,
2.484533333333334E+009,-6.973926792852581E-004,-9.002930601127446E-004,-6.834796513430774E-004,-9.487584466114640E-004,
2.484566666666667E+009,-6.999375764280558E-004,-9.148914250545204E-004,-7.169853197410703E-004,-8.361370419152081E-004,
2.484600000000000E+009,-7.029470289126039E-004,-8.557889377698302E-004,-7.925915997475386E-004,-8.882493712007999E-004,
2.484633333333334E+009,-8.042913395911455E-004,-8.155052782967687E-004,-7.665464654564858E-004,-8.421247475780547E-004,
2.484666666666667E+009,-7.941515650600195E-004,-8.064053254202008E-004,-8.292564889416099E-004,-8.890904719009996E-004,
2.484700000000000E+009,-7.922712829895318E-004,-8.329618140123785E-004,-8.284402429126203E-004,-7.763849571347237E-004,
2.484733333333334E+009,-8.898054948076606E-004,-7.927684928290546E-004,-8.915383368730545E-004,-8.323742658831179E-004,
2.484766666666667E+009,-8.019472006708384E-004,-7.363156182691455E-004,-8.400017977692187E-004,-7.012631976976991E-004,
2.484800000000000E+009,-8.292184211313725E-004,-7.201891858130693E-004,-8.519501425325871E-004,-7.229736656881869E-004,
2.484833333333334E+009,-9.186421521008015E-004,-7.260597776621580E-004,-8.993420633487403E-004,-7.220616098493338E-004,
2.484866666666667E+009,-9.020077995955944E-004,-7.139213848859072E-004,-9.429380879737437E-004,-6.609173724427819E-004,
2.484900000000000E+009,-9.348656167276204E-004,-6.272933096624911E-004,-9.524863562546670E-004,-7.046598475426436E-004,
2.484933333333334E+009,-8.973990916274488E-004,-6.695241900160909E-004,-9.493134566582739E-004,-5.951996427029371E-004,
2.484966666666667E+009,-9.493624675087631E-004,-5.785466055385768E-004,-9.831328643485904E-004,-5.529011832550168E-004,
2.485000000000000E+009,-9.968231897801161E-004,-5.577516858465970E-004,-9.714108891785145E-004,-5.628704093396664E-004,
2.485033333333334E+009,-9.845016757026315E-004,-5.316348979249597E-004,-9.655806352384388E-004,-5.385301774367690E-004,
2.485066666666667E+009,-9.893124224618077E-004,-5.652127438224852E-004,-1.005026861093938E-003,-5.250780377537012E-004,
2.485100000000000E+009,-1.103117945604026E-003,-5.500044790096581E-004,-9.939234005287290E-004,-4.594933707267046E-004,
2.485133333333334E+009,-1.094995997846127E-003,-5.032698973082006E-004,-1.061739516444504E-003,-4.515636828728020E-004,
2.485166666666667E+009,-1.004024641588330E-003,-3.943815245293081E-004,-9.833087678998709E-004,-4.280870198272169E-004,
2.485200000000000E+009,-1.064094714820385E-003,-3.918065631296486E-004,-1.080616842955351E-003,-3.900070150848478E-004,
2.485233333333334E+009,-1.067571924068034E-003,-4.270887293387204E-004,-1.087944256141782E-003,-3.836929972749203E-004,
2.485266666666667E+009,-1.105702016502619E-003,-3.813942603301257E-004,-1.085247378796339E-003,-3.410865901969373E-004,
2.485300000000000E+009,-1.118773594498634E-003,-3.228667192161083E-004,-1.067811856046319E-003,-3.639579517766833E-004,
2.485333333333334E+009,-1.122560701332986E-003,-3.299032687209547E-004,-1.135971979238093E-003,-2.866188588086516E-004,
2.485366666666667E+009,-1.162349595688283E-003,-3.082396578975022E-004,-1.116318861022592E-003,-2.395186165813357E-004,
2.485400000000000E+009,-1.161562977358699E-003,-2.592135861050338E-004,-1.138567575253546E-003,-1.644930889597163E-004,
2.485433333333334E+009,-1.170032657682896E-003,-1.684601011220366E-004,-1.123419962823391E-003,-2.154729445464909E-004,
2.485466666666667E+009,-1.140805077739060E-003,-1.402423367835581E-004,-1.164868823252618E-003,-1.464880915591493E-004,
2.485500000000000E+009,-1.164634828455746E-003,-1.169698007288389E-004,-1.118822023272514E-003,-1.306993362959474E-004,
2.485533333333334E+009,-1.173301716335118E-003,-1.517873897682875E-004,-1.137481769546866E-003,-9.483245230512694E-005,
2.485566666666667E+009,-1.117067527957261E-003,-7.135233317967504E-005,-1.157319871708751E-003,-3.577722236514092E-005,
2.485600000000000E+009,-1.115643186494708E-003,7.105076292646118E-006,-1.145350048318505E-003,-8.037595398491249E-005,
2.485633333333334E+009,-1.166973961517215E-003,-3.321135955047794E-005,-1.142329536378384E-003,6.367122114170343E-005,
2.485666666666667E+009,-1.158235827460885E-003,8.164210157701746E-005,-1.125859445892274E-003,1.194990727526601E-005,
2.485700000000000E+009,-1.109711360186338E-003,1.696676190476865E-005,-1.069966237992048E-003,5.538563709706068E-005,
2.485733333333334E+009,-1.142414519563317E-003,7.938929047668353E-005,-1.144086709246039E-003,9.061325545189902E-005,
2.485766666666667E+009,-1.140521490015090E-003,1.000347765511833E-004,-1.166911330074072E-003,1.155117424787022E-004,
2.485800000000000E+009,-1.150895375758410E-003,1.572400506120175E-004,-1.122800982557237E-003,1.495755568612367E-004,
2.485833333333334E+009,-1.114226062782109E-003,1.571148459333926E-004,-1.121347886510193E-003,1.581166725372896E-004,
2.485866666666667E+009,-1.048752455972135E-003,1.983460388146341E-004,-1.100285327993333E-003,2.409289736533538E-004,
2.485900000000000E+009,-1.047821599058807E-003,1.975384075194597E-004,-1.074012252502143E-003,2.091639762511477E-004,
2.485933333333334E+009,-1.098142820410430E-003,3.078689915128052E-004,-1.108408323489130E-003,2.443054690957069E-004,
2.485966666666667E+009,-1.116003142669797E-003,2.370903675910085E-004,-1.057329354807735E-003,2.451379550620914E-004,
2.486000000000000E+009,-1.090393750928342E-003,3.347814781591296E-004,-1.114812563173473E-003,3.023411263711751E-004,
2.486033333333334E+009,-1.041566254571080E-003,3.560541372280568E-004,-1.055330038070679E-003,3.639979986473918E-004,
2.486066666666667E+009,-1.064822543412447E-003,3.691081656143069E-004,-1.103358459658921E-003,4.045863461215049E-004,
2.486100000000000E+009,-1.018670736812055E-003,3.970631805714220E-004,-1.084220479242504E-003,4.382502229418606E-004,
2.486133333333334E+009,-9.543542400933802E-004,4.260427667759359E-004,-1.009080791845918E-003,4.126807616557926E-004,
2.486166666666667E+009,-1.036765170283616E-003,4.647703608497977E-004,-1.016114722006023E-003,4.670338239520788E-004,
2.486200000000000E+009,-9.532079566270113E-004,5.456111975945532E-004,-9.778931271284819E-004,4.947967827320099E-004,
2.486233333333334E+009,-1.057471497915685E-003,5.673941923305392E-004,-9.546483051963151E-004,5.023237317800522E-004,
2.486266666666667E+009,-9.986483491957188E-004,5.378055502660573E-004,-9.575719595886767E-004,5.753772566094995E-004,
2.486300000000000E+009,-9.112493135035038E-004,5.690537509508431E-004,-9.529120288789272E-004,5.781202344223857E-004,
2.486333333333334E+009,-9.888919303193688E-004,6.317859515547752E-004,-8.819341310299933E-004,5.845066625624895E-004,
2.486366666666667E+009,-9.155790903605521E-004,6.052290555089712E-004,-9.024962200783193E-004,6.630568532273173E-004,
2.486400000000000E+009,-8.907449082471430E-004,6.595540326088667E-004,-9.116790606640279E-004,6.429970380850136E-004,
2.486433333333334E+009,-9.595530573278666E-004,6.937880534678698E-004,-8.326220558956265E-004,7.031955174170435E-004,
2.486466666666667E+009,-8.171381196007133E-004,6.690533482469618E-004,-8.786280523054302E-004,7.033980800770223E-004,
2.486500000000000E+009,-8.452362380921841E-004,6.790697807446122E-004,-8.144141756929457E-004,7.237648242153227E-004,
2.486533333333334E+009,-8.595040999352932E-004,7.280094432644546E-004,-7.867892854847014E-004,7.658707909286022E-004,
2.486566666666667E+009,-8.007910219021142E-004,7.853294955566526E-004,-8.163130842149258E-004,7.895995513536036E-004,
2.486600000000000E+009,-7.449785480275750E-004,7.777282153256238E-004,-7.620620890520513E-004,7.817876175977290E-004,
2.486633333333334E+009,-7.054071757011116E-004,8.471240871585906E-004,-7.671026396565139E-004,8.273574057966471E-004,
2.486666666666667E+009,-7.325024926103652E-004,8.718788158148527E-004,-7.594703929498792E-004,8.504886063747108E-004,
2.486700000000000E+009,-7.001244230195880E-004,8.549545309506357E-004,-7.148314616642892E-004,7.862280472181737E-004,
2.486733333333334E+009,-6.889221840538085E-004,8.764619124121964E-004,-6.967801018618047E-004,8.516341913491488E-004,
2.486766666666667E+009,-6.784098804928362E-004,9.312014444731176E-004,-6.415279349312186E-004,8.619187865406275E-004,
2.486800000000000E+009,-5.860037636011839E-004,9.291809401474893E-004,-6.160107441246510E-004,8.465656428597868E-004,
2.486833333333334E+009,-6.304602138698101E-004,8.996472461149097E-004,-6.404738523997366E-004,9.336679358966649E-004,
2.486866666666667E+009,-5.678323796018958E-004,9.290858870372176E-004,-6.261590169742703E-004,9.400617564097047E-004,
2.486900000000000E+009,-6.190783460624516E-004,9.234873577952385E-004,-6.089796661399305E-004,1.002939301542938E-003,
2.486933333333334E+009,-6.381325656548142E-004,1.015331246890128E-003,-5.761772044934332E-004,1.006917562335730E-003,
2.486966666666667E+009,-4.782106552738696E-004,1.012505847029388E-003,-5.684791249223054E-004,1.000209827907383E-003,
2.487000000000000E+009,-5.161112057976425E-004,1.013902365230024E-003,-4.467462422326207E-004,1.032858621329069E-003,
2.487033333333334E+009,-4.170649044681341E-004,1.035391702316701E-003,-3.969992394559085E-004,1.078244182281196E-003,
2.487066666666667E+009,-4.255660751368851E-004,1.034709974192083E-003,-3.917043795809150E-004,1.121648354455829E-003,
2.487100000000000E+009,-3.787018940784037E-004,1.004904625006020E-003,-3.344420983921737E-004,1.071341335773468E-003,
2.487133333333334E+009,-3.418495471123606E-004,1.034960499964654E-003,-3.319226962048560E-004,1.023917808197439E-003,
2.487166666666667E+009,-2.905934816226363E-004,1.076430315151811E-003,-2.864068082999438E-004,1.092641032300890E-003,
2.487200000000000E+009,-2.703045611269772E-004,1.081752940081060E-003,-2.987064945045859E-004,1.097824191674590E-003,
2.487233333333334E+009,-2.652219845913351E-004,1.065042335540056E-003,-2.458762610331178E-004,1.113465288653970E-003,
2.487266666666667E+009,-2.391200396232307E-004,1.088506309315562E-003,-1.944100658874959E-004,1.065078075043857E-003,
2.487300000000000E+009,-1.768914808053523E-004,1.100725028663874E-003,-2.265679067932069E-004,1.065431395545602E-003,
2.487333333333334E+009,-1.897379406727850E-004,1.129486248828471E-003,-2.260515320813283E-004,1.069491496309638E-003,
2.487366666666667E+009,-2.124562597600743E-004,1.042714226059616E-003,-1.775780692696571E-004,1.061021117493510E-003,
2.487400000000000E+009,-1.348882942693308E-004,1.053415704518557E-003,-1.297188864555210E-004,1.038107788190246E-003,
2.487433333333334E+009,-7.595941133331507E-005,1.066571450792253E-003,-8.171673835022375E-005,1.029514824040234E-003,
2.487466666666667E+009,-4.733148307423107E-005,1.036883448250592E-003,-4.405358413350768E-005,1.102358452044427E-003,
2.487500000000000E+009,-9.607761603547260E-005,1.046758960001171E-003,2.917295023507904E-005,1.074445084668696E-003,
2.487533333333334E+009,-7.488550636480795E-006,1.057567656971514E-003,2.319630766578484E-005,1.090688630938530E-003,
2.487566666666667E+009,2.314613630005624E-005,1.084964838810265E-003,3.189503695466556E-005,1.082605565898120E-003,
2.487600000000000E+009,4.453011933946982E-005,1.064087613485754E-003,4.853143764194101E-005,1.031344872899354E-003,
2.487633333333334E+009,6.424831371987239E-005,1.084386720322073E-003,9.183728980133310E-005,1.036021858453751E-003,
2.487666666666667E+009,1.078257264452986E-004,1.062086899764836E-003,1.604047138243914E-004,1.045965705998242E-003,
2.487700000000000E+009,1.154030978796072E-004,1.096365042030811E-003,1.731572701828554E-004,1.001614844426513E-003,
2.487733333333334E+009,1.696692343102768E-004,1.076833112165332E-003,1.588797458680347E-004,1.047086087055504E-003,
2.487766666666667E+009,2.160422591259703E-004,1.008665305562317E-003,1.895738532766700E-004,1.052394858561456E-003,
2.487800000000000E+009,2.284070797031745E-004,1.058957539498806E-003,2.678771852515638E-004,1.064974116161466E-003,
2.487833333333334E+009,2.677558804862201E-004,1.031201216392219E-003,2.449118474032730E-004,9.962109616026282E-004,
2.487866666666667E+009,2.781303192023188E-004,9.847501059994102E-004,2.724205551203340E-004,1.009573228657246E-003,
2.487900000000000E+009,3.258631331846118E-004,1.021582400426269E-003,2.851274330168963E-004,1.006711740046740E-003,
2.487933333333334E+009,4.130936576984823E-004,9.290846064686775E-004,3.935206332243979E-004,9.916503913700581E-004,
2.487966666666667E+009,3.796385135501623E-004,9.344636928290129E-004,4.118581418879330E-004,9.594503208063543E-004,
2.488000000000000E+009,3.950185491703451E-004,9.298078948631883E-004,4.552691243588924E-004,9.588940883986652E-004,
2.488033333333334E+009,4.490285064093769E-004,9.509540977887809E-004,4.046741232741624E-004,9.348582243546844E-004,
2.488066666666667E+009,4.267666954547167E-004,9.597346070222557E-004,4.166435683146119E-004,9.529787930659950E-004,
2.488100000000000E+009,4.766775527969003E-004,9.131975239142776E-004,4.729880311060697E-004,9.289620793424547E-004,
2.488133333333334E+009,4.755691625177860E-004,9.697871282696724E-004,4.885566886514425E-004,8.912058547139168E-004,
2.488166666666667E+009,4.992184694856405E-004,9.045925107784569E-004,4.772625106852502E-004,9.148945100605488E-004,
2.488200000000000E+009,5.440260865725577E-004,8.848329307511449E-004,5.583830061368644E-004,8.120794082060456E-004,
2.488233333333334E+009,5.775337922386825E-004,9.120757458731532E-004,5.703663919121027E-004,8.745191153138876E-004,
2.488266666666667E+009,5.294963484629989E-004,8.921799017116427E-004,5.705584771931171E-004,8.793915621936321E-004,
2.488300000000000E+009,5.928623722866178E-004,8.303677313961089E-004,6.424805615097284E-004,8.059765677899122E-004,
2.488333333333334E+009,6.539828609675169E-004,7.702548755332828E-004,6.367275491356850E-004,8.273607818409801E-004,
2.488366666666667E+009,6.704432307742536E-004,8.316048188135028E-004,7.067235419526696E-004,7.777843275107443E-004,
2.488400000000000E+009,6.411015056073666E-004,7.779119187034667E-004,6.964962813071907E-004,7.192341727204621E-004,
2.488433333333334E+009,6.584901129826903E-004,8.326796232722700E-004,7.333120447583497E-004,7.573885377496481E-004,
2.488466666666667E+009,7.328006322495639E-004,6.885969778522849E-004,6.492765969596803E-004,7.394620915874839E-004,
2.488500000000000E+009,7.528942078351975E-004,7.514632889069617E-004,7.688479381613433E-004,7.213950739242137E-004,
2.488533333333334E+009,7.703340961597860E-004,6.999467732384801E-004,8.344348752871156E-004,6.584292277693749E-004,
2.488566666666667E+009,8.220109157264233E-004,6.926680216565728E-004,8.191092056222260E-004,6.520203896798194E-004,
2.488600000000000E+009,7.776658749207854E-004,6.929521332494915E-004,7.634562789462507E-004,5.744232912547886E-004,
2.488633333333334E+009,7.897539180703461E-004,5.821256781928241E-004,8.073280914686620E-004,5.943744326941669E-004,
2.488666666666667E+009,8.570764912292361E-004,5.685060750693083E-004,8.953229407779872E-004,6.003761664032936E-004,
2.488700000000000E+009,9.196077007800341E-004,5.850985762663186E-004,8.707494125701487E-004,5.860969540663064E-004,
2.488733333333334E+009,8.505146834068000E-004,5.659357993863523E-004,8.901334949769080E-004,5.614113179035485E-004,
2.488766666666667E+009,9.040568838827312E-004,4.875049635302275E-004,8.629625081084669E-004,5.213115364313126E-004,
2.488800000000000E+009,8.872841135598719E-004,5.394292529672384E-004,8.867286960594356E-004,4.839726898353547E-004,
2.488833333333334E+009,8.848207071423531E-004,4.775845445692539E-004,9.438568959012628E-004,4.968444700352848E-004,
2.488866666666667E+009,8.898859377950430E-004,4.608296731021255E-004,9.293133043684065E-004,4.481217765714973E-004,
2.488900000000000E+009,9.154359577223659E-004,4.225617449264973E-004,9.616183233447373E-004,4.301525477785617E-004,
2.488933333333334E+009,9.860991267487407E-004,4.181252443231642E-004,9.284536354243755E-004,4.346275818534195E-004,
2.488966666666667E+009,9.117146837525070E-004,3.476814308669418E-004,9.179767221212387E-004,4.002766800113022E-004,
2.489000000000000E+009,9.395682136528194E-004,3.687015268951654E-004,9.299474186263979E-004,4.009096301160753E-004,
2.489033333333334E+009,9.252174641005695E-004,3.707973228301853E-004,1.000887015834451E-003,2.727564715314657E-004,
2.489066666666667E+009,9.555768338032067E-004,3.057061694562435E-004,9.520420571789146E-004,2.839773369487375E-004,
2.489100000000000E+009,9.204564848914743E-004,2.864114940166473E-004,9.499937877990305E-004,2.762833901215345E-004,
2.489133333333334E+009,9.636960458010435E-004,2.876259677577764E-004,9.905112674459815E-004,2.386949927313253E-004,
2.489166666666667E+009,9.504284244030714E-004,2.282940258737654E-004,9.670580620877445E-004,1.968422293430194E-004,
2.489200000000000E+009,9.620157070457935E-004,1.420246408088133E-004,9.488755604252219E-004,1.767358771758154E-004,
2.489233333333334E+009,9.633364388719201E-004,1.574514026287943E-004,9.828308830037713E-004,1.567005965625867E-004,
2.489266666666667E+009,9.508249349892139E-004,1.071146689355373E-004,1.002576667815447E-003,1.261531142517924E-004,
2.489300000000000E+009,1.024432247504592E-003,9.553392010275275E-005,9.683232055976987E-004,1.385046780342236E-004,
2.489333333333334E+009,9.808157337829471E-004,8.693258132552728E-005,9.798046667128801E-004,8.448270818917081E-005,
2.489366666666667E+009,9.190902928821743E-004,-1.090708610718139E-005,9.232636075466871E-004,-2.498024969099788E-006,
2.489400000000000E+009,9.873752715066075E-004,-1.770212293195073E-005,9.335437789559364E-004,6.060018131393008E-005,
2.489433333333334E+009,9.626981918700039E-004,1.553270885779057E-005,9.610984707251191E-004,-2.179451985284686E-005,
2.489466666666667E+009,9.290496236644685E-004,-4.876119874097640E-006,9.196259779855609E-004,-9.104971104534343E-005,
2.489500000000000E+009,9.430063655599952E-004,-6.373287760652602E-005,9.415620006620884E-004,-6.707046850351617E-005,
2.489533333333334E+009,8.800597279332578E-004,-9.881268488243222E-005,9.457069099880755E-004,-5.527163011720404E-005,
2.489566666666667E+009,9.215595782734454E-004,-1.272058434551582E-004,9.450698853470385E-004,-1.151107862824574E-004,
2.489600000000000E+009,9.152121492661536E-004,-9.188212425215170E-005,9.124143398366869E-004,-1.315878325840458E-004,
2.489633333333334E+009,9.190682903863490E-004,-1.337987196166068E-004,9.045424521900713E-004,-2.032180345850065E-004,
2.489666666666667E+009,8.650764939375222E-004,-1.585597492521629E-004,9.550570975989103E-004,-1.330557861365378E-004,
2.489700000000000E+009,9.320680401287973E-004,-2.013005287153646E-004,8.954621735028923E-004,-1.996789942495525E-004,
2.489733333333334E+009,8.786422549746931E-004,-1.965597475646064E-004,8.871990139596164E-004,-2.098546392517164E-004,
2.489766666666667E+009,9.306196589022875E-004,-2.342825900996104E-004,9.053969988599420E-004,-2.727185201365501E-004,
2.489800000000000E+009,8.361818036064506E-004,-2.610563242342323E-004,8.616373525001109E-004,-2.912312047556043E-004,
2.489833333333334E+009,8.946402813307941E-004,-2.468504244461656E-004,8.693701820448041E-004,-3.384048177395016E-004,
2.489866666666667E+009,9.051073575392366E-004,-2.856017963495106E-004,9.044052567332983E-004,-2.624858461786062E-004,
2.489900000000000E+009,8.497668313793838E-004,-3.711912140715867E-004,8.599578868597746E-004,-2.929398906417191E-004,
2.489933333333334E+009,8.766081882640719E-004,-3.464615147095174E-004,8.624398033134639E-004,-3.912924439646304E-004,
2.489966666666667E+009,8.366826805286109E-004,-3.709517768584192E-004,8.980032289400697E-004,-3.864361788146198E-004,
2.490000000000000E+009,8.492784691043198E-004,-4.198302631266415E-004,8.440064848400652E-004,-3.985958755947650E-004,
2.490033333333334E+009,8.194513502530754E-004,-4.146657302044332E-004,8.245576173067093E-004,-4.130623419769108E-004,
2.490066666666667E+009,7.699393318034709E-004,-4.107898275833577E-004,8.034639758989215E-004,-4.137339710723609E-004,
2.490100000000000E+009,7.606124272570014E-004,-4.768212966155261E-004,8.106066961772740E-004,-4.595233476720750E-004,
2.490133333333334E+009,7.108605932444334E-004,-5.057498929090798E-004,7.736725383438170E-004,-5.659994785673916E-004,
2.490166666666667E+009,7.670296472497284E-004,-5.034720525145531E-004,7.870427216403186E-004,-5.470337928272784E-004,
2.490200000000000E+009,7.503022206947208E-004,-5.955167580395937E-004,7.253194926306605E-004,-5.927887978032231E-004,
2.490233333333334E+009,7.616028306074441E-004,-6.098101148381829E-004,6.867361953482032E-004,-5.744932568632066E-004,
2.490266666666667E+009,6.347279413603246E-004,-5.794290336780250E-004,7.154252962209284E-004,-5.714919534511864E-004,
2.490300000000000E+009,6.789906183257699E-004,-5.473772762343288E-004,6.455996772274375E-004,-6.131071131676436E-004,
2.490333333333334E+009,6.605813978239894E-004,-6.509865634143353E-004,6.534236599691212E-004,-6.121837068349123E-004,
2.490366666666667E+009,6.694553303532302E-004,-6.074130069464445E-004,6.202494842000306E-004,-6.638648337684572E-004,
2.490400000000000E+009,6.142436759546399E-004,-6.616298924200237E-004,6.302122492343187E-004,-7.048257393762469E-004,
2.490433333333334E+009,6.092936964705586E-004,-6.823298754170537E-004,5.911355256102979E-004,-7.078502094373107E-004,
2.490466666666667E+009,6.068867514841259E-004,-7.080179057084024E-004,5.977141554467380E-004,-6.062772590667009E-004,
2.490500000000000E+009,5.278261960484088E-004,-6.595363374799490E-004,5.465875728987157E-004,-6.972994888201356E-004,
2.490533333333334E+009,5.540351266972721E-004,-6.056159618310630E-004,5.464386777020991E-004,-6.886727642267942E-004,
2.490566666666667E+009,5.326120881363750E-004,-6.871695513837040E-004,5.597854615189135E-004,-6.879807915538549E-004,
2.490600000000000E+009,4.462538345251232E-004,-7.245040033012629E-004,5.003796541132033E-004,-7.301708683371544E-004,
2.490633333333334E+009,4.843711503781378E-004,-6.756121874786913E-004,5.083311698399484E-004,-6.870214710943401E-004,
2.490666666666667E+009,5.100218695588410E-004,-7.163768750615418E-004,4.573322366923094E-004,-7.223655120469630E-004,
2.490700000000000E+009,4.263708833605051E-004,-7.570878951810300E-004,4.332220414653420E-004,-7.593435002490878E-004,
2.490733333333334E+009,4.022824286948890E-004,-7.427277159877121E-004,3.741623077075928E-004,-7.645234582014382E-004,
2.490766666666667E+009,4.011557321064174E-004,-7.430514087900519E-004,3.923065669368953E-004,-7.338245050050318E-004,
2.490800000000000E+009,4.347968788351864E-004,-7.717238622717559E-004,4.218088288325816E-004,-7.358123548328877E-004,
2.490833333333334E+009,4.015413578599691E-004,-7.304719765670598E-004,3.718500665854663E-004,-7.495473837479949E-004,
2.490866666666667E+009,3.563881327863783E-004,-7.455435697920620E-004,3.422272275201976E-004,-7.820741739124060E-004,
2.490900000000000E+009,2.980078570544720E-004,-7.376315188594163E-004,3.151205892208964E-004,-7.526928093284369E-004,
2.490933333333334E+009,2.863191475626081E-004,-7.520990329794586E-004,2.732824650593102E-004,-7.602672558277845E-004,
2.490966666666667E+009,2.720564662013203E-004,-8.147314656525850E-004,2.913650532718748E-004,-8.389842696487904E-004,
2.491000000000000E+009,2.210554521298036E-004,-8.181319572031498E-004,2.790932776406407E-004,-8.258252055384219E-004,
2.491033333333334E+009,1.889978157123551E-004,-7.235519587993622E-004,1.999486848944798E-004,-7.886221865192056E-004,
2.491066666666667E+009,1.719931751722470E-004,-8.040794637054205E-004,2.298026665812358E-004,-7.717609405517578E-004,
2.491100000000000E+009,2.001224929699674E-004,-7.638349197804928E-004,1.851988927228376E-004,-8.041457622312009E-004,
2.491133333333334E+009,2.496407250873745E-004,-7.415793952532113E-004,1.677713298704475E-004,-7.930995197966695E-004,
2.491166666666667E+009,1.930292637553066E-004,-8.314618025906384E-004,1.975495833903551E-004,-7.588971056975424E-004,
2.491200000000000E+009,1.191507035400719E-004,-7.818549056537449E-004,1.380035246256739E-004,-8.385059190914035E-004,
2.491233333333334E+009,1.159205421572551E-004,-7.836666190996766E-004,9.575893636792898E-005,-7.369444356299937E-004,
2.491266666666667E+009,1.181781990453601E-004,-7.782368338666856E-004,9.003218292491511E-005,-7.660649716854096E-004,
2.491300000000000E+009,5.598738061962649E-005,-7.644246215932071E-004,6.419496639864519E-005,-8.204024634324014E-004,
2.491333333333334E+009,8.607456402387470E-005,-7.964674150571227E-004,5.751362550654449E-005,-8.663321495987475E-004,
2.491366666666667E+009,2.650237001944333E-005,-7.938015623949468E-004,1.365538810205180E-005,-8.231568499468267E-004,
2.491400000000000E+009,3.848330379696563E-005,-7.945376564748585E-004,5.433888873085380E-005,-8.282708586193621E-004,
2.491433333333334E+009,1.546913517813664E-005,-8.128727786242962E-004,-1.371532925986685E-005,-7.884889491833746E-004,
2.491466666666667E+009,-1.852787318057381E-005,-7.641291012987495E-004,-1.420614171365742E-005,-8.157093543559313E-004,
2.491500000000000E+009,-1.473290194553556E-005,-7.766988710500300E-004,-3.404621747904457E-005,-8.051438489928842E-004,
2.491533333333334E+009,-8.782004442764446E-006,-7.469045231118798E-004,-2.286351991642732E-005,-8.200798765756190E-004,
2.491566666666667E+009,-1.181997577077709E-004,-8.078680257312954E-004,-1.155067729996517E-004,-8.136387332342565E-004,
2.491600000000000E+009,-1.458131155231968E-004,-7.670756313018501E-004,-1.149024392361753E-004,-7.777207647450268E-004,
2.491633333333334E+009,-1.545941922813654E-004,-7.905336096882820E-004,-1.455311867175624E-004,-7.601783727295697E-004,
2.491666666666667E+009,-1.617179950699210E-004,-7.624606951139867E-004,-1.521920930827037E-004,-7.569495937786996E-004,
2.491700000000000E+009,-1.472056319471449E-004,-7.819493766874075E-004,-1.673192600719631E-004,-8.111064089462161E-004,
2.491733333333334E+009,-1.872294233180583E-004,-8.011100580915809E-004,-2.219733723904938E-004,-7.859747856855393E-004,
2.491766666666667E+009,-2.326644753338769E-004,-7.772159879095852E-004,-2.131000510416925E-004,-7.686592871323228E-004,
2.491800000000000E+009,-2.911488700192422E-004,-7.568575092591345E-004,-2.472961496096104E-004,-7.249767077155411E-004,
2.491833333333334E+009,-2.837018400896341E-004,-7.439199252985418E-004,-2.538473345339298E-004,-7.907205726951361E-004,
2.491866666666667E+009,-2.471318875905126E-004,-7.575637428089976E-004,-2.797242777887732E-004,-7.247003959491849E-004,
2.491900000000000E+009,-2.462055708747357E-004,-7.385315257124603E-004,-2.745732781477273E-004,-7.399002788588405E-004,
2.491933333333334E+009,-3.338156384415925E-004,-6.888026255182922E-004,-3.100538742728531E-004,-7.788711809553206E-004,
2.491966666666667E+009,-3.098572487942874E-004,-7.524394313804805E-004,-3.501724859233946E-004,-7.126587443053722E-004,
2.492000000000000E+009,-3.273331967648119E-004,-7.205567089840770E-004,-3.064171469304711E-004,-6.756245275028050E-004,
2.492033333333334E+009,-2.674910938367248E-004,-7.577517535537481E-004,-3.318082017358393E-004,-6.512040854431689E-004,
2.492066666666667E+009,-3.855731338262558E-004,-6.679834914393723E-004,-3.344264987390488E-004,-6.508990190923214E-004,
2.492100000000000E+009,-3.413430822547525E-004,-6.384675507433713E-004,-4.182550765108317E-004,-6.561605259776115E-004,
2.492133333333334E+009,-3.969806130044162E-004,-6.263769464567304E-004,-4.327947099227458E-004,-6.795270019210875E-004,
2.492166666666667E+009,-3.430643700994551E-004,-6.785317091271281E-004,-4.016695893369615E-004,-6.252968451008201E-004,
2.492200000000000E+009,-3.948143857996911E-004,-6.934722186997533E-004,-3.586307575460523E-004,-6.264557014219463E-004,
2.492233333333334E+009,-4.580649838317186E-004,-5.510692717507482E-004,-3.328166785649955E-004,-5.790325230918825E-004,
2.492266666666667E+009,-3.785990120377392E-004,-6.399822304956615E-004,-3.881785960402340E-004,-6.096568540669978E-004,
2.492300000000000E+009,-4.493783053476363E-004,-6.222497322596610E-004,-4.469449631869793E-004,-6.193093140609562E-004,
2.492333333333334E+009,-4.478359478525817E-004,-6.187028484418988E-004,-4.267546173650771E-004,-5.442991387099028E-004,
2.492366666666667E+009,-4.400069592520595E-004,-5.922557902522385E-004,-4.552745667751879E-004,-5.322006763890386E-004,
2.492400000000000E+009,-4.417268501129001E-004,-5.490857874974608E-004,-4.763649194501340E-004,-5.471841432154179E-004,
2.492433333333334E+009,-5.172462551854551E-004,-5.274508148431778E-004,-5.050441832281649E-004,-5.404779221862555E-004,
2.492466666666667E+009,-4.971879534423351E-004,-5.194568657316268E-004,-5.033015040680766E-004,-5.220624734647572E-004,
2.492500000000000E+009,-4.909522249363363E-004,-5.264453939162195E-004,-4.895373131148517E-004,-5.562622100114822E-004,
2.492533333333334E+009,-5.399487563408911E-004,-5.040306132286787E-004,-4.835872096009553E-004,-5.134467501193285E-004,
2.492566666666667E+009,-5.006793071515858E-004,-4.965261323377490E-004,-5.236970027908683E-004,-4.451600834727287E-004,
2.492600000000000E+009,-5.386159173212946E-004,-4.784819902852178E-004,-4.788224177900702E-004,-4.607377632055432E-004,
2.492633333333334E+009,-5.103480652906001E-004,-4.182843840681016E-004,-5.419751396402717E-004,-4.980947123840451E-004,
2.492666666666667E+009,-5.119200795888901E-004,-3.864900209009647E-004,-5.646603531204164E-004,-4.462004289962351E-004,
2.492700000000000E+009,-6.094741402193904E-004,-4.210093175061047E-004,-5.138299311511219E-004,-5.015978240408003E-004,
2.492733333333334E+009,-5.418875371105969E-004,-4.358766891527921E-004,-5.970575730316341E-004,-4.008503165096045E-004,
2.492766666666667E+009,-5.645787459798157E-004,-4.042676591780037E-004,-4.967999411746860E-004,-3.920230083167553E-004,
2.492800000000000E+009,-5.716532468795776E-004,-3.927097714040428E-004,-6.068586371839047E-004,-4.084896063432097E-004,
2.492833333333334E+009,-6.140201585367322E-004,-4.020654596388340E-004,-6.156531744636595E-004,-4.090328293386847E-004,
2.492866666666667E+009,-5.775393219664693E-004,-3.872430534102023E-004,-5.941572599112988E-004,-4.130153974983841E-004,
2.492900000000000E+009,-5.602839519269764E-004,-3.763231215998530E-004,-5.737704923376441E-004,-3.935691784135997E-004,
2.492933333333334E+009,-6.183068617247045E-004,-3.783347783610225E-004,-6.068343063816428E-004,-3.250596055295318E-004,
2.492966666666667E+009,-6.503255572170019E-004,-3.578791511245072E-004,-5.982029833830893E-004,-3.183979424647987E-004,
2.493000000000000E+009,-6.198691553436220E-004,-3.352666972205043E-004,-5.953907384537160E-004,-2.997811534442008E-004,
2.493033333333334E+009,-5.895572830922902E-004,-3.089831443503499E-004,-6.400684942491353E-004,-2.782446972560138E-004,
2.493066666666667E+009,-6.442601443268359E-004,-2.731539425440133E-004,-6.178395124152303E-004,-2.520040143281221E-004,
2.493100000000000E+009,-6.666396511718631E-004,-2.153697714675218E-004,-6.553093553520739E-004,-2.824248222168535E-004,
2.493133333333334E+009,-6.325586000457406E-004,-2.389640576438978E-004,-6.794844521209598E-004,-2.858859661500901E-004,
2.493166666666667E+009,-6.568246753886342E-004,-2.832780883181840E-004,-6.802314310334623E-004,-2.609998045954853E-004,
2.493200000000000E+009,-6.748322630301118E-004,-1.847087114583701E-004,-6.500530289486051E-004,-2.575089165475220E-004,
2.493233333333334E+009,-7.144864648580551E-004,-1.321942108916119E-004,-6.685159751214087E-004,-2.017196093220264E-004,
2.493266666666667E+009,-6.401045247912407E-004,-1.631851773709059E-004,-7.311964873224497E-004,-1.543111138744280E-004,
2.493300000000000E+009,-7.237020181491971E-004,-1.883016084320843E-004,-6.764010176993907E-004,-1.009939587675035E-004,
2.493333333333334E+009,-7.765882764942944E-004,-1.304246543440968E-004,-7.318092975765467E-004,-8.863062248565257E-005,
2.493366666666667E+009,-6.700033554807305E-004,-7.419616304105148E-005,-6.744803395122290E-004,-1.072331651812419E-004,
2.493400000000000E+009,-7.018487085588276E-004,-3.501116589177400E-005,-6.683110259473324E-004,-8.418056677328423E-005,
2.493433333333334E+009,-6.344275898300111E-004,-3.988447497249581E-005,-6.801339332014322E-004,-1.201266859425232E-004,
2.493466666666667E+009,-6.605160888284445E-004,-7.594408089062199E-005,-6.959656602703035E-004,-8.623702160548419E-005,
2.493500000000000E+009,-6.960786413401365E-004,-2.073902760457713E-005,-7.150878082029522E-004,-1.028169426717795E-004,
2.493533333333334E+009,-6.587943062186241E-004,-5.565747414948419E-005,-6.848722114227712E-004,-3.981508780270815E-005,
2.493566666666667E+009,-7.582347025163472E-004,3.042374009964988E-005,-7.324913167394698E-004,-1.656004496908281E-005,
2.493600000000000E+009,-7.045778329484165E-004,-1.637057380321494E-006,-6.732239271514118E-004,1.033927674143342E-006,
2.493633333333334E+009,-6.526634097099304E-004,-8.058519597398117E-006,-7.167509174905717E-004,3.605503661674447E-005,
2.493666666666667E+009,-6.594757433049381E-004,2.385991865594406E-005,-6.882759043946862E-004,8.529362276021857E-006,
2.493700000000000E+009,-6.784072029404342E-004,1.218676607095404E-005,-6.978294695727527E-004,2.173266329918988E-005,
2.493733333333334E+009,-6.432731170207262E-004,3.823271617875435E-005,-6.608662079088390E-004,4.831926344195381E-005,
2.493766666666667E+009,-6.832691724412143E-004,8.594738028477877E-005,-7.008190150372684E-004,2.273703648825176E-005,
2.493800000000000E+009,-6.752558983862400E-004,1.271486689802259E-005,-6.579215405508876E-004,8.712574344826862E-005,
2.493833333333334E+009,-6.425342871807516E-004,5.397124186856672E-005,-6.988695240579546E-004,8.138926932588220E-005,
2.493866666666667E+009,-7.094645407050848E-004,7.886665116529912E-005,-6.852203514426947E-004,1.283404999412596E-004,
2.493900000000000E+009,-6.958859157748520E-004,2.237026455986779E-005,-6.722934776917100E-004,5.601202792604454E-005,
2.493933333333334E+009,-6.981326732784510E-004,1.301424927078188E-004,-6.902836612425745E-004,1.259454584214836E-004,
2.493966666666667E+009,-6.557310116477311E-004,1.446232054149732E-004,-6.735412171110511E-004,1.788553490769118E-004,
2.494000000000000E+009,-6.825626478530467E-004,9.232437150785700E-005,-6.315617356449366E-004,1.251753565156832E-004,
2.494033333333334E+009,-6.625514361076057E-004,1.635028456803411E-004,-6.801319541409612E-004,1.393395650666207E-004,
2.494066666666667E+009,-6.473832181654871E-004,1.996762730414048E-004,-6.103136693127453E-004,1.634969230508432E-004,
2.494100000000000E+009,-6.188126280903816E-004,1.861179480329156E-004,-6.136305164545775E-004,1.789651141734794E-004,
2.494133333333334E+009,-6.548237870447338E-004,2.502146235201508E-004,-6.055551348254085E-004,1.906499237520620E-004,
2.494166666666667E+009,-6.221967632882297E-004,2.149940992239863E-004,-6.345547153614461E-004,1.992524048546329E-004,
2.494200000000000E+009,-6.460688309744000E-004,2.676073345355690E-004,-6.214588647708297E-004,2.635759883560240E-004,
2.494233333333334E+009,-5.996557301841676E-004,2.080427802866325E-004,-6.181645439937711E-004,1.981223322218284E-004,
2.494266666666667E+009,-6.552319973707199E-004,2.068851899821311E-004,-6.442105513997376E-004,2.366276166867465E-004,
2.494300000000000E+009,-5.964004667475820E-004,2.947479370050132E-004,-6.362718413583934E-004,2.569120260886848E-004,
2.494333333333334E+009,-6.254481268115342E-004,2.438927913317457E-004,-6.042657187208533E-004,2.398311480646953E-004,
2.494366666666667E+009,-5.792076699435711E-004,3.103459894191474E-004,-6.220163195393980E-004,2.315792080480605E-004,
2.494400000000000E+009,-5.601544980891049E-004,3.218910715077072E-004,-5.878214724361897E-004,3.391647478565574E-004,
2.494433333333334E+009,-5.974243977107108E-004,3.025357436854392E-004,-6.068427464924753E-004,3.227681154385209E-004,
2.494466666666667E+009,-5.625073099508882E-004,3.532018163241446E-004,-6.243795505724847E-004,3.426404728088528E-004,
2.494500000000000E+009,-5.813423776999116E-004,3.018343122676015E-004,-6.300855893641710E-004,3.872906963806599E-004,
2.494533333333334E+009,-6.248238496482372E-004,4.143243131693453E-004,-5.932386848144233E-004,3.467725182417780E-004,
2.494566666666667E+009,-5.198573344387114E-004,3.732856130227447E-004,-6.136448355391622E-004,3.846992913167924E-004,
2.494600000000000E+009,-5.395999760366976E-004,3.868521598633379E-004,-5.657917936332524E-004,3.753676137421280E-004,
2.494633333333334E+009,-6.084921187721193E-004,3.660161746665835E-004,-5.861389217898250E-004,4.368609224911779E-004,
2.494666666666667E+009,-5.371896550059319E-004,4.279846034478396E-004,-5.110793863423169E-004,4.349680384621024E-004,
2.494700000000000E+009,-5.610444350168109E-004,4.360585298854858E-004,-5.793080781586468E-004,4.171600157860667E-004,
2.494733333333334E+009,-5.420577363111079E-004,4.296018742024899E-004,-5.466036964207888E-004,4.183426208328456E-004,
2.494766666666667E+009,-5.289133405312896E-004,4.768756043631584E-004,-5.169670330360532E-004,4.801908507943153E-004,
2.494800000000000E+009,-4.925201646983624E-004,4.335693665780127E-004,-4.542718525044620E-004,4.983957041986287E-004,
2.494833333333334E+009,-5.040836404077709E-004,4.570569435600191E-004,-4.941244842484593E-004,5.112928920425475E-004,
2.494866666666667E+009,-5.030548200011253E-004,5.249584792181850E-004,-4.355931305326521E-004,5.573339876718819E-004,
2.494900000000000E+009,-4.140299861319363E-004,5.689259851351380E-004,-4.179689276497811E-004,5.542252911254764E-004,
2.494933333333334E+009,-4.873280413448811E-004,5.186505732126534E-004,-4.234292136970907E-004,5.576504627242684E-004,
2.494966666666667E+009,-4.737019189633429E-004,4.775616398546845E-004,-4.039832856506109E-004,5.171688389964402E-004,
2.495000000000000E+009,-4.599419480655342E-004,4.987558932043612E-004,-3.896256093867123E-004,5.975234089419246E-004,
2.495033333333334E+009,-4.228302277624607E-004,5.628318176604807E-004,-4.480166826397181E-004,6.406163447536528E-004,
2.495066666666667E+009,-3.839469572994858E-004,6.100484170019627E-004,-4.011610290035605E-004,5.778190679848194E-004,
2.495100000000000E+009,-4.130233719479293E-004,6.150137051008642E-004,-4.482393269427121E-004,6.211620057001710E-004,
2.495133333333334E+009,-3.855772665701807E-004,5.974298110231757E-004,-3.972430131398141E-004,6.280250381678343E-004,
2.495166666666667E+009,-3.605950623750687E-004,6.614503799937666E-004,-3.832202637568116E-004,6.449157372117043E-004,
2.495200000000000E+009,-3.735894570127130E-004,5.997215048409998E-004,-3.454031539149582E-004,6.213953020051122E-004,
2.495233333333334E+009,-3.603380464483053E-004,5.907474551349878E-004,-3.652446903288364E-004,5.910301115363836E-004,
2.495266666666667E+009,-3.184780362062156E-004,6.803621072322130E-004,-3.764130233321339E-004,6.810254999436438E-004,
2.495300000000000E+009,-3.260829253122211E-004,6.751358159817755E-004,-3.078340378124267E-004,6.447906489484012E-004,
2.495333333333334E+009,-3.075539134442806E-004,6.502027390524745E-004,-3.148597897961736E-004,6.930919480510056E-004,
2.495366666666667E+009,-3.036819398403168E-004,6.499805022031069E-004,-3.065800119657069E-004,6.325250724330545E-004,
2.495400000000000E+009,-2.657860459294170E-004,7.056290633045137E-004,-2.957949182018638E-004,6.536988075822592E-004,
2.495433333333334E+009,-3.035026893485338E-004,6.542280898429453E-004,-3.077001892961562E-004,6.055505364201963E-004,
2.495466666666667E+009,-2.275075967190787E-004,6.840120768174529E-004,-2.680599282030016E-004,6.963683990761638E-004,
2.495500000000000E+009,-2.640165330376476E-004,7.278748671524227E-004,-2.690083347260952E-004,7.082606316544116E-004,
2.495533333333334E+009,-2.293559373356402E-004,6.581635680049658E-004,-2.489915641490370E-004,6.806228775531054E-004,
2.495566666666667E+009,-1.994138583540916E-004,6.769241881556809E-004,-2.164251636713743E-004,7.108338759280741E-004,
2.495600000000000E+009,-1.749772782204673E-004,6.698500947095454E-004,-2.238837623735890E-004,7.262871367856860E-004,
2.495633333333334E+009,-2.123307494912297E-004,6.748972227796912E-004,-1.883141667349264E-004,7.197079830802977E-004,
2.495666666666667E+009,-1.953437749762088E-004,7.189990719780326E-004,-2.101831341860816E-004,7.407746743410826E-004,
2.495700000000000E+009,-1.349127705907449E-004,7.257106481119990E-004,-1.777730358298868E-004,7.398973684757948E-004,
2.495733333333334E+009,-1.742235035635531E-004,7.541519589722157E-004,-8.495159272570163E-005,7.397630834020674E-004,
2.495766666666667E+009,-1.960426889127120E-004,7.139297667890787E-004,-7.145111885620281E-005,7.339319563470781E-004,
2.495800000000000E+009,-1.175314318970777E-004,7.638821844011545E-004,-8.145898755174130E-005,7.261999417096376E-004,
2.495833333333334E+009,-6.681430386379361E-005,7.464852533303201E-004,-5.259329554974102E-005,6.913219694979489E-004,
2.495866666666667E+009,-5.891560795134865E-005,7.240500417537987E-004,-6.100493192207068E-005,7.029012776911259E-004,
2.495900000000000E+009,-1.345282653346658E-004,7.365349447354674E-004,-3.901475065504201E-005,7.784476038068533E-004,
2.495933333333334E+009,-2.693284295673948E-005,8.190794615074992E-004,-2.449114981573075E-005,7.398755988106132E-004,
2.495966666666667E+009,3.366308374097571E-005,7.217225502245128E-004,-3.965503856306896E-005,7.407590746879578E-004,
2.496000000000000E+009,-4.819048990611918E-005,7.879076874814928E-004,1.800735481083393E-005,7.971167215146124E-004,
2.496033333333334E+009,3.746050424524583E-005,7.726530311629176E-004,4.181457552476786E-005,7.505018147639930E-004,
2.496066666666667E+009,3.556426599971019E-005,7.937546470202506E-004,5.918023452977650E-005,6.997776217758656E-004,
2.496100000000000E+009,6.725489220116288E-005,7.668043836019933E-004,5.634893022943288E-005,7.497218321077526E-004,
2.496133333333334E+009,9.016011608764529E-005,7.531211012974381E-004,7.662393181817606E-005,7.429444813169539E-004,
2.496166666666667E+009,1.203399588121101E-004,7.300578290596604E-004,1.086137999664061E-004,7.327334606088698E-004,
2.496200000000000E+009,1.633963111089543E-004,7.499766652472317E-004,1.314913097303361E-004,7.980745285749435E-004,
2.496233333333334E+009,1.123545807786286E-004,7.769156945869327E-004,1.015664529404603E-004,7.908722618594766E-004,
2.496266666666667E+009,1.947008568095043E-004,7.563885301351547E-004,1.494159223511815E-004,7.787522044964135E-004,
2.496300000000000E+009,2.238481829408556E-004,7.366343052126467E-004,2.409877488389611E-004,7.366335485130549E-004,
2.496333333333334E+009,2.390514418948442E-004,7.602242403663695E-004,2.407395659247413E-004,7.540439255535603E-004,
2.496366666666667E+009,2.116574032697827E-004,7.185733411461115E-004,2.467524900566787E-004,7.372841937467456E-004,
2.496400000000000E+009,2.577270497567952E-004,8.039477979764342E-004,2.423653932055458E-004,7.529366412200034E-004,
2.496433333333334E+009,2.415793715044856E-004,7.558969664387405E-004,3.015698166564107E-004,7.280868594534695E-004,
2.496466666666667E+009,3.310179454274476E-004,7.247559260576963E-004,2.519330882932991E-004,7.647731108590961E-004,
2.496500000000000E+009,2.995171234942973E-004,7.662805146537721E-004,3.437506966292858E-004,7.575892377644777E-004,
2.496533333333334E+009,3.386077587492764E-004,6.794086657464504E-004,3.758122911676765E-004,6.549158715642989E-004,
2.496566666666667E+009,2.968675398733467E-004,7.128443103283644E-004,3.757066733669490E-004,6.995568983256817E-004,
2.496600000000000E+009,3.969960962422192E-004,7.192083285190165E-004,3.543728089425713E-004,7.016892195679247E-004,
2.496633333333334E+009,3.948161029256880E-004,7.192154298536480E-004,4.264356684871018E-004,6.853565573692322E-004,
2.496666666666667E+009,4.240132111590356E-004,6.450401269830763E-004,3.716945066116750E-004,6.259298534132540E-004,
2.496700000000000E+009,4.556648782454431E-004,6.788185564801097E-004,3.890170191880316E-004,6.405184394679964E-004,
2.496733333333334E+009,4.253353690728545E-004,6.935522542335093E-004,4.314843390602619E-004,7.093181484378874E-004,
2.496766666666667E+009,4.721659061033279E-004,6.585360970348120E-004,4.362406325526536E-004,6.333064520731568E-004,
2.496800000000000E+009,4.800610477104783E-004,6.298068328760564E-004,4.912564763799310E-004,6.578714819625020E-004,
2.496833333333334E+009,4.558512882795185E-004,6.304025300778449E-004,5.031403270550072E-004,6.137074669823051E-004,
2.496866666666667E+009,5.031751934438944E-004,5.975356907583773E-004,5.149077624082565E-004,6.221675430424511E-004,
2.496900000000000E+009,5.276057054288685E-004,6.308680167421699E-004,5.308873951435089E-004,6.124500068835914E-004,
2.496933333333334E+009,5.153130623511970E-004,5.415210034698248E-004,5.715086008422077E-004,5.646462668664753E-004,
2.496966666666667E+009,5.814241594634950E-004,6.097904406487942E-004,5.457325605675578E-004,6.018605781719089E-004,
2.497000000000000E+009,5.783423548564315E-004,5.906161386519671E-004,5.815656622871757E-004,6.736696814186871E-004,
2.497033333333334E+009,6.138570024631918E-004,6.135714356787503E-004,6.012836238369346E-004,6.070566014386714E-004,
2.497066666666667E+009,5.784113309346139E-004,5.771462456323206E-004,6.089682574383915E-004,5.823551909998059E-004,
2.497100000000000E+009,6.578036118298769E-004,6.056146230548620E-004,6.187743856571615E-004,5.674143903888762E-004,
2.497133333333334E+009,6.440784200094640E-004,5.557177937589586E-004,6.220936193130910E-004,5.878339288756251E-004,
2.497166666666667E+009,6.451600929722190E-004,5.222120089456439E-004,6.348111201077700E-004,5.105970776639879E-004,
2.497200000000000E+009,6.450913497246802E-004,4.680673009715974E-004,6.466763443313539E-004,5.600852309726179E-004,
2.497233333333334E+009,6.881387089379132E-004,5.546738975681365E-004,6.699870573356748E-004,4.428468237165362E-004,
2.497266666666667E+009,7.048000115901232E-004,4.725121834781021E-004,6.983663770370185E-004,4.999597440473735E-004,
2.497300000000000E+009,7.285907049663365E-004,4.690773203037679E-004,6.879490101709962E-004,4.840915789827704E-004,
2.497333333333334E+009,7.376006105914712E-004,4.481197393033654E-004,6.956260185688734E-004,3.811839560512453E-004,
2.497366666666667E+009,7.334578549489379E-004,4.867032694164664E-004,7.325192564167082E-004,4.414194845594466E-004,
2.497400000000000E+009,8.133656228892505E-004,4.051635041832924E-004,7.355179404839873E-004,4.302662564441562E-004,
2.497433333333334E+009,7.815736462362111E-004,3.961768234148622E-004,7.966398261487484E-004,4.399486351758242E-004,
2.497466666666667E+009,7.567101856693626E-004,3.884413163177669E-004,7.461495115421712E-004,3.790890041273087E-004,
2.497500000000000E+009,7.568177534267306E-004,3.585452504921705E-004,7.483233348466456E-004,3.583510406315327E-004,
2.497533333333334E+009,8.423785911872983E-004,3.664102114271373E-004,8.016650099307299E-004,3.352512139827013E-004,
2.497566666666667E+009,7.999234949238598E-004,3.295706701464951E-004,7.787588983774185E-004,3.749888273887336E-004,
2.497600000000000E+009,8.280557231046259E-004,2.928904141299427E-004,8.544662268832326E-004,2.675084688235074E-004,
2.497633333333334E+009,8.407755522057414E-004,2.899401006288827E-004,8.517769747413695E-004,2.923340362031013E-004,
2.497666666666667E+009,8.475074428133667E-004,2.627979847602546E-004,7.989208679646254E-004,2.658233570400626E-004,
2.497700000000000E+009,8.721044869162142E-004,2.768533013295382E-004,8.196107810363174E-004,2.571084478404373E-004,
2.497733333333334E+009,8.254574495367706E-004,2.523028524592519E-004,8.399081416428089E-004,2.175764093408361E-004,
2.497766666666667E+009,8.567717159166932E-004,9.472628880757839E-005,8.790947613306344E-004,1.739690051181242E-004,
2.497800000000000E+009,8.752715075388551E-004,2.018767991103232E-004,8.412686875090003E-004,1.915603788802400E-004,
2.497833333333334E+009,8.495751535519958E-004,1.904661185108125E-004,8.690344984643161E-004,1.357655419269577E-004,
2.497866666666667E+009,8.903670241124928E-004,1.349344966001809E-004,8.900069515220821E-004,1.390478282701224E-004,
2.497900000000000E+009,8.687055669724941E-004,1.082765593309887E-004,8.656186982989311E-004,8.558532135793939E-005,
2.497933333333334E+009,8.687463705427945E-004,6.863722228445113E-005,8.680939790792763E-004,6.555433355970308E-005,
2.497966666666667E+009,8.807214326225221E-004,3.638653288362548E-005,9.154182043857873E-004,4.260672722011805E-005,
2.498000000000000E+009,8.563537267036736E-004,3.792081406572834E-005,8.617755374871194E-004,-2.188679900427815E-005,
2.498033333333334E+009,9.107491932809353E-004,7.453445959981764E-006,9.152643033303320E-004,2.304473355252412E-006,
2.498066666666667E+009,8.477785740979016E-004,-1.398335298290476E-004,9.211869910359383E-004,-1.168636299553327E-005,
2.498100000000000E+009,8.952927310019732E-004,-1.458834303775802E-004,8.511911146342754E-004,-1.038986229104921E-004,
2.498133333333334E+009,8.537374669685960E-004,-9.135653090197593E-005,8.434505434706807E-004,-1.100151494028978E-004,
2.498166666666667E+009,8.673999691382051E-004,-1.098620050470345E-004,8.530504419468343E-004,-1.515981712145731E-004,
2.498200000000000E+009,8.822263334877789E-004,-9.670689178165048E-005,9.182204375974834E-004,-1.523373939562589E-004,
2.498233333333334E+009,9.127851226367056E-004,-1.317424175795168E-004,8.832911844365299E-004,-1.436893071513623E-004,
2.498266666666667E+009,8.750780252739787E-004,-2.069043985102326E-004,8.852920145727694E-004,-2.140247961506248E-004,
2.498300000000000E+009,8.925559232011437E-004,-2.160141011700034E-004,8.757966570556164E-004,-1.776457065716386E-004,
2.498333333333334E+009,8.993503288365901E-004,-2.259835600852966E-004,9.193399455398321E-004,-1.680943969404325E-004,
2.498366666666667E+009,8.819090435281396E-004,-2.577528939582408E-004,8.872236940078437E-004,-2.493862702976912E-004,
2.498400000000000E+009,9.295130730606616E-004,-2.646355133038014E-004,9.013786329887807E-004,-2.403053076704964E-004,
2.498433333333334E+009,8.339887717738748E-004,-2.609656366985291E-004,8.776274626143277E-004,-2.396288473391905E-004,
2.498466666666667E+009,8.434212650172412E-004,-3.032287932001054E-004,9.175568702630699E-004,-2.735150046646595E-004,
2.498500000000000E+009,8.814875618554652E-004,-3.342589188832790E-004,8.853907929733396E-004,-3.185997775290161E-004,
2.498533333333334E+009,8.578992565162480E-004,-3.216610639356077E-004,8.171630324795842E-004,-3.845852916128933E-004,
2.498566666666667E+009,8.528823382221162E-004,-3.780146653298289E-004,8.901246474124491E-004,-3.558602766133845E-004,
2.498600000000000E+009,8.796121110208333E-004,-4.167476727161557E-004,8.162370650097728E-004,-3.508597146719694E-004,
2.498633333333334E+009,7.675764500163496E-004,-3.679627843666822E-004,8.048682939261198E-004,-3.675919142551720E-004,
2.498666666666667E+009,7.961332448758185E-004,-4.466797399800271E-004,7.996295462362468E-004,-4.434487200342119E-004,
2.498700000000000E+009,8.172364905476570E-004,-4.601763212122023E-004,8.206117199733853E-004,-4.613274650182575E-004,
2.498733333333334E+009,8.443809929303825E-004,-4.771772655658424E-004,7.889284752309322E-004,-4.846064257435501E-004,
2.498766666666667E+009,7.852466660551727E-004,-4.944322863593698E-004,7.967903511598706E-004,-4.849050601478666E-004,
2.498800000000000E+009,8.240441675297916E-004,-5.341948126442730E-004,7.956935442052782E-004,-5.521524581126869E-004,
2.498833333333334E+009,7.737514679320157E-004,-5.518379039131105E-004,8.018208900466561E-004,-5.683876224793494E-004,
2.498866666666667E+009,7.558482466265559E-004,-5.931173218414187E-004,8.161136647686362E-004,-5.815870244987309E-004,
2.498900000000000E+009,7.740384317003191E-004,-5.958955734968185E-004,7.674213266000152E-004,-6.156332092359662E-004,
2.498933333333334E+009,7.070948486216366E-004,-5.738832405768335E-004,7.176958024501801E-004,-6.249553407542408E-004,
2.498966666666667E+009,6.864652968943119E-004,-6.711768219247460E-004,6.899827858433127E-004,-6.724183331243694E-004,
2.499000000000000E+009,7.113089086487889E-004,-6.805483717471361E-004,7.113438332453370E-004,-7.028995896689594E-004,
2.499033333333334E+009,7.030575070530176E-004,-6.665143300779164E-004,6.309204036369920E-004,-6.691725575365126E-004,
2.499066666666667E+009,6.246198317967355E-004,-6.549751851707697E-004,6.688405410386622E-004,-6.975436699576676E-004,
2.499100000000000E+009,6.236870540305972E-004,-7.510727737098932E-004,6.382498540915549E-004,-7.360889576375485E-004,
2.499133333333334E+009,6.433820817619562E-004,-6.777382805012167E-004,6.295858183875680E-004,-7.241895655170083E-004,
2.499166666666667E+009,6.528403609991074E-004,-7.656406960450113E-004,6.249253638088703E-004,-7.711765356361866E-004,
2.499200000000000E+009,6.153698195703328E-004,-8.398717618547380E-004,6.591923302039504E-004,-7.881843484938145E-004,
2.499233333333334E+009,5.964451120235026E-004,-7.839075406081975E-004,5.976824904792011E-004,-8.370351279154420E-004,
2.499266666666667E+009,5.198582075536251E-004,-8.331422577612102E-004,5.339654744602740E-004,-7.850356632843614E-004,
2.499300000000000E+009,5.060867988504469E-004,-8.493468048982322E-004,5.218066507950425E-004,-8.629661169834435E-004,
2.499333333333334E+009,5.349192069843411E-004,-8.720339392311871E-004,5.047723534516990E-004,-8.408497669734061E-004,
2.499366666666667E+009,4.877983301412314E-004,-8.378243073821068E-004,5.297762108966708E-004,-8.711419650353491E-004,
2.499400000000000E+009,4.525099066086114E-004,-8.921877597458661E-004,4.027565300930291E-004,-9.130870457738638E-004,
2.499433333333334E+009,4.526700940914452E-004,-9.176039602607489E-004,4.136684583500028E-004,-9.262664243578911E-004,
2.499466666666667E+009,4.116761556360871E-004,-9.389895712956786E-004,4.156338109169155E-004,-8.989852503873408E-004,
2.499500000000000E+009,3.746179863810539E-004,-9.164948714897037E-004,3.551515983417630E-004,-9.640190983191133E-004,
2.499533333333334E+009,4.123167309444398E-004,-9.164094226434827E-004,3.317208611406386E-004,-9.393756045028567E-004,
2.499566666666667E+009,3.234938776586205E-004,-9.815751109272242E-004,3.049756051041186E-004,-9.579999605193734E-004,
2.499600000000000E+009,2.598268329165876E-004,-9.654062450863421E-004,2.636156568769366E-004,-1.015818677842617E-003,
2.499633333333334E+009,2.384340768912807E-004,-9.265870321542025E-004,2.752828877419233E-004,-1.009970437735319E-003,
2.499666666666667E+009,2.335906319785863E-004,-9.883380262181163E-004,2.293213619850576E-004,-9.385358425788581E-004,
2.499700000000000E+009,2.244491188321263E-004,-9.213091107085347E-004,2.013439079746604E-004,-9.446983458474279E-004,
2.499733333333334E+009,1.687560288701206E-004,-9.066336206160486E-004,1.762483443599194E-004,-9.925162885338068E-004,
2.499766666666667E+009,7.096251647453755E-005,-9.869044879451394E-004,1.510396978119388E-004,-9.992012055590749E-004,
2.499800000000000E+009,1.770255330484361E-004,-9.964209748432040E-004,1.591665059095249E-004,-9.789660107344389E-004,
2.499833333333334E+009,1.272415101993829E-004,-1.059155561961234E-003,1.137309591285884E-004,-1.035493216477335E-003,
2.499866666666667E+009,5.580290962825529E-005,-1.086178701370955E-003,9.372163913212717E-005,-1.029556384310126E-003,
2.499900000000000E+009,3.981114059570245E-005,-9.619095944799483E-004,8.723281644051895E-005,-9.932792745530605E-004,
2.499933333333334E+009,-2.760427014436573E-005,-1.050979830324650E-003,3.847811603918672E-005,-1.038374961353838E-003,
2.499966666666667E+009,2.971815774799325E-005,-1.042184769175947E-003,2.138800118700601E-005,-1.073436811566353E-003,
2.500000000000000E+009,4.992612957721576E-006,-1.057552173733711E-003,7.425991043419344E-006,-1.043308875523508E-003,
