% Version 1.00
%
%freq[Hz];re:Trc1_S21;im:Trc1_S21;re:Trc2_S12;im:Trc2_S12;
2.480000000000000E+009,1.039434922859073E-003,1.710671349428594E-003,1.167332287877798E-003,1.589071936905384E-003,
2.480033333333334E+009,1.178970793262124E-003,1.520143006928265E-003,1.002531731501222E-003,1.342144096270204E-003,
2.480066666666667E+009,1.106086419895291E-003,1.406749710440636E-003,1.126442104578018E-003,1.428331946954131E-003,
2.480100000000000E+009,1.114301267080009E-003,1.498728408478200E-003,9.357881499454379E-004,1.552059315145016E-003,
2.480133333333334E+009,1.108388882130384E-003,1.493039308115840E-003,9.647040860727429E-004,1.572821172885597E-003,
2.480166666666667E+009,9.633564040996134E-004,1.534731592983007E-003,1.040561124682427E-003,1.698053674772382E-003,
2.480200000000000E+009,9.681944502517581E-004,1.584635581821203E-003,1.034517772495747E-003,1.473083277232945E-003,
2.480233333333334E+009,1.049641752615571E-003,1.537541858851910E-003,9.724430274218321E-004,1.480110455304384E-003,
2.480266666666667E+009,1.061394461430609E-003,1.635122927837074E-003,8.978991536423564E-004,1.483235973864794E-003,
2.480300000000000E+009,9.473274112679064E-004,1.503640203736723E-003,1.021786127239466E-003,1.514036790467799E-003,
2.480333333333334E+009,1.065357238985598E-003,1.492502517066896E-003,1.141844666562975E-003,1.543310121633112E-003,
2.480366666666667E+009,1.087469398044050E-003,1.603635610081255E-003,1.137448358349502E-003,1.368775265291333E-003,
2.480400000000000E+009,1.177621190436184E-003,1.507962471805513E-003,1.132455654442310E-003,1.467934926040471E-003,
2.480433333333334E+009,1.176181947812438E-003,1.507953857071698E-003,1.020378665998578E-003,1.457159174606204E-003,
2.480466666666667E+009,1.010970561765134E-003,1.440517720766366E-003,9.688591817393899E-004,1.402240595780313E-003,
2.480500000000000E+009,1.080432557500899E-003,1.465790090151131E-003,1.093169092200697E-003,1.413241960108280E-003,
2.480533333333334E+009,1.084665767848492E-003,1.438991515897214E-003,9.969421662390232E-004,1.464689732529223E-003,
2.480566666666667E+009,1.022715237922967E-003,1.354448613710702E-003,1.118416199460626E-003,1.307343249209225E-003,
2.480600000000000E+009,1.090755336917937E-003,1.413057907484472E-003,1.201586797833443E-003,1.519173500128090E-003,
2.480633333333334E+009,1.083123497664928E-003,1.417655847035348E-003,9.910081280395389E-004,1.414214028045535E-003,
2.480666666666667E+009,1.232318463735282E-003,1.393027137964964E-003,1.073924126103520E-003,1.363788731396198E-003,
2.480700000000000E+009,1.071675214916468E-003,1.442980719730258E-003,1.046230201609433E-003,1.427228795364499E-003,
2.480733333333334E+009,1.071252976544201E-003,1.449949806556106E-003,1.065512537024915E-003,1.392548205330968E-003,
2.480766666666667E+009,1.225849497132003E-003,1.320323790423572E-003,1.136817387305200E-003,1.357032801024616E-003,
2.480800000000000E+009,1.154080615378916E-003,1.324325101450086E-003,1.220894628204405E-003,1.491196686401963E-003,
2.480833333333334E+009,1.064211130142212E-003,1.239161938428879E-003,1.156962360255420E-003,1.293569104745984E-003,
2.480866666666667E+009,1.105464063584805E-003,1.300343079492450E-003,1.163984299637377E-003,1.263720681890845E-003,
2.480900000000000E+009,1.107301330193877E-003,1.520221354439855E-003,1.227029832080007E-003,1.425559050403535E-003,
2.480933333333334E+009,1.221409766003490E-003,1.411629491485655E-003,1.099249231629074E-003,1.294536166824400E-003,
2.480966666666667E+009,1.239152625203133E-003,1.283853896893561E-003,1.181792118586600E-003,1.301815500482917E-003,
2.481000000000000E+009,1.122035086154938E-003,1.208327361382544E-003,1.087776385247707E-003,1.180737046524882E-003,
2.481033333333334E+009,1.069246674887836E-003,1.318811904639006E-003,1.157050020992756E-003,1.240943092852831E-003,
2.481066666666667E+009,1.134910271503031E-003,1.352381194010377E-003,1.212934497743845E-003,1.195977441966534E-003,
2.481100000000000E+009,1.120866858400405E-003,1.071713981218636E-003,1.165129477158189E-003,1.362710376270115E-003,
2.481133333333334E+009,1.119521097280085E-003,1.242853235453367E-003,1.005997881293297E-003,1.303826924413443E-003,
2.481166666666667E+009,1.167526002973318E-003,1.134422840550542E-003,1.317306770943105E-003,1.165668945759535E-003,
2.481200000000000E+009,1.042795251123607E-003,1.241717138327658E-003,1.267871237359941E-003,1.302727963775396E-003,
2.481233333333334E+009,1.111550489440560E-003,1.129883457906544E-003,1.117140403948724E-003,1.393823651596904E-003,
2.481266666666667E+009,1.057483954355121E-003,1.129772863350809E-003,1.297263312153518E-003,1.339609501883388E-003,
2.481300000000000E+009,1.101867877878249E-003,1.158586936071515E-003,1.206087530590594E-003,1.150972093455494E-003,
2.481333333333334E+009,1.216496690176427E-003,1.148600014857948E-003,1.330855302512646E-003,1.171726267784834E-003,
2.481366666666667E+009,1.215894357301295E-003,1.264892285689712E-003,1.260671648196876E-003,1.200942322611809E-003,
2.481400000000000E+009,1.100923749618232E-003,1.097931992262602E-003,1.234730356372893E-003,1.097041880711913E-003,
2.481433333333334E+009,1.177432830445468E-003,1.225644489750266E-003,1.180271734483540E-003,1.042904448695481E-003,
2.481466666666667E+009,1.315790461376309E-003,1.080119865946472E-003,1.137848827056587E-003,1.178068690933287E-003,
2.481500000000000E+009,1.294283894822002E-003,1.112771802581847E-003,1.064603449776769E-003,1.034164917655289E-003,
2.481533333333334E+009,1.207455294206739E-003,9.356457740068436E-004,1.244414946995676E-003,1.069967867806554E-003,
2.481566666666667E+009,1.228903071023524E-003,1.085047959350050E-003,1.280799740925431E-003,1.057813642546535E-003,
2.481600000000000E+009,1.356778899207711E-003,9.999584872275591E-004,1.142939785495400E-003,9.607427637092769E-004,
2.481633333333334E+009,1.183627522550523E-003,9.289570734836161E-004,1.083325361832976E-003,8.374848985113204E-004,
2.481666666666667E+009,1.200286322273314E-003,9.277468197979033E-004,1.270675682462752E-003,1.127225812524557E-003,
2.481700000000000E+009,1.227849163115025E-003,1.028904924169183E-003,1.314581604674459E-003,1.144386595115066E-003,
2.481733333333334E+009,1.166634028777480E-003,1.137534272857010E-003,1.238105818629265E-003,1.074045547284186E-003,
2.481766666666667E+009,1.394244027324021E-003,1.132515841163695E-003,1.257085357792676E-003,1.071961945854127E-003,
2.481800000000000E+009,1.013205735944212E-003,1.045711454935372E-003,1.297700800932944E-003,1.004868885502219E-003,
2.481833333333334E+009,1.348441117443144E-003,9.454887476749718E-004,1.128531526774168E-003,9.549427777528763E-004,
2.481866666666667E+009,1.286804210394621E-003,1.066465629264712E-003,1.385439303703606E-003,9.508544462732971E-004,
2.481900000000000E+009,1.084513147361577E-003,9.771886980161071E-004,1.135494210757315E-003,1.042493968270719E-003,
2.481933333333334E+009,1.182473613880575E-003,8.498222450725734E-004,1.226028543896973E-003,1.006790436804295E-003,
2.481966666666667E+009,1.163099193945527E-003,9.936912683770061E-004,1.174258301034570E-003,9.315822971984744E-004,
2.482000000000000E+009,1.306687714532018E-003,8.737428579479456E-004,1.304403529502451E-003,1.042756717652082E-003,
2.482033333333334E+009,1.184797612950206E-003,9.935206035152078E-004,1.274495502002537E-003,9.324924321845174E-004,
2.482066666666667E+009,1.183101907372475E-003,1.106792013160884E-003,1.240531681105495E-003,1.033366075716913E-003,
2.482100000000000E+009,1.164779532700777E-003,9.655224275775254E-004,1.302019343711436E-003,9.928563376888633E-004,
2.482133333333334E+009,1.135212020017207E-003,8.500952390022576E-004,1.182323438115418E-003,1.003294833935797E-003,
2.482166666666667E+009,1.121594221331179E-003,1.061919028870761E-003,1.316594774834812E-003,9.944728808477521E-004,
2.482200000000000E+009,1.227399334311485E-003,9.873928502202034E-004,1.110654440708458E-003,8.906593429856002E-004,
2.482233333333334E+009,1.367456046864390E-003,9.005530155263841E-004,1.232578535564244E-003,1.004876103252173E-003,
2.482266666666667E+009,1.151291071437299E-003,8.297416497953236E-004,1.217270037159324E-003,9.265681728720665E-004,
2.482300000000000E+009,1.306724734604359E-003,8.648218936286867E-004,1.328453188762069E-003,8.473062771372497E-004,
2.482333333333334E+009,1.185452216304839E-003,1.013002940453589E-003,1.286998391151428E-003,1.109499833546579E-003,
2.482366666666667E+009,1.144446781836450E-003,8.796259644441307E-004,1.245532650500536E-003,8.716217707842588E-004,
2.482400000000000E+009,1.263252343051136E-003,7.749130600132048E-004,1.234664698131383E-003,9.977868758141995E-004,
2.482433333333334E+009,1.313954475335777E-003,9.034798713400960E-004,1.328401849605143E-003,7.494838209822774E-004,
2.482466666666667E+009,1.258619478903711E-003,7.987047429196537E-004,1.240418874658644E-003,8.837629575282335E-004,
2.482500000000000E+009,1.388641539961100E-003,7.756389677524567E-004,1.342560979537666E-003,8.836212218739092E-004,
2.482533333333334E+009,1.159828738309443E-003,8.718431345187128E-004,1.124292262829840E-003,8.309060940518975E-004,
2.482566666666667E+009,1.283455058000982E-003,7.564174011349678E-004,1.173663418740034E-003,8.522830903530121E-004,
2.482600000000000E+009,1.331751118414104E-003,9.229392162524164E-004,1.207070541568101E-003,7.686645258218050E-004,
2.482633333333334E+009,1.163310720585287E-003,8.315294981002808E-004,1.169661525636911E-003,8.275003056041896E-004,
2.482666666666667E+009,1.212539034895599E-003,8.335702586919069E-004,1.193345990031958E-003,7.559440564364195E-004,
2.482700000000000E+009,1.221901969984174E-003,8.355454192496836E-004,1.189680304378271E-003,8.010236779227853E-004,
2.482733333333334E+009,1.343174139037728E-003,8.262417977675796E-004,1.184249995276332E-003,8.342205546796322E-004,
2.482766666666667E+009,1.330514205619693E-003,7.797014550305903E-004,1.153386081568897E-003,7.311790832318366E-004,
2.482800000000000E+009,1.202173531055450E-003,7.138665532693267E-004,1.238274853676558E-003,7.365138153545559E-004,
2.482833333333334E+009,1.384431612677872E-003,7.008358952589333E-004,1.268144813366234E-003,6.948599475435913E-004,
2.482866666666667E+009,1.203504507429898E-003,8.406289853155613E-004,1.126527669839561E-003,7.461498607881367E-004,
2.482900000000000E+009,1.375525374896824E-003,8.203110774047673E-004,1.174225471913815E-003,6.307206931523979E-004,
2.482933333333334E+009,1.212943578138948E-003,8.850439917296171E-004,1.240401063114405E-003,5.978768458589912E-004,
2.482966666666667E+009,1.235926523804665E-003,7.383447373285890E-004,1.311053521931171E-003,7.128233555704355E-004,
2.483000000000000E+009,1.037689740769565E-003,5.476076039485633E-004,1.180216670036316E-003,7.139646913856268E-004,
2.483033333333334E+009,1.304175239056349E-003,7.238395046442747E-004,1.179666258394718E-003,6.284899427555502E-004,
2.483066666666667E+009,1.316233654506505E-003,6.281604873947799E-004,1.204431871883571E-003,6.900681764818728E-004,
2.483100000000000E+009,1.238066935911775E-003,7.767078350298107E-004,1.234827795997262E-003,6.394232041202486E-004,
2.483133333333334E+009,1.170983538031578E-003,5.640148301608861E-004,1.249858061783016E-003,5.276401061564684E-004,
2.483166666666667E+009,1.120800967328250E-003,5.153592210263014E-004,1.181926112622023E-003,5.056301597505808E-004,
2.483200000000000E+009,1.180201070383191E-003,4.986705025658011E-004,1.216900302097201E-003,5.066415178589523E-004,
2.483233333333334E+009,1.209642039611936E-003,4.133690090384334E-004,1.120820525102317E-003,5.972578073851764E-004,
2.483266666666667E+009,1.227150904014707E-003,4.800953029189259E-004,1.142753055319190E-003,5.210549570620060E-004,
2.483300000000000E+009,1.201248378492892E-003,4.060599603690207E-004,1.133434358052909E-003,6.913290708325803E-004,
2.483333333333334E+009,1.052668434567750E-003,5.705016665160656E-004,1.079981797374785E-003,6.864768220111728E-004,
2.483366666666667E+009,1.184798427857459E-003,5.399450310505927E-004,1.093924394808710E-003,6.093223346397281E-004,
2.483400000000000E+009,1.086501404643059E-003,6.060898303985596E-004,1.166825997643173E-003,5.572551744990051E-004,
2.483433333333334E+009,1.029109233058989E-003,6.710978341288865E-004,1.019285875372589E-003,5.872073234058917E-004,
2.483466666666667E+009,1.210608286783099E-003,5.811698501929641E-004,1.198588870465756E-003,5.897841183468700E-004,
2.483500000000000E+009,1.134647871367633E-003,4.258643311914057E-004,1.160308835096657E-003,4.890136187896133E-004,
2.483533333333334E+009,1.127067604102194E-003,3.991974808741361E-004,1.266418490558863E-003,6.145830848254263E-004,
2.483566666666667E+009,1.049870857968926E-003,5.397226195782423E-004,1.075743581168354E-003,5.178833962418139E-004,
2.483600000000000E+009,1.118305488489568E-003,4.422509518917650E-004,1.014416804537177E-003,5.352314328774810E-004,
2.483633333333334E+009,1.210573129355907E-003,4.210070765111595E-004,1.194718759506941E-003,3.542141348589212E-004,
2.483666666666667E+009,1.101370784454048E-003,5.550079513341188E-004,1.173804746940732E-003,5.020680255256593E-004,
2.483700000000000E+009,1.083820243366063E-003,6.038172869011760E-004,1.104126800782979E-003,4.125237755943090E-004,
2.483733333333334E+009,1.194439362734556E-003,4.695252573583275E-004,1.092030433937907E-003,4.826750664506108E-004,
2.483766666666667E+009,1.158056431449950E-003,4.815870488528162E-004,1.102388137951493E-003,4.492824082262814E-004,
2.483800000000000E+009,1.079709734767675E-003,4.483425000216812E-004,1.022181590087712E-003,5.027148290537298E-004,
2.483833333333334E+009,1.163132954388857E-003,4.632585332728922E-004,1.103954622521997E-003,4.507685662247241E-004,
2.483866666666667E+009,9.495668346062303E-004,4.675033560488373E-004,1.186990179121494E-003,5.014395574107766E-004,
2.483900000000000E+009,1.081780064851046E-003,4.139299271628261E-004,1.032567815855146E-003,6.452465313486755E-004,
2.483933333333334E+009,1.190935843624175E-003,4.462214710656554E-004,1.119042281061411E-003,3.739589883480221E-004,
2.483966666666667E+009,1.045655226334930E-003,3.879469586536288E-004,1.148479175753892E-003,5.139759159646928E-004,
2.484000000000000E+009,1.152531127445400E-003,3.692688769660890E-004,1.003315323032439E-003,3.664819523692131E-004,
2.484033333333334E+009,1.043803989887238E-003,3.630687133409083E-004,1.020949799567461E-003,5.045786965638399E-004,
2.484066666666667E+009,1.142651424743235E-003,3.599431074690074E-004,1.011446700431407E-003,4.416111332830042E-004,
2.484100000000000E+009,1.063989126123488E-003,3.749458410311490E-004,1.054130611009896E-003,4.953175666742027E-004,
2.484133333333334E+009,1.000155927613378E-003,4.671769274864346E-004,1.049537910148501E-003,5.588891799561679E-004,
2.484166666666667E+009,1.008923863992095E-003,5.228577065281570E-004,9.341286495327950E-004,3.157449827995151E-004,
2.484200000000000E+009,1.052160514518619E-003,3.665495314635336E-004,1.046637888066471E-003,4.365771892480552E-004,
2.484233333333334E+009,1.110519282519817E-003,3.841888974420726E-004,9.468706557527185E-004,3.869981155730784E-004,
2.484266666666667E+009,1.112619531340897E-003,4.829283861909062E-004,1.008104532957077E-003,3.033851680811495E-004,
2.484300000000000E+009,9.278529905714095E-004,3.265492559876293E-004,8.711331756785512E-004,3.844026941806078E-004,
2.484333333333334E+009,1.064239768311381E-003,3.726519353222102E-004,9.067544597201049E-004,2.976385003421456E-004,
2.484366666666667E+009,9.256296325474978E-004,4.499209753703326E-004,1.020311843603849E-003,5.233079427853227E-004,
2.484400000000000E+009,9.443701710551977E-004,3.624733071774244E-004,8.317680913023651E-004,4.284451715648174E-004,
2.484433333333334E+009,1.127056544646621E-003,3.096137079410255E-004,9.712832979857922E-004,3.259893273934722E-004,
2.484466666666667E+009,1.071467413567007E-003,2.752793079707772E-004,9.991920087486506E-004,3.107969241682440E-004,
2.484500000000000E+009,9.503921028226614E-004,4.378235607873648E-004,9.744181879796088E-004,4.053484299220145E-004,
2.484533333333334E+009,9.965701028704643E-004,3.702630929183215E-004,9.771714685484767E-004,3.202457446604967E-004,
2.484566666666667E+009,9.869239293038845E-004,3.824187151622027E-004,9.419911657460034E-004,2.721697092056274E-004,
2.484600000000000E+009,9.378743125125766E-004,3.337423841003329E-004,9.471735684201121E-004,3.367788740433753E-004,
2.484633333333334E+009,9.052084060385823E-004,3.686806012410671E-004,7.861418416723609E-004,3.297773364465684E-004,
2.484666666666667E+009,8.513014763593674E-004,3.086894575972110E-004,9.778280509635806E-004,3.012043307535350E-004,
2.484700000000000E+009,9.180761408060789E-004,2.154725370928645E-004,8.887450094334781E-004,2.004742127610371E-004,
2.484733333333334E+009,9.136137668974698E-004,2.120408316841349E-004,8.297101594507694E-004,3.171471180394292E-004,
2.484766666666667E+009,9.385456214658916E-004,2.937438548542559E-004,7.031533168628812E-004,1.034258893923834E-004,
2.484800000000000E+009,8.453747141174972E-004,2.349151327507570E-004,7.341686286963522E-004,1.079279463738203E-004,
2.484833333333334E+009,9.924519108608365E-004,2.762731746770442E-004,8.535348461009562E-004,2.193855470977724E-004,
2.484866666666667E+009,9.158102911897004E-004,2.567224437370896E-004,8.023096597753465E-004,4.147403524257243E-004,
2.484900000000000E+009,8.857858483679593E-004,2.224733470939100E-004,8.735655574128032E-004,3.155590675305575E-004,
2.484933333333334E+009,8.307202369906008E-004,2.843370311893523E-004,8.787448168732226E-004,2.071026392513886E-004,
2.484966666666667E+009,8.665425120852888E-004,3.081425675190985E-004,9.852029616013169E-004,2.147133491234854E-004,
2.485000000000000E+009,8.470824104733765E-004,2.647738729137927E-004,8.709920221008360E-004,2.696996671147645E-004,
2.485033333333334E+009,8.258922025561333E-004,3.531934926286340E-004,8.314497536048293E-004,3.281211829744279E-004,
2.485066666666667E+009,1.011644024401903E-003,2.669634413905442E-004,7.593397167511284E-004,2.242465998278931E-004,
2.485100000000000E+009,9.532482363283634E-004,2.807933487929404E-004,8.646213100291789E-004,2.560636785347015E-004,
2.485133333333334E+009,8.638127474114299E-004,1.595398643985391E-004,9.294947376474738E-004,3.250542795285583E-004,
2.485166666666667E+009,8.276466396637261E-004,2.690284454729408E-004,8.404806721955538E-004,3.455033584032208E-004,
2.485200000000000E+009,8.491172338835895E-004,3.410376375541091E-004,7.991975871846080E-004,3.514249110594392E-004,
2.485233333333334E+009,7.785509806126356E-004,2.234545390820131E-004,7.476547616533935E-004,3.013338427990675E-004,
2.485266666666667E+009,8.906102157197893E-004,2.550025237724185E-004,8.032736368477345E-004,3.497803991194814E-004,
2.485300000000000E+009,7.682582363486290E-004,2.525547170080245E-004,8.742459467612207E-004,2.686980296857655E-004,
2.485333333333334E+009,8.533242507837713E-004,3.883929457515478E-004,7.650882471352816E-004,2.429621235933155E-004,
2.485366666666667E+009,8.774378802627325E-004,3.150639822706580E-004,9.235206525772810E-004,1.914785389089957E-004,
2.485400000000000E+009,8.082478307187557E-004,2.459998650010675E-004,8.124315645545721E-004,3.622632939368486E-004,
2.485433333333334E+009,8.114450029097498E-004,4.223535652272403E-004,7.088718120940030E-004,2.566025359556079E-004,
2.485466666666667E+009,6.847116746939719E-004,3.346735029481351E-004,7.454027072526515E-004,3.426863695494831E-004,
2.485500000000000E+009,8.852376486174762E-004,3.668447316158563E-004,8.125978638418019E-004,3.460347070358694E-004,
2.485533333333334E+009,7.775543490424752E-004,3.614990564528853E-004,7.573253242298961E-004,1.577699149493128E-004,
2.485566666666667E+009,7.218359969556332E-004,4.376970464363694E-004,6.789211765863001E-004,3.492694231681526E-004,
2.485600000000000E+009,7.598084630444646E-004,3.457246057223529E-004,7.276393007487059E-004,3.194398013874888E-004,
2.485633333333334E+009,7.651912164874375E-004,2.554803213570267E-004,8.727417443878949E-004,3.229322901461273E-004,
2.485666666666667E+009,6.926775677129626E-004,3.597984323278070E-004,7.471793796867132E-004,3.292911569587886E-004,
2.485700000000000E+009,6.833102670498192E-004,3.347861638758332E-004,7.825519423931837E-004,3.123682399746031E-004,
2.485733333333334E+009,7.009009132161737E-004,2.414667251287028E-004,8.168037165887654E-004,3.955333959311247E-004,
2.485766666666667E+009,7.082310039550066E-004,1.416494051227346E-004,7.044960511848331E-004,4.639838007278740E-004,
2.485800000000000E+009,6.975423311814666E-004,2.872071345336735E-004,6.339899264276028E-004,2.978050033561885E-004,
2.485833333333334E+009,7.140208035707474E-004,3.305930877104402E-004,7.168977754190564E-004,4.171315813437104E-004,
2.485866666666667E+009,8.410392911173403E-004,2.935176889877766E-004,6.287057767622173E-004,3.379480913281441E-004,
2.485900000000000E+009,8.728899410925806E-004,3.453649696893990E-004,7.938781636767089E-004,4.586078284773976E-004,
2.485933333333334E+009,6.333614583127201E-004,3.383764124009758E-004,8.193812682293356E-004,3.338880778755993E-004,
2.485966666666667E+009,7.435315637849271E-004,2.657391305547208E-004,8.095564553514123E-004,4.264415183570236E-004,
2.486000000000000E+009,6.829736521467567E-004,2.786098921205849E-004,7.394684362225235E-004,4.582439432851970E-004,
2.486033333333334E+009,6.850102217867971E-004,3.710823657456785E-004,7.143530528992415E-004,3.562167694326490E-004,
2.486066666666667E+009,6.392752402462065E-004,3.235928306821734E-004,7.908975239843130E-004,4.120514495298266E-004,
2.486100000000000E+009,7.471884600818157E-004,2.906009613070637E-004,6.702473619952798E-004,4.093208699487150E-004,
2.486133333333334E+009,7.062631775625050E-004,2.758556802291423E-004,7.461237837560475E-004,2.690635155886412E-004,
2.486166666666667E+009,6.955270073376596E-004,3.117138112429529E-004,7.339684525504708E-004,4.155783390160650E-004,
2.486200000000000E+009,8.252377738244832E-004,2.916516677942127E-004,6.315744831226766E-004,3.052269748877734E-004,
2.486233333333334E+009,5.440750392153859E-004,3.258389479015023E-004,6.440287688747048E-004,4.019799234811217E-004,
2.486266666666667E+009,7.573766633868218E-004,3.358912072144449E-004,6.455099210143089E-004,3.410732024349272E-004,
2.486300000000000E+009,5.765428650192916E-004,4.416817391756922E-004,6.728444714099169E-004,2.681307087186724E-004,
2.486333333333334E+009,5.791671574115753E-004,4.324995679780841E-004,5.738379550166428E-004,3.689420409500599E-004,
2.486366666666667E+009,4.560090892482549E-004,4.965017433278263E-004,6.529805250465870E-004,3.816346579696983E-004,
2.486400000000000E+009,5.566523759625852E-004,3.497957659419626E-004,5.999556742608547E-004,4.736321861855686E-004,
2.486433333333334E+009,5.758844199590385E-004,3.019236610271037E-004,6.562299677170813E-004,3.181916545145214E-004,
2.486466666666667E+009,6.451494991779327E-004,5.147211486473680E-004,5.994153907522559E-004,4.400300385896117E-004,
2.486500000000000E+009,6.717995856888592E-004,4.414149443618953E-004,6.588965188711882E-004,3.641656658146530E-004,
2.486533333333334E+009,7.102629169821739E-004,3.027836501132697E-004,7.633528439328075E-004,3.412358928471804E-004,
2.486566666666667E+009,6.124307401478291E-004,5.199466831982136E-004,6.806189194321632E-004,5.261749611236155E-004,
2.486600000000000E+009,5.130756762810051E-004,4.994708579033613E-004,6.139669567346573E-004,4.675287345889956E-004,
2.486633333333334E+009,6.828926852904260E-004,4.614260687958449E-004,6.858662818558514E-004,4.015293088741601E-004,
2.486666666666667E+009,5.580489523708820E-004,4.410507099237293E-004,6.463453755713999E-004,3.353981301188469E-004,
2.486700000000000E+009,6.020101718604565E-004,4.381977487355471E-004,6.831219652667642E-004,4.343263281043619E-004,
2.486733333333334E+009,6.099991733208299E-004,5.340196657925844E-004,8.825960685499013E-004,4.891116986982524E-004,
2.486766666666667E+009,6.965687498450279E-004,4.268591583240777E-004,7.186381844803691E-004,4.652516217902303E-004,
2.486800000000000E+009,7.524233660660684E-004,5.490318289957941E-004,7.830436807125807E-004,4.262946604285389E-004,
2.486833333333334E+009,6.510852836072445E-004,4.990170709788799E-004,8.000024245120585E-004,5.011874018236995E-004,
2.486866666666667E+009,7.313566748052836E-004,6.084190099500120E-004,7.077972986735404E-004,4.046522080898285E-004,
2.486900000000000E+009,6.471045198850334E-004,4.577120998874307E-004,6.826488533988595E-004,4.494981549214572E-004,
2.486933333333334E+009,6.070634699426591E-004,5.031062755733728E-004,6.948921945877373E-004,5.508390604518354E-004,
2.486966666666667E+009,6.104224594309926E-004,4.028939583804458E-004,6.471762317232788E-004,5.122952279634774E-004,
2.487000000000000E+009,7.256312528625131E-004,3.280620148871094E-004,6.779239047318697E-004,4.579719679895788E-004,
2.487033333333334E+009,6.796436500735581E-004,3.546006628312171E-004,7.301311707124114E-004,3.916087152902037E-004,
2.487066666666667E+009,5.571783985942602E-004,3.827729087788612E-004,6.273188046179712E-004,5.236973520368338E-004,
2.487100000000000E+009,7.150500896386802E-004,5.504201399162412E-004,6.559538305737078E-004,3.999259788542986E-004,
2.487133333333334E+009,6.502658361569047E-004,3.591534041333944E-004,6.779885152354837E-004,5.230183596722782E-004,
2.487166666666667E+009,5.238551530055702E-004,3.334622888360173E-004,6.522688199765980E-004,4.910259158350527E-004,
2.487200000000000E+009,6.682769744656980E-004,3.519176971167326E-004,7.136223721317947E-004,6.243297248147428E-004,
2.487233333333334E+009,7.052475702948868E-004,3.608906408771873E-004,5.711381672881544E-004,4.492939333431423E-004,
2.487266666666667E+009,6.066271453164518E-004,4.321195010561496E-004,7.099421927705407E-004,4.292453813832253E-004,
2.487300000000000E+009,7.255253731273115E-004,4.011880664620549E-004,6.544585339725018E-004,5.175668047741056E-004,
2.487333333333334E+009,6.940622115507722E-004,4.403170896694064E-004,6.988677778281272E-004,5.541992723010480E-004,
2.487366666666667E+009,7.982809329405427E-004,4.623262211680412E-004,7.425484363920987E-004,4.123526741750538E-004,
2.487400000000000E+009,6.825692835263908E-004,5.407966673374176E-004,7.831695838831365E-004,5.904847639612854E-004,
2.487433333333334E+009,6.549183744937182E-004,4.540995869319886E-004,7.385605131275952E-004,4.683112783823162E-004,
2.487466666666667E+009,7.959416252560914E-004,5.139530403539538E-004,9.138719760812819E-004,4.890144336968660E-004,
2.487500000000000E+009,5.938127287663519E-004,4.866016679443419E-004,6.656851619482040E-004,4.426167288329452E-004,
2.487533333333334E+009,7.543711108155549E-004,4.674327792599797E-004,6.793226930312812E-004,4.112649185117334E-004,
2.487566666666667E+009,6.735486094839871E-004,4.680060665123165E-004,8.473411435261369E-004,6.179015617817640E-004,
2.487600000000000E+009,7.210046751424670E-004,4.327985225245357E-004,6.345499423332512E-004,5.952306091785431E-004,
2.487633333333334E+009,6.575925508514047E-004,4.502796800807118E-004,7.937219925224781E-004,4.603663110174239E-004,
2.487666666666667E+009,6.653214804828167E-004,3.523702034726739E-004,6.994121940806508E-004,3.770525509025902E-004,
2.487700000000000E+009,7.496701437048614E-004,4.250317870173603E-004,7.361616007983685E-004,4.447246319614351E-004,
2.487733333333334E+009,6.468571373261511E-004,4.605296126101166E-004,7.938005728647113E-004,3.307095030322671E-004,
2.487766666666667E+009,7.388610974885523E-004,3.890332882292569E-004,6.724743871018291E-004,4.943869425915182E-004,
2.487800000000000E+009,6.997995660640299E-004,3.812200156971812E-004,7.690355996601284E-004,4.565821145661175E-004,
2.487833333333334E+009,7.618509698659182E-004,5.009621963836253E-004,6.052876124158502E-004,4.758484719786793E-004,
2.487866666666667E+009,6.439806311391294E-004,5.517865065485239E-004,7.019229233264923E-004,4.533458559308201E-004,
2.487900000000000E+009,4.605969879776239E-004,4.243493604008108E-004,6.315868813544512E-004,5.273907445371151E-004,
2.487933333333334E+009,5.507288733497262E-004,5.287131061777473E-004,6.531313993036747E-004,5.800721119157970E-004,
2.487966666666667E+009,5.488890456035733E-004,5.423394031822681E-004,5.187796195968986E-004,6.017744308337569E-004,
2.488000000000000E+009,6.095093558542430E-004,4.795506829395890E-004,6.329133175313473E-004,4.321795131545514E-004,
2.488033333333334E+009,6.590409902855754E-004,3.822249418590218E-004,7.005191291682422E-004,4.670672642532736E-004,
2.488066666666667E+009,7.632739725522697E-004,5.840029916726053E-004,8.655871497467160E-004,5.335882306098938E-004,
2.488100000000000E+009,6.074242992326617E-004,4.612504271790385E-004,6.905136979185045E-004,3.939050075132400E-004,
2.488133333333334E+009,8.393146563321352E-004,4.756106936838478E-004,7.583990227431059E-004,4.813591658603400E-004,
2.488166666666667E+009,7.439749897457659E-004,5.948623875156045E-004,8.380884537473321E-004,6.343994173221290E-004,
2.488200000000000E+009,7.864080253057182E-004,4.357589059509337E-004,7.314349059015513E-004,5.746004171669483E-004,
2.488233333333334E+009,7.783315959386528E-004,4.833458224311471E-004,7.027917890809476E-004,5.447759176604450E-004,
2.488266666666667E+009,8.461643592454493E-004,5.187633796595037E-004,8.427441352978349E-004,4.601979744620621E-004,
2.488300000000000E+009,7.567547727376223E-004,6.429275963455439E-004,7.029622793197632E-004,4.326432826928794E-004,
2.488333333333334E+009,5.846659187227488E-004,4.332223033998162E-004,8.869419689290226E-004,5.235119024291635E-004,
2.488366666666667E+009,6.947459187358618E-004,5.345996469259262E-004,7.663840660825372E-004,5.400275113061070E-004,
2.488400000000000E+009,7.099882350303233E-004,4.593896155711263E-004,6.824376760050654E-004,5.015523638576269E-004,
2.488433333333334E+009,7.802668260410428E-004,4.897853941656649E-004,8.783824159763753E-004,4.476916219573468E-004,
2.488466666666667E+009,7.503874949179590E-004,6.183459772728384E-004,7.539003272540867E-004,5.480697727762163E-004,
2.488500000000000E+009,7.393663399852812E-004,5.238933954387903E-004,8.769140695221722E-004,5.907595041207969E-004,
2.488533333333334E+009,7.168006268329918E-004,4.244100127834827E-004,8.641509339213371E-004,3.978094318881631E-004,
2.488566666666667E+009,8.730059489607811E-004,4.918530466966331E-004,8.804136305116117E-004,5.002859397791326E-004,
2.488600000000000E+009,8.024728158488870E-004,5.021757679060102E-004,7.717585540376604E-004,5.002572434023023E-004,
2.488633333333334E+009,7.065147510729730E-004,4.180226824246347E-004,7.689821068197489E-004,5.791648873127997E-004,
2.488666666666667E+009,7.503429078496993E-004,5.413367180153728E-004,8.043401176109910E-004,4.279580316506326E-004,
2.488700000000000E+009,7.094413740560412E-004,5.666010547429323E-004,7.305325125344098E-004,5.497518577612937E-004,
2.488733333333334E+009,6.766030564904213E-004,5.208392976783216E-004,7.612406625412405E-004,5.391529412008822E-004,
2.488766666666667E+009,8.487908053211868E-004,4.479940107557923E-004,8.356008329428732E-004,4.652847128454596E-004,
2.488800000000000E+009,8.183472673408687E-004,4.754611873067915E-004,7.873966824263334E-004,4.715571703854948E-004,
2.488833333333334E+009,7.425301591865718E-004,4.947151755914092E-004,7.596360519528389E-004,5.551161593757570E-004,
2.488866666666667E+009,7.486929534934461E-004,4.823080671485513E-004,9.497331338934600E-004,3.263585385866463E-004,
2.488900000000000E+009,7.624517311342061E-004,4.756349080707878E-004,8.129328489303589E-004,4.756685812026262E-004,
2.488933333333334E+009,8.305315859615803E-004,4.404926730785519E-004,8.470496977679431E-004,5.540955462493002E-004,
2.488966666666667E+009,7.512611919082701E-004,3.819093690253794E-004,7.643816061317921E-004,5.306509556248784E-004,
2.489000000000000E+009,7.834093994461000E-004,4.285097820684314E-004,6.996450829319656E-004,5.371130537241697E-004,
2.489033333333334E+009,7.711477810516954E-004,4.616176011040807E-004,8.318932377733290E-004,5.493517965078354E-004,
2.489066666666667E+009,7.285009487532079E-004,4.902371438220143E-004,7.767237257212400E-004,4.853604477830231E-004,
2.489100000000000E+009,7.052852306514978E-004,3.908733779098839E-004,7.940993527881801E-004,4.648505127988756E-004,
2.489133333333334E+009,8.110205526463687E-004,4.864900256507099E-004,7.894593873061240E-004,5.115843378007412E-004,
2.489166666666667E+009,7.112090243026614E-004,5.668888334184885E-004,7.870073895901442E-004,6.037607672624290E-004,
2.489200000000000E+009,7.037186296656728E-004,6.702025420963764E-004,7.732352823950350E-004,5.221100291237235E-004,
2.489233333333334E+009,6.682596867904067E-004,3.518323064781725E-004,7.556820637546480E-004,5.855174968019128E-004,
2.489266666666667E+009,8.319988264702261E-004,3.664992400445044E-004,8.279131143353880E-004,6.074352422729135E-004,
2.489300000000000E+009,7.255677483044565E-004,4.079303180333227E-004,6.226914701983333E-004,5.638844450004399E-004,
2.489333333333334E+009,7.929424755275250E-004,5.198142607696354E-004,7.801639148965478E-004,4.743944446090609E-004,
2.489366666666667E+009,6.980078178457916E-004,4.531986778602004E-004,8.526737801730633E-004,5.825255648232997E-004,
2.489400000000000E+009,7.233867654576898E-004,4.688634362537414E-004,7.801125175319612E-004,6.359093822538853E-004,
2.489433333333334E+009,7.642311393283308E-004,4.488666891120374E-004,7.445113733410835E-004,5.961701390333474E-004,
2.489466666666667E+009,7.765779155306518E-004,5.883479607291520E-004,7.115981425158680E-004,6.252777529880405E-004,
2.489500000000000E+009,7.271405775099993E-004,5.170253571122885E-004,8.037268999032676E-004,6.510319653898478E-004,
2.489533333333334E+009,6.821932038292289E-004,7.494397577829659E-004,7.630767649970949E-004,5.764322122558951E-004,
2.489566666666667E+009,8.442672551609576E-004,5.690636462531984E-004,7.299993303604424E-004,5.653817206621170E-004,
2.489600000000000E+009,7.548713474534452E-004,5.006368155591190E-004,6.970998365432024E-004,4.915986210107803E-004,
2.489633333333334E+009,6.633530720137060E-004,4.068937560077757E-004,8.372173761017621E-004,4.477095499169081E-004,
2.489666666666667E+009,9.160131448879838E-004,5.777652258984745E-004,9.938853327184916E-004,4.750314110424370E-004,
2.489700000000000E+009,7.300315774045885E-004,6.009296630509198E-004,9.304619743488729E-004,4.224568547215313E-004,
2.489733333333334E+009,9.187282994389534E-004,5.748934345319867E-004,8.491954067721963E-004,5.631810054183006E-004,
2.489766666666667E+009,6.752198096364737E-004,4.173269262537360E-004,9.146388038061559E-004,5.820479709655047E-004,
2.489800000000000E+009,8.013959159143269E-004,4.126865242142230E-004,8.416853961534798E-004,5.460337270051241E-004,
2.489833333333334E+009,7.088834536261857E-004,4.554270126391202E-004,8.914285572245717E-004,5.917223170399666E-004,
2.489866666666667E+009,6.757786613889039E-004,4.049877752549946E-004,9.385736193507910E-004,3.833194205071777E-004,
2.489900000000000E+009,9.201173088513315E-004,4.744706966448575E-004,9.083284530788660E-004,6.089293747209013E-004,
2.489933333333334E+009,9.278214420191944E-004,4.661228449549526E-004,8.652604301460087E-004,5.611231899820268E-004,
2.489966666666667E+009,9.606106905266643E-004,4.715693939942867E-004,8.011352620087564E-004,4.161623946856707E-004,
2.490000000000000E+009,7.837715675123036E-004,4.340759478509426E-004,9.226859547197819E-004,5.985542084090412E-004,
2.490033333333334E+009,7.407483062706888E-004,4.385990323498845E-004,8.996388060040772E-004,4.497141053434461E-004,
2.490066666666667E+009,9.026768966577947E-004,5.012856563553214E-004,9.442174341529608E-004,5.461257533170283E-004,
2.490100000000000E+009,8.135184179991484E-004,3.809878835454583E-004,8.221935131587088E-004,5.121892318129540E-004,
2.490133333333334E+009,8.397717028856278E-004,4.375214339233935E-004,9.505815687589347E-004,5.304311634972692E-004,
2.490166666666667E+009,9.302709368057549E-004,4.871185810770840E-004,8.824358810670674E-004,5.077461246401072E-004,
2.490200000000000E+009,7.573513430543244E-004,5.384508986026049E-004,1.034440705552697E-003,4.134611517656595E-004,
2.490233333333334E+009,8.929030736908317E-004,4.998791264370084E-004,9.494880796410143E-004,5.344428354874253E-004,
2.490266666666667E+009,9.795466903597117E-004,4.485986428335309E-004,8.090264745987952E-004,5.700219771824777E-004,
2.490300000000000E+009,7.768212235532701E-004,5.421123350970447E-004,9.289546287618578E-004,4.730767395813018E-004,
2.490333333333334E+009,7.686720346100628E-004,5.724842194467783E-004,9.383599972352386E-004,4.941563820466399E-004,
2.490366666666667E+009,7.921088836155832E-004,4.275684186723083E-004,9.169700206257403E-004,6.001688307151198E-004,
2.490400000000000E+009,9.403186850249767E-004,2.524807932786644E-004,8.928671595640481E-004,5.112768849357963E-004,
2.490433333333334E+009,8.182546007446945E-004,5.497045931406319E-004,8.454765193164349E-004,3.501968167256564E-004,
2.490466666666667E+009,8.161604055203497E-004,5.328968400135636E-004,9.342638659290969E-004,5.509679322130978E-004,
2.490500000000000E+009,8.829573052935302E-004,4.896436003036797E-004,1.002769568003714E-003,6.187381222844124E-004,
2.490533333333334E+009,8.588987402617931E-004,4.945140681229532E-004,9.596039890311658E-004,5.487365997396410E-004,
2.490566666666667E+009,9.897390846163034E-004,5.286329542286694E-004,9.787783492356539E-004,4.881921631749719E-004,
2.490600000000000E+009,1.040058443322778E-003,4.340878513175994E-004,9.183984366245568E-004,4.211956984363496E-004,
2.490633333333334E+009,1.083934213966131E-003,5.453163175843656E-004,9.669261635281146E-004,4.048348928336054E-004,
2.490666666666667E+009,8.553446969017386E-004,5.381989176385105E-004,9.000689606182277E-004,4.941198276355863E-004,
2.490700000000000E+009,8.657870348542929E-004,4.328641807660461E-004,9.446360636502504E-004,5.198987782932818E-004,
2.490733333333334E+009,9.442726150155067E-004,3.972683916799724E-004,8.268380770459771E-004,5.024962010793388E-004,
2.490766666666667E+009,1.188732683658600E-003,5.398170324042440E-004,9.591425769031048E-004,5.999064305797219E-004,
2.490800000000000E+009,8.822964155115187E-004,3.940184542443603E-004,9.780121035873890E-004,5.924130673520267E-004,
2.490833333333334E+009,9.735953644849360E-004,4.491152358241379E-004,1.015664776787162E-003,3.918637521564961E-004,
2.490866666666667E+009,9.115159045904875E-004,4.057190672028810E-004,1.031799358315766E-003,5.139455315656960E-004,
2.490900000000000E+009,8.108934853225946E-004,3.686462005134672E-004,1.068945508450270E-003,3.559629549272358E-004,
2.490933333333334E+009,9.209515410475433E-004,4.349606169853360E-004,9.696289780549705E-004,4.740201111417264E-004,
2.490966666666667E+009,8.612061501480639E-004,5.535483360290527E-004,9.029576904140413E-004,5.124180461280048E-004,
2.491000000000000E+009,7.981418166309595E-004,6.577491294592619E-004,8.063485729508102E-004,5.100533599033952E-004,
2.491033333333334E+009,8.718473836779594E-004,4.764300538226962E-004,8.462786790914834E-004,6.599034531973302E-004,
2.491066666666667E+009,9.247131529264152E-004,6.321870605461299E-004,7.714144885540009E-004,6.224542739801109E-004,
2.491100000000000E+009,9.650134015828371E-004,5.193607066757977E-004,1.051912666298449E-003,6.781074334867299E-004,
2.491133333333334E+009,9.845827007666230E-004,6.147532258182764E-004,9.351100306957960E-004,5.522358114831150E-004,
2.491166666666667E+009,1.037758076563478E-003,4.789710801560432E-004,9.623292135074735E-004,5.100191337987781E-004,
2.491200000000000E+009,9.525637724436820E-004,4.648291505873203E-004,1.045246259309351E-003,5.215866258367896E-004,
2.491233333333334E+009,9.889347711578012E-004,5.416812491603196E-004,9.533379925414920E-004,6.295126513577998E-004,
2.491266666666667E+009,9.394445223733783E-004,4.920305218547583E-004,9.598812321200967E-004,4.777740687131882E-004,
2.491300000000000E+009,1.020299037918448E-003,4.376343858893961E-004,9.997690794989467E-004,4.509215068537742E-004,
2.491333333333334E+009,9.945967467501760E-004,5.463066045194864E-004,1.095235580578446E-003,4.701540456153452E-004,
2.491366666666667E+009,1.000752672553062E-003,4.684305458795279E-004,8.060651016421616E-004,5.414690240286291E-004,
2.491400000000000E+009,8.634938276372850E-004,2.572069352027029E-004,1.032831496559084E-003,4.680037091020495E-004,
2.491433333333334E+009,1.065143384039402E-003,4.528651479631662E-004,9.970811661332846E-004,4.355442943051457E-004,
2.491466666666667E+009,8.932953933253884E-004,4.333412507548928E-004,8.751684799790382E-004,6.081138853915036E-004,
2.491500000000000E+009,1.069918740540743E-003,5.225483328104019E-004,1.008001505397260E-003,5.237028817646205E-004,
2.491533333333334E+009,9.154254221357405E-004,5.437486688606441E-004,9.661156800575554E-004,5.371518200263381E-004,
2.491566666666667E+009,9.632956353016198E-004,4.784353077411652E-004,9.838663972914219E-004,5.061941919848323E-004,
2.491600000000000E+009,9.699932998046279E-004,5.943207652308047E-004,8.885576971806586E-004,4.192192864138633E-004,
2.491633333333334E+009,9.846674511209130E-004,6.514925626106560E-004,9.025563485920429E-004,4.155050555709750E-004,
2.491666666666667E+009,9.624509839341044E-004,4.405041399877518E-004,9.634926100261509E-004,4.967713612131774E-004,
2.491700000000000E+009,1.087809097953141E-003,4.164165875408799E-004,1.080638496205211E-003,4.244382143951953E-004,
2.491733333333334E+009,1.041218172758818E-003,5.248601082712412E-004,1.029534265398979E-003,4.494705353863537E-004,
2.491766666666667E+009,1.194181502796710E-003,4.105124389752746E-004,1.118909567594528E-003,5.284156650304794E-004,
2.491800000000000E+009,9.636136237531900E-004,5.362593219615519E-004,1.101269503124058E-003,5.052149062976241E-004,
2.491833333333334E+009,1.031423453241587E-003,4.024145309813321E-004,9.706608834676445E-004,6.155421724542975E-004,
2.491866666666667E+009,1.054753665812314E-003,3.489561204332858E-004,1.043125172145665E-003,5.455799400806427E-004,
2.491900000000000E+009,1.038814079947770E-003,5.630336236208677E-004,1.053137006238103E-003,3.779986582230777E-004,
2.491933333333334E+009,1.111169578507543E-003,4.066607798449695E-004,8.668523514643312E-004,4.300664586480707E-004,
2.491966666666667E+009,1.081730122677982E-003,4.904039087705314E-004,1.076084910891950E-003,3.915771667379886E-004,
2.492000000000000E+009,1.104363356716931E-003,5.403414834290743E-004,9.767106967046857E-004,4.936029436066747E-004,
2.492033333333334E+009,1.106331706978381E-003,5.148005438968539E-004,1.074019586667419E-003,3.215940960217267E-004,
2.492066666666667E+009,1.016997033730149E-003,5.064136348664761E-004,1.086681499145925E-003,3.491846437100321E-004,
2.492100000000000E+009,1.160143991000950E-003,4.429501132108271E-004,1.091339159756899E-003,4.626811132766306E-004,
2.492133333333334E+009,1.118804910220206E-003,4.601367400027812E-004,1.090624835342169E-003,4.011992423329502E-004,
2.492166666666667E+009,9.449940407648683E-004,4.821592301595956E-004,1.110936747863889E-003,6.013295496813953E-004,
2.492200000000000E+009,9.793741628527641E-004,4.274218808859587E-004,1.139138359576464E-003,3.508161171339452E-004,
2.492233333333334E+009,1.055713160894811E-003,5.437920917756856E-004,1.067536068148911E-003,4.666425520554185E-004,
2.492266666666667E+009,1.059755566529930E-003,5.409095319919288E-004,1.112149329856038E-003,5.285232327878475E-004,
2.492300000000000E+009,9.995267027989030E-004,3.789093752857298E-004,1.139652216807008E-003,3.672112943604589E-004,
2.492333333333334E+009,9.939833544194698E-004,5.534027004614472E-004,1.177642960101366E-003,4.465632664505392E-004,
2.492366666666667E+009,1.036838046275079E-003,3.464092442300171E-004,1.115317456424236E-003,4.747268976643682E-004,
2.492400000000000E+009,1.134046353399754E-003,4.465624224394560E-004,1.069145044311881E-003,4.003798239864409E-004,
2.492433333333334E+009,1.136690028943121E-003,3.816789539996535E-004,1.142583671025932E-003,5.468403687700629E-004,
2.492466666666667E+009,1.163819921202958E-003,6.029109354130924E-004,1.147631090134382E-003,4.835263534914702E-004,
2.492500000000000E+009,1.130790216848254E-003,4.947106353938580E-004,1.114947372116149E-003,4.752983513753861E-004,
2.492533333333334E+009,1.188571215607226E-003,5.238437443040311E-004,9.963467018678784E-004,4.560132510960102E-004,
2.492566666666667E+009,1.087304786778987E-003,6.290508317761123E-004,1.143355970270932E-003,5.098774563521147E-004,
2.492600000000000E+009,1.027228427119553E-003,5.547079490497708E-004,1.079268404282630E-003,4.272095102351159E-004,
2.492633333333334E+009,1.182642066851258E-003,5.317514296621084E-004,1.073774532414973E-003,4.758672730531544E-004,
2.492666666666667E+009,1.077028806321323E-003,6.394169759005308E-004,1.286871149204671E-003,6.007730262354016E-004,
2.492700000000000E+009,1.156139071099460E-003,5.661890609189868E-004,1.129189622588456E-003,6.898517603985965E-004,
2.492733333333334E+009,1.013845554552972E-003,6.431131041608751E-004,1.193866948597133E-003,5.015413044020534E-004,
2.492766666666667E+009,1.107929158024490E-003,5.961518618278205E-004,1.079734181985259E-003,4.269935016054660E-004,
2.492800000000000E+009,1.154104014858604E-003,5.784847307950258E-004,1.139508676715195E-003,4.514816682785749E-004,
2.492833333333334E+009,1.094150706194341E-003,3.100015746895224E-004,1.258730306290090E-003,4.519854846876115E-004,
2.492866666666667E+009,1.216384465806186E-003,6.943225162103772E-004,1.054653548635542E-003,4.016639431938529E-004,
2.492900000000000E+009,1.171997515484691E-003,2.611070231068879E-004,1.128788688220084E-003,5.628584767691791E-004,
2.492933333333334E+009,1.231463975273073E-003,4.272784572094679E-004,1.179632847197354E-003,4.246712196618319E-004,
2.492966666666667E+009,1.172074349597096E-003,5.358741036616266E-004,1.123451977036893E-003,3.996619489043951E-004,
2.493000000000000E+009,1.075694686733186E-003,5.399418878369033E-004,1.164867077022791E-003,3.749336465261877E-004,
2.493033333333334E+009,1.184755237773061E-003,2.717305324040353E-004,1.172293443232775E-003,3.838546108454466E-004,
2.493066666666667E+009,1.142703229561448E-003,4.282663576304913E-004,1.211691647768021E-003,5.010235472582281E-004,
2.493100000000000E+009,1.234063180163503E-003,3.675727639347315E-004,1.256153802387416E-003,4.625826550181955E-004,
2.493133333333334E+009,1.199054648168385E-003,4.627250018529594E-004,1.207979745231569E-003,3.933962434530258E-004,
2.493166666666667E+009,1.314146909862757E-003,5.090955528430641E-004,1.100560068152845E-003,4.549802397377789E-004,
2.493200000000000E+009,1.260605407878757E-003,4.211120831314474E-004,1.226458116434515E-003,3.519209567457438E-004,
2.493233333333334E+009,1.137262908741832E-003,3.580176562536508E-004,1.176657853648067E-003,2.809047291520983E-004,
2.493266666666667E+009,1.304892939515412E-003,4.399138269945979E-004,1.299626426771283E-003,4.936857731081545E-004,
2.493300000000000E+009,1.230899011716247E-003,3.973286366090179E-004,1.302720513194799E-003,3.342228010296822E-004,
2.493333333333334E+009,1.256578485481441E-003,3.343743155710399E-004,1.130740041844547E-003,3.568502434063703E-004,
2.493366666666667E+009,1.207010471262038E-003,2.875773352570832E-004,1.318039023317397E-003,3.784589935094118E-004,
2.493400000000000E+009,1.226520980708301E-003,4.609124443959445E-004,1.255351118743420E-003,3.893468237947673E-004,
2.493433333333334E+009,1.278880168683827E-003,5.130528006702662E-004,1.282063196413219E-003,2.802186354529113E-004,
2.493466666666667E+009,1.254383940249682E-003,3.593838482629508E-004,1.232884591445327E-003,4.423249047249556E-004,
2.493500000000000E+009,1.301383250392973E-003,3.861344011966139E-004,1.261197263374925E-003,3.913109540008009E-004,
2.493533333333334E+009,1.147830509580672E-003,3.446023911237717E-004,1.266340259462595E-003,3.485319612082094E-004,
2.493566666666667E+009,1.437290688045323E-003,4.787757061421871E-004,1.347848679870367E-003,4.639582475647330E-004,
2.493600000000000E+009,1.326175057329238E-003,4.749946529045701E-004,1.382713089697063E-003,4.027044051326811E-004,
2.493633333333334E+009,1.311068888753653E-003,3.419299609959126E-004,1.314752618782222E-003,4.933084710501134E-004,
2.493666666666667E+009,1.231650938279927E-003,3.952889528591186E-004,1.221046666614711E-003,4.759916628245264E-004,
2.493700000000000E+009,1.384122529998422E-003,4.547607968561351E-004,1.108869910240173E-003,4.311159718781710E-004,
2.493733333333334E+009,1.188986003398895E-003,3.454987891018391E-004,1.335867680609226E-003,4.417179443407804E-004,
2.493766666666667E+009,1.370779005810618E-003,4.307537747081369E-004,1.302779070101678E-003,3.373130457475781E-004,
2.493800000000000E+009,1.273083966225386E-003,3.498364530969411E-004,1.265724655240774E-003,5.011140019632876E-004,
2.493833333333334E+009,1.283072284422815E-003,3.758407838176936E-004,1.512908958829939E-003,4.024528316222131E-004,
2.493866666666667E+009,1.399446395225823E-003,3.081000468228012E-004,1.346914446912706E-003,3.783494466915727E-004,
2.493900000000000E+009,1.275045680813491E-003,3.534309507813305E-004,1.305270590819418E-003,4.226989694871008E-004,
2.493933333333334E+009,1.258441479876638E-003,3.889582294505090E-004,1.337803667411208E-003,4.194604116491973E-004,
2.493966666666667E+009,1.380855333991349E-003,4.485716344788671E-004,1.323803444392979E-003,4.085679247509688E-004,
2.494000000000000E+009,1.340753748081625E-003,2.962306898552924E-004,1.347715617157519E-003,3.767401794902980E-004,
2.494033333333334E+009,1.388516393490136E-003,3.312326734885573E-004,1.361518166959286E-003,4.959611687809229E-004,
2.494066666666667E+009,1.428573857992888E-003,4.541563102975488E-004,1.385895535349846E-003,3.537249576766044E-004,
2.494100000000000E+009,1.298331539146602E-003,5.242005572654307E-004,1.424050191417337E-003,5.440639797598124E-004,
2.494133333333334E+009,1.354546751827002E-003,4.898027400486171E-004,1.317682559601963E-003,4.606251604855061E-004,
2.494166666666667E+009,1.446473412215710E-003,3.703979018609971E-004,1.368362456560135E-003,4.480879870243371E-004,
2.494200000000000E+009,1.426694914698601E-003,4.592696204781532E-004,1.454718760214746E-003,5.575619288720191E-004,
2.494233333333334E+009,1.548907021060586E-003,5.960472626611590E-004,1.363912946544588E-003,4.256103129591793E-004,
2.494266666666667E+009,1.456196536310017E-003,4.243502626195550E-004,1.403282512910664E-003,4.667768662329763E-004,
2.494300000000000E+009,1.494515337981284E-003,3.312701883260161E-004,1.419041887857020E-003,5.195986013859510E-004,
2.494333333333334E+009,1.337174675427377E-003,3.132500860374421E-004,1.470074872486293E-003,4.518844361882657E-004,
2.494366666666667E+009,1.441609114408493E-003,5.174899706616998E-004,1.513060997240245E-003,4.435631853993982E-004,
2.494400000000000E+009,1.396544976159930E-003,4.965171101503074E-004,1.232144539244473E-003,3.981334739364684E-004,
2.494433333333334E+009,1.460301224142313E-003,5.093080690130591E-004,1.456204219721258E-003,4.588872252497822E-004,
2.494466666666667E+009,1.537188771180809E-003,5.260703037492931E-004,1.412975369021297E-003,3.776954254135490E-004,
2.494500000000000E+009,1.498005003668368E-003,3.524995991028845E-004,1.462449785321951E-003,4.446921229828149E-004,
2.494533333333334E+009,1.532142399810255E-003,3.760455583687872E-004,1.356182037852705E-003,4.689373017754406E-004,
2.494566666666667E+009,1.467434922233224E-003,5.227962392382324E-004,1.443285727873445E-003,3.540356119628996E-004,
2.494600000000000E+009,1.503523322753608E-003,3.968093078583479E-004,1.548347645439208E-003,2.893087803386152E-004,
2.494633333333334E+009,1.476942445151508E-003,3.324733115732670E-004,1.454743091017008E-003,3.625631507020444E-004,
2.494666666666667E+009,1.513829920440912E-003,3.232201561331749E-004,1.424652989953756E-003,3.748518938664347E-004,
2.494700000000000E+009,1.476288656704128E-003,2.796167973428965E-004,1.439208863303065E-003,4.359036101959646E-004,
2.494733333333334E+009,1.438742037862539E-003,2.644232881721109E-004,1.502665807493031E-003,3.537037409842014E-004,
2.494766666666667E+009,1.445576664991677E-003,4.174631030764431E-004,1.526271807961166E-003,3.170183626934886E-004,
2.494800000000000E+009,1.571044907905161E-003,4.815800348296762E-004,1.403590198606253E-003,3.384106676094234E-004,
2.494833333333334E+009,1.433063764125109E-003,3.491448005661368E-004,1.489689107984304E-003,3.832169168163091E-004,
2.494866666666667E+009,1.610480016097426E-003,3.444560570642352E-004,1.551322289742529E-003,2.916716912295669E-004,
2.494900000000000E+009,1.476999022997916E-003,1.757038116920739E-004,1.614905660971999E-003,3.982519265264273E-004,
2.494933333333334E+009,1.613850472494960E-003,2.476240915711969E-004,1.515570678748190E-003,2.557363186497241E-004,
2.494966666666667E+009,1.519063720479608E-003,2.419594384264201E-004,1.537353033199906E-003,2.662637853063643E-004,
2.495000000000000E+009,1.492890994995832E-003,3.239277284592390E-004,1.607123995199800E-003,3.812547947745770E-004,
2.495033333333334E+009,1.525071449577808E-003,2.254407881991938E-004,1.539707998745143E-003,1.930535072460771E-004,
2.495066666666667E+009,1.458488288335502E-003,2.712012792471796E-004,1.519891899079084E-003,2.628819493111223E-004,
2.495100000000000E+009,1.654786174185574E-003,3.730175376404077E-004,1.501420745626092E-003,3.330685431137681E-004,
2.495133333333334E+009,1.637535286135972E-003,3.186041722074151E-004,1.511211390607059E-003,3.403729351703078E-004,
2.495166666666667E+009,1.627866178750992E-003,2.331736031919718E-004,1.617368659935892E-003,3.567423264030367E-004,
2.495200000000000E+009,1.634878106415272E-003,3.033778339158744E-004,1.559430616907775E-003,1.422383793396875E-004,
2.495233333333334E+009,1.615972956642509E-003,2.864369016606361E-004,1.673802617006004E-003,2.187816135119647E-004,
2.495266666666667E+009,1.611753250472248E-003,2.708350075408816E-004,1.612939056940377E-003,2.060749102383852E-004,
2.495300000000000E+009,1.498749828897417E-003,2.700834011193365E-004,1.549920882098377E-003,3.237939381506294E-004,
2.495333333333334E+009,1.557952025905252E-003,1.686998002696782E-004,1.662716036662459E-003,3.431305813137442E-004,
2.495366666666667E+009,1.458429615013301E-003,2.068677276838571E-004,1.630264217965305E-003,3.112773410975933E-004,
2.495400000000000E+009,1.753619406372309E-003,1.355957210762426E-004,1.585397869348526E-003,3.600668569561094E-004,
2.495433333333334E+009,1.709678792394698E-003,2.320354833500460E-004,1.621221774257720E-003,7.206730515463278E-005,
2.495466666666667E+009,1.700058463029563E-003,4.310153017286211E-004,1.652259379625320E-003,2.960150013677776E-004,
2.495500000000000E+009,1.687248004600406E-003,4.372058901935816E-004,1.694211736321449E-003,3.246777050662786E-004,
2.495533333333334E+009,1.639558700844646E-003,1.871632121037692E-004,1.682386733591557E-003,1.879978372016922E-004,
2.495566666666667E+009,1.631191931664944E-003,1.891126157715917E-004,1.614036504179239E-003,2.636600693222135E-004,
2.495600000000000E+009,1.681443420238793E-003,2.399114455329254E-004,1.597596914507449E-003,2.834490442182869E-004,
2.495633333333334E+009,1.668016193434596E-003,2.556266263127327E-004,1.667607924900949E-003,1.574634225107729E-004,
2.495666666666667E+009,1.747804577462375E-003,2.045431610895321E-004,1.755002303980291E-003,2.674547431524843E-004,
2.495700000000000E+009,1.689238706603646E-003,2.931492053903639E-004,1.887088757939637E-003,2.758269256446511E-004,
2.495733333333334E+009,1.717678271234036E-003,3.260333614889532E-004,1.787453657016158E-003,2.005132555495948E-004,
2.495766666666667E+009,1.769497874192894E-003,2.323501103091985E-004,1.804285217076540E-003,2.043945860350505E-004,
2.495800000000000E+009,1.751867355778813E-003,2.648407244123519E-004,1.855756971053779E-003,1.462681975681335E-004,
2.495833333333334E+009,1.870028208941221E-003,3.959012610721402E-005,1.921533723361790E-003,2.510450722184032E-004,
2.495866666666667E+009,1.834415248595178E-003,1.206652523251250E-004,1.713330973871052E-003,3.542201593518257E-004,
2.495900000000000E+009,1.780405873432756E-003,1.072680825018324E-004,1.792340422980487E-003,1.458750921301544E-004,
2.495933333333334E+009,1.863596728071570E-003,2.296584862051532E-004,1.841830089688301E-003,8.479039388475940E-005,
2.495966666666667E+009,1.898357411846519E-003,2.715660957619548E-004,1.785495784133673E-003,1.036672838381492E-004,
2.496000000000000E+009,1.871748478151858E-003,1.687274925643578E-004,1.846405677497387E-003,1.275589602300897E-004,
2.496033333333334E+009,1.921839895658195E-003,1.368057855870575E-004,1.913728192448616E-003,2.432136243442074E-004,
2.496066666666667E+009,1.904424978420138E-003,6.359293911373243E-005,1.820735749788582E-003,1.898962073028088E-004,
2.496100000000000E+009,1.884138211607933E-003,1.206882807309739E-004,1.898722490295768E-003,9.963702905224636E-005,
2.496133333333334E+009,1.812813803553581E-003,8.671949763083831E-005,1.877540140412748E-003,1.304418547078967E-004,
2.496166666666667E+009,1.866200123913586E-003,9.308887092629448E-005,1.781575731001794E-003,-1.950855767063331E-005,
2.496200000000000E+009,1.945373718626797E-003,7.718207780271769E-005,1.783884596079588E-003,2.048811256827321E-005,
2.496233333333334E+009,1.868696650490165E-003,1.342114992439747E-004,1.798697398044169E-003,-1.732817690935917E-005,
2.496266666666667E+009,1.778092351742089E-003,-9.555558790452778E-006,1.894961111247540E-003,1.212603274325375E-005,
2.496300000000000E+009,1.820087200030685E-003,1.947836790350266E-005,1.738056307658553E-003,7.824522617738694E-005,
2.496333333333334E+009,1.880052266642451E-003,2.713518142627436E-006,1.892325235530734E-003,1.215942829730921E-004,
2.496366666666667E+009,1.869058469310403E-003,-6.545319138240302E-006,2.034590113908052E-003,-7.295007526408881E-005,
2.496400000000000E+009,1.905294018797576E-003,-1.740142906783149E-004,1.937862834893167E-003,-6.772800406906754E-005,
2.496433333333334E+009,1.958177192136645E-003,6.797098467359319E-005,2.018200000748038E-003,-7.071474101394415E-005,
2.496466666666667E+009,2.049016067758203E-003,4.755187183036469E-005,1.815135008655489E-003,-4.574144622893073E-005,
2.496500000000000E+009,1.995681086555123E-003,-8.792227890808135E-005,1.953783445060253E-003,-1.198855461552739E-004,
2.496533333333334E+009,1.800743746571243E-003,-1.471894793212414E-004,1.908153994008899E-003,-4.534572508418933E-005,
2.496566666666667E+009,1.987674273550510E-003,-2.895789111789782E-005,1.980370143428445E-003,-1.437670289305970E-004,
2.496600000000000E+009,1.963710179552436E-003,-1.221625279868022E-004,1.892645377665758E-003,-1.116629136959091E-004,
2.496633333333334E+009,1.982592511922121E-003,-2.759207563940436E-004,2.028243616223335E-003,-1.800518803065643E-004,
2.496666666666667E+009,1.904938137158752E-003,-6.284193659666926E-005,1.999951899051666E-003,-1.109773147618398E-004,
2.496700000000000E+009,1.957326894626021E-003,-1.905682584038004E-004,2.034677658230066E-003,-9.855689859250560E-005,
2.496733333333334E+009,1.952500082552433E-003,-1.472239819122478E-004,2.067954279482365E-003,-7.348842336796224E-005,
2.496766666666667E+009,1.990681746974587E-003,-7.583640399388969E-005,2.012349665164948E-003,-1.505684194853529E-004,
2.496800000000000E+009,1.934207160957158E-003,8.750621418585070E-006,1.896029687486589E-003,-1.179697937914170E-004,
2.496833333333334E+009,1.939211855642498E-003,-1.090938676497899E-004,2.033006399869919E-003,-1.869802799774334E-004,
2.496866666666667E+009,2.150409156456590E-003,-1.568278530612588E-004,2.096377313137054E-003,-2.030123287113383E-004,
2.496900000000000E+009,1.967194257304072E-003,-1.739567815093324E-004,1.915598171763122E-003,-3.034141263924539E-004,
2.496933333333334E+009,1.956938067451119E-003,-2.148252096958458E-004,1.960463123396039E-003,-1.416902232449502E-004,
2.496966666666667E+009,1.964493189007044E-003,-3.230980946682394E-004,1.965296221897006E-003,-3.074722771998495E-004,
2.497000000000000E+009,2.116508083418012E-003,-3.031037922482938E-004,1.938875764608383E-003,-1.352026447420940E-004,
2.497033333333334E+009,2.048867056146264E-003,-2.634036645758897E-004,2.078534802421928E-003,-2.544776361901313E-004,
2.497066666666667E+009,2.074636053293943E-003,-2.382971142651513E-004,2.030802657827735E-003,-2.878677332773805E-004,
2.497100000000000E+009,2.104140818119049E-003,-2.025760768447071E-004,1.911540166474879E-003,-2.541383728384972E-004,
2.497133333333334E+009,2.026708796620369E-003,-2.664410276338458E-004,2.172332489863038E-003,-3.840464632958174E-004,
2.497166666666667E+009,2.098824130371213E-003,-3.918676520697773E-004,2.077098703011870E-003,-1.523781829746440E-004,
2.497200000000000E+009,2.205851487815380E-003,-4.024205554742366E-004,2.145893173292279E-003,-3.859902790281922E-004,
2.497233333333334E+009,2.260992070659995E-003,-3.241670201532543E-004,2.085357438772917E-003,-1.670814963290468E-004,
2.497266666666667E+009,2.079902216792107E-003,-2.187981153838337E-004,2.070399001240730E-003,-4.567097930703312E-004,
2.497300000000000E+009,2.157071372494102E-003,-3.314096247777343E-004,2.232120838016272E-003,-2.516463573556393E-004,
2.497333333333334E+009,2.199829090386629E-003,-3.443903697188944E-004,2.106165047734976E-003,-2.375048061367124E-004,
2.497366666666667E+009,2.160898875445128E-003,-2.693365968298167E-004,2.205065218731761E-003,-3.414850507397205E-004,
2.497400000000000E+009,2.272946294397116E-003,-3.737326769623905E-004,2.210972597822547E-003,-3.997912572231144E-004,
2.497433333333334E+009,2.342712599784136E-003,-5.793432355858386E-004,2.330332761630416E-003,-2.903832937590778E-004,
2.497466666666667E+009,2.117085736244917E-003,-5.028686719015241E-004,2.104839077219367E-003,-4.567909636534751E-004,
2.497500000000000E+009,2.212920691817999E-003,-4.652065108530223E-004,2.157111652195454E-003,-3.937777655664831E-004,
2.497533333333334E+009,2.065195469185710E-003,-4.539274377748370E-004,2.089560031890869E-003,-4.532741149887443E-004,
2.497566666666667E+009,2.237791661173105E-003,-5.123292212374508E-004,2.216082764789462E-003,-4.224082804284990E-004,
2.497600000000000E+009,2.194017870351672E-003,-5.526402965188026E-004,2.135724527761340E-003,-4.412328707985580E-004,
2.497633333333334E+009,2.249261597171426E-003,-5.115591338835657E-004,2.264693379402161E-003,-5.091729690320790E-004,
2.497666666666667E+009,2.122433623299003E-003,-4.813953710254282E-004,2.202893840149045E-003,-4.580212407745421E-004,
2.497700000000000E+009,2.148653846234083E-003,-4.155721399001777E-004,2.150485990568996E-003,-5.074528744444251E-004,
2.497733333333334E+009,2.187526319175959E-003,-5.666459910571575E-004,2.210316946730018E-003,-5.297001334838569E-004,
2.497766666666667E+009,2.188965212553740E-003,-5.185925401747227E-004,2.235396765172482E-003,-5.047309095971286E-004,
2.497800000000000E+009,2.249795477837324E-003,-4.777188878506422E-004,2.068191999569535E-003,-4.756236157845706E-004,
2.497833333333334E+009,2.240311121568084E-003,-4.288171476218849E-004,2.201590454205871E-003,-5.914047942496836E-004,
2.497866666666667E+009,2.092609182000160E-003,-5.981054273433983E-004,2.297861501574516E-003,-5.462758126668632E-004,
2.497900000000000E+009,2.155728405341506E-003,-6.121318438090384E-004,2.166597405448556E-003,-6.120519246906042E-004,
2.497933333333334E+009,2.142839599400759E-003,-5.664607160724700E-004,2.355210948735476E-003,-5.968750920146704E-004,
2.497966666666667E+009,2.210462931543589E-003,-5.842110258527100E-004,2.209210302680731E-003,-6.467596394941211E-004,
2.498000000000000E+009,2.148712752386928E-003,-6.381755811162293E-004,2.173127839341760E-003,-6.973782437853515E-004,
2.498033333333334E+009,2.087905304506421E-003,-6.764659192413092E-004,2.214140025898814E-003,-6.350108305923641E-004,
2.498066666666667E+009,2.172761596739292E-003,-6.186574464663863E-004,2.249289304018021E-003,-7.478088955394924E-004,
2.498100000000000E+009,2.081495709717274E-003,-7.728701457381249E-004,2.223055111244321E-003,-7.549538859166205E-004,
2.498133333333334E+009,2.189489081501961E-003,-7.357157883234322E-004,2.161490963771939E-003,-6.309947348199785E-004,
2.498166666666667E+009,2.111847745254636E-003,-8.192920940928161E-004,2.205927856266499E-003,-6.916639395058155E-004,
2.498200000000000E+009,2.231160877272487E-003,-7.697782129980624E-004,2.083034021779895E-003,-7.399232708849013E-004,
2.498233333333334E+009,2.272979123517871E-003,-7.540966034866869E-004,2.193454420194030E-003,-7.270175265148282E-004,
2.498266666666667E+009,2.206370700150728E-003,-7.946572150103748E-004,2.141664037480950E-003,-6.365270237438381E-004,
2.498300000000000E+009,2.200281713157892E-003,-8.398441714234650E-004,2.156679518520832E-003,-7.876634481362999E-004,
2.498333333333334E+009,2.185274614021182E-003,-9.409472695551813E-004,2.233678242191672E-003,-7.628835155628622E-004,
2.498366666666667E+009,2.261918503791094E-003,-7.586862193420529E-004,2.280388027429581E-003,-7.488574483431876E-004,
2.498400000000000E+009,2.174729248508811E-003,-9.830312337726355E-004,2.230019308626652E-003,-7.801778847351670E-004,
2.498433333333334E+009,2.197277266532183E-003,-8.494319044984877E-004,2.372232731431723E-003,-7.719302084296942E-004,
2.498466666666667E+009,2.318824175745249E-003,-7.804497727192938E-004,2.320244675502181E-003,-9.809163166210055E-004,
2.498500000000000E+009,2.155502326786518E-003,-8.610942750237882E-004,2.225827891379595E-003,-8.930994663387537E-004,
2.498533333333334E+009,2.089509973302484E-003,-9.584818035364151E-004,2.338752616196871E-003,-9.402233990840614E-004,
2.498566666666667E+009,2.252931706607342E-003,-9.890198707580566E-004,2.280270913615823E-003,-8.771946304477751E-004,
2.498600000000000E+009,2.154117915779352E-003,-8.569252677261829E-004,2.248327247798443E-003,-9.822257561609149E-004,
2.498633333333334E+009,2.323928289115429E-003,-9.593866998329759E-004,2.163935685530305E-003,-1.010160660371184E-003,
2.498666666666667E+009,2.243874128907919E-003,-9.905060287564993E-004,2.339337253943086E-003,-9.316010400652885E-004,
2.498700000000000E+009,2.282551955431700E-003,-1.045477576553822E-003,2.302759094163775E-003,-1.005670288577676E-003,
2.498733333333334E+009,2.407249761745334E-003,-9.267067653127015E-004,2.248445292934775E-003,-9.965721983462572E-004,
2.498766666666667E+009,2.203560667112470E-003,-8.490479667671025E-004,2.206508303061128E-003,-1.088489778339863E-003,
2.498800000000000E+009,2.180792624130845E-003,-1.085391850210726E-003,2.235599793493748E-003,-9.020100114867091E-004,
2.498833333333334E+009,2.202006988227367E-003,-9.707257850095630E-004,2.239468973129988E-003,-9.688733262009919E-004,
2.498866666666667E+009,2.180548384785652E-003,-9.952752152457833E-004,2.260437933728099E-003,-1.023362739942968E-003,
2.498900000000000E+009,2.264703623950481E-003,-1.049287151545286E-003,2.369971713051200E-003,-1.122981659136713E-003,
2.498933333333334E+009,2.251945203170180E-003,-1.088418997824192E-003,2.395768882706761E-003,-1.117193838581443E-003,
2.498966666666667E+009,2.344364067539573E-003,-1.152908662334085E-003,2.423366997390986E-003,-1.162586151622236E-003,
2.499000000000000E+009,2.274912782013416E-003,-1.232278300449252E-003,2.342914696782827E-003,-1.171348150819540E-003,
2.499033333333334E+009,2.179372357204557E-003,-1.198213081806898E-003,2.401132602244616E-003,-1.196918077766895E-003,
2.499066666666667E+009,2.131512621417642E-003,-1.071176026016474E-003,2.302903449162841E-003,-1.029861974529922E-003,
2.499100000000000E+009,2.280035056173801E-003,-1.135644968599081E-003,2.289597876369953E-003,-1.176692894659936E-003,
2.499133333333334E+009,2.259438624605537E-003,-1.272723660804331E-003,2.259395085275173E-003,-1.165308174677193E-003,
2.499166666666667E+009,2.215693704783917E-003,-1.185537083074451E-003,2.218123991042376E-003,-1.402751426212490E-003,
2.499200000000000E+009,2.328568836674094E-003,-1.281575183384121E-003,2.172754611819983E-003,-1.281890436075628E-003,
2.499233333333334E+009,2.090403810143471E-003,-1.281749457120895E-003,2.215811749920249E-003,-1.352164545096457E-003,
2.499266666666667E+009,2.172518754377961E-003,-1.287952531129122E-003,2.196525456383824E-003,-1.337948720902205E-003,
2.499300000000000E+009,2.091535134240985E-003,-1.301184645853937E-003,2.037574071437120E-003,-1.200445578433573E-003,
2.499333333333334E+009,2.114713191986084E-003,-1.292695058509708E-003,2.210925798863173E-003,-1.278152805753052E-003,
2.499366666666667E+009,2.120948396623135E-003,-1.307083526626229E-003,2.126909326761961E-003,-1.411601435393095E-003,
2.499400000000000E+009,2.044482389464974E-003,-1.428117509931326E-003,2.124501392245293E-003,-1.335216802544892E-003,
2.499433333333334E+009,2.123791025951505E-003,-1.442746026441455E-003,2.173056360334158E-003,-1.477121026255190E-003,
2.499466666666667E+009,2.097178017720580E-003,-1.501478138379753E-003,2.155001508072019E-003,-1.411144272424281E-003,
2.499500000000000E+009,2.179122297093272E-003,-1.386240590363741E-003,2.165399491786957E-003,-1.444427529349923E-003,
2.499533333333334E+009,2.072558971121907E-003,-1.417242456227541E-003,2.121195662766695E-003,-1.456999802030623E-003,
2.499566666666667E+009,2.245746552944183E-003,-1.505843247286975E-003,2.221699105575681E-003,-1.442756038159132E-003,
2.499600000000000E+009,2.077884972095490E-003,-1.523620565421879E-003,2.103085396811366E-003,-1.546792103908956E-003,
2.499633333333334E+009,2.033534692600370E-003,-1.659678528085351E-003,2.141967648640275E-003,-1.484374981373549E-003,
2.499666666666667E+009,2.195813925936818E-003,-1.415355713106692E-003,1.998715568333864E-003,-1.560714095830917E-003,
2.499700000000000E+009,2.086657332256436E-003,-1.500741112977266E-003,2.129556378349662E-003,-1.525230240076780E-003,
2.499733333333334E+009,2.077365061268210E-003,-1.494416152127087E-003,2.081212354823947E-003,-1.640983857214451E-003,
2.499766666666667E+009,2.045312663540244E-003,-1.642787829041481E-003,2.043128013610840E-003,-1.642587711103261E-003,
2.499800000000000E+009,2.000476699322462E-003,-1.617203000932932E-003,2.023352542892098E-003,-1.504469895735383E-003,
2.499833333333334E+009,2.062486251816154E-003,-1.603237353265286E-003,2.101484220474958E-003,-1.569977845065296E-003,
2.499866666666667E+009,2.045974135398865E-003,-1.701109344139695E-003,2.048052148893476E-003,-1.663879258558154E-003,
2.499900000000000E+009,2.038577105849981E-003,-1.775435404852033E-003,2.097921213135123E-003,-1.708950847387314E-003,
2.499933333333334E+009,1.975706778466702E-003,-1.697871834039688E-003,2.093645744025707E-003,-1.636463333852589E-003,
2.499966666666667E+009,2.062558429315686E-003,-1.577991992235184E-003,1.990299904718995E-003,-1.747457077726722E-003,
2.500000000000000E+009,2.009202260524035E-003,-1.744769513607025E-003,2.055197954177856E-003,-1.756033161655068E-003,
