% Version 1.00
%
%freq[Hz];re:Trc1_S21;im:Trc1_S21;re:Trc2_S12;im:Trc2_S12;
2.480000000000000E+009,9.897445561364293E-004,1.612529973499477E-003,1.004998688586056E-003,1.655748579651117E-003,
2.480033333333334E+009,8.401156519539654E-004,1.619874616153538E-003,1.008730730973184E-003,1.538308453746140E-003,
2.480066666666667E+009,9.335759095847607E-004,1.612967811524868E-003,1.000321120955050E-003,1.605985220521689E-003,
2.480100000000000E+009,1.188209163956344E-003,1.559342839755118E-003,1.044207718223333E-003,1.551297493278980E-003,
2.480133333333334E+009,1.028016558848321E-003,1.503482693806291E-003,1.034633954986930E-003,1.591480569913983E-003,
2.480166666666667E+009,1.149478135630488E-003,1.635896041989327E-003,1.008708262816072E-003,1.693909056484699E-003,
2.480200000000000E+009,1.034219632856548E-003,1.308117527514696E-003,1.131337718106806E-003,1.569084939546883E-003,
2.480233333333334E+009,9.696226916275919E-004,1.578138559125364E-003,1.060352893546224E-003,1.626783399842680E-003,
2.480266666666667E+009,9.939201408997178E-004,1.396320760250092E-003,9.825316956266761E-004,1.427885028533638E-003,
2.480300000000000E+009,9.589379187673330E-004,1.489676418714225E-003,1.095833373256028E-003,1.365708420053124E-003,
2.480333333333334E+009,1.052146079018712E-003,1.472419360652566E-003,1.079004723578692E-003,1.560321077704430E-003,
2.480366666666667E+009,1.091841608285904E-003,1.383567461743951E-003,1.023711054585874E-003,1.359772752039135E-003,
2.480400000000000E+009,9.596397285349667E-004,1.700656837783754E-003,1.066344324499369E-003,1.359112677164376E-003,
2.480433333333334E+009,1.068241894245148E-003,1.439564279280603E-003,1.083082286641002E-003,1.474981079809368E-003,
2.480466666666667E+009,1.011652173474431E-003,1.548875938169658E-003,1.028344966471195E-003,1.663273898884654E-003,
2.480500000000000E+009,1.204804750159383E-003,1.378186978399754E-003,1.229754183441401E-003,1.431868411600590E-003,
2.480533333333334E+009,1.067503821104765E-003,1.329959370195866E-003,1.137609477154911E-003,1.407220494002104E-003,
2.480566666666667E+009,9.846448665484786E-004,1.360122114419937E-003,1.122225658036768E-003,1.530288020148873E-003,
2.480600000000000E+009,1.164786401204765E-003,1.543126534670591E-003,1.100023859180510E-003,1.476603676564992E-003,
2.480633333333334E+009,1.194138894788921E-003,1.280538039281964E-003,1.019737450405955E-003,1.369384466670454E-003,
2.480666666666667E+009,9.403987205587328E-004,1.526672160252929E-003,1.132057746872306E-003,1.268722233362496E-003,
2.480700000000000E+009,1.111058052629232E-003,1.449238392524421E-003,1.080059562809765E-003,1.159167266450822E-003,
2.480733333333334E+009,1.113939564675093E-003,1.484265318140388E-003,1.062698545865715E-003,1.424309564754367E-003,
2.480766666666667E+009,1.173300552181900E-003,1.449156436137855E-003,1.232819166034460E-003,1.344789401628077E-003,
2.480800000000000E+009,1.045754994265735E-003,1.187349087558687E-003,1.144763082265854E-003,1.339215668849647E-003,
2.480833333333334E+009,1.220261910930276E-003,1.364592928439379E-003,1.088488381356001E-003,1.415069564245641E-003,
2.480866666666667E+009,1.102610258385539E-003,1.435338053852320E-003,1.031859079375863E-003,1.295461086556315E-003,
2.480900000000000E+009,1.265240134671331E-003,1.414211350493133E-003,1.159352366812527E-003,1.300368690863252E-003,
2.480933333333334E+009,1.114094979129732E-003,1.267031417228282E-003,1.091337879188359E-003,1.184708438813686E-003,
2.480966666666667E+009,1.166791887953877E-003,1.193451927974820E-003,1.285103498958051E-003,1.218171208165586E-003,
2.481000000000000E+009,1.283358084037900E-003,1.094899023883045E-003,1.251647598110139E-003,1.287199673242867E-003,
2.481033333333334E+009,1.229036948643625E-003,1.169878756627441E-003,1.167656271718442E-003,1.097278669476509E-003,
2.481066666666667E+009,1.249814406037331E-003,1.045132172293961E-003,1.181504572741687E-003,1.101384987123311E-003,
2.481100000000000E+009,1.231593545526266E-003,1.159874605946243E-003,1.376049476675689E-003,1.287089544348419E-003,
2.481133333333334E+009,1.266450621187687E-003,1.258382922969759E-003,1.221365877427161E-003,1.209453796036542E-003,
2.481166666666667E+009,1.176830963231623E-003,1.302252756431699E-003,1.227859407663345E-003,1.296854228712618E-003,
2.481200000000000E+009,1.086603733710945E-003,1.154890167526901E-003,1.234940951690078E-003,1.164756715297699E-003,
2.481233333333334E+009,1.137863146141172E-003,1.318471273407340E-003,1.246700296178460E-003,1.218541990965605E-003,
2.481266666666667E+009,1.259130309335887E-003,1.226647291332483E-003,1.306657562963665E-003,1.206474844366312E-003,
2.481300000000000E+009,1.189858070574701E-003,1.178803737275302E-003,1.310888212174177E-003,1.278140116482973E-003,
2.481333333333334E+009,1.082694041542709E-003,1.203643623739481E-003,1.235507661476731E-003,1.099479733966291E-003,
2.481366666666667E+009,1.144605223089457E-003,1.262711943127215E-003,1.231132075190544E-003,1.144235953688622E-003,
2.481400000000000E+009,1.242718426510692E-003,1.195627148263156E-003,1.284556929022074E-003,1.244466518983245E-003,
2.481433333333334E+009,1.127597759477794E-003,1.295843510888517E-003,1.023082993924618E-003,1.122234389185906E-003,
2.481466666666667E+009,1.191110466606915E-003,1.218828838318586E-003,1.262590172700584E-003,1.132242032326758E-003,
2.481500000000000E+009,1.082921517081559E-003,9.942159522324801E-004,1.144066685810685E-003,1.211279653944075E-003,
2.481533333333334E+009,1.130478922277689E-003,1.227950444445014E-003,1.216979930177331E-003,1.072080340236425E-003,
2.481566666666667E+009,1.270871493034065E-003,1.239161239936948E-003,1.153851742856205E-003,1.089352532289922E-003,
2.481600000000000E+009,1.283237128518522E-003,1.190537936054170E-003,1.418065628968179E-003,1.071683713234961E-003,
2.481633333333334E+009,1.379452762193978E-003,1.153760007582605E-003,1.268671941943467E-003,1.021239673718810E-003,
2.481666666666667E+009,1.316416542977095E-003,1.131105585955083E-003,1.142973545938730E-003,1.001602387987077E-003,
2.481700000000000E+009,1.210943330079317E-003,1.134639722295106E-003,1.193449716083705E-003,1.182689564302564E-003,
2.481733333333334E+009,1.247976557351649E-003,1.050338149070740E-003,1.178263337351382E-003,1.113729318603873E-003,
2.481766666666667E+009,1.097533269785345E-003,1.090344856493175E-003,1.276587485335767E-003,1.061896211467683E-003,
2.481800000000000E+009,1.230563968420029E-003,1.031937543302774E-003,1.136659760959446E-003,1.027314807288349E-003,
2.481833333333334E+009,1.209101057611406E-003,9.154261788353324E-004,1.242002006620169E-003,1.067255856469274E-003,
2.481866666666667E+009,1.243592589162290E-003,1.066299621015787E-003,1.167456968687475E-003,8.865153067745268E-004,
2.481900000000000E+009,1.286299782805145E-003,9.607566171325743E-004,1.277105882763863E-003,9.655753965489566E-004,
2.481933333333334E+009,1.273557543754578E-003,9.429969941265881E-004,1.205061445944011E-003,9.346498991362751E-004,
2.481966666666667E+009,1.200537895783782E-003,9.195599704980850E-004,1.340576098300517E-003,1.045846845954657E-003,
2.482000000000000E+009,1.163466484285891E-003,8.975053206086159E-004,1.275402493774891E-003,9.909811196848750E-004,
2.482033333333334E+009,1.272202585823834E-003,9.366226149722934E-004,1.220071688294411E-003,9.699393995106220E-004,
2.482066666666667E+009,1.264075632207096E-003,1.046458957716823E-003,1.251281122677028E-003,9.846338070929050E-004,
2.482100000000000E+009,1.281014294363558E-003,8.739897166378796E-004,1.204168191179633E-003,1.028334489092231E-003,
2.482133333333334E+009,1.156277023255825E-003,1.032692613080144E-003,1.185877365060151E-003,9.603005019016564E-004,
2.482166666666667E+009,1.127395546063781E-003,9.126888471655548E-004,1.186613924801350E-003,1.035240711644292E-003,
2.482200000000000E+009,1.085028634406626E-003,9.259605430997908E-004,1.236864947713912E-003,9.239724604412913E-004,
2.482233333333334E+009,1.190197304822505E-003,8.635608828626573E-004,1.335561391897500E-003,9.392542415298522E-004,
2.482266666666667E+009,1.328586484305561E-003,8.677315781824291E-004,1.282050041481853E-003,9.908110368996859E-004,
2.482300000000000E+009,1.238788943737745E-003,8.882509428076446E-004,1.265404862351716E-003,9.060670854523778E-004,
2.482333333333334E+009,1.223062747158110E-003,9.507068898528814E-004,1.273059868253768E-003,8.601586450822651E-004,
2.482366666666667E+009,1.292475382797420E-003,8.303108043037355E-004,1.222199876792729E-003,9.093764820136130E-004,
2.482400000000000E+009,1.260204007849097E-003,7.807631627656519E-004,1.230440218932927E-003,7.774460827931762E-004,
2.482433333333334E+009,1.203690189868212E-003,8.388333953917027E-004,1.325277495197952E-003,8.655634010210633E-004,
2.482466666666667E+009,1.369688543491066E-003,8.871280588209629E-004,1.291369204409421E-003,8.448766893707216E-004,
2.482500000000000E+009,1.271541113965213E-003,9.882216108962894E-004,1.361398142762482E-003,7.927968981675804E-004,
2.482533333333334E+009,1.267916173674166E-003,9.104115306399763E-004,1.249082968570292E-003,7.748462958261371E-004,
2.482566666666667E+009,1.210880349390209E-003,6.973684066906571E-004,1.336489105597138E-003,6.995333824306727E-004,
2.482600000000000E+009,1.207538065500557E-003,7.609614985994995E-004,1.320471754297614E-003,6.907785427756608E-004,
2.482633333333334E+009,1.169389579445124E-003,5.712078418582678E-004,1.317564281634986E-003,6.172955618239939E-004,
2.482666666666667E+009,1.181050203740597E-003,5.648317164741457E-004,1.241243095137179E-003,6.511635729111731E-004,
2.482700000000000E+009,1.240386394783855E-003,6.258854991756380E-004,1.239019446074963E-003,7.379794260486960E-004,
2.482733333333334E+009,1.221781480126083E-003,7.604857673868537E-004,1.257268828339875E-003,6.775894435122609E-004,
2.482766666666667E+009,1.132398727349937E-003,7.691996288485825E-004,1.194243086501956E-003,6.809366168454289E-004,
2.482800000000000E+009,1.189927104860544E-003,5.921032279729843E-004,1.167140319012106E-003,7.334736292250454E-004,
2.482833333333334E+009,1.165908412076533E-003,6.840653368271887E-004,1.288628089241684E-003,6.042082677595317E-004,
2.482866666666667E+009,1.217685057781637E-003,7.415868458338082E-004,1.242166152223945E-003,6.753625930286944E-004,
2.482900000000000E+009,1.313211396336556E-003,7.795267156325281E-004,1.274153939448297E-003,7.435472798533738E-004,
2.482933333333334E+009,1.209104084409773E-003,6.927282083779573E-004,1.235941890627146E-003,7.405566284433007E-004,
2.482966666666667E+009,1.202732557430863E-003,4.532842431217432E-004,1.224811305291951E-003,5.986526375636458E-004,
2.483000000000000E+009,1.241153688170016E-003,6.547837983816862E-004,1.226562773808837E-003,7.053043809719384E-004,
2.483033333333334E+009,1.142788794822991E-003,6.317937513813376E-004,1.304524950683117E-003,6.256491178646684E-004,
2.483066666666667E+009,1.152520067989826E-003,6.871657096780837E-004,1.345089985989034E-003,7.571487221866846E-004,
2.483100000000000E+009,1.313399523496628E-003,7.416072767227888E-004,1.107005402445793E-003,5.700873443856835E-004,
2.483133333333334E+009,1.168232411146164E-003,6.412242073565722E-004,1.297381822951138E-003,6.325604044832289E-004,
2.483166666666667E+009,1.289771986193955E-003,5.161889712326229E-004,1.296794041991234E-003,5.568198394030333E-004,
2.483200000000000E+009,1.220733043737710E-003,5.181045271456242E-004,1.263726153410971E-003,5.797065678052604E-004,
2.483233333333334E+009,1.280974014662206E-003,6.722427788190544E-004,1.254649716429412E-003,6.917360587976873E-004,
2.483266666666667E+009,1.321653719060123E-003,5.763843073509634E-004,1.280771335586906E-003,6.901739980094135E-004,
2.483300000000000E+009,1.347348326817155E-003,5.753845907747746E-004,1.267811981961131E-003,6.481806049123406E-004,
2.483333333333334E+009,1.124207046814263E-003,5.013219779357314E-004,1.337562222033739E-003,4.647292953450233E-004,
2.483366666666667E+009,1.151703880168498E-003,5.685352371074259E-004,1.229022047482431E-003,5.824674735777080E-004,
2.483400000000000E+009,1.179070328362286E-003,6.118731107562780E-004,1.151360105723143E-003,6.346803274936974E-004,
2.483433333333334E+009,1.290763379074633E-003,7.011865964159370E-004,1.206844695843756E-003,6.193701992742717E-004,
2.483466666666667E+009,1.247458276338875E-003,4.082109080627561E-004,1.172277494333684E-003,6.227795965969563E-004,
2.483500000000000E+009,1.186711597256362E-003,6.541308830492199E-004,1.143412664532661E-003,5.321845528669655E-004,
2.483533333333334E+009,1.294250949285924E-003,5.806746194139123E-004,1.180508988909423E-003,4.994036862626672E-004,
2.483566666666667E+009,1.222197432070971E-003,6.089774542488158E-004,1.159251783974469E-003,4.890611744485796E-004,
2.483600000000000E+009,1.143135479651392E-003,5.367787089198828E-004,1.174218137748539E-003,4.901870852336288E-004,
2.483633333333334E+009,1.127917086705566E-003,4.457717295736074E-004,1.329315826296806E-003,4.315237456467003E-004,
2.483666666666667E+009,1.022442593239248E-003,6.070455419830978E-004,1.159648760221899E-003,4.130238085053861E-004,
2.483700000000000E+009,1.227320753969252E-003,4.109922738280147E-004,1.154474797658622E-003,5.103235016576946E-004,
2.483733333333334E+009,1.149624702520669E-003,4.843484784942120E-004,1.285392907448113E-003,3.751978510990739E-004,
2.483766666666667E+009,1.122772577218711E-003,5.076559027656913E-004,1.088118413463235E-003,4.397269221954048E-004,
2.483800000000000E+009,1.036608708091080E-003,4.045378009323031E-004,1.211900613270700E-003,4.303449823055416E-004,
2.483833333333334E+009,1.042783027514815E-003,5.228503141552210E-004,1.169304829090834E-003,5.568687338382006E-004,
2.483866666666667E+009,1.166463480331004E-003,3.449195355642587E-004,1.147140166722238E-003,4.244536976329982E-004,
2.483900000000000E+009,1.134561258368194E-003,4.168809100519866E-004,1.188793568871915E-003,4.381346225272864E-004,
2.483933333333334E+009,1.090839039534330E-003,4.655516822822392E-004,1.032015192322433E-003,4.187374433968216E-004,
2.483966666666667E+009,1.090964884497225E-003,4.390849499031901E-004,1.100037945434451E-003,4.105730622541159E-004,
2.484000000000000E+009,1.154918805696070E-003,4.287269257474691E-004,1.121920184232295E-003,4.432476998772472E-004,
2.484033333333334E+009,1.106312614865601E-003,3.908882499672473E-004,1.170578761957586E-003,3.078971058130264E-004,
2.484066666666667E+009,1.148111768998206E-003,4.604721325449646E-004,1.080703921616077E-003,4.403928469400853E-004,
2.484100000000000E+009,1.067183213308454E-003,3.806909662671387E-004,9.679119684733450E-004,3.713108308147639E-004,
2.484133333333334E+009,1.094704959541559E-003,3.847414336632937E-004,1.098313368856907E-003,3.814671654254198E-004,
2.484166666666667E+009,1.071691978722811E-003,1.685547758825123E-004,9.915783302858472E-004,2.597431885078549E-004,
2.484200000000000E+009,1.006296486593783E-003,1.853834401117638E-004,9.862174047157168E-004,3.241914382670075E-004,
2.484233333333334E+009,9.861419675871730E-004,3.013929817825556E-004,1.041661365889013E-003,2.829091390594840E-004,
2.484266666666667E+009,1.027612015604973E-003,2.290128322783858E-004,1.031567691825330E-003,2.731824934016913E-004,
2.484300000000000E+009,1.136484206654131E-003,3.920046729035676E-004,1.099530491046608E-003,3.261925303377211E-004,
2.484333333333334E+009,1.053005340509117E-003,3.535701544024050E-004,1.090130303055048E-003,3.473242686595768E-004,
2.484366666666667E+009,1.007346785627306E-003,3.112716367468238E-004,8.630716474726796E-004,2.635330311022699E-004,
2.484400000000000E+009,1.120128552429378E-003,3.020481672137976E-004,1.027400605380535E-003,3.305211139377207E-004,
2.484433333333334E+009,1.036618486978114E-003,4.880936467088759E-004,9.787487797439098E-004,2.450804749969393E-004,
2.484466666666667E+009,9.733860497362912E-004,3.709110605996102E-004,9.861072758212686E-004,3.117876476608217E-004,
2.484500000000000E+009,8.124320302158594E-004,3.299679083283991E-004,1.047307974658907E-003,3.360012779012322E-004,
2.484533333333334E+009,9.348237072117627E-004,3.230568254366517E-004,1.020415569655597E-003,4.023640358354896E-004,
2.484566666666667E+009,9.205499081872404E-004,4.419595061335713E-004,8.571777143515647E-004,2.707410894799978E-004,
2.484600000000000E+009,1.002757344394922E-003,3.447328344918788E-004,8.506396552547813E-004,3.240483638364822E-004,
2.484633333333334E+009,9.640365024097264E-004,3.240837831981480E-004,8.847822900861502E-004,3.746071597561240E-004,
2.484666666666667E+009,9.685908444225788E-004,3.792461066041142E-004,9.754431666806340E-004,2.680153120309115E-004,
2.484700000000000E+009,1.019177725538611E-003,3.861403674818575E-004,1.167807960882783E-003,4.335469566285610E-004,
2.484733333333334E+009,1.015519374050200E-003,2.998801064677537E-004,1.058723079040647E-003,3.006812185049057E-004,
2.484766666666667E+009,8.823946700431407E-004,2.177900751121342E-004,1.017396687529981E-003,2.303423971170560E-004,
2.484800000000000E+009,8.765094098635018E-004,4.161590768489987E-004,1.009166822768748E-003,1.924967655213550E-004,
2.484833333333334E+009,9.843746665865183E-004,3.427797928452492E-004,8.499082177877426E-004,1.939404173754156E-004,
2.484866666666667E+009,9.483803878538311E-004,2.904600696638227E-004,1.009007799439132E-003,3.412692167330533E-004,
2.484900000000000E+009,8.434710907749832E-004,2.250611432828009E-004,8.909046300686896E-004,2.513026702217758E-004,
2.484933333333334E+009,7.905938546173275E-004,2.971217036247253E-004,8.195627597160637E-004,2.423677069600672E-004,
2.484966666666667E+009,1.054293243214488E-003,2.187713398598135E-004,8.655654382891953E-004,3.384540323168039E-004,
2.485000000000000E+009,7.741678273305297E-004,3.554968570824713E-004,8.396300254389644E-004,1.932778250193223E-004,
2.485033333333334E+009,8.664250490255654E-004,3.109259996563196E-004,8.663632906973362E-004,4.717785850516520E-005,
2.485066666666667E+009,9.519192972220480E-004,2.810928854160011E-004,1.005728379823268E-003,4.421458288561553E-004,
2.485100000000000E+009,7.701674476265907E-004,2.841762616299093E-004,9.265415719710290E-004,2.109395136358216E-004,
2.485133333333334E+009,7.954277098178864E-004,2.348138514207676E-004,8.707536035217345E-004,2.829865261446685E-004,
2.485166666666667E+009,8.274881984107196E-004,3.080515307374299E-004,8.420004160143435E-004,3.948719240725040E-004,
2.485200000000000E+009,8.946055895648897E-004,2.926393935922533E-004,8.685656939633191E-004,2.177528513129801E-004,
2.485233333333334E+009,8.375816396437585E-004,2.011954056797549E-004,8.336827158927918E-004,2.722069912124425E-004,
2.485266666666667E+009,8.827857091091573E-004,1.915884204208851E-004,9.373555076308549E-004,3.163474320899695E-004,
2.485300000000000E+009,7.910624262876809E-004,2.013911871472374E-004,8.020385866984725E-004,2.195429260609672E-004,
2.485333333333334E+009,8.076414233073592E-004,1.906430697999895E-004,8.042697445489466E-004,2.143297606380656E-004,
2.485366666666667E+009,8.062340202741325E-004,2.971000212710351E-004,8.393749012611806E-004,3.950306563638151E-004,
2.485400000000000E+009,7.382885669358075E-004,2.623722248245031E-004,7.618903764523566E-004,3.057940630242229E-004,
2.485433333333334E+009,7.359267910942435E-004,2.295456797583029E-004,8.795243338681758E-004,2.623646869324148E-004,
2.485466666666667E+009,7.120755035430193E-004,4.241579154040664E-004,8.014689083211124E-004,2.488912141416222E-004,
2.485500000000000E+009,7.514288299717009E-004,3.367607132531703E-004,8.103118743747473E-004,3.451648226473481E-004,
2.485533333333334E+009,8.235607529059053E-004,1.712721568765119E-004,8.178054704330862E-004,2.745098900049925E-004,
2.485566666666667E+009,7.750197546556592E-004,2.259230532217771E-004,8.056371007114649E-004,3.019243886228651E-004,
2.485600000000000E+009,8.854078478179872E-004,2.511900092940778E-004,8.237514412030578E-004,3.027898492291570E-004,
2.485633333333334E+009,7.286492036655545E-004,2.885205321945250E-004,7.739130523987114E-004,3.074177657254040E-004,
2.485666666666667E+009,7.666732999496162E-004,3.883413155563176E-004,7.500265492126346E-004,2.687013184186071E-004,
2.485700000000000E+009,7.688247133046389E-004,3.473582037258893E-004,6.983444327488542E-004,2.182308526244015E-004,
2.485733333333334E+009,7.947826525196433E-004,1.952204183908179E-004,7.859321776777506E-004,2.271072589792311E-004,
2.485766666666667E+009,6.465468904934824E-004,2.684506762307137E-004,6.373355863615871E-004,2.398201613686979E-004,
2.485800000000000E+009,6.235454347915947E-004,3.624919045250863E-004,5.799467326141894E-004,3.220251819584519E-004,
2.485833333333334E+009,4.515158943831921E-004,1.727399212541059E-004,6.555574946105480E-004,3.859023854602128E-004,
2.485866666666667E+009,6.242828094400466E-004,3.422008594498038E-004,5.906688747927547E-004,2.125465689459816E-004,
2.485900000000000E+009,6.895342958159745E-004,3.680502704810351E-004,7.209907053038478E-004,2.723181387409568E-004,
2.485933333333334E+009,6.229829159565270E-004,4.492417501751334E-004,6.243627285584807E-004,3.964078496210277E-004,
2.485966666666667E+009,7.033601286821067E-004,3.065875789616257E-004,6.956317229196429E-004,3.805627347901464E-004,
2.486000000000000E+009,7.825800566934049E-004,3.948956436943263E-004,6.962385959923267E-004,2.712255227379501E-004,
2.486033333333334E+009,7.402322953566909E-004,3.357104724273086E-004,7.113619940355420E-004,3.065659548155963E-004,
2.486066666666667E+009,6.389720365405083E-004,2.177541900891811E-004,7.544417749159038E-004,2.334759337827563E-004,
2.486100000000000E+009,7.079109782353044E-004,2.980866702273488E-004,6.516744615510106E-004,3.940087917726487E-004,
2.486133333333334E+009,7.574758492410183E-004,3.669789584819228E-004,6.110701942816377E-004,4.093839961569756E-004,
2.486166666666667E+009,6.401503342203796E-004,4.648611939046532E-004,6.725965649820864E-004,3.579926269594580E-004,
2.486200000000000E+009,6.384970038197935E-004,2.846184361260384E-004,7.862301426939666E-004,3.097587323281914E-004,
2.486233333333334E+009,7.173455087468028E-004,3.718734951689839E-004,7.335763075388968E-004,3.914994304068387E-004,
2.486266666666667E+009,6.393658113665879E-004,3.163514775224030E-004,7.229995680972934E-004,4.006838717032224E-004,
2.486300000000000E+009,8.267901139333844E-004,2.997344709001482E-004,7.806718931533396E-004,4.247770993970335E-004,
2.486333333333334E+009,6.776867085136473E-004,4.644947184715420E-004,6.242358358576894E-004,3.009310748893768E-004,
2.486366666666667E+009,7.037326577119529E-004,3.968985402025282E-004,7.587910513393581E-004,4.433204012457281E-004,
2.486400000000000E+009,6.422796286642551E-004,4.704099555965513E-004,6.639945204369724E-004,2.850098535418510E-004,
2.486433333333334E+009,7.275881362147629E-004,4.327078349888325E-004,7.417672895826399E-004,4.424313374329358E-004,
2.486466666666667E+009,6.435852847062051E-004,4.605039139278233E-004,6.432743393816054E-004,4.711466317530721E-004,
2.486500000000000E+009,6.152503774501383E-004,3.318743547424674E-004,6.075531127862632E-004,3.996444575022906E-004,
2.486533333333334E+009,5.886376602575183E-004,2.825811970978975E-004,7.229989278130233E-004,4.407987580634654E-004,
2.486566666666667E+009,7.498109480366111E-004,3.122371854260564E-004,6.873253732919693E-004,3.702959511429071E-004,
2.486600000000000E+009,6.753384950570762E-004,5.053100758232176E-004,7.973777828738093E-004,3.805194282904267E-004,
2.486633333333334E+009,7.891450077295303E-004,3.502487670630217E-004,5.905891885049641E-004,3.943764022551477E-004,
2.486666666666667E+009,7.037732284516096E-004,3.440571017563343E-004,7.902504876255989E-004,4.329179355408996E-004,
2.486700000000000E+009,5.542720900848508E-004,3.457939601503313E-004,6.835752283222973E-004,4.529919242486358E-004,
2.486733333333334E+009,6.716638454236090E-004,4.735044494736940E-004,6.746477447450161E-004,2.850473101716489E-004,
2.486766666666667E+009,6.874628015793860E-004,4.447743704076856E-004,7.413157727569342E-004,4.271149227861315E-004,
2.486800000000000E+009,7.781034801155329E-004,5.768773262389004E-004,7.514831959269941E-004,4.725354956462979E-004,
2.486833333333334E+009,7.335423724725843E-004,4.833905841223896E-004,5.220325547270477E-004,3.991115954704583E-004,
2.486866666666667E+009,7.256692624650896E-004,2.666382351890206E-004,6.886995397508144E-004,3.700823290273547E-004,
2.486900000000000E+009,7.400591275654733E-004,3.193823504261673E-004,6.493743276223540E-004,4.134841437917203E-004,
2.486933333333334E+009,6.728321313858032E-004,3.629449056461453E-004,7.242028950713575E-004,4.020322230644524E-004,
2.486966666666667E+009,7.888887193985283E-004,4.109008586965501E-004,8.230475359596312E-004,4.013670550193638E-004,
2.487000000000000E+009,6.636825855821371E-004,4.625445290002972E-004,8.260109461843967E-004,3.950511163566262E-004,
2.487033333333334E+009,5.336138419806957E-004,3.642562369350344E-004,7.714903913438320E-004,4.194926586933434E-004,
2.487066666666667E+009,7.138252840377390E-004,5.994759267196059E-004,6.066008936613798E-004,3.150523698423058E-004,
2.487100000000000E+009,6.698503857478499E-004,5.211940733715892E-004,6.470094085671008E-004,4.982873215340078E-004,
2.487133333333334E+009,9.331841720268130E-004,5.403461982496083E-004,6.808166508562863E-004,4.612797929439694E-004,
2.487166666666667E+009,6.499094888567925E-004,4.203372809570283E-004,7.107657729648054E-004,4.617673985194415E-004,
2.487200000000000E+009,7.626351434737444E-004,4.330725641921163E-004,7.159980013966560E-004,3.924939373973757E-004,
2.487233333333334E+009,6.252921884879470E-004,3.463009488768876E-004,6.225445540621877E-004,3.554719733074307E-004,
2.487266666666667E+009,8.153230883181095E-004,4.197691450826824E-004,7.755967089906335E-004,4.379321762826294E-004,
2.487300000000000E+009,7.516569457948208E-004,3.901520394720137E-004,6.999812903814018E-004,4.302375891711563E-004,
2.487333333333334E+009,4.175206122454256E-004,5.093782674521208E-004,5.544381565414369E-004,4.140497767366469E-004,
2.487366666666667E+009,4.961109370924532E-004,3.771837509702891E-004,6.342477281577885E-004,5.808896385133266E-004,
2.487400000000000E+009,5.926465964876115E-004,4.230604390613735E-004,6.437252741307020E-004,5.279089091345668E-004,
2.487433333333334E+009,6.815219530835748E-004,2.953246876131743E-004,6.786072626709938E-004,5.567297339439392E-004,
2.487466666666667E+009,7.682616706006229E-004,4.596563812810928E-004,7.516276673413813E-004,4.783927870448679E-004,
2.487500000000000E+009,7.150505552999675E-004,4.644446889869869E-004,6.443038000725210E-004,4.449426196515560E-004,
2.487533333333334E+009,6.441273726522923E-004,4.378666053526104E-004,5.367800476960838E-004,5.178953288123012E-004,
2.487566666666667E+009,5.867729778401554E-004,4.430575063452125E-004,6.970264948904514E-004,4.349435330368578E-004,
2.487600000000000E+009,5.679184687323868E-004,3.406398172955960E-004,7.376536377705634E-004,4.860562039539218E-004,
2.487633333333334E+009,7.372737745754421E-004,4.190768522676081E-004,7.306512561626732E-004,3.853337839245796E-004,
2.487666666666667E+009,6.429430795833468E-004,5.535530508495867E-004,6.599150947295129E-004,4.813911800738424E-004,
2.487700000000000E+009,6.099554011598229E-004,5.137625266797841E-004,7.044122321531177E-004,4.900327767245472E-004,
2.487733333333334E+009,6.367679452523589E-004,4.525649128481746E-004,6.133036222308874E-004,5.628104554489255E-004,
2.487766666666667E+009,7.177574443630874E-004,4.937221528962255E-004,7.713572704233229E-004,5.324868252500892E-004,
2.487800000000000E+009,7.067561382427812E-004,5.023280973546207E-004,7.339087314903736E-004,4.047671973239631E-004,
2.487833333333334E+009,6.119051831774414E-004,4.079391364939511E-004,6.787450402043760E-004,3.653733583632857E-004,
2.487866666666667E+009,6.658657221123576E-004,4.595896170940250E-004,7.048096158541739E-004,4.081607330590487E-004,
2.487900000000000E+009,7.072022999636829E-004,3.671087324619293E-004,6.044335314072669E-004,4.231831408105791E-004,
2.487933333333334E+009,8.033437770791352E-004,3.747385926544666E-004,7.682784926146269E-004,4.140568198636174E-004,
2.487966666666667E+009,6.324960850179195E-004,3.934738342650235E-004,7.258967962116003E-004,5.113584338687360E-004,
2.488000000000000E+009,6.684360560029745E-004,5.176256527192891E-004,7.080573122948408E-004,3.514200216159225E-004,
2.488033333333334E+009,7.094852626323700E-004,4.003668145742267E-004,6.870421930216253E-004,4.085316322743893E-004,
2.488066666666667E+009,7.128739962354302E-004,4.235868109390140E-004,7.605095161125064E-004,5.588536150753498E-004,
2.488100000000000E+009,6.646044785156846E-004,4.470302665140480E-004,7.612353656440973E-004,4.555144696496427E-004,
2.488133333333334E+009,7.271952927112579E-004,4.129373410250992E-004,6.965014617890120E-004,4.787389771081507E-004,
2.488166666666667E+009,7.570444140583277E-004,4.534198087640107E-004,6.738679949194193E-004,4.750872612930834E-004,
2.488200000000000E+009,6.857197149656713E-004,3.316791844554246E-004,7.799091981723905E-004,4.258683766238391E-004,
2.488233333333334E+009,7.574305054731667E-004,5.752343568019569E-004,7.176091894507408E-004,5.281216581352055E-004,
2.488266666666667E+009,9.065388585440815E-004,5.452337209135294E-004,8.117788820527494E-004,5.574139649979770E-004,
2.488300000000000E+009,6.878061103634536E-004,3.686744312290102E-004,7.827810477465391E-004,3.413223021198064E-004,
2.488333333333334E+009,7.997262873686850E-004,3.396040410734713E-004,7.514993776567280E-004,4.989983863197267E-004,
2.488366666666667E+009,6.721694953739643E-004,4.446722741704434E-004,7.683040457777679E-004,4.540153313428164E-004,
2.488400000000000E+009,6.018563872203231E-004,4.078495257999748E-004,7.100948714651167E-004,3.909588849637657E-004,
2.488433333333334E+009,6.408964400179684E-004,6.127684027887881E-004,6.975093274377286E-004,3.401267749723047E-004,
2.488466666666667E+009,7.484795060008764E-004,5.201114108785987E-004,7.726947660557926E-004,3.891685046255589E-004,
2.488500000000000E+009,7.310727378353477E-004,5.120699061080813E-004,6.155160954222083E-004,5.757235339842737E-004,
2.488533333333334E+009,7.925037643872201E-004,4.386927757877857E-004,7.683880976401269E-004,4.852260462939739E-004,
2.488566666666667E+009,7.396787987090647E-004,3.465483605396003E-004,8.245511562563479E-004,5.222960026003420E-004,
2.488600000000000E+009,7.198388339020312E-004,3.659029607661068E-004,8.060115505941212E-004,4.036741738673300E-004,
2.488633333333334E+009,7.411853293888271E-004,4.893078003078699E-004,7.504606619477272E-004,4.433170252013952E-004,
2.488666666666667E+009,7.354694535024464E-004,4.805833159480244E-004,7.572985487058759E-004,4.217534151393920E-004,
2.488700000000000E+009,6.397967226803303E-004,4.359873419161886E-004,7.202610140666366E-004,4.884490626864135E-004,
2.488733333333334E+009,8.344132220372558E-004,4.421759804245085E-004,7.967853453010321E-004,5.074823275208473E-004,
2.488766666666667E+009,8.079162798821926E-004,6.385304150171578E-004,6.878560525365174E-004,4.002102068625391E-004,
2.488800000000000E+009,6.560903275385499E-004,4.058327176608145E-004,7.856276351958513E-004,5.126991309225559E-004,
2.488833333333334E+009,7.546633714810014E-004,3.764460852835327E-004,8.349785930477083E-004,5.513386568054557E-004,
2.488866666666667E+009,6.461619050242007E-004,5.707223899662495E-004,6.592685240320861E-004,4.535802290774882E-004,
2.488900000000000E+009,6.724296254105866E-004,6.713921320624650E-004,6.203191587701440E-004,3.774795331992209E-004,
2.488933333333334E+009,7.353362161666155E-004,5.688145756721497E-004,5.739331245422363E-004,5.870716995559633E-004,
2.488966666666667E+009,7.754780817776918E-004,5.931020714342594E-004,5.976847023703158E-004,7.465974777005613E-004,
2.489000000000000E+009,6.087491055950522E-004,5.431018071249127E-004,6.666854606010020E-004,5.437746876850724E-004,
2.489033333333334E+009,5.394560866989195E-004,3.780221159104258E-004,6.537240697070956E-004,4.382873594295234E-004,
2.489066666666667E+009,6.733039044775069E-004,4.226744931656867E-004,7.744040922261775E-004,4.534944600891322E-004,
2.489100000000000E+009,7.122628157958388E-004,4.739035211969167E-004,6.829763296991587E-004,4.324105975683779E-004,
2.489133333333334E+009,8.219165611080825E-004,5.918989772908390E-004,9.011994698084891E-004,5.024965503253043E-004,
2.489166666666667E+009,7.708915509283543E-004,5.484111607074738E-004,7.771349046379328E-004,4.312008968554437E-004,
2.489200000000000E+009,8.030322496779263E-004,4.616853548213840E-004,7.092244341038168E-004,3.800011763814837E-004,
2.489233333333334E+009,7.189295138232410E-004,5.537883844226599E-004,7.336009875871241E-004,5.149657954461873E-004,
2.489266666666667E+009,9.099103626795113E-004,4.879143671132624E-004,8.381509105674923E-004,3.787454043049365E-004,
2.489300000000000E+009,7.861859048716724E-004,5.517936078831554E-004,7.977598579600453E-004,4.625988367479295E-004,
2.489333333333334E+009,8.147420012392104E-004,4.806390206795186E-004,7.398610468953848E-004,4.680566489696503E-004,
2.489366666666667E+009,7.548257126472890E-004,6.509613594971597E-004,8.460327517241240E-004,5.619175499305129E-004,
2.489400000000000E+009,7.790850941091776E-004,5.993556114844978E-004,6.106449873186648E-004,3.872669476550072E-004,
2.489433333333334E+009,8.098294492810965E-004,4.937655758112669E-004,9.488788782618940E-004,3.982228809036315E-004,
2.489466666666667E+009,7.406466174870729E-004,4.532614257186651E-004,7.673467043787241E-004,6.970075191929936E-004,
2.489500000000000E+009,8.081980631686747E-004,4.880591586697847E-004,7.785902125760913E-004,6.320369429886341E-004,
2.489533333333334E+009,7.984114345163107E-004,4.458938783500344E-004,9.252042509615421E-004,5.607365164905787E-004,
2.489566666666667E+009,7.472222205251455E-004,5.256005097180605E-004,7.893284782767296E-004,5.907990853302181E-004,
2.489600000000000E+009,8.280049078166485E-004,4.592118493746966E-004,8.303271024487913E-004,4.128753207623959E-004,
2.489633333333334E+009,8.506206795573235E-004,2.972764777950943E-004,7.569577428512275E-004,4.735406255349517E-004,
2.489666666666667E+009,7.940348586998880E-004,5.969685153104365E-004,7.073621964082122E-004,6.022785673849285E-004,
2.489700000000000E+009,8.129195193760097E-004,5.002635880373418E-004,7.838973542675376E-004,5.598209681920707E-004,
2.489733333333334E+009,7.876955205574632E-004,4.784943594131619E-004,8.223277400247753E-004,4.650239134207368E-004,
2.489766666666667E+009,8.881160756573081E-004,3.585759550333023E-004,9.639142081141472E-004,4.168426967225969E-004,
2.489800000000000E+009,7.685484015382826E-004,5.601951852440834E-004,8.329943520948291E-004,6.913805264048278E-004,
2.489833333333334E+009,7.268542540259659E-004,5.321958451531827E-004,8.377970661967993E-004,5.822712555527687E-004,
2.489866666666667E+009,7.844101637601852E-004,5.711236153729260E-004,8.788111736066639E-004,5.920399562455714E-004,
2.489900000000000E+009,8.796450565569103E-004,4.995724302716553E-004,8.761170902289450E-004,4.622424312401563E-004,
2.489933333333334E+009,7.833788986317813E-004,5.365632241591811E-004,7.875275914557278E-004,5.842832615599036E-004,
2.489966666666667E+009,8.779100608080626E-004,5.449642194435000E-004,8.071733172982931E-004,5.306253442540765E-004,
2.490000000000000E+009,9.735406492836773E-004,5.138108390383422E-004,9.143612114712596E-004,3.564084472600371E-004,
2.490033333333334E+009,8.539641858078539E-004,5.738707841373980E-004,8.904826245270670E-004,5.016930517740548E-004,
2.490066666666667E+009,9.310672758147121E-004,5.126757314428687E-004,8.588098571635783E-004,6.019818829372525E-004,
2.490100000000000E+009,8.943116990849376E-004,4.697443218901753E-004,8.859421941451728E-004,5.278368480503559E-004,
2.490133333333334E+009,8.513455977663398E-004,5.278449389152229E-004,8.614317630417645E-004,5.332991131581366E-004,
2.490166666666667E+009,8.538548718206585E-004,6.128985551185906E-004,9.402508731000125E-004,4.779398441314697E-004,
2.490200000000000E+009,8.081924752332270E-004,5.344779929146171E-004,1.044175005517900E-003,5.029061576351523E-004,
2.490233333333334E+009,8.581712027080357E-004,5.607677740044892E-004,1.019495772197843E-003,5.542815779335797E-004,
2.490266666666667E+009,8.008723962120712E-004,5.409262375906110E-004,8.391553419642150E-004,5.529293557628989E-004,
2.490300000000000E+009,9.486318449489772E-004,4.768245271407068E-004,7.338538416661322E-004,5.844474653713405E-004,
2.490333333333334E+009,9.128578240051866E-004,5.523175932466984E-004,9.113741107285023E-004,5.086223245598376E-004,
2.490366666666667E+009,8.641759050078690E-004,5.198974395170808E-004,9.646457619965076E-004,6.365734734572470E-004,
2.490400000000000E+009,8.130890200845897E-004,5.743755609728396E-004,7.976929191499949E-004,4.692343063652515E-004,
2.490433333333334E+009,7.986179552972317E-004,4.357554716989398E-004,7.441205671057105E-004,4.450120031833649E-004,
2.490466666666667E+009,7.294146926142275E-004,4.352196992840618E-004,8.953799842856824E-004,5.105857271701098E-004,
2.490500000000000E+009,7.898903568275273E-004,5.808063433505595E-004,7.898841868154705E-004,6.488735089078546E-004,
2.490533333333334E+009,8.649810915812850E-004,6.757371593266726E-004,7.827418157830834E-004,5.845413543283939E-004,
2.490566666666667E+009,7.611922919750214E-004,5.902845296077430E-004,7.891847635619342E-004,4.750473599415273E-004,
2.490600000000000E+009,9.132582345046103E-004,5.042466800659895E-004,8.264403440989554E-004,5.267483647912741E-004,
2.490633333333334E+009,8.350325515493751E-004,5.056106601841748E-004,9.191943099722266E-004,5.892592016607523E-004,
2.490666666666667E+009,8.405342232435942E-004,4.990482120774686E-004,8.611798402853310E-004,4.512227606028318E-004,
2.490700000000000E+009,1.030963845551014E-003,6.013071397319436E-004,1.018194714561105E-003,4.995795316062868E-004,
2.490733333333334E+009,9.349166066385806E-004,5.317839677445591E-004,7.756886770948768E-004,5.132678779773414E-004,
2.490766666666667E+009,8.141144062392414E-004,3.702163521666080E-004,9.007862536236644E-004,4.257850523572415E-004,
2.490800000000000E+009,9.148481185548008E-004,5.150856450200081E-004,1.068056910298765E-003,4.439218319021165E-004,
2.490833333333334E+009,9.309365996159613E-004,5.704423529095948E-004,9.020036086440086E-004,4.744044563267380E-004,
2.490866666666667E+009,8.746265666559339E-004,5.910248728469014E-004,8.732248097658157E-004,5.213510594330728E-004,
2.490900000000000E+009,9.017285774461925E-004,5.825164262205362E-004,8.531740168109536E-004,4.645408189389855E-004,
2.490933333333334E+009,9.466845658607781E-004,4.312870441935957E-004,9.968709200620651E-004,3.697140782605857E-004,
2.490966666666667E+009,9.365975274704397E-004,5.832117167301476E-004,8.479904499836266E-004,4.951230366714299E-004,
2.491000000000000E+009,1.054025720804930E-003,5.630856612697244E-004,9.813000215217471E-004,4.959367215633392E-004,
2.491033333333334E+009,9.992680279538035E-004,5.667381337843835E-004,8.534440421499312E-004,4.832198319490999E-004,
2.491066666666667E+009,9.063218603841960E-004,4.198296810500324E-004,1.033644773997366E-003,6.589192780666053E-004,
2.491100000000000E+009,9.791050106287003E-004,3.403350419830531E-004,1.087130163796246E-003,3.897103888448328E-004,
2.491133333333334E+009,9.343324927613139E-004,3.799318801611662E-004,1.007903250865638E-003,4.904861561954022E-004,
2.491166666666667E+009,1.049064565449953E-003,5.246267537586391E-004,1.021805335767567E-003,5.700308829545975E-004,
2.491200000000000E+009,1.051903935149312E-003,3.402025613468140E-004,1.027683145366609E-003,5.593271926045418E-004,
2.491233333333334E+009,1.008514547720552E-003,5.235015996731818E-004,9.832170326262713E-004,5.118538974784315E-004,
2.491266666666667E+009,9.485545451752842E-004,3.841285652015358E-004,1.008288119919598E-003,4.235648084431887E-004,
2.491300000000000E+009,9.213024168275297E-004,5.528883775696158E-004,1.016731956042349E-003,5.197829450480640E-004,
2.491333333333334E+009,8.477478404529393E-004,3.746904840227217E-004,9.048804640769959E-004,4.434503207448870E-004,
2.491366666666667E+009,8.840427617542446E-004,4.704155435319990E-004,9.294900810346007E-004,3.315731009934098E-004,
2.491400000000000E+009,9.058490395545960E-004,3.785887092817575E-004,9.191779536195099E-004,4.915655590593815E-004,
2.491433333333334E+009,9.267046698369086E-004,5.141895962879062E-004,1.030106330290437E-003,4.411393601913005E-004,
2.491466666666667E+009,1.081005204468966E-003,5.809971480630338E-004,9.872851660475135E-004,4.457061004359275E-004,
2.491500000000000E+009,9.926741477102041E-004,3.788278845604509E-004,9.178639156743884E-004,4.796319990418851E-004,
2.491533333333334E+009,9.922325843945146E-004,5.612600361928344E-004,1.078743487596512E-003,5.620656302198768E-004,
2.491566666666667E+009,1.005015801638365E-003,5.882579716853797E-004,1.080953283235431E-003,3.914782719220966E-004,
2.491600000000000E+009,9.469182696193457E-004,4.848033131565899E-004,1.053689280524850E-003,3.611404099501669E-004,
2.491633333333334E+009,9.903301252052188E-004,5.742948269471526E-004,9.838370606303215E-004,4.161370161455125E-004,
2.491666666666667E+009,1.158918486908078E-003,5.030956817790866E-004,1.005562487989664E-003,4.919964703731239E-004,
2.491700000000000E+009,1.059921109117568E-003,4.036565951537341E-004,1.011008745990694E-003,4.807831719517708E-004,
2.491733333333334E+009,1.285654609091580E-003,4.370766691863537E-004,9.673457243479788E-004,5.623116740025580E-004,
2.491766666666667E+009,1.131716766394675E-003,3.879092400893569E-004,1.053072977811098E-003,5.147708579897881E-004,
2.491800000000000E+009,9.618969052098692E-004,6.013374659232795E-004,1.029856153763831E-003,4.441988712642342E-004,
2.491833333333334E+009,9.736346546560526E-004,5.033803754486144E-004,1.151774427853525E-003,4.838778695557267E-004,
2.491866666666667E+009,9.268376743420959E-004,5.751958233304322E-004,1.002661534585059E-003,4.543316317722201E-004,
2.491900000000000E+009,1.000625896267593E-003,4.871327546425164E-004,1.012476510368288E-003,3.899834118783474E-004,
2.491933333333334E+009,1.075778505764902E-003,5.339480121619999E-004,9.800882544368506E-004,4.490597639232874E-004,
2.491966666666667E+009,9.900912409648299E-004,3.021009324584156E-004,9.947220096364617E-004,5.222996114753187E-004,
2.492000000000000E+009,1.010085339657962E-003,5.131306825205684E-004,1.191396615467966E-003,6.028441130183637E-004,
2.492033333333334E+009,1.054061925970018E-003,4.441519267857075E-004,1.193786389194429E-003,6.688247667625547E-004,
2.492066666666667E+009,1.078265951946378E-003,5.897467490285635E-004,1.088867313228548E-003,5.727149546146393E-004,
2.492100000000000E+009,9.711125749163330E-004,6.893415120430291E-004,1.091314596123993E-003,5.738646141253412E-004,
2.492133333333334E+009,1.039287657476962E-003,5.915013607591391E-004,1.021812786348164E-003,5.883885314688087E-004,
2.492166666666667E+009,1.029081176966429E-003,5.882951663807035E-004,1.041670562699437E-003,4.809377423953265E-004,
2.492200000000000E+009,9.983729105442762E-004,5.934276850894094E-004,9.971259860321879E-004,5.374265019781888E-004,
2.492233333333334E+009,1.029268023557961E-003,5.562375299632549E-004,9.783793939277530E-004,5.375986802391708E-004,
2.492266666666667E+009,1.009293831884861E-003,5.371011793613434E-004,1.165809924714267E-003,5.833958857692778E-004,
2.492300000000000E+009,1.094385748729110E-003,4.643769643735141E-004,1.258675591088831E-003,4.515030595939606E-004,
2.492333333333334E+009,1.060424372553825E-003,4.746255872305483E-004,1.142101245932281E-003,3.699223452713341E-004,
2.492366666666667E+009,1.019109506160021E-003,5.084094009362161E-004,1.098859589546919E-003,4.690866335295141E-004,
2.492400000000000E+009,1.094731618650258E-003,4.290912183932960E-004,1.119700842536986E-003,4.998930380679667E-004,
2.492433333333334E+009,1.177827129140496E-003,4.912787117063999E-004,1.067441655322909E-003,3.406966861803085E-004,
2.492466666666667E+009,1.118621323257685E-003,3.524621424730867E-004,1.148904324509203E-003,5.684954812750220E-004,
2.492500000000000E+009,1.103219692595303E-003,4.934155149385333E-004,1.143249799497426E-003,4.263226292096078E-004,
2.492533333333334E+009,1.176458550617099E-003,4.183175624348223E-004,1.209450419992209E-003,4.606916918419302E-004,
2.492566666666667E+009,1.133868703618646E-003,5.374421016313136E-004,1.093028229661286E-003,4.571485042106360E-004,
2.492600000000000E+009,1.127943512983620E-003,3.991223347838968E-004,1.097809872590005E-003,3.886840422637761E-004,
2.492633333333334E+009,1.147632836364210E-003,4.097518394701183E-004,1.084302784875035E-003,5.219531594775617E-004,
2.492666666666667E+009,1.031971885822713E-003,4.651130584534258E-004,1.007536193355918E-003,4.311460070312023E-004,
2.492700000000000E+009,1.197068137116730E-003,5.103040602989495E-004,1.275108661502600E-003,5.422172835096717E-004,
2.492733333333334E+009,1.215145224705339E-003,5.361076327972114E-004,1.057668006978929E-003,4.052847216371447E-004,
2.492766666666667E+009,1.201379229314625E-003,4.283202870283276E-004,1.292020897381008E-003,4.428154788911343E-004,
2.492800000000000E+009,1.311345142312348E-003,4.340139275882393E-004,1.104841474443674E-003,4.292695957701653E-004,
2.492833333333334E+009,9.908206993713975E-004,4.371323448140174E-004,1.070185448043048E-003,5.542021244764328E-004,
2.492866666666667E+009,1.066289027221501E-003,5.639240844175220E-004,1.291254418902099E-003,4.471050924621522E-004,
2.492900000000000E+009,1.160334562882781E-003,3.982831840403378E-004,1.151687931269407E-003,3.517759905662388E-004,
2.492933333333334E+009,1.129850628785789E-003,3.619731287471950E-004,1.114757498726249E-003,3.996855812147260E-004,
2.492966666666667E+009,1.185285043902695E-003,4.266414616722614E-004,1.271660905331373E-003,4.668860638048500E-004,
2.493000000000000E+009,1.129290438257158E-003,4.079040954820812E-004,1.095296582207084E-003,4.474695015233010E-004,
2.493033333333334E+009,1.111113699153066E-003,3.407582407817245E-004,1.110659912228584E-003,3.303168923594058E-004,
2.493066666666667E+009,1.186012174002826E-003,3.473207470960915E-004,1.205673441290855E-003,4.254250961821526E-004,
2.493100000000000E+009,1.199076999910176E-003,3.185558598488569E-004,1.245771883986890E-003,4.381221369840205E-004,
2.493133333333334E+009,1.197962090373039E-003,5.432606558315456E-004,1.360554364509881E-003,4.961692029610276E-004,
2.493166666666667E+009,1.193496165797114E-003,5.137118278071284E-004,1.188644208014011E-003,3.355034568812698E-004,
2.493200000000000E+009,1.174497301690280E-003,5.557729746215046E-004,1.286442740820348E-003,3.677124332170934E-004,
2.493233333333334E+009,1.224303501658142E-003,3.999501932412386E-004,1.188894151709974E-003,5.162265733815730E-004,
2.493266666666667E+009,1.182633917778730E-003,4.041020874865353E-004,1.164022134616971E-003,4.187353770248592E-004,
2.493300000000000E+009,1.268472406081855E-003,4.023367655463517E-004,1.267229323275387E-003,4.172384506091476E-004,
2.493333333333334E+009,1.314728637225926E-003,4.620733961928636E-004,1.234269351698458E-003,4.178472736384720E-004,
2.493366666666667E+009,1.167594688013196E-003,5.737516912631691E-004,1.216703094542027E-003,4.514378961175680E-004,
2.493400000000000E+009,1.188211957924068E-003,3.767488815356046E-004,1.299221417866647E-003,3.533185517881066E-004,
2.493433333333334E+009,1.302595483139157E-003,3.872695669997484E-004,1.231749192811549E-003,4.486466641537845E-004,
2.493466666666667E+009,1.297957031056285E-003,3.241618978790939E-004,1.303987111896277E-003,4.517641209531575E-004,
2.493500000000000E+009,1.157772727310658E-003,2.881272812373936E-004,1.237502205185592E-003,3.651623264886439E-004,
2.493533333333334E+009,1.167973154224455E-003,4.041809879709035E-004,1.238615484908223E-003,5.415089544840157E-004,
2.493566666666667E+009,1.203085645101965E-003,5.979386623948813E-004,1.222070655785501E-003,4.108269640710205E-004,
2.493600000000000E+009,1.224023988470435E-003,5.194415571168065E-004,1.227234490215778E-003,5.392346065491438E-004,
2.493633333333334E+009,1.199027523398399E-003,5.534748779609799E-004,1.182422158308327E-003,5.948122707195580E-004,
2.493666666666667E+009,1.216572592966259E-003,6.510292296297848E-004,1.419838401488960E-003,4.595278587657958E-004,
2.493700000000000E+009,1.405022339895368E-003,3.348995523992926E-004,1.267319894395769E-003,6.019360153004527E-004,
2.493733333333334E+009,1.403692527674139E-003,5.364661919884384E-004,1.373971230350435E-003,6.029518553987145E-004,
2.493766666666667E+009,1.292183063924313E-003,5.312957218848169E-004,1.256478601135314E-003,5.912078195251524E-004,
2.493800000000000E+009,1.368033816106618E-003,4.435779992491007E-004,1.083514071069658E-003,5.141411675140262E-004,
2.493833333333334E+009,1.274634851142764E-003,6.117653683759272E-004,1.406589290127158E-003,3.425700124353170E-004,
2.493866666666667E+009,1.199388992972672E-003,3.116637235507369E-004,1.416805665940046E-003,4.965072148479521E-004,
2.493900000000000E+009,1.353422994725406E-003,3.211803850717843E-004,1.331371953710914E-003,4.140095552429557E-004,
2.493933333333334E+009,1.219907193444669E-003,2.907255548052490E-004,1.341618713922799E-003,4.014478181488812E-004,
2.493966666666667E+009,1.251065055839717E-003,4.528800200205296E-004,1.283656805753708E-003,4.203680146019906E-004,
2.494000000000000E+009,1.431750250048935E-003,3.198503982275724E-004,1.339446404017508E-003,3.752542834263295E-004,
2.494033333333334E+009,1.357992296107113E-003,3.693674807436764E-004,1.367590390145779E-003,4.305475449655205E-004,
2.494066666666667E+009,1.267602085135877E-003,3.292482870165259E-004,1.309303450398147E-003,3.715424682013691E-004,
2.494100000000000E+009,1.243400271050632E-003,4.805497883353382E-004,1.257554627954960E-003,4.452806024346501E-004,
2.494133333333334E+009,1.302927965298295E-003,4.104084509890527E-004,1.426510512828827E-003,4.534131439868361E-004,
2.494166666666667E+009,1.299658906646073E-003,3.101807378698140E-004,1.325324410572648E-003,3.332708438392729E-004,
2.494200000000000E+009,1.395977335050702E-003,4.639597318600863E-004,1.308973529376090E-003,3.675588231999427E-004,
2.494233333333334E+009,1.314136083237827E-003,3.041490272153169E-004,1.390367746353149E-003,2.573553647380322E-004,
2.494266666666667E+009,1.384463510476053E-003,4.686824104283005E-004,1.401152345351875E-003,4.344397166278213E-004,
2.494300000000000E+009,1.419662148691714E-003,3.841627039946616E-004,1.460639410652220E-003,3.164705121889710E-004,
2.494333333333334E+009,1.441381173208356E-003,3.040248993784189E-004,1.413652789779007E-003,3.736588114406914E-004,
2.494366666666667E+009,1.443543005734682E-003,3.407775366213173E-004,1.434801146388054E-003,4.735443508252502E-004,
2.494400000000000E+009,1.339580630883575E-003,2.849210577551276E-004,1.367925782687962E-003,3.651907900348306E-004,
2.494433333333334E+009,1.251681474968791E-003,4.510764847509563E-004,1.436243415810168E-003,3.760812687687576E-004,
2.494466666666667E+009,1.390473102219403E-003,2.529505582060665E-004,1.442720647901297E-003,3.229753056075424E-004,
2.494500000000000E+009,1.358500216156244E-003,2.773215528577566E-004,1.479580998420715E-003,3.317422524560243E-004,
2.494533333333334E+009,1.539491815492511E-003,4.448726249393076E-004,1.420144806616008E-003,3.919609298463911E-004,
2.494566666666667E+009,1.514779869467020E-003,3.522289625834674E-004,1.485834131017327E-003,5.409359582699835E-004,
2.494600000000000E+009,1.541013945825398E-003,4.765151825267822E-004,1.467511057853699E-003,3.891265077982098E-004,
2.494633333333334E+009,1.521106692962349E-003,4.144947160966694E-004,1.380715402774513E-003,4.245682794135064E-004,
2.494666666666667E+009,1.455015619285405E-003,3.047399804927409E-004,1.558258431032300E-003,2.898166712839156E-004,
2.494700000000000E+009,1.540553988888860E-003,2.910805633291602E-004,1.488348236307502E-003,3.069644153583795E-004,
2.494733333333334E+009,1.385638955980539E-003,3.395882667973638E-004,1.457802369259298E-003,3.816326789092273E-004,
2.494766666666667E+009,1.598130445927382E-003,2.772376756183803E-004,1.502569997683168E-003,3.326802107039839E-004,
2.494800000000000E+009,1.423155306838453E-003,2.825252595357597E-004,1.557345152832568E-003,2.053553616860881E-004,
2.494833333333334E+009,1.416974235326052E-003,4.427524982020259E-004,1.552986563183367E-003,1.499772915849462E-004,
2.494866666666667E+009,1.525518135167658E-003,2.432718611089513E-004,1.513735041953623E-003,3.334924695082009E-004,
2.494900000000000E+009,1.520870369859040E-003,2.011266187764704E-004,1.448542345315218E-003,3.269611333962530E-004,
2.494933333333334E+009,1.458524027839303E-003,3.750681644305587E-004,1.626641140319407E-003,2.789338468573988E-004,
2.494966666666667E+009,1.543632941320539E-003,3.164739173371345E-004,1.565928803756833E-003,3.314992354717106E-004,
2.495000000000000E+009,1.571396947838366E-003,2.804176474455744E-004,1.590261235833168E-003,4.168271261733025E-004,
2.495033333333334E+009,1.513265655376017E-003,2.163465833291411E-004,1.589517574757338E-003,3.425371833145618E-004,
2.495066666666667E+009,1.655704923905432E-003,3.267358697485179E-004,1.568937208503485E-003,2.841479727067053E-004,
2.495100000000000E+009,1.509792637079954E-003,1.948780700331554E-004,1.588908606208861E-003,3.973441198468208E-004,
2.495133333333334E+009,1.746623776853085E-003,3.381544374860823E-004,1.561377313919365E-003,2.595034020487219E-004,
2.495166666666667E+009,1.617022673599422E-003,4.090979346074164E-004,1.768369344063103E-003,4.147255676798523E-004,
2.495200000000000E+009,1.587867969647050E-003,4.947592969983816E-004,1.633031177334487E-003,3.166641108691692E-004,
2.495233333333334E+009,1.651673228479922E-003,3.556383599061519E-004,1.720520085655153E-003,3.259596705902368E-004,
2.495266666666667E+009,1.751251635141671E-003,4.401761398185045E-004,1.838145544752479E-003,4.487938131205738E-004,
2.495300000000000E+009,1.661176560446620E-003,3.591879794839770E-004,1.720933476462960E-003,4.605087451636791E-004,
2.495333333333334E+009,1.721650129184127E-003,3.777203091885895E-004,1.751437899656594E-003,2.316198660992086E-004,
2.495366666666667E+009,1.699992921203375E-003,2.116165269399062E-004,1.610196079127491E-003,3.101852780673653E-004,
2.495400000000000E+009,1.663669478148222E-003,2.413707843516022E-004,1.556246425025165E-003,1.538465730845928E-004,
2.495433333333334E+009,1.620147493667901E-003,3.214404569007456E-004,1.643872819840908E-003,3.617998445406556E-004,
2.495466666666667E+009,1.593174994923174E-003,2.440947282593697E-004,1.676358166150749E-003,1.199253601953387E-004,
2.495500000000000E+009,1.711635384708643E-003,3.068216028623283E-004,1.628159894607961E-003,3.513273841235787E-004,
2.495533333333334E+009,1.618498703464866E-003,8.935712685342878E-005,1.600745948962867E-003,3.216547484043986E-004,
2.495566666666667E+009,1.682401285506785E-003,1.052813968271948E-004,1.837634481489658E-003,3.053398104384542E-004,
2.495600000000000E+009,1.738047692924738E-003,2.353374584345147E-004,1.530108624137938E-003,2.095805975841358E-004,
2.495633333333334E+009,1.669197692535818E-003,3.027506463695318E-004,1.729405834339559E-003,1.434185396647081E-004,
2.495666666666667E+009,1.739779370836914E-003,-4.571875615511090E-005,1.645030803047121E-003,2.109213237417862E-004,
2.495700000000000E+009,1.668889890424907E-003,1.523565588286147E-004,1.613102620467544E-003,1.340051821898669E-004,
2.495733333333334E+009,1.692120567895472E-003,3.058705478906632E-004,1.843747682869434E-003,2.496773377060890E-004,
2.495766666666667E+009,1.718793064355850E-003,1.139421583502553E-004,1.750442432239652E-003,1.100136614695657E-005,
2.495800000000000E+009,1.739765750244260E-003,2.122266014339402E-004,1.842415775172412E-003,1.275170070584863E-004,
2.495833333333334E+009,1.784899039193988E-003,8.591054938733578E-005,1.885704463347793E-003,8.798175258561969E-005,
2.495866666666667E+009,1.703086774796248E-003,1.234644587384537E-004,1.803530612960458E-003,1.573004556121305E-004,
2.495900000000000E+009,1.778277102857828E-003,2.452747139614075E-004,1.728984061628580E-003,1.787770888768137E-004,
2.495933333333334E+009,1.885345787741244E-003,1.228795154020190E-004,1.861035940237343E-003,1.686696778051555E-004,
2.495966666666667E+009,1.836435170844197E-003,-1.197978126583621E-004,1.864360063336790E-003,7.876131712691858E-005,
2.496000000000000E+009,1.706463866867125E-003,2.564469468779862E-004,1.762459054589272E-003,1.796592987375334E-004,
2.496033333333334E+009,1.990739023312926E-003,1.199722246383317E-004,1.895988942123950E-003,1.516026622994104E-005,
2.496066666666667E+009,1.911087660118938E-003,1.488265552325174E-004,1.767985988408327E-003,-1.406910741934553E-004,
2.496100000000000E+009,1.719502499327064E-003,9.426378528587520E-005,1.784302992746234E-003,3.488430957077071E-005,
2.496133333333334E+009,1.828661654144526E-003,8.727636304683983E-005,1.726046903058887E-003,-9.572483577358071E-006,
2.496166666666667E+009,1.693106605671346E-003,-2.533397309889551E-005,1.885542413219810E-003,1.330446539213881E-004,
2.496200000000000E+009,1.865240163169801E-003,9.337069786852226E-005,1.915626693516970E-003,1.291315566049889E-004,
2.496233333333334E+009,1.780235674232245E-003,-2.333279735466931E-005,1.817885786294937E-003,9.676512854639441E-005,
2.496266666666667E+009,1.881752745248377E-003,-1.118549698730931E-004,1.946726115420461E-003,1.160257816081867E-004,
2.496300000000000E+009,1.791435293853283E-003,9.417681576451287E-005,1.812363509088755E-003,1.311953528784216E-004,
2.496333333333334E+009,1.926000230014324E-003,2.296122693223879E-005,1.897905836813152E-003,-6.999893230386078E-005,
2.496366666666667E+009,1.871215412393212E-003,-2.295344165759161E-005,2.134494716301560E-003,-8.615708793513477E-006,
2.496400000000000E+009,1.792947179637849E-003,-9.289725858252496E-005,1.922896597534418E-003,-1.131865428760648E-004,
2.496433333333334E+009,2.006434835493565E-003,-7.903861842351034E-005,2.052970696240664E-003,-8.393605094170198E-005,
2.496466666666667E+009,1.991450320929289E-003,-9.828461043071002E-005,1.844934886321425E-003,2.981747638841625E-005,
2.496500000000000E+009,1.839248929172754E-003,-6.741454853909090E-005,1.967405434697866E-003,-1.526695414213464E-004,
2.496533333333334E+009,1.995674800127745E-003,-1.475292956456542E-004,2.013427205383778E-003,-8.851595339365304E-005,
2.496566666666667E+009,1.876112655736506E-003,-2.010763419093564E-004,1.850601052865386E-003,-9.916267117660027E-006,
2.496600000000000E+009,1.937979483045638E-003,-5.161373337614350E-005,1.971506746485829E-003,-1.226521271746606E-004,
2.496633333333334E+009,1.956208841875196E-003,-1.311247178819031E-004,2.033022698014975E-003,-2.851089811883867E-004,
2.496666666666667E+009,1.960115972906351E-003,6.991734699113295E-005,1.928893034346402E-003,-1.189397517009638E-004,
2.496700000000000E+009,1.985681941732764E-003,6.339563697110862E-005,2.039247425273061E-003,-1.682806555436400E-006,
2.496733333333334E+009,1.983351074159145E-003,1.085109306586674E-005,2.021382097154856E-003,-7.974278560141102E-005,
2.496766666666667E+009,2.042002743110061E-003,3.458431456238031E-005,2.005021320655942E-003,2.903657514252700E-005,
2.496800000000000E+009,2.100481651723385E-003,-8.443240949418396E-005,2.290485892444849E-003,-9.470470831729472E-005,
2.496833333333334E+009,2.001254353672266E-003,-4.634855577023700E-005,2.119877375662327E-003,7.807518704794347E-005,
2.496866666666667E+009,2.115918556228280E-003,-9.459408829570748E-006,2.069224370643497E-003,-9.280873928219080E-005,
2.496900000000000E+009,2.046247711405158E-003,-1.992899924516678E-004,2.045702422037721E-003,-2.237699955003336E-004,
2.496933333333334E+009,2.120434073731303E-003,-2.622742904350162E-004,2.185497898608446E-003,-2.975730421894696E-005,
2.496966666666667E+009,2.028289949521422E-003,-3.473288379609585E-004,2.058216370642185E-003,-1.249126216862351E-004,
2.497000000000000E+009,2.094685332849622E-003,-2.580083673819900E-004,2.151136053726077E-003,-1.658067922107875E-004,
2.497033333333334E+009,2.055366756394506E-003,-3.305565915070474E-004,2.100076526403427E-003,-8.062908455030993E-005,
2.497066666666667E+009,2.194720087572932E-003,-3.099831810686737E-004,2.136539435014129E-003,-2.619882579892874E-004,
2.497100000000000E+009,1.933341030962765E-003,-2.046802546828985E-004,2.019781153649092E-003,-3.392220532987267E-004,
2.497133333333334E+009,1.983704511076212E-003,-3.046971396543086E-004,1.971457153558731E-003,-1.769119407981634E-004,
2.497166666666667E+009,2.169951796531677E-003,-3.127898089587688E-004,1.941581256687641E-003,-1.788094232324511E-004,
2.497200000000000E+009,2.076233737170696E-003,-1.366372016491368E-004,2.195223234593868E-003,-2.288429386680946E-004,
2.497233333333334E+009,2.174836350604892E-003,-2.111290959874168E-004,2.053981879726052E-003,-3.877737617585808E-004,
2.497266666666667E+009,2.072276547551155E-003,-2.529012563172728E-004,2.154032466933131E-003,-2.694254217203707E-004,
2.497300000000000E+009,2.227017423138022E-003,-1.795104617485777E-004,2.123685088008642E-003,-2.244754141429439E-004,
2.497333333333334E+009,2.111288253217936E-003,-2.256350271636620E-004,2.056891331449151E-003,-4.284782335162163E-004,
2.497366666666667E+009,2.194946864619851E-003,-3.142089699395001E-004,2.118272939696908E-003,-3.652009181678295E-004,
2.497400000000000E+009,2.184099750593305E-003,-2.889307506848127E-004,2.004883950576186E-003,-5.110990605317056E-004,
2.497433333333334E+009,2.149001229554415E-003,-4.222973657306284E-004,2.101598540320993E-003,-4.003868089057505E-004,
2.497466666666667E+009,1.944879535585642E-003,-4.552247119136155E-004,2.145163714885712E-003,-4.489553393796086E-004,
2.497500000000000E+009,2.129021799191833E-003,-2.009653107961640E-004,2.142312703654170E-003,-3.546800871845335E-004,
2.497533333333334E+009,2.185412682592869E-003,-4.009919357486069E-004,2.123289275914431E-003,-3.142627829220146E-004,
2.497566666666667E+009,2.078346908092499E-003,-3.946157812606543E-004,2.108521061018109E-003,-3.985358343925327E-004,
2.497600000000000E+009,2.145160455256701E-003,-5.138135165907443E-004,2.180420560762286E-003,-4.249492194503546E-004,
2.497633333333334E+009,2.135667949914932E-003,-3.968273522332311E-004,2.268649870529771E-003,-4.118744982406497E-004,
2.497666666666667E+009,2.095006871968508E-003,-5.271541886031628E-004,2.292663790285587E-003,-4.354990087449551E-004,
2.497700000000000E+009,2.112573944032192E-003,-5.870058666914702E-004,2.047118730843067E-003,-4.944562097080052E-004,
2.497733333333334E+009,2.086749300360680E-003,-6.599482148885727E-004,2.144180471077561E-003,-6.136388401500881E-004,
2.497766666666667E+009,2.129438100382686E-003,-4.402820486575365E-004,2.142170211300254E-003,-5.342063959687948E-004,
2.497800000000000E+009,2.157353330403566E-003,-6.935372366569936E-004,2.243753755465150E-003,-4.002052883151919E-004,
2.497833333333334E+009,2.074122428894043E-003,-5.907936720177531E-004,2.214195672422648E-003,-4.852227575611323E-004,
2.497866666666667E+009,2.271858742460609E-003,-4.429364926181734E-004,2.181787276640534E-003,-5.624995683319867E-004,
2.497900000000000E+009,2.237025415524840E-003,-6.486487691290677E-004,2.156228059902787E-003,-6.024842150509358E-004,
2.497933333333334E+009,2.292894991114736E-003,-5.755465244874358E-004,2.232048893347383E-003,-5.836196942254901E-004,
2.497966666666667E+009,2.305132569745183E-003,-5.997278494760394E-004,2.177679212763906E-003,-6.393772782757878E-004,
2.498000000000000E+009,2.099765930324793E-003,-5.958163528703153E-004,2.331892959773541E-003,-5.461986293084920E-004,
2.498033333333334E+009,2.173241693526506E-003,-6.894039106555283E-004,2.168370177969337E-003,-5.928075988776982E-004,
2.498066666666667E+009,2.185609890148044E-003,-7.348599028773606E-004,2.239383757114410E-003,-6.386618479155004E-004,
2.498100000000000E+009,2.235217951238155E-003,-6.267271237447858E-004,2.208570716902614E-003,-8.232790278270841E-004,
2.498133333333334E+009,2.074338030070067E-003,-7.282573496922851E-004,2.243816386908293E-003,-6.871340447105467E-004,
2.498166666666667E+009,2.282082568854094E-003,-7.629996980540454E-004,2.095725387334824E-003,-7.741156732663512E-004,
2.498200000000000E+009,2.274546539410949E-003,-6.476435228250921E-004,2.024027518928051E-003,-6.017394480295479E-004,
2.498233333333334E+009,2.286513568833470E-003,-7.085136603564024E-004,2.197377383708954E-003,-8.162600570358336E-004,
2.498266666666667E+009,2.228586701676250E-003,-6.400109850801528E-004,2.313526347279549E-003,-8.758461917750537E-004,
2.498300000000000E+009,2.263281494379044E-003,-8.297241874970496E-004,2.172784414142370E-003,-9.076776914298534E-004,
2.498333333333334E+009,2.332557458430529E-003,-7.405754295177758E-004,2.292830031365156E-003,-7.520227227360010E-004,
2.498366666666667E+009,2.206949284300208E-003,-7.259712438099086E-004,2.328221220523119E-003,-8.132112561725080E-004,
2.498400000000000E+009,2.308057853952050E-003,-8.348892442882061E-004,2.400104654952884E-003,-7.070671999827027E-004,
2.498433333333334E+009,2.444167854264379E-003,-9.678090573288500E-004,2.377393888309598E-003,-8.481189142912626E-004,
2.498466666666667E+009,2.364930929616094E-003,-8.304108632728458E-004,2.337113721296191E-003,-9.234537137672305E-004,
2.498500000000000E+009,2.343147294595838E-003,-9.311128524132073E-004,2.274278784170747E-003,-8.764218655414879E-004,
2.498533333333334E+009,2.306749112904072E-003,-9.826045716181397E-004,2.370631322264671E-003,-8.099459810182452E-004,
2.498566666666667E+009,2.405249048024416E-003,-7.120390073396266E-004,2.342639025300741E-003,-8.176395785994828E-004,
2.498600000000000E+009,2.181537915021181E-003,-9.228428243659437E-004,2.116969320923090E-003,-1.049394020810723E-003,
2.498633333333334E+009,2.196775516495109E-003,-8.161051664501429E-004,2.306441543623805E-003,-9.157268796116114E-004,
2.498666666666667E+009,2.227498218417168E-003,-8.477547089569271E-004,2.191172447055578E-003,-9.062285535037518E-004,
2.498700000000000E+009,2.217813394963741E-003,-8.868363802321255E-004,2.209787257015705E-003,-9.171884157694876E-004,
2.498733333333334E+009,2.107613487169147E-003,-9.629677515476942E-004,2.210856880992651E-003,-8.981021237559617E-004,
2.498766666666667E+009,2.264018403366208E-003,-1.091663027182221E-003,2.184577053412795E-003,-9.204387315548956E-004,
2.498800000000000E+009,2.116621006280184E-003,-1.026083366014063E-003,2.303856890648603E-003,-1.017068396322429E-003,
2.498833333333334E+009,2.188941929489374E-003,-1.066238386556506E-003,2.234861254692078E-003,-9.879979770630598E-004,
2.498866666666667E+009,2.070639282464981E-003,-9.189781267195940E-004,2.255017170682550E-003,-1.011682557873428E-003,
2.498900000000000E+009,2.193219726905227E-003,-1.186235109344125E-003,2.261276356875897E-003,-1.039294176734984E-003,
2.498933333333334E+009,2.102601807564497E-003,-1.031761872582138E-003,2.327798400074244E-003,-1.143747242167592E-003,
2.498966666666667E+009,2.262844471260905E-003,-1.079900655895472E-003,2.042822772637010E-003,-1.097847823984921E-003,
2.499000000000000E+009,2.091025002300739E-003,-1.269637490622699E-003,2.182103460654616E-003,-1.302790129557252E-003,
2.499033333333334E+009,2.134854672476649E-003,-1.255394541658461E-003,2.196641638875008E-003,-1.174184610135853E-003,
2.499066666666667E+009,2.262251218780875E-003,-1.178136793896556E-003,2.133820671588182E-003,-1.235368079505861E-003,
2.499100000000000E+009,2.117953496053815E-003,-1.214774791151285E-003,2.126182662323117E-003,-1.230713678523898E-003,
2.499133333333334E+009,2.096107928082347E-003,-1.239797915332019E-003,2.166941761970520E-003,-1.145258895121515E-003,
2.499166666666667E+009,2.174426568672061E-003,-1.015711808577180E-003,2.209209138527513E-003,-1.268821419216692E-003,
2.499200000000000E+009,2.309404546394944E-003,-1.230970490723848E-003,2.158690243959427E-003,-1.272347522899509E-003,
2.499233333333334E+009,2.244087168946862E-003,-1.333283260464668E-003,2.217741450294852E-003,-1.228349050506949E-003,
2.499266666666667E+009,2.038519829511643E-003,-1.318181282840669E-003,2.194186206907034E-003,-1.362021663226187E-003,
2.499300000000000E+009,2.101309131830931E-003,-1.280859345570207E-003,2.178148133680224E-003,-1.251385547220707E-003,
2.499333333333334E+009,2.174142049625516E-003,-1.363631570711732E-003,2.138122916221619E-003,-1.319981412962079E-003,
2.499366666666667E+009,2.067523077130318E-003,-1.343573327176273E-003,2.121393335983157E-003,-1.316272886469960E-003,
2.499400000000000E+009,1.957468222826719E-003,-1.393164973706007E-003,2.141415840014815E-003,-1.328619895502925E-003,
2.499433333333334E+009,2.201178576797247E-003,-1.488300273194909E-003,2.160096541047096E-003,-1.409858581610024E-003,
2.499466666666667E+009,2.185134217143059E-003,-1.473053591325879E-003,2.187123754993081E-003,-1.354689826257527E-003,
2.499500000000000E+009,2.105283318087459E-003,-1.415040111169219E-003,2.018385101109743E-003,-1.298276707530022E-003,
2.499533333333334E+009,2.149469917640090E-003,-1.282572164200246E-003,2.110219094902277E-003,-1.539040007628501E-003,
2.499566666666667E+009,2.144760452210903E-003,-1.348695484921336E-003,2.134459558874369E-003,-1.528305001556873E-003,
2.499600000000000E+009,2.107158768922091E-003,-1.454880461096764E-003,2.060971455648542E-003,-1.430624397471547E-003,
2.499633333333334E+009,2.108759013935924E-003,-1.385415904223919E-003,2.108176937326789E-003,-1.562524237670004E-003,
2.499666666666667E+009,2.170695224776864E-003,-1.406674156896770E-003,2.193500287830830E-003,-1.347872894257307E-003,
2.499700000000000E+009,2.272618468850851E-003,-1.345089171081781E-003,2.128861844539642E-003,-1.474631950259209E-003,
2.499733333333334E+009,1.985065639019013E-003,-1.659772824496031E-003,2.072798553854227E-003,-1.587202656082809E-003,
2.499766666666667E+009,2.037956612184644E-003,-1.640582922846079E-003,2.094741677865386E-003,-1.506880158558488E-003,
2.499800000000000E+009,2.008650451898575E-003,-1.517034252174199E-003,2.148836618289352E-003,-1.456415862776339E-003,
2.499833333333334E+009,2.032456686720252E-003,-1.407205127179623E-003,2.117519499734044E-003,-1.559694879688323E-003,
2.499866666666667E+009,2.093514427542687E-003,-1.549350097775459E-003,2.241849899291992E-003,-1.577809103764594E-003,
2.499900000000000E+009,2.203223761171103E-003,-1.643786439672113E-003,2.277680439874530E-003,-1.672041951678693E-003,
2.499933333333334E+009,2.207481767982245E-003,-1.593993976712227E-003,2.346609719097614E-003,-1.731191645376384E-003,
2.499966666666667E+009,2.284577349200845E-003,-1.679888693615794E-003,2.178003080189228E-003,-1.636978704482317E-003,
2.500000000000000E+009,2.196092391386628E-003,-1.709946431219578E-003,2.071904949843884E-003,-1.744504203088582E-003,
